0 9999 0 1 0
1 9997 2 1 0
2 9997 2 1 0
3 9995 4 1 0
4 9995 3 2 0
5 9994 2 4 0
6 9992 4 4 0
7 9992 4 2 2
8 9991 5 1 3
9 9990 6 1 3
10 9990 4 3 3
11 9990 3 3 4
12 9989 3 2 6
13 9988 4 2 6
14 9988 2 3 7
15 9986 3 3 8
16 9985 3 4 8
17 9984 4 4 8
18 9981 7 4 8
19 9979 9 3 9
20 9979 8 4 9
21 9978 7 5 10
22 9977 8 5 10
23 9975 7 7 11
24 9974 7 6 13
25 9973 6 7 14
26 9973 5 8 14
27 9972 5 8 15
28 9972 2 11 15
29 9969 5 8 18
30 9967 6 8 19
31 9965 7 9 19
32 9963 8 10 19
33 9960 7 9 24
34 9954 10 12 24
35 9951 11 10 28
36 9948 14 6 32
37 9946 12 8 34
38 9941 14 10 35
39 9932 17 15 36
40 9929 16 17 38
41 9925 17 16 42
42 9920 18 18 44
43 9915 19 18 48
44 9910 20 20 50
45 9905 20 23 52
46 9903 19 20 58
47 9897 20 23 60
48 9892 20 23 65
49 9888 18 25 69
50 9880 23 19 78
51 9878 24 16 82
52 9876 21 19 84
53 9872 23 18 87
54 9870 18 21 91
55 9864 20 24 92
56 9860 21 21 98
57 9853 22 23 102
58 9847 19 27 107
59 9835 28 25 112
60 9831 27 26 116
61 9828 26 25 121
62 9823 24 24 129
63 9821 22 27 130
64 9816 24 25 135
65 9810 26 23 141
66 9802 31 24 143
67 9795 31 28 146
68 9788 32 31 149
69 9781 28 37 154
70 9771 30 40 159
71 9759 35 44 162
72 9747 41 43 169
73 9735 41 47 177
74 9725 43 50 182
75 9715 41 50 194
76 9701 45 52 202
77 9689 50 47 214
78 9682 46 53 219
79 9676 44 51 229
80 9665 48 47 240
81 9657 51 45 247
82 9649 50 47 254
83 9638 54 47 261
84 9632 50 44 274
85 9627 48 44 281
86 9620 45 45 290
87 9609 41 43 307
88 9595 45 47 313
89 9589 40 48 323
90 9575 50 44 331
91 9564 49 47 340
92 9544 60 47 349
93 9533 60 53 354
94 9526 54 59 361
95 9512 56 57 375
96 9503 53 60 384
97 9488 54 57 401
98 9471 57 65 407
99 9460 57 71 412
100 9448 58 69 425
101 9436 57 71 436
102 9419 61 71 449
103 9411 54 72 463
104 9399 63 63 475
105 9386 68 65 481
106 9376 69 67 488
107 9372 67 58 503
108 9362 65 57 516
109 9342 71 61 526
110 9330 69 63 538
111 9323 59 67 551
112 9313 58 72 557
113 9303 57 76 564
114 9295 52 80 573
115 9277 57 81 585
116 9264 58 80 598
117 9255 54 84 607
118 9243 55 81 621
119 9230 53 81 636
120 9214 56 82 648
121 9204 55 80 661
122 9194 57 73 676
123 9182 57 70 691
124 9174 49 76 701
125 9161 49 76 714
126 9152 50 70 728
127 9137 57 63 743
128 9131 52 62 755
129 9121 49 62 768
130 9113 49 56 782
131 9100 54 55 791
132 9096 46 58 800
133 9084 46 58 812
134 9073 47 59 821
135 9063 46 62 829
136 9047 53 64 836
137 9036 56 63 845
138 9022 55 63 860
139 9010 57 60 873
140 8992 63 58 887
141 8978 66 56 900
142 8967 65 59 909
143 8950 61 69 920
144 8933 64 69 934
145 8914 65 73 948
146 8900 66 75 959
147 8882 71 76 971
148 8861 70 88 981
149 8844 74 87 995
150 8820 79 89 1012
151 8804 86 82 1028
152 8788 86 81 1045
153 8777 78 79 1066
154 8761 76 82 1081
155 8745 81 74 1100
156 8731 76 79 1114
157 8720 77 77 1126
158 8703 78 77 1142
159 8684 80 83 1153
160 8673 74 86 1167
161 8659 77 82 1182
162 8639 77 90 1194
163 8619 82 88 1211
164 8603 77 96 1224
165 8590 75 97 1238
166 8574 81 92 1253
167 8549 89 93 1269
168 8528 94 95 1283
169 8503 100 96 1301
170 8480 104 101 1315
171 8459 107 93 1341
172 8446 101 86 1367
173 8424 104 88 1384
174 8399 103 96 1402
175 8374 105 101 1420
176 8350 112 105 1433
177 8332 104 116 1448
178 8315 105 117 1463
179 8296 102 120 1482
180 8278 94 123 1505
181 8260 96 117 1527
182 8237 94 119 1550
183 8215 100 106 1579
184 8196 99 104 1601
185 8180 93 112 1615
186 8167 80 116 1637
187 8146 81 117 1656
188 8128 81 121 1670
189 8111 75 122 1692
190 8094 79 118 1709
191 8065 90 123 1722
192 8044 95 118 1743
193 8027 94 120 1759
194 8001 101 110 1788
195 7971 108 110 1811
196 7951 99 119 1831
197 7931 91 118 1860
198 7898 103 120 1879
199 7884 92 125 1899
200 7858 103 123 1916
201 7833 111 116 1940
202 7806 114 126 1954
203 7784 108 131 1977
204 7759 113 125 2003
205 7738 112 126 2024
206 7718 117 115 2050
207 7694 119 124 2063
208 7669 115 128 2088
209 7651 106 129 2114
210 7626 106 128 2140
211 7597 111 132 2160
212 7575 100 138 2187
213 7546 103 140 2211
214 7515 102 151 2232
215 7477 111 149 2263
216 7450 106 149 2295
217 7431 115 132 2322
218 7407 119 128 2346
219 7387 113 120 2380
220 7366 112 116 2406
221 7344 108 121 2427
222 7320 110 118 2452
223 7298 111 115 2476
224 7276 113 123 2488
225 7254 103 132 2511
226 7229 104 126 2541
227 7205 108 120 2567
228 7181 108 126 2585
229 7160 102 133 2605
230 7142 103 129 2626
231 7119 116 125 2640
232 7102 114 120 2664
233 7083 115 116 2686
234 7061 112 128 2699
235 7035 110 135 2720
236 7015 106 136 2743
237 6994 110 128 2768
238 6976 109 130 2785
239 6953 108 127 2812
240 6926 110 127 2837
241 6905 104 126 2865
242 6878 103 127 2892
243 6852 111 127 2910
244 6829 111 135 2925
245 6800 110 139 2951
246 6772 115 134 2979
247 6745 129 122 3004
248 6727 120 132 3021
249 6701 122 129 3048
250 6669 133 125 3073
251 6637 138 136 3089
252 6613 133 136 3118
253 6596 122 140 3142
254 6567 128 133 3172
255 6537 132 132 3199
256 6516 130 128 3226
257 6490 129 123 3258
258 6472 123 128 3277
259 6454 117 126 3303
260 6428 121 125 3326
261 6409 118 126 3347
262 6386 117 129 3368
263 6347 129 136 3388
264 6332 116 141 3411
265 6294 134 150 3422
266 6267 147 136 3450
267 6232 157 135 3476
268 6204 159 140 3497
269 6173 154 149 3524
270 6137 150 163 3550
271 6098 154 171 3577
272 6060 165 169 3606
273 6020 171 167 3642
274 5986 178 170 3666
275 5957 166 172 3705
276 5927 159 180 3734
277 5902 154 170 3774
278 5861 161 182 3796
279 5828 163 170 3839
280 5789 165 177 3869
281 5754 168 168 3910
282 5721 167 170 3942
283 5681 179 170 3970
284 5654 177 158 4011
285 5630 164 172 4034
286 5593 173 167 4067
287 5557 170 176 4097
288 5526 169 184 4121
289 5477 170 200 4153
290 5439 178 203 4180
291 5408 167 197 4228
292 5383 164 187 4266
293 5337 176 187 4300
294 5304 178 186 4332
295 5273 174 192 4361
296 5226 179 206 4389
297 5183 192 214 4411
298 5149 191 218 4442
299 5111 183 223 4483
300 5070 178 237 4515
301 5032 179 238 4551
302 4981 194 236 4589
303 4944 197 231 4628
304 4913 192 227 4668
305 4874 187 228 4711
306 4838 196 209 4757
307 4809 184 214 4793
308 4771 185 215 4829
309 4740 170 221 4869
310 4705 175 212 4908
311 4668 182 195 4955
312 4641 174 199 4986
313 4608 178 192 5022
314 4570 175 193 5062
315 4545 162 195 5098
316 4498 179 192 5131
317 4471 166 201 5162
318 4438 161 203 5198
319 4392 172 209 5227
320 4352 174 210 5264
321 4323 173 206 5298
322 4291 185 184 5340
323 4260 175 198 5367
324 4222 171 192 5415
325 4181 173 196 5450
326 4135 189 192 5484
327 4092 202 185 5521
328 4058 198 193 5551
329 4024 189 205 5582
330 3989 186 202 5623
331 3958 184 194 5664
332 3920 198 199 5683
333 3877 206 197 5720
334 3838 203 202 5757
335 3802 198 207 5793
336 3754 205 210 5831
337 3712 205 219 5864
338 3664 209 235 5892
339 3619 219 227 5935
340 3581 221 220 5978
341 3546 220 221 6013
342 3503 219 220 6058
343 3463 218 218 6101
344 3428 215 224 6133
345 3389 212 227 6172
346 3346 212 234 6208
347 3288 222 235 6255
348 3254 204 241 6301
349 3213 217 222 6348
350 3177 217 223 6383
351 3135 215 233 6417
352 3096 207 232 6465
353 3065 197 220 6518
354 3033 194 205 6568
355 2994 190 211 6605
356 2950 199 213 6638
357 2910 201 217 6672
358 2879 191 224 6706
359 2841 191 225 6743
360 2804 177 229 6790
361 2776 173 235 6816
362 2730 183 233 6854
363 2690 190 227 6893
364 2662 176 232 6930
365 2614 187 230 6969
366 2575 186 230 7009
367 2541 188 212 7059
368 2495 198 214 7093
369 2450 197 220 7133
370 2408 190 221 7181
371 2373 180 220 7227
372 2343 180 218 7259
373 2318 176 205 7301
374 2297 162 199 7342
375 2260 160 204 7376
376 2229 164 196 7411
377 2198 164 189 7449
378 2152 172 198 7478
379 2124 165 203 7508
380 2085 177 201 7537
381 2057 169 205 7569
382 2027 170 212 7591
383 1988 175 204 7633
384 1955 174 202 7669
385 1916 164 215 7705
386 1883 169 205 7743
387 1859 147 216 7778
388 1827 149 204 7820
389 1787 146 210 7857
390 1753 155 203 7889
391 1722 152 197 7929
392 1701 143 187 7969
393 1658 156 193 7993
394 1623 162 189 8026
395 1598 152 192 8058
396 1570 144 194 8092
397 1546 133 193 8128
398 1519 136 188 8157
399 1494 133 191 8182
400 1462 140 189 8209
401 1446 135 176 8243
402 1426 134 161 8279
403 1411 131 150 8308
404 1392 132 138 8338
405 1367 133 131 8369
406 1353 125 134 8388
407 1337 118 134 8411
408 1328 105 124 8443
409 1315 103 115 8467
410 1302 102 106 8490
411 1285 99 110 8506
412 1272 92 117 8519
413 1255 90 121 8534
414 1242 83 128 8547
415 1221 93 118 8568
416 1206 84 124 8586
417 1195 80 112 8613
418 1183 79 110 8628
419 1159 92 103 8646
420 1141 85 112 8662
421 1122 89 110 8679
422 1109 85 106 8700
423 1093 83 112 8712
424 1076 84 110 8730
425 1064 83 108 8745
426 1047 82 102 8769
427 1028 87 98 8787
428 1003 91 100 8806
429 977 96 107 8820
430 958 95 106 8841
431 940 91 110 8859
432 928 78 103 8891
433 909 87 92 8912
434 896 84 93 8927
435 885 79 94 8942
436 871 76 91 8962
437 856 78 90 8976
438 841 78 89 8992
439 831 75 86 9008
440 816 81 83 9020
441 812 70 82 9036
442 790 81 80 9049
443 784 74 80 9062
444 773 71 76 9080
445 763 67 79 9091
446 759 58 74 9109
447 744 62 74 9120
448 736 58 75 9131
449 725 59 69 9147
450 720 54 71 9155
451 706 61 65 9168
452 702 54 64 9180
453 692 51 67 9190
454 683 51 62 9204
455 674 53 62 9211
456 662 58 66 9214
457 654 54 62 9230
458 640 56 57 9247
459 633 50 56 9261
460 624 49 52 9275
461 620 42 54 9284
462 612 44 48 9296
463 606 39 51 9304
464 601 38 54 9307
465 589 42 53 9316
466 581 42 46 9331
467 572 41 43 9344
468 562 39 49 9350
469 554 39 52 9355
470 549 34 58 9359
471 541 37 55 9367
472 536 37 56 9371
473 532 37 46 9385
474 523 39 45 9393
475 516 32 49 9403
476 511 31 43 9415
477 505 28 43 9424
478 499 29 42 9430
479 493 27 46 9434
480 491 22 44 9443
481 488 23 39 9450
482 487 23 36 9454
483 484 22 32 9462
484 481 21 28 9470
485 478 15 31 9476
486 475 16 26 9483
487 474 12 28 9486
488 472 9 31 9488
489 467 10 29 9494
490 466 9 24 9501
491 463 10 19 9508
492 463 10 19 9508
493 462 9 15 9514
494 459 11 12 9518
495 459 11 11 9519
496 458 12 11 9519
497 457 11 12 9520
498 457 10 11 9522
499 457 10 9 9524
500 456 8 9 9527
501 454 9 8 9529
502 453 6 12 9529
503 452 6 10 9532
504 452 5 9 9534
505 451 4 9 9536
506 449 5 9 9537
507 448 6 7 9539
508 448 5 7 9540
509 446 7 4 9543
510 446 4 6 9544
511 444 5 7 9544
512 444 3 7 9546
513 444 1 7 9548
514 444 1 6 9549
515 444 0 7 9549
516 440 4 7 9549
517 440 4 6 9550
518 440 4 3 9553
519 439 5 2 9554
520 439 5 2 9554
521 439 5 2 9554
522 439 5 2 9554
523 439 5 2 9554
524 439 4 3 9554
525 438 4 4 9554
526 438 3 4 9555
527 437 4 4 9555
528 437 3 5 9555
529 436 4 5 9555
530 436 2 6 9556
531 435 3 6 9556
532 435 3 2 9560
533 435 3 2 9560
534 435 3 0 9562
535 435 3 0 9562
536 435 2 1 9562
537 435 2 1 9562
538 435 2 1 9562
539 435 2 1 9562
540 435 2 1 9562
541 435 2 0 9563
542 435 2 0 9563
543 435 1 1 9563
544 435 1 1 9563
545 435 0 2 9563
546 435 0 2 9563
547 434 0 3 9563
548 434 0 3 9563
549 434 0 3 9563
550 434 0 1 9565
551 434 0 1 9565
552 434 0 1 9565
553 434 0 1 9565
554 434 0 1 9565
555 434 0 1 9565
556 434 0 1 9565
557 434 0 1 9565
558 434 0 1 9565
559 434 0 1 9565
560 434 0 1 9565
561 434 0 1 9565
562 434 0 1 9565
563 434 0 1 9565
564 434 0 1 9565
565 434 0 1 9565
566 434 0 1 9565
567 434 0 1 9565
568 434 0 1 9565
569 434 0 1 9565
570 434 0 1 9565
571 434 0 0 9566
572 434 0 0 9566
573 434 0 0 9566
574 434 0 0 9566
575 434 0 0 9566
576 434 0 0 9566
577 434 0 0 9566
578 434 0 0 9566
579 434 0 0 9566
580 434 0 0 9566
581 434 0 0 9566
582 434 0 0 9566
583 434 0 0 9566
584 434 0 0 9566
585 434 0 0 9566
586 434 0 0 9566
587 434 0 0 9566
588 434 0 0 9566
589 434 0 0 9566
590 434 0 0 9566
591 434 0 0 9566
592 434 0 0 9566
593 434 0 0 9566
594 434 0 0 9566
595 434 0 0 9566
596 434 0 0 9566
597 434 0 0 9566
598 434 0 0 9566
599 434 0 0 9566
600 434 0 0 9566
601 434 0 0 9566
602 434 0 0 9566
603 434 0 0 9566
604 434 0 0 9566
605 434 0 0 9566
606 434 0 0 9566
607 434 0 0 9566
608 434 0 0 9566
609 434 0 0 9566
610 434 0 0 9566
611 434 0 0 9566
612 434 0 0 9566
613 434 0 0 9566
614 434 0 0 9566
615 434 0 0 9566
616 434 0 0 9566
617 434 0 0 9566
618 434 0 0 9566
619 434 0 0 9566
620 434 0 0 9566
621 434 0 0 9566
622 434 0 0 9566
623 434 0 0 9566
624 434 0 0 9566
625 434 0 0 9566
626 434 0 0 9566
627 434 0 0 9566
628 434 0 0 9566
629 434 0 0 9566
630 434 0 0 9566
631 434 0 0 9566
632 434 0 0 9566
633 434 0 0 9566
634 434 0 0 9566
635 434 0 0 9566
636 434 0 0 9566
637 434 0 0 9566
638 434 0 0 9566
639 434 0 0 9566
640 434 0 0 9566
641 434 0 0 9566
642 434 0 0 9566
643 434 0 0 9566
644 434 0 0 9566
645 434 0 0 9566
646 434 0 0 9566
647 434 0 0 9566
648 434 0 0 9566
649 434 0 0 9566
650 434 0 0 9566
651 434 0 0 9566
652 434 0 0 9566
653 434 0 0 9566
654 434 0 0 9566
655 434 0 0 9566
656 434 0 0 9566
657 434 0 0 9566
658 434 0 0 9566
659 434 0 0 9566
660 434 0 0 9566
661 434 0 0 9566
662 434 0 0 9566
663 434 0 0 9566
664 434 0 0 9566
665 434 0 0 9566
666 434 0 0 9566
667 434 0 0 9566
668 434 0 0 9566
669 434 0 0 9566
670 434 0 0 9566
671 434 0 0 9566
672 434 0 0 9566
673 434 0 0 9566
674 434 0 0 9566
675 434 0 0 9566
676 434 0 0 9566
677 434 0 0 9566
678 434 0 0 9566
679 434 0 0 9566
680 434 0 0 9566
681 434 0 0 9566
682 434 0 0 9566
683 434 0 0 9566
684 434 0 0 9566
685 434 0 0 9566
686 434 0 0 9566
687 434 0 0 9566
688 434 0 0 9566
689 434 0 0 9566
690 434 0 0 9566
691 434 0 0 9566
692 434 0 0 9566
693 434 0 0 9566
694 434 0 0 9566
695 434 0 0 9566
696 434 0 0 9566
697 434 0 0 9566
698 434 0 0 9566
699 434 0 0 9566
700 434 0 0 9566
701 434 0 0 9566
702 434 0 0 9566
703 434 0 0 9566
704 434 0 0 9566
705 434 0 0 9566
706 434 0 0 9566
707 434 0 0 9566
708 434 0 0 9566
709 434 0 0 9566
710 434 0 0 9566
711 434 0 0 9566
712 434 0 0 9566
713 434 0 0 9566
714 434 0 0 9566
715 434 0 0 9566
716 434 0 0 9566
717 434 0 0 9566
718 434 0 0 9566
719 434 0 0 9566
720 434 0 0 9566
721 434 0 0 9566
722 434 0 0 9566
723 434 0 0 9566
724 434 0 0 9566
725 434 0 0 9566
726 434 0 0 9566
727 434 0 0 9566
728 434 0 0 9566
729 434 0 0 9566
730 434 0 0 9566
731 434 0 0 9566
732 434 0 0 9566
733 434 0 0 9566
734 434 0 0 9566
735 434 0 0 9566
736 434 0 0 9566
737 434 0 0 9566
738 434 0 0 9566
739 434 0 0 9566
740 434 0 0 9566
741 434 0 0 9566
742 434 0 0 9566
743 434 0 0 9566
744 434 0 0 9566
745 434 0 0 9566
746 434 0 0 9566
747 434 0 0 9566
748 434 0 0 9566
749 434 0 0 9566
750 434 0 0 9566
751 434 0 0 9566
752 434 0 0 9566
753 434 0 0 9566
754 434 0 0 9566
755 434 0 0 9566
756 434 0 0 9566
757 434 0 0 9566
758 434 0 0 9566
759 434 0 0 9566
760 434 0 0 9566
761 434 0 0 9566
762 434 0 0 9566
763 434 0 0 9566
764 434 0 0 9566
765 434 0 0 9566
766 434 0 0 9566
767 434 0 0 9566
768 434 0 0 9566
769 434 0 0 9566
770 434 0 0 9566
771 434 0 0 9566
772 434 0 0 9566
773 434 0 0 9566
774 434 0 0 9566
775 434 0 0 9566
776 434 0 0 9566
777 434 0 0 9566
778 434 0 0 9566
779 434 0 0 9566
780 434 0 0 9566
781 434 0 0 9566
782 434 0 0 9566
783 434 0 0 9566
784 434 0 0 9566
785 434 0 0 9566
786 434 0 0 9566
787 434 0 0 9566
788 434 0 0 9566
789 434 0 0 9566
790 434 0 0 9566
791 434 0 0 9566
792 434 0 0 9566
793 434 0 0 9566
794 434 0 0 9566
795 434 0 0 9566
796 434 0 0 9566
797 434 0 0 9566
798 434 0 0 9566
799 434 0 0 9566
800 434 0 0 9566
801 434 0 0 9566
802 434 0 0 9566
803 434 0 0 9566
804 434 0 0 9566
805 434 0 0 9566
806 434 0 0 9566
807 434 0 0 9566
808 434 0 0 9566
809 434 0 0 9566
810 434 0 0 9566
811 434 0 0 9566
812 434 0 0 9566
813 434 0 0 9566
814 434 0 0 9566
815 434 0 0 9566
816 434 0 0 9566
817 434 0 0 9566
818 434 0 0 9566
819 434 0 0 9566
820 434 0 0 9566
821 434 0 0 9566
822 434 0 0 9566
823 434 0 0 9566
824 434 0 0 9566
825 434 0 0 9566
826 434 0 0 9566
827 434 0 0 9566
828 434 0 0 9566
829 434 0 0 9566
830 434 0 0 9566
831 434 0 0 9566
832 434 0 0 9566
833 434 0 0 9566
834 434 0 0 9566
835 434 0 0 9566
836 434 0 0 9566
837 434 0 0 9566
838 434 0 0 9566
839 434 0 0 9566
840 434 0 0 9566
841 434 0 0 9566
842 434 0 0 9566
843 434 0 0 9566
844 434 0 0 9566
845 434 0 0 9566
846 434 0 0 9566
847 434 0 0 9566
848 434 0 0 9566
849 434 0 0 9566
850 434 0 0 9566
851 434 0 0 9566
852 434 0 0 9566
853 434 0 0 9566
854 434 0 0 9566
855 434 0 0 9566
856 434 0 0 9566
857 434 0 0 9566
858 434 0 0 9566
859 434 0 0 9566
860 434 0 0 9566
861 434 0 0 9566
862 434 0 0 9566
863 434 0 0 9566
864 434 0 0 9566
865 434 0 0 9566
866 434 0 0 9566
867 434 0 0 9566
868 434 0 0 9566
869 434 0 0 9566
870 434 0 0 9566
871 434 0 0 9566
872 434 0 0 9566
873 434 0 0 9566
874 434 0 0 9566
875 434 0 0 9566
876 434 0 0 9566
877 434 0 0 9566
878 434 0 0 9566
879 434 0 0 9566
880 434 0 0 9566
881 434 0 0 9566
882 434 0 0 9566
883 434 0 0 9566
884 434 0 0 9566
885 434 0 0 9566
886 434 0 0 9566
887 434 0 0 9566
888 434 0 0 9566
889 434 0 0 9566
890 434 0 0 9566
891 434 0 0 9566
892 434 0 0 9566
893 434 0 0 9566
894 434 0 0 9566
895 434 0 0 9566
896 434 0 0 9566
897 434 0 0 9566
898 434 0 0 9566
899 434 0 0 9566
900 434 0 0 9566
901 434 0 0 9566
902 434 0 0 9566
903 434 0 0 9566
904 434 0 0 9566
905 434 0 0 9566
906 434 0 0 9566
907 434 0 0 9566
908 434 0 0 9566
909 434 0 0 9566
910 434 0 0 9566
911 434 0 0 9566
912 434 0 0 9566
913 434 0 0 9566
914 434 0 0 9566
915 434 0 0 9566
916 434 0 0 9566
917 434 0 0 9566
918 434 0 0 9566
919 434 0 0 9566
920 434 0 0 9566
921 434 0 0 9566
922 434 0 0 9566
923 434 0 0 9566
924 434 0 0 9566
925 434 0 0 9566
926 434 0 0 9566
927 434 0 0 9566
928 434 0 0 9566
929 434 0 0 9566
930 434 0 0 9566
931 434 0 0 9566
932 434 0 0 9566
933 434 0 0 9566
934 434 0 0 9566
935 434 0 0 9566
936 434 0 0 9566
937 434 0 0 9566
938 434 0 0 9566
939 434 0 0 9566
940 434 0 0 9566
941 434 0 0 9566
942 434 0 0 9566
943 434 0 0 9566
944 434 0 0 9566
945 434 0 0 9566
946 434 0 0 9566
947 434 0 0 9566
948 434 0 0 9566
949 434 0 0 9566
950 434 0 0 9566
951 434 0 0 9566
952 434 0 0 9566
953 434 0 0 9566
954 434 0 0 9566
955 434 0 0 9566
956 434 0 0 9566
957 434 0 0 9566
958 434 0 0 9566
959 434 0 0 9566
960 434 0 0 9566
961 434 0 0 9566
962 434 0 0 9566
963 434 0 0 9566
964 434 0 0 9566
965 434 0 0 9566
966 434 0 0 9566
967 434 0 0 9566
968 434 0 0 9566
969 434 0 0 9566
970 434 0 0 9566
971 434 0 0 9566
972 434 0 0 9566
973 434 0 0 9566
974 434 0 0 9566
975 434 0 0 9566
976 434 0 0 9566
977 434 0 0 9566
978 434 0 0 9566
979 434 0 0 9566
980 434 0 0 9566
981 434 0 0 9566
982 434 0 0 9566
983 434 0 0 9566
984 434 0 0 9566
985 434 0 0 9566
986 434 0 0 9566
987 434 0 0 9566
988 434 0 0 9566
989 434 0 0 9566
990 434 0 0 9566
991 434 0 0 9566
992 434 0 0 9566
993 434 0 0 9566
994 434 0 0 9566
995 434 0 0 9566
996 434 0 0 9566
997 434 0 0 9566
998 434 0 0 9566
999 434 0 0 9566
