0 9999 0 1 0
1 9998 1 1 0
2 9998 0 2 0
3 9997 1 2 0
4 9995 3 2 0
5 9993 4 3 0
6 9992 4 3 1
7 9992 2 3 3
8 9990 3 4 3
9 9990 3 4 3
10 9990 3 4 3
11 9988 4 5 3
12 9987 3 4 6
13 9987 3 2 8
14 9987 3 2 8
15 9986 2 4 8
16 9984 3 5 8
17 9984 2 6 8
18 9984 2 6 8
19 9983 3 4 10
20 9983 3 4 10
21 9983 1 5 11
22 9982 2 4 12
23 9982 1 4 13
24 9982 0 5 13
25 9980 1 4 15
26 9978 3 4 15
27 9978 1 6 15
28 9977 2 6 15
29 9975 4 4 17
30 9974 5 4 17
31 9971 5 7 17
32 9970 6 6 18
33 9970 5 7 18
34 9968 4 9 19
35 9966 6 8 20
36 9965 6 8 21
37 9965 6 8 21
38 9965 4 9 22
39 9965 4 8 23
40 9964 5 7 24
41 9964 3 8 25
42 9961 4 9 26
43 9959 5 8 28
44 9958 3 9 30
45 9958 2 9 31
46 9957 2 7 34
47 9956 2 7 35
48 9953 4 8 35
49 9951 5 7 37
50 9950 6 7 37
51 9949 5 7 39
52 9948 5 8 39
53 9946 7 6 41
54 9946 6 5 43
55 9946 5 4 45
56 9945 3 6 46
57 9943 5 6 46
58 9942 5 7 46
59 9941 5 5 49
60 9940 4 6 50
61 9935 7 8 50
62 9933 7 9 51
63 9931 6 8 55
64 9930 6 8 56
65 9928 6 9 57
66 9926 3 13 58
67 9921 7 9 63
68 9919 9 8 64
69 9919 8 9 64
70 9917 9 9 65
71 9914 8 11 67
72 9912 6 10 72
73 9912 4 9 75
74 9909 4 12 75
75 9907 6 10 77
76 9906 6 10 78
77 9905 7 8 80
78 9904 8 6 82
79 9903 6 8 83
80 9900 6 10 84
81 9897 9 10 84
82 9894 12 8 86
83 9893 13 5 89
84 9893 11 7 89
85 9891 10 6 93
86 9890 10 5 95
87 9888 8 8 96
88 9886 9 6 99
89 9884 7 7 102
90 9882 6 8 104
91 9880 8 8 104
92 9880 7 7 106
93 9879 6 9 106
94 9878 6 10 106
95 9876 7 9 108
96 9876 5 10 109
97 9875 6 10 109
98 9871 9 9 111
99 9868 11 8 113
100 9867 10 10 113
101 9865 11 6 118
102 9865 8 7 120
103 9863 8 9 120
104 9862 6 10 122
105 9859 9 8 124
106 9857 10 8 125
107 9856 8 11 125
108 9853 8 13 126
109 9851 8 12 129
110 9848 10 10 132
111 9843 15 9 133
112 9843 12 10 135
113 9839 15 11 135
114 9836 15 14 135
115 9834 16 15 135
116 9832 14 16 138
117 9830 14 16 140
118 9827 10 17 146
119 9825 10 17 148
120 9822 11 18 149
121 9815 15 20 150
122 9811 12 23 154
123 9807 15 21 157
124 9805 14 22 159
125 9803 14 20 163
126 9801 12 20 167
127 9801 10 21 168
128 9796 14 19 171
129 9794 12 19 175
130 9790 15 17 178
131 9789 11 19 181
132 9788 9 20 183
133 9784 11 19 186
134 9782 12 17 189
135 9778 11 21 190
136 9775 13 18 194
137 9772 13 18 197
138 9768 14 17 201
139 9767 12 16 205
140 9765 11 15 209
141 9765 11 13 211
142 9761 13 10 216
143 9759 12 12 217
144 9756 10 15 219
145 9751 12 17 220
146 9748 11 16 225
147 9745 11 17 227
148 9742 13 15 230
149 9739 12 14 235
150 9738 11 14 237
151 9735 13 12 240
152 9734 13 11 242
153 9730 15 12 243
154 9728 16 11 245
155 9724 18 11 247
156 9723 16 13 248
157 9720 14 17 249
158 9714 17 16 253
159 9711 17 15 257
160 9708 17 16 259
161 9705 15 17 263
162 9701 14 18 267
163 9697 10 25 268
164 9690 15 20 275
165 9690 13 20 277
166 9686 14 19 281
167 9683 13 20 284
168 9680 13 17 290
169 9679 13 17 291
170 9677 12 19 292
171 9675 12 16 297
172 9674 9 17 300
173 9672 9 15 304
174 9670 11 13 306
175 9668 11 15 306
176 9665 12 14 309
177 9664 12 11 313
178 9663 11 9 317
179 9661 11 10 318
180 9659 13 9 319
181 9658 13 10 319
182 9657 12 11 320
183 9655 13 11 321
184 9654 12 12 322
185 9649 13 11 327
186 9646 12 12 330
187 9645 11 11 333
188 9643 9 12 336
189 9641 7 16 336
190 9639 7 16 338
191 9637 7 15 341
192 9634 7 15 344
193 9629 10 16 345
194 9627 8 20 345
195 9622 11 21 346
196 9620 9 22 349
197 9618 11 20 351
198 9612 13 15 360
199 9610 15 11 364
200 9609 12 13 366
201 9609 8 14 369
202 9604 10 15 371
203 9600 13 15 372
204 9598 13 13 376
205 9593 15 15 377
206 9587 15 16 382
207 9585 12 17 386
208 9582 15 13 390
209 9577 16 12 395
210 9574 16 14 396
211 9570 14 18 398
212 9566 16 18 400
213 9564 17 16 403
214 9562 18 15 405
215 9561 11 21 407
216 9554 14 24 408
217 9546 19 21 414
218 9543 16 22 419
219 9542 14 22 422
220 9539 15 19 427
221 9534 18 15 433
222 9534 10 19 437
223 9528 16 18 438
224 9524 14 22 440
225 9519 17 19 445
226 9517 14 19 450
227 9514 14 20 452
228 9513 13 19 455
229 9507 13 21 459
230 9501 15 20 464
231 9500 14 20 466
232 9497 15 18 470
233 9494 16 13 477
234 9494 13 15 478
235 9491 13 17 479
236 9485 17 17 481
237 9485 15 16 484
238 9480 17 16 487
239 9478 16 16 490
240 9475 13 20 492
241 9468 19 20 493
242 9464 19 22 495
243 9460 17 22 501
244 9459 17 17 507
245 9456 18 13 513
246 9452 13 19 516
247 9444 17 21 518
248 9440 19 20 521
249 9435 20 21 524
250 9432 19 20 529
251 9425 19 26 530
252 9418 22 23 537
253 9415 23 23 539
254 9412 23 23 542
255 9410 19 27 544
256 9402 23 27 548
257 9401 22 24 553
258 9401 20 20 559
259 9398 21 18 563
260 9394 21 16 569
261 9393 21 16 570
262 9391 19 16 574
263 9387 16 19 578
264 9382 19 19 580
265 9380 19 18 583
266 9375 21 20 584
267 9372 22 17 589
268 9369 19 17 595
269 9362 22 17 599
270 9359 23 18 600
271 9354 20 21 605
272 9348 22 21 609
273 9343 23 21 613
274 9341 22 22 615
275 9339 20 22 619
276 9333 22 23 622
277 9332 18 25 625
278 9328 20 21 631
279 9326 20 19 635
280 9322 17 23 638
281 9320 18 20 642
282 9317 14 22 647
283 9308 22 18 652
284 9302 25 17 656
285 9300 24 20 656
286 9298 21 21 660
287 9295 23 20 662
288 9295 19 19 667
289 9291 16 24 669
290 9286 19 24 671
291 9284 18 24 674
292 9279 17 27 677
293 9274 16 28 682
294 9267 17 30 686
295 9261 21 31 687
296 9258 18 32 692
297 9252 19 28 701
298 9244 22 29 705
299 9239 20 30 711
300 9234 24 25 717
301 9232 19 22 727
302 9229 17 20 734
303 9224 19 19 738
304 9219 21 19 741
305 9212 24 19 745
306 9202 30 18 750
307 9195 27 24 754
308 9190 29 25 756
309 9185 27 27 761
310 9180 28 28 764
311 9177 26 26 771
312 9168 31 29 772
313 9162 30 33 775
314 9160 29 31 780
315 9154 29 33 784
316 9151 29 27 793
317 9150 27 26 797
318 9142 29 27 802
319 9141 26 25 808
320 9138 28 23 811
321 9134 28 22 816
322 9133 25 23 819
323 9133 17 27 823
324 9129 20 23 828
325 9125 20 25 830
326 9124 17 24 835
327 9119 21 21 839
328 9113 19 27 841
329 9108 18 31 843
330 9103 18 30 849
331 9097 21 28 854
332 9091 23 27 859
333 9087 26 25 862
334 9081 28 27 864
335 9078 22 32 868
336 9068 27 32 873
337 9063 25 36 876
338 9054 25 37 884
339 9049 26 39 886
340 9045 21 42 892
341 9039 24 37 900
342 9036 22 34 908
343 9033 23 26 918
344 9029 21 27 923
345 9019 27 27 927
346 9014 26 29 931
347 9006 27 30 937
348 9001 28 30 941
349 8996 28 30 946
350 8991 26 32 951
351 8985 25 32 958
352 8977 28 27 968
353 8970 30 28 972
354 8960 33 32 975
355 8954 34 31 981
356 8947 33 33 987
357 8943 33 30 994
358 8939 27 34 1000
359 8930 32 29 1009
360 8927 31 27 1015
361 8925 26 31 1018
362 8918 30 30 1022
363 8913 29 29 1029
364 8907 26 35 1032
365 8897 27 38 1038
366 8893 26 39 1042
367 8888 26 40 1046
368 8884 27 36 1053
369 8879 29 32 1060
370 8874 27 31 1068
371 8868 25 35 1072
372 8857 34 31 1078
373 8852 35 29 1084
374 8847 31 31 1091
375 8840 32 30 1098
376 8834 33 28 1105
377 8831 31 25 1113
378 8824 32 27 1117
379 8821 29 30 1120
380 8815 28 32 1125
381 8809 29 33 1129
382 8805 32 30 1133
383 8798 32 33 1137
384 8789 36 31 1144
385 8788 33 30 1149
386 8783 33 32 1152
387 8777 33 36 1154
388 8771 34 37 1158
389 8763 35 35 1167
390 8758 35 33 1174
391 8752 39 32 1177
392 8747 39 32 1182
393 8743 34 35 1188
394 8738 36 33 1193
395 8732 34 31 1203
396 8725 33 35 1207
397 8717 34 36 1213
398 8712 33 35 1220
399 8705 37 30 1228
400 8697 41 28 1234
401 8695 40 28 1237
402 8690 42 28 1240
403 8689 36 32 1243
404 8685 31 34 1250
405 8680 30 33 1257
406 8671 34 32 1263
407 8665 33 35 1267
408 8660 34 36 1270
409 8650 32 42 1276
410 8643 32 41 1284
411 8638 30 39 1293
412 8634 31 35 1300
413 8627 28 40 1305
414 8622 27 41 1310
415 8608 30 40 1322
416 8598 32 41 1329
417 8594 33 39 1334
418 8590 31 37 1342
419 8585 32 35 1348
420 8578 34 33 1355
421 8574 30 34 1362
422 8565 30 38 1367
423 8553 33 39 1375
424 8547 22 46 1385
425 8535 27 45 1393
426 8529 24 44 1403
427 8522 23 40 1415
428 8515 26 40 1419
429 8509 30 36 1425
430 8501 28 43 1428
431 8496 24 46 1434
432 8486 28 43 1443
433 8480 31 34 1455
434 8474 30 37 1459
435 8467 29 39 1465
436 8463 28 35 1474
437 8457 29 33 1481
438 8452 21 41 1486
439 8442 29 38 1491
440 8437 29 36 1498
441 8429 31 34 1506
442 8422 31 31 1516
443 8417 31 30 1522
444 8414 29 29 1528
445 8410 29 27 1534
446 8408 25 29 1538
447 8401 26 26 1547
448 8395 25 30 1550
449 8392 23 29 1556
450 8382 27 26 1565
451 8379 24 30 1567
452 8375 25 27 1573
453 8371 26 24 1579
454 8370 23 22 1585
455 8366 17 28 1589
456 8358 20 31 1591
457 8354 20 33 1593
458 8348 18 38 1596
459 8343 18 38 1601
460 8338 19 38 1605
461 8322 29 39 1610
462 8317 24 45 1614
463 8308 25 42 1625
464 8304 27 36 1633
465 8299 27 36 1638
466 8294 29 33 1644
467 8291 30 29 1650
468 8287 25 28 1660
469 8284 24 28 1664
470 8280 23 31 1666
471 8274 27 27 1672
472 8267 27 27 1679
473 8260 29 27 1684
474 8256 28 25 1691
475 8252 25 29 1694
476 8248 23 29 1700
477 8243 25 23 1709
478 8239 21 21 1719
479 8234 21 21 1724
480 8227 21 25 1727
481 8220 23 27 1730
482 8217 19 28 1736
483 8212 21 25 1742
484 8206 22 26 1746
485 8201 22 24 1753
486 8199 18 25 1758
487 8192 23 21 1764
488 8190 19 23 1768
489 8188 19 21 1772
490 8183 18 26 1773
491 8178 20 23 1779
492 8171 26 20 1783
493 8169 25 20 1786
494 8167 25 21 1787
495 8163 24 21 1792
496 8158 25 21 1796
497 8154 25 18 1803
498 8153 22 20 1805
499 8144 31 18 1807
500 8141 29 21 1809
501 8138 26 24 1812
502 8134 25 26 1815
503 8131 27 23 1819
504 8129 26 22 1823
505 8127 25 19 1829
506 8122 25 22 1831
507 8119 19 27 1835
508 8112 23 25 1840
509 8108 23 28 1841
510 8099 23 33 1845
511 8088 28 32 1852
512 8087 25 31 1857
513 8082 23 33 1862
514 8077 23 32 1868
515 8072 27 28 1873
516 8071 24 27 1878
517 8068 22 27 1883
518 8062 24 26 1888
519 8058 25 25 1892
520 8054 25 23 1898
521 8052 24 22 1902
522 8049 23 24 1904
523 8046 22 23 1909
524 8043 23 22 1912
525 8040 22 19 1919
526 8037 20 18 1925
527 8034 19 16 1931
528 8031 17 15 1937
529 8030 18 14 1938
530 8026 19 13 1942
531 8020 22 14 1944
532 8016 21 17 1946
533 8013 20 18 1949
534 8008 21 17 1954
535 8003 20 21 1956
536 7997 25 20 1958
537 7994 23 20 1963
538 7989 24 21 1966
539 7985 22 23 1970
540 7978 24 25 1973
541 7970 29 24 1977
542 7966 25 28 1981
543 7963 22 29 1986
544 7954 28 30 1988
545 7950 27 31 1992
546 7945 25 28 2002
547 7941 25 27 2007
548 7933 24 30 2013
549 7925 29 29 2017
550 7920 29 31 2020
551 7912 34 28 2026
552 7909 30 27 2034
553 7907 23 28 2042
554 7904 23 27 2046
555 7899 24 25 2052
556 7895 27 20 2058
557 7891 27 23 2059
558 7884 27 24 2065
559 7882 22 29 2067
560 7878 21 32 2069
561 7871 23 31 2075
562 7865 23 31 2081
563 7861 21 30 2088
564 7855 23 28 2094
565 7851 23 27 2099
566 7847 21 24 2108
567 7841 24 23 2112
568 7839 19 24 2118
569 7830 23 22 2125
570 7823 24 24 2129
571 7817 24 24 2135
572 7815 22 24 2139
573 7808 25 24 2143
574 7806 23 27 2144
575 7802 23 19 2156
576 7798 21 20 2161
577 7793 18 22 2167
578 7787 18 22 2173
579 7782 21 19 2178
580 7777 24 17 2182
581 7776 22 17 2185
582 7772 21 22 2185
583 7765 25 22 2188
584 7763 24 22 2191
585 7760 23 21 2196
586 7755 23 21 2201
587 7745 29 19 2207
588 7740 32 18 2210
589 7734 28 25 2213
590 7726 31 23 2220
591 7720 29 28 2223
592 7714 28 31 2227
593 7706 29 27 2238
594 7702 28 27 2243
595 7695 27 31 2247
596 7691 26 31 2252
597 7681 33 31 2255
598 7679 29 35 2257
599 7675 27 32 2266
600 7668 27 31 2274
601 7665 27 28 2280
602 7661 27 27 2285
603 7657 25 29 2289
604 7652 26 26 2296
605 7651 24 26 2299
606 7647 23 28 2302
607 7643 26 26 2305
608 7641 22 26 2311
609 7637 22 22 2319
610 7635 20 23 2322
611 7631 20 24 2325
612 7626 21 27 2326
613 7619 22 28 2331
614 7615 19 30 2336
615 7611 21 27 2341
616 7601 29 27 2343
617 7598 21 31 2350
618 7593 21 33 2353
619 7586 23 32 2359
620 7581 21 35 2363
621 7574 25 30 2371
622 7568 26 30 2376
623 7565 25 28 2382
624 7561 26 29 2384
625 7556 28 30 2386
626 7550 27 26 2397
627 7547 25 27 2401
628 7540 29 25 2406
629 7537 28 24 2411
630 7533 29 22 2416
631 7531 23 28 2418
632 7528 23 27 2422
633 7525 22 27 2426
634 7521 23 25 2431
635 7516 24 24 2436
636 7510 26 24 2440
637 7504 26 28 2442
638 7497 26 28 2449
639 7492 27 23 2458
640 7490 23 25 2462
641 7486 24 25 2465
642 7484 24 24 2468
643 7479 25 26 2470
644 7477 21 28 2474
645 7472 23 29 2476
646 7469 24 25 2482
647 7469 21 23 2487
648 7466 22 23 2489
649 7462 22 25 2491
650 7460 23 25 2492
651 7457 24 20 2499
652 7457 20 20 2503
653 7451 22 19 2508
654 7448 21 21 2510
655 7445 21 20 2514
656 7442 21 17 2520
657 7437 19 23 2521
658 7431 21 21 2527
659 7427 23 17 2533
660 7425 22 14 2539
661 7421 24 14 2541
662 7419 21 14 2546
663 7413 22 19 2546
664 7410 24 18 2548
665 7408 24 18 2550
666 7405 21 20 2554
667 7399 20 23 2558
668 7390 24 24 2562
669 7386 20 25 2569
670 7382 17 29 2572
671 7378 18 28 2576
672 7376 15 27 2582
673 7373 16 25 2586
674 7372 13 23 2592
675 7371 11 21 2597
676 7369 13 15 2603
677 7368 11 14 2607
678 7364 14 13 2609
679 7360 15 13 2612
680 7358 13 13 2616
681 7356 12 13 2619
682 7354 10 12 2624
683 7351 9 13 2627
684 7349 7 15 2629
685 7348 6 16 2630
686 7343 7 19 2631
687 7338 9 19 2634
688 7334 11 17 2638
689 7333 8 21 2638
690 7329 12 16 2643
691 7326 10 15 2649
692 7325 8 17 2650
693 7321 10 15 2654
694 7317 12 16 2655
695 7315 12 17 2656
696 7313 12 16 2659
697 7311 13 14 2662
698 7310 11 15 2664
699 7306 10 16 2668
700 7303 6 20 2671
701 7296 10 22 2672
702 7294 10 20 2676
703 7291 10 19 2680
704 7289 11 18 2682
705 7287 9 17 2687
706 7284 9 19 2688
707 7282 10 16 2692
708 7280 11 16 2693
709 7275 11 18 2696
710 7270 13 17 2700
711 7268 14 17 2701
712 7264 13 17 2706
713 7260 12 19 2709
714 7259 8 18 2715
715 7253 13 18 2716
716 7249 15 18 2718
717 7248 15 17 2720
718 7244 18 14 2724
719 7244 16 14 2726
720 7241 14 19 2726
721 7238 15 18 2729
722 7236 16 16 2732
723 7231 14 23 2732
724 7225 16 26 2733
725 7220 18 23 2739
726 7217 20 20 2743
727 7214 15 24 2747
728 7206 23 21 2750
729 7204 22 21 2753
730 7201 22 18 2759
731 7199 20 15 2766
732 7197 20 16 2767
733 7194 21 15 2770
734 7189 21 17 2773
735 7184 20 19 2777
736 7182 21 20 2777
737 7179 20 20 2781
738 7177 20 19 2784
739 7175 19 20 2786
740 7170 21 19 2790
741 7167 20 19 2794
742 7162 20 22 2796
743 7158 19 23 2800
744 7152 22 25 2801
745 7148 24 25 2803
746 7143 24 23 2810
747 7139 22 26 2813
748 7131 22 28 2819
749 7127 25 23 2825
750 7124 20 27 2829
751 7119 22 27 2832
752 7113 22 31 2834
753 7107 19 35 2839
754 7102 19 33 2846
755 7099 21 29 2851
756 7094 26 24 2856
757 7092 26 18 2864
758 7092 25 16 2867
759 7090 24 17 2869
760 7089 23 18 2870
761 7084 26 16 2874
762 7083 21 20 2876
763 7078 23 20 2879
764 7072 23 23 2882
765 7068 24 24 2884
766 7060 29 24 2887
767 7056 26 26 2892
768 7048 25 31 2896
769 7042 25 30 2903
770 7035 28 29 2908
771 7031 28 28 2913
772 7025 30 30 2915
773 7019 29 31 2921
774 7016 26 31 2927
775 7008 28 29 2935
776 6999 32 30 2939
777 6987 39 32 2942
778 6982 33 37 2948
779 6977 31 34 2958
780 6973 31 30 2966
781 6968 31 35 2966
782 6963 33 28 2976
783 6960 29 29 2982
784 6952 30 30 2988
785 6948 29 32 2991
786 6943 26 35 2996
787 6938 29 30 3003
788 6934 28 33 3005
789 6928 29 33 3010
790 6924 31 31 3014
791 6920 31 31 3018
792 6912 31 33 3024
793 6907 29 32 3032
794 6899 33 29 3039
795 6894 28 34 3044
796 6887 27 35 3051
797 6880 27 38 3055
798 6878 24 37 3061
799 6870 29 37 3064
800 6866 29 34 3071
801 6862 29 33 3076
802 6857 31 32 3080
803 6853 31 28 3088
804 6846 35 25 3094
805 6841 32 25 3102
806 6833 32 29 3106
807 6827 32 31 3110
808 6818 28 40 3114
809 6813 27 36 3124
810 6803 30 38 3129
811 6797 33 37 3133
812 6790 37 38 3135
813 6788 26 42 3144
814 6776 28 44 3152
815 6767 33 40 3160
816 6764 32 35 3169
817 6760 27 39 3174
818 6751 31 37 3181
819 6740 33 36 3191
820 6738 27 40 3195
821 6733 27 42 3198
822 6725 31 37 3207
823 6719 30 39 3212
824 6710 27 45 3218
825 6697 31 51 3221
826 6686 36 47 3231
827 6678 36 46 3240
828 6671 36 47 3246
829 6658 41 49 3252
830 6653 38 44 3265
831 6644 36 48 3272
832 6632 34 48 3286
833 6624 34 48 3294
834 6615 33 47 3305
835 6610 32 42 3316
836 6601 33 41 3325
837 6591 34 44 3331
838 6585 37 40 3338
839 6574 38 41 3347
840 6571 32 43 3354
841 6567 29 38 3366
842 6560 32 35 3373
843 6557 32 34 3377
844 6555 30 31 3384
845 6547 29 34 3390
846 6541 29 35 3395
847 6534 30 38 3398
848 6525 35 36 3404
849 6520 32 40 3408
850 6515 27 39 3419
851 6508 27 40 3425
852 6501 29 36 3434
853 6499 26 34 3441
854 6492 27 34 3447
855 6483 29 35 3453
856 6475 35 28 3462
857 6470 36 29 3465
858 6469 32 28 3471
859 6466 28 32 3474
860 6461 30 30 3479
861 6454 31 33 3482
862 6447 31 37 3485
863 6441 28 38 3493
864 6432 29 42 3497
865 6421 34 39 3506
866 6417 31 40 3512
867 6412 24 42 3522
868 6400 28 42 3530
869 6395 27 40 3538
870 6388 28 40 3544
871 6383 26 40 3551
872 6375 28 44 3553
873 6367 32 38 3563
874 6361 32 41 3566
875 6351 35 44 3570
876 6342 36 46 3576
877 6336 34 45 3585
878 6332 32 44 3592
879 6326 30 48 3596
880 6316 36 48 3600
881 6311 30 52 3607
882 6302 33 52 3613
883 6299 32 44 3625
884 6293 30 43 3634
885 6290 30 39 3641
886 6283 31 38 3648
887 6273 34 37 3656
888 6268 34 34 3664
889 6265 32 36 3667
890 6263 27 39 3671
891 6260 26 34 3680
892 6253 29 35 3683
893 6243 30 41 3686
894 6238 30 43 3689
895 6230 31 43 3696
896 6221 37 43 3699
897 6218 33 43 3706
898 6215 27 42 3716
899 6204 32 40 3724
900 6201 28 36 3735
901 6194 28 38 3740
902 6188 30 35 3747
903 6182 29 36 3753
904 6174 33 32 3761
905 6166 36 35 3763
906 6162 30 40 3768
907 6152 33 40 3775
908 6144 32 37 3787
909 6139 31 34 3796
910 6133 30 37 3800
911 6127 35 33 3805
912 6120 31 42 3807
913 6113 35 38 3814
914 6105 35 39 3821
915 6101 35 37 3827
916 6100 33 37 3830
917 6093 38 30 3839
918 6091 37 29 3843
919 6088 38 25 3849
920 6085 33 28 3854
921 6082 26 32 3860
922 6072 32 28 3868
923 6068 26 35 3871
924 6059 25 39 3877
925 6048 31 41 3880
926 6045 24 40 3891
927 6038 26 40 3896
928 6032 30 36 3902
929 6029 28 32 3911
930 6022 29 34 3915
931 6021 25 31 3923
932 6014 26 33 3927
933 6005 25 32 3938
934 6000 27 29 3944
935 5995 25 31 3949
936 5988 27 30 3955
937 5979 30 31 3960
938 5976 27 33 3964
939 5965 32 32 3971
940 5957 34 34 3975
941 5957 29 33 3981
942 5953 28 34 3985
943 5947 27 37 3989
944 5942 29 30 3999
945 5936 27 30 4007
946 5930 25 31 4014
947 5924 27 32 4017
948 5919 26 35 4020
949 5913 29 30 4028
950 5907 25 33 4035
951 5903 23 30 4044
952 5898 22 33 4047
953 5893 17 37 4053
954 5888 18 34 4060
955 5880 22 34 4064
956 5876 21 32 4071
957 5870 18 37 4075
958 5867 19 36 4078
959 5859 24 36 4081
960 5850 24 36 4090
961 5840 28 38 4094
962 5837 24 38 4101
963 5829 29 34 4108
964 5826 27 35 4112
965 5820 31 32 4117
966 5815 31 28 4126
967 5812 25 33 4130
968 5808 25 31 4136
969 5796 29 32 4143
970 5791 30 30 4149
971 5787 28 29 4156
972 5781 29 26 4164
973 5777 27 27 4169
974 5773 28 22 4177
975 5770 29 20 4181
976 5769 28 19 4184
977 5765 24 25 4186
978 5759 29 21 4191
979 5751 31 27 4191
980 5741 32 31 4196
981 5738 28 32 4202
982 5734 27 32 4207
983 5729 27 33 4211
984 5722 26 34 4218
985 5717 24 31 4228
986 5710 26 31 4233
987 5705 27 33 4235
988 5703 26 31 4240
989 5701 24 28 4247
990 5696 26 22 4256
991 5693 26 20 4261
992 5692 22 22 4264
993 5689 23 21 4267
994 5684 21 24 4271
995 5680 22 21 4277
996 5677 20 21 4282
997 5674 21 21 4284
998 5667 25 21 4287
999 5662 20 27 4291
