0 37635 1 0
1 37633 2 1
2 37632 2 2
3 37632 1 3
4 37631 2 3
5 37631 2 3
6 37630 3 3
7 37627 6 3
8 37626 4 6
9 37625 4 7
10 37624 5 7
11 37623 5 8
12 37622 6 8
13 37622 5 9
14 37623 5 8
15 37622 4 10
16 37622 4 10
17 37622 4 10
18 37622 4 10
19 37621 3 12
20 37620 2 14
21 37620 2 14
22 37622 2 12
23 37622 2 12
24 37622 1 13
25 37622 1 13
26 37621 2 13
27 37620 2 14
28 37620 2 14
29 37620 2 14
30 37619 3 14
31 37619 3 14
32 37618 2 16
33 37616 2 18
34 37614 4 18
35 37613 5 18
36 37611 6 19
37 37610 6 20
38 37608 7 21
39 37606 8 22
40 37605 9 22
41 37602 12 22
42 37598 16 22
43 37592 18 26
44 37592 16 28
45 37587 19 30
46 37583 20 33
47 37580 19 37
48 37578 20 38
49 37575 24 37
50 37575 23 38
51 37570 26 40
52 37566 31 39
53 37563 34 39
54 37557 32 47
55 37554 30 52
56 37550 31 55
57 37548 32 56
58 37541 36 59
59 37538 38 60
60 37536 35 65
61 37531 40 65
62 37525 43 68
63 37524 40 72
64 37516 47 73
65 37510 47 79
66 37505 48 83
67 37499 47 90
68 37490 54 92
69 37483 54 99
70 37476 55 105
71 37470 50 116
72 37463 51 122
73 37462 50 124
74 37453 50 133
75 37451 54 131
76 37449 52 135
77 37445 51 140
78 37440 49 147
79 37439 50 147
80 37430 52 154
81 37425 49 162
82 37419 54 163
83 37412 53 171
84 37410 49 177
85 37400 54 182
86 37384 62 190
87 37375 65 196
88 37375 60 201
89 37371 60 205
90 37368 66 202
91 37356 72 208
92 37352 73 211
93 37352 73 211
94 37341 80 215
95 37332 84 220
96 37321 88 227
97 37314 89 233
98 37312 79 245
99 37310 78 248
100 37303 77 256
101 37296 73 267
102 37289 72 275
103 37291 71 274
104 37286 68 282
105 37271 66 299
106 37264 66 306
107 37262 65 309
108 37260 65 311
109 37259 61 316
110 37263 53 320
111 37267 51 318
112 37257 58 321
113 37257 59 320
114 37250 57 329
115 37245 59 332
116 37239 65 332
117 37235 69 332
118 37227 68 341
119 37224 70 342
120 37217 77 342
121 37217 75 344
122 37213 77 346
123 37215 80 341
124 37200 81 355
125 37195 81 360
126 37192 76 368
127 37187 77 372
128 37183 80 373
129 37180 78 378
130 37184 81 371
131 37182 84 370
132 37182 76 378
133 37184 71 381
134 37174 75 387
135 37176 70 390
136 37173 77 386
137 37179 73 384
138 37174 76 386
139 37170 84 382
140 37167 86 383
141 37159 85 392
142 37160 79 397
143 37163 86 387
144 37156 84 396
145 37152 82 402
146 37145 80 411
147 37134 88 414
148 37136 79 421
149 37133 73 430
150 37133 72 431
151 37132 81 423
152 37125 82 429
153 37125 84 427
154 37122 79 435
155 37115 83 438
156 37115 77 444
157 37110 75 451
158 37104 81 451
159 37096 87 453
160 37095 87 454
161 37097 78 461
162 37085 79 472
163 37095 72 469
164 37096 63 477
165 37105 60 471
166 37108 62 466
167 37108 63 465
168 37115 61 460
169 37115 61 460
170 37113 63 460
171 37103 65 468
172 37096 62 478
173 37097 65 474
174 37098 62 476
175 37090 67 479
176 37088 70 478
177 37091 72 473
178 37090 67 479
179 37093 69 474
180 37090 74 472
181 37087 73 476
182 37086 81 469
183 37079 87 470
184 37071 84 481
185 37065 85 486
186 37059 86 491
187 37052 95 489
188 37050 94 492
189 37045 88 503
190 37043 83 510
191 37039 79 518
192 37042 78 516
193 37040 74 522
194 37045 70 521
195 37047 68 521
196 37050 68 518
197 37055 65 516
198 37057 65 514
199 37072 63 501
200 37069 66 501
201 37068 71 497
202 37072 63 501
203 37076 57 503
204 37075 52 509
205 37079 50 507
206 37084 49 503
207 37097 46 493
208 37101 46 489
209 37110 52 474
210 37112 52 472
211 37121 49 466
212 37122 46 468
213 37122 50 464
214 37125 50 461
215 37127 50 459
216 37132 53 451
217 37134 52 450
218 37129 59 448
219 37127 57 452
220 37115 68 453
221 37122 66 448
222 37117 66 453
223 37112 70 454
224 37119 69 448
225 37114 76 446
226 37110 68 458
227 37111 66 459
228 37108 63 465
229 37106 67 463
230 37108 67 461
231 37108 66 462
232 37100 75 461
233 37100 75 461
234 37095 74 467
235 37087 73 476
236 37077 69 490
237 37073 71 492
238 37078 64 494
239 37076 74 486
240 37069 74 493
241 37063 69 504
242 37060 68 508
243 37064 62 510
244 37066 66 504
245 37062 68 506
246 37065 65 506
247 37073 57 506
248 37068 57 511
249 37076 52 508
250 37078 50 508
251 37073 49 514
252 37076 56 504
253 37073 58 505
254 37082 54 500
255 37087 53 496
256 37088 50 498
257 37092 51 493
258 37098 46 492
259 37103 48 485
260 37107 44 485
261 37103 46 487
262 37106 48 482
263 37105 43 488
264 37112 42 482
265 37114 40 482
266 37117 44 475
267 37119 40 477
268 37125 37 474
269 37123 40 473
270 37116 43 477
271 37110 52 474
272 37102 57 477
273 37104 57 475
274 37108 58 470
275 37107 57 472
276 37114 58 464
277 37113 61 462
278 37108 63 465
279 37107 63 466
280 37109 61 466
281 37111 57 468
282 37111 59 466
283 37108 58 470
284 37100 69 467
285 37098 69 469
286 37102 64 470
287 37105 64 467
288 37105 65 466
289 37101 68 467
290 37090 78 468
291 37088 80 468
292 37076 89 471
293 37066 99 471
294 37063 97 476
295 37049 100 487
296 37035 102 499
297 37030 110 496
298 37022 113 501
299 37010 113 513
300 36990 122 524
301 36982 121 533
302 36973 122 541
303 36964 113 559
304 36953 114 569
305 36939 118 579
306 36930 119 587
307 36920 118 598
308 36923 115 598
309 36920 115 601
310 36909 124 603
311 36902 123 611
312 36899 121 616
313 36898 107 631
314 36900 102 634
315 36901 101 634
316 36897 102 637
317 36900 101 635
318 36901 103 632
319 36902 102 632
320 36903 92 641
321 36903 91 642
322 36899 95 642
323 36900 93 643
324 36885 101 650
325 36870 106 660
326 36867 96 673
327 36871 93 672
328 36878 92 666
329 36873 99 664
330 36872 97 667
331 36869 90 677
332 36857 98 681
333 36857 103 676
334 36847 115 674
335 36838 113 685
336 36838 112 686
337 36847 99 690
338 36842 97 697
339 36845 94 697
340 36844 92 700
341 36846 89 701
342 36853 83 700
343 36853 83 700
344 36855 76 705
345 36858 81 697
346 36858 88 690
347 36863 91 682
348 36855 95 686
349 36851 101 684
350 36850 102 684
351 36860 93 683
352 36865 91 680
353 36862 93 681
354 36860 87 689
355 36862 87 687
356 36865 90 681
357 36873 82 681
358 36866 86 684
359 36873 88 675
360 36873 83 680
361 36874 84 678
362 36878 72 686
363 36872 78 686
364 36867 76 693
365 36860 83 693
366 36859 87 690
367 36857 86 693
368 36853 90 693
369 36854 93 689
370 36842 101 693
371 36836 101 699
372 36825 114 697
373 36825 116 695
374 36819 116 701
375 36810 114 712
376 36802 119 715
377 36796 111 729
378 36796 112 728
379 36800 113 723
380 36801 127 708
381 36789 139 708
382 36782 140 714
383 36781 131 724
384 36779 127 730
385 36775 128 733
386 36768 133 735
387 36761 136 739
388 36753 131 752
389 36759 125 752
390 36754 123 759
391 36745 122 769
392 36749 117 770
393 36753 112 771
394 36755 115 766
395 36745 120 771
396 36742 119 775
397 36749 111 776
398 36738 111 787
399 36743 105 788
400 36747 107 782
401 36737 106 793
402 36746 102 788
403 36749 101 786
404 36758 104 774
405 36763 103 770
406 36756 108 772
407 36753 107 776
408 36739 114 783
409 36740 112 784
410 36743 115 778
411 36739 117 780
412 36739 117 780
413 36747 110 779
414 36749 112 775
415 36747 110 779
416 36745 113 778
417 36742 119 775
418 36740 124 772
419 36742 121 773
420 36726 131 779
421 36715 129 792
422 36712 141 783
423 36712 132 792
424 36706 139 791
425 36688 147 801
426 36667 154 815
427 36666 155 815
428 36662 155 819
429 36657 152 827
430 36645 158 833
431 36633 157 846
432 36622 160 854
433 36623 157 856
434 36611 156 869
435 36595 159 882
436 36582 166 888
437 36582 160 894
438 36576 156 904
439 36584 150 902
440 36581 153 902
441 36583 144 909
442 36585 149 902
443 36594 144 898
444 36584 151 901
445 36584 138 914
446 36585 131 920
447 36591 133 912
448 36588 139 909
449 36580 140 916
450 36574 148 914
451 36582 147 907
452 36584 143 909
453 36591 145 900
454 36587 140 909
455 36589 137 910
456 36599 128 909
457 36607 134 895
458 36607 131 898
459 36621 123 892
460 36623 128 885
461 36628 118 890
462 36637 113 886
463 36635 109 892
464 36636 108 892
465 36641 96 899
466 36647 96 893
467 36651 96 889
468 36638 105 893
469 36636 111 889
470 36641 103 892
471 36643 105 888
472 36638 97 901
473 36646 97 893
474 36640 101 895
475 36645 103 888
476 36642 105 889
477 36649 108 879
478 36657 98 881
479 36654 95 887
480 36651 92 893
481 36657 89 890
482 36657 89 890
483 36652 93 891
484 36664 96 876
485 36667 98 871
486 36674 96 866
487 36673 93 870
488 36683 94 859
489 36683 91 862
490 36685 88 863
491 36696 86 854
492 36701 92 843
493 36700 89 847
494 36695 84 857
495 36702 91 843
496 36718 93 825
497 36712 95 829
498 36714 91 831
499 36716 98 822
500 36719 102 815
501 36720 97 819
502 36720 97 819
503 36723 94 819
504 36725 100 811
505 36725 102 809
506 36728 99 809
507 36725 97 814
508 36727 99 810
509 36717 109 810
510 36714 113 809
511 36704 116 816
512 36706 117 813
513 36705 120 811
514 36708 115 813
515 36696 123 817
516 36703 110 823
517 36693 119 824
518 36692 113 831
519 36696 101 839
520 36700 106 830
521 36709 102 825
522 36711 98 827
523 36709 97 830
524 36706 102 828
525 36710 96 830
526 36710 95 831
527 36713 98 825
528 36702 107 827
529 36700 106 830
530 36695 120 821
531 36681 125 830
532 36682 130 824
533 36684 124 828
534 36672 133 831
535 36659 140 837
536 36654 132 850
537 36660 127 849
538 36659 138 839
539 36655 138 843
540 36659 127 850
541 36642 139 855
542 36642 134 860
543 36634 132 870
544 36635 135 866
545 36624 134 878
546 36624 137 875
547 36630 137 869
548 36627 141 868
549 36628 138 870
550 36628 138 870
551 36629 130 877
552 36631 131 874
553 36634 123 879
554 36628 125 883
555 36625 129 882
556 36623 127 886
557 36621 123 892
558 36625 135 876
559 36627 131 878
560 36625 134 877
561 36626 134 876
562 36623 138 875
563 36617 148 871
564 36611 145 880
565 36602 150 884
566 36592 148 896
567 36592 154 890
568 36594 152 890
569 36585 153 898
570 36583 150 903
571 36584 148 904
572 36581 142 913
573 36578 144 914
574 36574 136 926
575 36580 135 921
576 36583 132 921
577 36577 136 923
578 36576 140 920
579 36573 142 921
580 36573 150 913
581 36572 154 910
582 36567 148 921
583 36548 152 936
584 36543 153 940
585 36549 152 935
586 36545 149 942
587 36545 143 948
588 36546 139 951
589 36545 139 952
590 36554 124 958
591 36556 123 957
592 36560 121 955
593 36560 121 955
594 36558 113 965
595 36565 112 959
596 36569 109 958
597 36573 109 954
598 36572 109 955
599 36579 102 955
600 36581 107 948
601 36586 106 944
602 36589 112 935
603 36583 114 939
604 36583 124 929
605 36585 135 916
606 36585 134 917
607 36582 133 921
608 36576 130 930
609 36571 137 928
610 36569 142 925
611 36570 135 931
612 36573 130 933
613 36568 136 932
614 36576 130 930
615 36578 133 925
616 36576 137 923
617 36581 133 922
618 36580 137 919
619 36572 143 921
620 36574 145 917
621 36575 139 922
622 36569 142 925
623 36564 135 937
624 36566 144 926
625 36558 146 932
626 36562 144 930
627 36555 151 930
628 36550 148 938
629 36535 161 940
630 36531 160 945
631 36513 170 953
632 36504 169 963
633 36502 159 975
634 36512 155 969
635 36519 143 974
636 36513 144 979
637 36514 143 979
638 36509 147 980
639 36506 142 988
640 36498 147 991
641 36491 153 992
642 36489 147 1000
643 36496 141 999
644 36502 138 996
645 36498 144 994
646 36501 139 996
647 36502 144 990
648 36510 144 982
649 36498 146 992
650 36487 158 991
651 36485 161 990
652 36481 163 992
653 36476 163 997
654 36467 163 1006
655 36468 161 1007
656 36465 159 1012
657 36452 163 1021
658 36449 156 1031
659 36448 156 1032
660 36441 155 1040
661 36440 164 1032
662 36445 165 1026
663 36447 166 1023
664 36442 163 1031
665 36431 167 1038
666 36413 184 1039
667 36398 198 1040
668 36385 196 1055
669 36375 190 1071
670 36370 183 1083
671 36364 179 1093
672 36355 181 1100
673 36360 182 1094
674 36361 167 1108
675 36364 167 1105
676 36361 170 1105
677 36366 156 1114
678 36353 170 1113
679 36360 173 1103
680 36340 187 1109
681 36326 188 1122
682 36320 189 1127
683 36303 192 1141
684 36302 203 1131
685 36299 203 1134
686 36289 208 1139
687 36291 205 1140
688 36293 197 1146
689 36295 187 1154
690 36293 191 1152
691 36295 183 1158
692 36281 180 1175
693 36280 177 1179
694 36265 186 1185
695 36259 190 1187
696 36260 184 1192
697 36264 186 1186
698 36266 182 1188
699 36264 180 1192
700 36256 183 1197
701 36258 184 1194
702 36265 177 1194
703 36268 184 1184
704 36255 176 1205
705 36256 178 1202
706 36264 168 1204
707 36275 158 1203
708 36271 158 1207
709 36279 153 1204
710 36275 149 1212
711 36275 160 1201
712 36269 168 1199
713 36254 184 1198
714 36253 184 1199
715 36242 187 1207
716 36245 182 1209
717 36235 190 1211
718 36226 199 1211
719 36214 205 1217
720 36223 197 1216
721 36222 192 1222
722 36207 197 1232
723 36209 187 1240
724 36207 188 1241
725 36190 199 1247
726 36174 199 1263
727 36166 202 1268
728 36151 193 1292
729 36159 185 1292
730 36165 180 1291
731 36173 181 1282
732 36178 171 1287
733 36175 174 1287
734 36159 184 1293
735 36171 184 1281
736 36189 183 1264
737 36202 174 1260
738 36207 171 1258
739 36210 177 1249
740 36215 176 1245
741 36216 176 1244
742 36220 167 1249
743 36214 167 1255
744 36210 161 1265
745 36211 163 1262
746 36219 161 1256
747 36214 172 1250
748 36214 170 1252
749 36209 174 1253
750 36203 171 1262
751 36196 175 1265
752 36195 171 1270
753 36197 162 1277
754 36196 160 1280
755 36208 164 1264
756 36198 152 1286
757 36206 152 1278
758 36206 161 1269
759 36198 165 1273
760 36194 169 1273
761 36204 161 1271
762 36207 162 1267
763 36228 161 1247
764 36246 158 1232
765 36259 151 1226
766 36260 147 1229
767 36263 145 1228
768 36268 149 1219
769 36270 138 1228
770 36288 127 1221
771 36289 123 1224
772 36300 116 1220
773 36303 121 1212
774 36304 117 1215
775 36308 115 1213
776 36331 113 1192
777 36339 114 1183
778 36350 117 1169
779 36352 121 1163
780 36348 121 1167
781 36352 116 1168
782 36357 115 1164
783 36362 108 1166
784 36372 107 1157
785 36376 107 1153
786 36387 106 1143
787 36393 101 1142
788 36410 96 1130
789 36420 92 1124
790 36427 95 1114
791 36440 96 1100
792 36440 99 1097
793 36449 96 1091
794 36451 102 1083
795 36463 99 1074
796 36469 100 1067
797 36485 93 1058
798 36489 93 1054
799 36501 90 1045
800 36517 86 1033
801 36527 82 1027
802 36545 80 1011
803 36547 78 1011
804 36553 79 1004
805 36565 77 994
806 36578 80 978
807 36588 87 961
808 36593 90 953
809 36606 88 942
810 36613 93 930
811 36611 97 928
812 36607 99 930
813 36613 103 920
814 36617 103 916
815 36616 104 916
816 36621 110 905
817 36620 115 901
818 36614 116 906
819 36621 110 905
820 36624 110 902
821 36623 109 904
822 36619 118 899
823 36621 112 903
824 36616 115 905
825 36628 114 894
826 36628 114 894
827 36631 113 892
828 36625 114 897
829 36619 115 902
830 36617 116 903
831 36629 112 895
832 36635 110 891
833 36641 111 884
834 36637 111 888
835 36644 111 881
836 36644 107 885
837 36651 110 875
838 36649 107 880
839 36655 104 877
840 36666 96 874
841 36674 97 865
842 36671 105 860
843 36673 102 861
844 36678 100 858
845 36685 95 856
846 36686 101 849
847 36694 103 839
848 36699 107 830
849 36703 101 832
850 36707 100 829
851 36715 97 824
852 36718 98 820
853 36712 98 826
854 36723 91 822
855 36726 91 819
856 36731 90 815
857 36735 95 806
858 36730 107 799
859 36725 111 800
860 36729 108 799
861 36730 117 789
862 36722 125 789
863 36717 126 793
864 36712 137 787
865 36706 140 790
866 36695 150 791
867 36694 145 797
868 36690 144 802
869 36684 137 815
870 36686 130 820
871 36680 136 820
872 36669 141 826
873 36669 138 829
874 36672 132 832
875 36676 129 831
876 36672 133 831
877 36676 132 828
878 36674 130 832
879 36664 138 834
880 36667 133 836
881 36662 145 829
882 36661 144 831
883 36663 147 826
884 36659 143 834
885 36651 140 845
886 36638 143 855
887 36627 144 865
888 36623 144 869
889 36610 152 874
890 36610 150 876
891 36604 145 887
892 36591 139 906
893 36590 140 906
894 36593 138 905
895 36603 138 895
896 36607 134 895
897 36602 139 895
898 36600 135 901
899 36597 133 906
900 36597 133 906
901 36595 134 907
902 36590 135 911
903 36586 129 921
904 36585 134 917
905 36582 133 921
906 36584 134 918
907 36577 135 924
908 36579 138 919
909 36571 140 925
910 36566 150 920
911 36546 148 942
912 36542 152 942
913 36550 144 942
914 36544 153 939
915 36545 154 937
916 36523 169 944
917 36519 165 952
918 36507 167 962
919 36495 178 963
920 36495 162 979
921 36492 159 985
922 36503 164 969
923 36500 162 974
924 36500 163 973
925 36492 163 981
926 36476 168 992
927 36466 178 992
928 36450 179 1007
929 36442 184 1010
930 36441 172 1023
931 36434 172 1030
932 36430 173 1033
933 36433 168 1035
934 36427 163 1046
935 36421 160 1055
936 36423 160 1053
937 36438 159 1039
938 36434 168 1034
939 36423 176 1037
940 36406 180 1050
941 36407 177 1052
942 36408 177 1051
943 36402 183 1051
944 36389 175 1072
945 36384 179 1073
946 36382 177 1077
947 36388 164 1084
948 36387 166 1083
949 36380 164 1092
950 36371 162 1103
951 36370 168 1098
952 36347 193 1096
953 36328 193 1115
954 36319 199 1118
955 36307 209 1120
956 36289 221 1126
957 36288 222 1126
958 36281 205 1150
959 36279 211 1146
960 36279 203 1154
961 36278 209 1149
962 36262 215 1159
963 36277 202 1157
964 36281 196 1159
965 36275 189 1172
966 36278 185 1173
967 36275 184 1177
968 36275 186 1175
969 36273 187 1176
970 36275 181 1180
971 36280 169 1187
972 36280 167 1189
973 36278 163 1195
974 36288 153 1195
975 36290 139 1207
976 36289 144 1203
977 36286 149 1201
978 36295 153 1188
979 36302 156 1178
980 36292 161 1183
981 36307 150 1179
982 36308 155 1173
983 36310 154 1172
984 36312 149 1175
985 36316 154 1166
986 36319 149 1168
987 36325 150 1161
988 36326 147 1163
989 36323 157 1156
990 36319 165 1152
991 36316 169 1151
992 36305 182 1149
993 36300 195 1141
994 36290 194 1152
995 36283 192 1161
996 36273 195 1168
997 36284 200 1152
998 36278 201 1157
999 36267 205 1164
1000 36256 213 1167
1001 36256 209 1171
1002 36248 201 1187
1003 36262 193 1181
1004 36253 199 1184
1005 36239 206 1191
1006 36241 210 1185
1007 36236 219 1181
1008 36224 219 1193
1009 36216 204 1216
1010 36217 185 1234
1011 36228 186 1222
1012 36210 194 1232
1013 36214 195 1227
1014 36208 196 1232
1015 36203 201 1232
1016 36197 198 1241
1017 36190 198 1248
1018 36201 192 1243
1019 36199 199 1238
1020 36192 199 1245
1021 36183 197 1256
1022 36173 198 1265
1023 36165 199 1272
1024 36151 207 1278
1025 36138 222 1276
1026 36140 213 1283
1027 36138 208 1290
1028 36120 212 1304
1029 36128 204 1304
1030 36121 199 1316
1031 36116 205 1315
1032 36119 189 1328
1033 36101 197 1338
1034 36110 187 1339
1035 36113 176 1347
1036 36113 179 1344
1037 36116 181 1339
1038 36124 161 1351
1039 36129 164 1343
1040 36135 155 1346
1041 36142 155 1339
1042 36139 143 1354
1043 36144 147 1345
1044 36147 152 1337
1045 36149 143 1344
1046 36158 142 1336
1047 36157 148 1331
1048 36165 151 1320
1049 36154 158 1324
1050 36166 162 1308
1051 36153 166 1317
1052 36150 162 1324
1053 36148 169 1319
1054 36148 166 1322
1055 36152 169 1315
1056 36142 179 1315
1057 36137 179 1320
1058 36142 177 1317
1059 36137 168 1331
1060 36144 156 1336
1061 36146 156 1334
1062 36144 148 1344
1063 36151 151 1334
1064 36153 151 1332
1065 36152 154 1330
1066 36140 160 1336
1067 36157 157 1322
1068 36164 157 1315
1069 36177 159 1300
1070 36167 169 1300
1071 36170 167 1299
1072 36169 162 1305
1073 36168 150 1318
1074 36182 146 1308
1075 36185 149 1302
1076 36181 150 1305
1077 36180 157 1299
1078 36175 164 1297
1079 36187 157 1292
1080 36189 156 1291
1081 36179 168 1289
1082 36186 167 1283
1083 36192 165 1279
1084 36180 173 1283
1085 36177 178 1281
1086 36189 175 1272
1087 36188 182 1266
1088 36187 173 1276
1089 36171 172 1293
1090 36166 172 1298
1091 36161 172 1303
1092 36157 165 1314
1093 36153 163 1320
1094 36162 172 1302
1095 36158 167 1311
1096 36151 169 1316
1097 36152 171 1313
1098 36147 181 1308
1099 36145 196 1295
1100 36143 199 1294
1101 36139 204 1293
1102 36128 206 1302
1103 36111 213 1312
1104 36096 217 1323
1105 36097 223 1316
1106 36089 221 1326
1107 36067 226 1343
1108 36055 237 1344
1109 36055 239 1342
1110 36023 245 1368
1111 36003 263 1370
1112 35991 263 1382
1113 35986 255 1395
1114 35976 259 1401
1115 35976 244 1416
1116 35973 236 1427
1117 35959 235 1442
1118 35947 240 1449
1119 35928 244 1464
1120 35928 245 1463
1121 35920 243 1473
1122 35905 256 1475
1123 35891 264 1481
1124 35871 269 1496
1125 35871 260 1505
1126 35856 267 1513
1127 35853 279 1504
1128 35833 286 1517
1129 35802 305 1529
1130 35797 299 1540
1131 35781 299 1556
1132 35772 304 1560
1133 35738 318 1580
1134 35727 316 1593
1135 35706 317 1613
1136 35692 310 1634
1137 35686 308 1642
1138 35678 305 1653
1139 35668 298 1670
1140 35645 313 1678
1141 35642 307 1687
1142 35636 300 1700
1143 35617 297 1722
1144 35622 271 1743
1145 35633 268 1735
1146 35624 268 1744
1147 35621 271 1744
1148 35603 268 1765
1149 35600 265 1771
1150 35606 262 1768
1151 35591 264 1781
1152 35592 264 1780
1153 35577 270 1789
1154 35555 288 1793
1155 35557 291 1788
1156 35548 297 1791
1157 35540 294 1802
1158 35538 306 1792
1159 35535 283 1818
1160 35554 258 1824
1161 35539 259 1838
1162 35536 241 1859
1163 35542 243 1851
1164 35524 263 1849
1165 35528 259 1849
1166 35531 259 1846
1167 35539 232 1865
1168 35543 236 1857
1169 35545 225 1866
1170 35544 226 1866
1171 35544 224 1868
1172 35554 217 1865
1173 35583 195 1858
1174 35595 197 1844
1175 35584 203 1849
1176 35599 195 1842
1177 35590 201 1845
1178 35591 201 1844
1179 35603 198 1835
1180 35610 199 1827
1181 35615 209 1812
1182 35630 200 1806
1183 35637 207 1792
1184 35637 214 1785
1185 35649 213 1774
1186 35669 195 1772
1187 35680 193 1763
1188 35680 195 1761
1189 35686 202 1748
1190 35691 203 1742
1191 35708 187 1741
1192 35701 201 1734
1193 35701 196 1739
1194 35700 186 1750
1195 35703 190 1743
1196 35697 202 1737
1197 35707 200 1729
1198 35708 204 1724
1199 35727 194 1715
1200 35738 184 1714
1201 35753 180 1703
1202 35762 177 1697
1203 35773 178 1685
1204 35791 180 1665
1205 35789 175 1672
1206 35798 175 1663
1207 35809 172 1655
1208 35822 166 1648
1209 35833 161 1642
1210 35825 185 1626
1211 35834 186 1616
1212 35847 186 1603
1213 35854 183 1599
1214 35859 187 1590
1215 35860 190 1586
1216 35868 193 1575
1217 35877 188 1571
1218 35882 198 1556
1219 35892 183 1561
1220 35893 188 1555
1221 35891 195 1550
1222 35896 189 1551
1223 35897 180 1559
1224 35906 175 1555
1225 35900 199 1537
1226 35890 208 1538
1227 35884 205 1547
1228 35900 189 1547
1229 35913 184 1539
1230 35913 188 1535
1231 35906 197 1533
1232 35915 205 1516
1233 35933 201 1502
1234 35937 206 1493
1235 35929 222 1485
1236 35919 224 1493
1237 35895 236 1505
1238 35896 232 1508
1239 35889 228 1519
1240 35887 224 1525
1241 35879 229 1528
1242 35866 229 1541
1243 35879 228 1529
1244 35866 240 1530
1245 35865 244 1527
1246 35856 235 1545
1247 35844 232 1560
1248 35844 230 1562
1249 35835 230 1571
1250 35827 236 1573
1251 35827 224 1585
1252 35818 221 1597
1253 35807 229 1600
1254 35810 222 1604
1255 35800 231 1605
1256 35807 219 1610
1257 35810 218 1608
1258 35797 219 1620
1259 35800 225 1611
1260 35790 233 1613
1261 35783 240 1613
1262 35784 236 1616
1263 35790 230 1616
1264 35778 239 1619
1265 35767 249 1620
1266 35758 251 1627
1267 35755 252 1629
1268 35760 246 1630
1269 35762 241 1633
1270 35744 250 1642
1271 35747 246 1643
1272 35738 252 1646
1273 35706 259 1671
1274 35700 276 1660
1275 35677 296 1663
1276 35670 304 1662
1277 35642 330 1664
1278 35633 337 1666
1279 35603 348 1685
1280 35574 351 1711
1281 35550 364 1722
1282 35542 364 1730
1283 35511 383 1742
1284 35493 375 1768
1285 35470 390 1776
1286 35438 391 1807
1287 35416 394 1826
1288 35401 375 1860
1289 35387 383 1866
1290 35375 350 1911
1291 35358 338 1940
1292 35323 342 1971
1293 35316 334 1986
1294 35294 337 2005
1295 35294 332 2010
1296 35282 328 2026
1297 35291 315 2030
1298 35267 317 2052
1299 35265 328 2043
1300 35262 329 2045
1301 35259 325 2052
1302 35264 310 2062
1303 35260 313 2063
1304 35264 297 2075
1305 35260 300 2076
1306 35277 297 2062
1307 35271 293 2072
1308 35273 293 2070
1309 35248 299 2089
1310 35231 304 2101
1311 35231 320 2085
1312 35227 316 2093
1313 35207 317 2112
1314 35195 347 2094
1315 35187 353 2096
1316 35161 364 2111
1317 35169 335 2132
1318 35169 348 2119
1319 35149 361 2126
1320 35138 358 2140
1321 35120 364 2152
1322 35112 350 2174
1323 35097 352 2187
1324 35087 351 2198
1325 35089 341 2206
1326 35077 350 2209
1327 35064 364 2208
1328 35057 362 2217
1329 35054 367 2215
1330 35050 359 2227
1331 35049 370 2217
1332 35049 365 2222
1333 35048 355 2233
1334 35052 344 2240
1335 35031 346 2259
1336 35031 343 2262
1337 35032 341 2263
1338 35028 326 2282
1339 35030 325 2281
1340 35033 328 2275
1341 35049 331 2256
1342 35045 327 2264
1343 35048 335 2253
1344 35030 336 2270
1345 35039 335 2262
1346 35042 342 2252
1347 35050 339 2247
1348 35021 344 2271
1349 35021 336 2279
1350 35007 339 2290
1351 35009 328 2299
1352 35001 337 2298
1353 35002 337 2297
1354 34999 335 2302
1355 35009 324 2303
1356 35015 320 2301
1357 35019 317 2300
1358 35000 323 2313
1359 35007 323 2306
1360 35007 318 2311
1361 35003 320 2313
1362 34997 318 2321
1363 34970 329 2337
1364 34957 337 2342
1365 34944 353 2339
1366 34914 355 2367
1367 34906 349 2381
1368 34878 357 2401
1369 34879 350 2407
1370 34877 349 2410
1371 34881 329 2426
1372 34858 353 2425
1373 34852 354 2430
1374 34855 338 2443
1375 34861 346 2429
1376 34865 346 2425
1377 34855 370 2411
1378 34844 371 2421
1379 34820 400 2416
1380 34808 401 2427
1381 34790 403 2443
1382 34768 402 2466
1383 34753 415 2468
1384 34737 418 2481
1385 34730 437 2469
1386 34717 440 2479
1387 34710 431 2495
1388 34682 444 2510
1389 34653 450 2533
1390 34636 465 2535
1391 34606 479 2551
1392 34566 496 2574
1393 34542 498 2596
1394 34522 518 2596
1395 34513 515 2608
1396 34491 520 2625
1397 34468 517 2651
1398 34441 506 2689
1399 34440 506 2690
1400 34455 482 2699
1401 34437 472 2727
1402 34403 482 2751
1403 34398 488 2750
1404 34397 473 2766
1405 34391 462 2783
1406 34374 451 2811
1407 34384 448 2804
1408 34384 444 2808
1409 34383 449 2804
1410 34376 449 2811
1411 34367 468 2801
1412 34365 461 2810
1413 34331 485 2820
1414 34296 497 2843
1415 34296 492 2848
1416 34267 496 2873
1417 34242 492 2902
1418 34243 478 2915
1419 34243 472 2921
1420 34223 486 2927
1421 34227 481 2928
1422 34215 468 2953
1423 34203 470 2963
1424 34231 450 2955
1425 34222 432 2982
1426 34214 430 2992
1427 34226 426 2984
1428 34213 437 2986
1429 34235 429 2972
1430 34251 409 2976
1431 34226 442 2968
1432 34200 458 2978
1433 34179 466 2991
1434 34164 479 2993
1435 34147 468 3021
1436 34172 457 3007
1437 34161 453 3022
1438 34138 466 3032
1439 34135 452 3049
1440 34119 443 3074
1441 34108 456 3072
1442 34094 458 3084
1443 34086 471 3079
1444 34091 459 3086
1445 34102 448 3086
1446 34104 448 3084
1447 34076 458 3102
1448 34067 461 3108
1449 34063 455 3118
1450 34067 455 3114
1451 34069 444 3123
1452 34074 450 3112
1453 34066 453 3117
1454 34046 460 3130
1455 34040 471 3125
1456 34027 470 3139
1457 34024 466 3146
1458 34020 464 3152
1459 34001 479 3156
1460 33980 476 3180
1461 33972 496 3168
1462 33943 509 3184
1463 33936 503 3197
1464 33928 507 3201
1465 33914 504 3218
1466 33915 488 3233
1467 33910 483 3243
1468 33906 494 3236
1469 33894 515 3227
1470 33874 526 3236
1471 33877 523 3236
1472 33880 521 3235
1473 33877 516 3243
1474 33882 507 3247
1475 33902 497 3237
1476 33891 500 3245
1477 33874 507 3255
1478 33870 511 3255
1479 33869 495 3272
1480 33889 465 3282
1481 33870 471 3295
1482 33894 456 3286
1483 33902 435 3299
1484 33907 435 3294
1485 33889 437 3310
1486 33875 432 3329
1487 33908 413 3315
1488 33917 395 3324
1489 33924 396 3316
1490 33932 414 3290
1491 33955 395 3286
1492 33969 384 3283
1493 33959 398 3279
1494 33958 397 3281
1495 33960 403 3273
1496 33958 401 3277
1497 33947 401 3288
1498 33946 410 3280
1499 33981 403 3252
1500 33995 405 3236
1501 34001 412 3223
1502 34011 404 3221
1503 33996 421 3219
1504 33996 412 3228
1505 34013 411 3212
1506 34030 411 3195
1507 34044 401 3191
1508 34067 389 3180
1509 34079 384 3173
1510 34089 370 3177
1511 34086 388 3162
1512 34124 370 3142
1513 34133 374 3129
1514 34137 373 3126
1515 34143 380 3113
1516 34165 390 3081
1517 34150 407 3079
1518 34148 407 3081
1519 34150 409 3077
1520 34141 422 3073
1521 34128 434 3074
1522 34144 427 3065
1523 34134 432 3070
1524 34131 425 3080
1525 34140 426 3070
1526 34129 443 3064
1527 34133 452 3051
1528 34137 437 3062
1529 34141 436 3059
1530 34140 428 3068
1531 34142 430 3064
1532 34128 452 3056
1533 34138 441 3057
1534 34139 433 3064
1535 34132 428 3076
1536 34119 431 3086
1537 34103 427 3106
1538 34112 417 3107
1539 34120 412 3104
1540 34121 413 3102
1541 34133 404 3099
1542 34117 415 3104
1543 34117 419 3100
1544 34111 412 3113
1545 34102 413 3121
1546 34085 418 3133
1547 34077 420 3139
1548 34074 405 3157
1549 34082 396 3158
1550 34086 387 3163
1551 34104 378 3154
1552 34124 372 3140
1553 34130 364 3142
1554 34142 355 3139
1555 34135 387 3114
1556 34144 384 3108
1557 34152 375 3109
1558 34167 369 3100
1559 34175 362 3099
1560 34183 362 3091
1561 34202 356 3078
1562 34214 364 3058
1563 34216 367 3053
1564 34212 374 3050
1565 34195 371 3070
1566 34199 353 3084
1567 34190 382 3064
1568 34182 393 3061
1569 34171 393 3072
1570 34182 399 3055
1571 34185 400 3051
1572 34187 411 3038
1573 34163 440 3033
1574 34171 434 3031
1575 34172 426 3038
1576 34161 424 3051
1577 34127 455 3054
1578 34115 459 3062
1579 34115 476 3045
1580 34109 468 3059
1581 34100 470 3066
1582 34091 477 3068
1583 34079 491 3066
1584 34065 509 3062
1585 34023 523 3090
1586 34000 543 3093
1587 33959 543 3134
1588 33928 548 3160
1589 33924 538 3174
1590 33916 548 3172
1591 33895 536 3205
1592 33892 529 3215
1593 33877 536 3223
1594 33866 537 3233
1595 33841 541 3254
1596 33816 560 3260
1597 33787 565 3284
1598 33760 571 3305
1599 33723 568 3345
1600 33721 570 3345
1601 33706 583 3347
1602 33701 572 3363
1603 33682 571 3383
1604 33655 570 3411
1605 33645 558 3433
1606 33645 564 3427
1607 33662 556 3418
1608 33637 543 3456
1609 33614 546 3476
1610 33607 550 3479
1611 33597 558 3481
1612 33555 574 3507
1613 33537 561 3538
1614 33519 553 3564
1615 33522 547 3567
1616 33515 554 3567
1617 33491 559 3586
1618 33488 559 3589
1619 33473 542 3621
1620 33462 537 3637
1621 33473 524 3639
1622 33469 516 3651
1623 33458 521 3657
1624 33443 533 3660
1625 33434 537 3665
1626 33452 542 3642
1627 33442 529 3665
1628 33434 538 3664
1629 33429 527 3680
1630 33430 532 3674
1631 33421 534 3681
1632 33432 533 3671
1633 33428 535 3673
1634 33451 512 3673
1635 33440 516 3680
1636 33420 518 3698
1637 33412 524 3700
1638 33406 522 3708
1639 33406 530 3700
1640 33420 503 3713
1641 33421 481 3734
1642 33428 474 3734
1643 33427 475 3734
1644 33435 479 3722
1645 33420 485 3731
1646 33419 490 3727
1647 33427 516 3693
1648 33439 516 3681
1649 33423 514 3699
1650 33422 524 3690
1651 33427 515 3694
1652 33437 507 3692
1653 33400 519 3717
1654 33391 531 3714
1655 33386 537 3713
1656 33365 544 3727
1657 33366 536 3734
1658 33368 531 3737
1659 33354 525 3757
1660 33349 534 3753
1661 33348 528 3760
1662 33354 528 3754
1663 33376 516 3744
1664 33343 536 3757
1665 33368 502 3766
1666 33345 516 3775
1667 33338 497 3801
1668 33353 496 3787
1669 33353 498 3785
1670 33382 503 3751
1671 33388 503 3745
1672 33407 486 3743
1673 33405 498 3733
1674 33413 495 3728
1675 33410 488 3738
1676 33399 494 3743
1677 33392 522 3722
1678 33383 544 3709
1679 33375 542 3719
1680 33369 550 3717
1681 33367 534 3735
1682 33336 551 3749
1683 33332 553 3751
1684 33321 537 3778
1685 33328 536 3772
1686 33348 528 3760
1687 33327 537 3772
1688 33302 538 3796
1689 33281 530 3825
1690 33273 530 3833
1691 33286 525 3825
1692 33269 530 3837
1693 33265 541 3830
1694 33262 546 3828
1695 33233 561 3842
1696 33229 566 3841
1697 33209 567 3860
1698 33190 588 3858
1699 33183 592 3861
1700 33185 581 3870
1701 33191 578 3867
1702 33177 580 3879
1703 33168 589 3879
1704 33141 596 3899
1705 33133 589 3914
1706 33099 599 3938
1707 33076 621 3939
1708 33054 623 3959
1709 33043 634 3959
1710 33032 633 3971
1711 33010 629 3997
1712 33006 622 4008
1713 32997 594 4045
1714 32990 580 4066
1715 32974 592 4070
1716 32985 572 4079
1717 32978 568 4090
1718 32976 568 4092
1719 32969 574 4093
1720 32986 579 4071
1721 32959 586 4091
1722 32941 600 4095
1723 32934 588 4114
1724 32937 589 4110
1725 32914 617 4105
1726 32911 608 4117
1727 32916 609 4111
1728 32915 591 4130
1729 32907 581 4148
1730 32915 582 4139
1731 32931 568 4137
1732 32942 549 4145
1733 32942 554 4140
1734 32933 553 4150
1735 32929 565 4142
1736 32929 568 4139
1737 32944 551 4141
1738 32936 557 4143
1739 32954 544 4138
1740 32961 552 4123
1741 32950 566 4120
1742 32957 555 4124
1743 32958 538 4140
1744 32978 530 4128
1745 32973 530 4133
1746 32990 524 4122
1747 32999 500 4137
1748 32997 514 4125
1749 32987 533 4116
1750 32997 531 4108
1751 32995 510 4131
1752 33008 512 4116
1753 32996 529 4111
1754 32998 503 4135
1755 33000 512 4124
1756 33019 506 4111
1757 32999 534 4103
1758 32998 534 4104
1759 32981 545 4110
1760 32998 543 4095
1761 32993 540 4103
1762 33031 505 4100
1763 33035 507 4094
1764 33059 492 4085
1765 33082 472 4082
1766 33085 466 4085
1767 33106 462 4068
1768 33105 427 4104
1769 33123 421 4092
1770 33152 425 4059
1771 33175 429 4032
1772 33208 421 4007
1773 33218 430 3988
1774 33236 434 3966
1775 33230 449 3957
1776 33269 436 3931
1777 33279 430 3927
1778 33285 417 3934
1779 33309 432 3895
1780 33310 446 3880
1781 33320 449 3867
1782 33339 446 3851
1783 33347 451 3838
1784 33354 446 3836
1785 33348 458 3830
1786 33352 470 3814
1787 33366 465 3805
1788 33366 471 3799
1789 33390 477 3769
1790 33385 463 3788
1791 33379 478 3779
1792 33372 494 3770
1793 33349 528 3759
1794 33354 508 3774
1795 33359 524 3753
1796 33350 530 3756
1797 33365 533 3738
1798 33373 532 3731
1799 33346 550 3740
1800 33343 538 3755
1801 33331 530 3775
1802 33313 536 3787
1803 33311 549 3776
1804 33295 559 3782
1805 33299 537 3800
1806 33306 534 3796
1807 33295 543 3798
1808 33298 547 3791
1809 33289 561 3786
1810 33279 553 3804
1811 33252 565 3819
1812 33272 556 3808
1813 33269 558 3809
1814 33255 557 3824
1815 33284 540 3812
1816 33266 541 3829
1817 33282 540 3814
1818 33267 544 3825
1819 33264 542 3830
1820 33256 553 3827
1821 33258 546 3832
1822 33269 542 3825
1823 33234 558 3844
1824 33254 554 3828
1825 33237 557 3842
1826 33238 563 3835
1827 33248 565 3823
1828 33237 574 3825
1829 33212 588 3836
1830 33172 598 3866
1831 33176 597 3863
1832 33146 614 3876
1833 33154 615 3867
1834 33129 634 3873
1835 33112 630 3894
1836 33118 628 3890
1837 33109 624 3903
1838 33095 623 3918
1839 33104 617 3915
1840 33077 628 3931
1841 33042 631 3963
1842 33038 631 3967
1843 33012 636 3988
1844 32992 625 4019
1845 32962 640 4034
1846 32938 650 4048
1847 32934 643 4059
1848 32914 638 4084
1849 32881 645 4110
1850 32853 637 4146
1851 32829 656 4151
1852 32806 667 4163
1853 32801 654 4181
1854 32762 676 4198
1855 32728 674 4234
1856 32700 683 4253
1857 32669 701 4266
1858 32611 713 4312
1859 32615 706 4315
1860 32584 712 4340
1861 32546 713 4377
1862 32549 697 4390
1863 32552 708 4376
1864 32534 697 4405
1865 32509 669 4458
1866 32493 690 4453
1867 32502 684 4450
1868 32496 695 4445
1869 32507 677 4452
1870 32506 672 4458
1871 32494 685 4457
1872 32467 717 4452
1873 32430 721 4485
1874 32414 718 4504
1875 32378 721 4537
1876 32386 688 4562
1877 32376 667 4593
1878 32348 682 4606
1879 32344 682 4610
1880 32330 675 4631
1881 32345 660 4631
1882 32325 653 4658
1883 32334 644 4658
1884 32309 661 4666
1885 32308 647 4681
1886 32301 652 4683
1887 32304 659 4673
1888 32323 638 4675
1889 32306 648 4682
1890 32303 646 4687
1891 32297 652 4687
1892 32295 656 4685
1893 32293 642 4701
1894 32305 649 4682
1895 32254 648 4734
1896 32256 663 4717
1897 32238 658 4740
1898 32223 670 4743
1899 32212 693 4731
1900 32227 683 4726
1901 32251 668 4717
1902 32238 670 4728
1903 32244 674 4718
1904 32254 673 4709
1905 32233 698 4705
1906 32218 705 4713
1907 32214 722 4700
1908 32175 745 4716
1909 32135 756 4745
1910 32105 747 4784
1911 32095 755 4786
1912 32059 780 4797
1913 32023 789 4824
1914 32012 799 4825
1915 31989 800 4847
1916 31956 783 4897
1917 31942 769 4925
1918 31912 790 4934
1919 31891 800 4945
1920 31899 794 4943
1921 31890 798 4948
1922 31882 804 4950
1923 31871 799 4966
1924 31877 782 4977
1925 31855 792 4989
1926 31836 784 5016
1927 31825 794 5017
1928 31815 777 5044
1929 31766 791 5079
1930 31763 771 5102
1931 31765 762 5109
1932 31755 780 5101
1933 31763 770 5103
1934 31740 780 5116
1935 31706 799 5131
1936 31676 804 5156
1937 31640 806 5190
1938 31627 781 5228
1939 31627 762 5247
1940 31600 771 5265
1941 31577 767 5292
1942 31567 779 5290
1943 31580 772 5284
1944 31593 775 5268
1945 31571 793 5272
1946 31558 782 5296
1947 31559 775 5302
1948 31534 772 5330
1949 31528 779 5329
1950 31531 768 5337
1951 31538 758 5340
1952 31550 757 5329
1953 31520 770 5346
1954 31514 775 5347
1955 31482 783 5371
1956 31466 789 5381
1957 31460 770 5406
1958 31444 779 5413
1959 31432 793 5411
1960 31439 784 5413
1961 31408 783 5445
1962 31392 798 5446
1963 31401 790 5445
1964 31381 786 5469
1965 31350 775 5511
1966 31349 757 5530
1967 31332 767 5537
1968 31350 756 5530
1969 31377 748 5511
1970 31359 749 5528
1971 31384 734 5518
1972 31400 740 5496
1973 31409 748 5479
1974 31437 736 5463
1975 31427 746 5463
1976 31439 721 5476
1977 31439 726 5471
1978 31466 716 5454
1979 31498 694 5444
1980 31507 679 5450
1981 31533 650 5453
1982 31550 639 5447
1983 31571 627 5438
1984 31579 624 5433
1985 31597 601 5438
1986 31621 597 5418
1987 31635 592 5409
1988 31666 590 5380
1989 31699 584 5353
1990 31708 595 5333
1991 31719 614 5303
1992 31719 613 5304
1993 31748 617 5271
1994 31755 627 5254
1995 31763 631 5242
1996 31810 627 5199
1997 31819 668 5149
1998 31809 681 5146
1999 31829 675 5132
2000 31803 689 5144
2001 31792 698 5146
2002 31788 711 5137
2003 31792 712 5132
2004 31818 706 5112
2005 31845 692 5099
2006 31849 669 5118
2007 31804 723 5109
2008 31773 734 5129
2009 31788 717 5131
2010 31761 724 5151
2011 31774 718 5144
2012 31763 741 5132
2013 31760 739 5137
2014 31736 741 5159
2015 31732 741 5163
2016 31708 732 5196
2017 31711 722 5203
2018 31700 721 5215
2019 31701 707 5228
2020 31706 711 5219
2021 31698 724 5214
2022 31708 715 5213
2023 31687 704 5245
2024 31685 684 5267
2025 31712 673 5251
2026 31717 663 5256
2027 31716 659 5261
2028 31748 653 5235
2029 31750 643 5243
2030 31770 644 5222
2031 31770 631 5235
2032 31760 628 5248
2033 31776 632 5228
2034 31781 636 5219
2035 31785 644 5207
2036 31817 632 5187
2037 31825 633 5178
2038 31852 636 5148
2039 31883 636 5117
2040 31881 646 5109
2041 31877 658 5101
2042 31906 654 5076
2043 31910 654 5072
2044 31891 652 5093
2045 31896 662 5078
2046 31910 661 5065
2047 31894 667 5075
2048 31903 652 5081
2049 31873 676 5087
2050 31875 676 5085
2051 31865 668 5103
2052 31867 675 5094
2053 31860 685 5091
2054 31878 680 5078
2055 31843 695 5098
2056 31830 698 5108
2057 31831 700 5105
2058 31818 714 5104
2059 31816 699 5121
2060 31814 690 5132
2061 31812 689 5135
2062 31837 684 5115
2063 31809 696 5131
2064 31810 688 5138
2065 31813 675 5148
2066 31825 682 5129
2067 31805 692 5139
2068 31773 707 5156
2069 31760 710 5166
2070 31771 694 5171
2071 31798 695 5143
2072 31822 671 5143
2073 31836 678 5122
2074 31871 656 5109
2075 31896 640 5100
2076 31913 627 5096
2077 31899 661 5076
2078 31897 699 5040
2079 31891 717 5028
2080 31882 711 5043
2081 31897 708 5031
2082 31898 714 5024
2083 31914 703 5019
2084 31896 702 5038
2085 31906 702 5028
2086 31906 693 5037
2087 31902 692 5042
2088 31900 706 5030
2089 31896 706 5034
2090 31881 700 5055
2091 31902 688 5046
2092 31912 686 5038
2093 31899 686 5051
2094 31880 688 5068
2095 31880 679 5077
2096 31880 668 5088
2097 31900 662 5074
2098 31901 669 5066
2099 31912 673 5051
2100 31860 707 5069
2101 31857 693 5086
2102 31862 695 5079
2103 31882 688 5066
2104 31881 700 5055
2105 31876 700 5060
2106 31870 702 5064
2107 31875 704 5057
2108 31915 679 5042
2109 31902 708 5026
2110 31903 712 5021
2111 31916 711 5009
2112 31905 723 5008
2113 31904 720 5012
2114 31885 715 5036
2115 31900 698 5038
2116 31919 687 5030
2117 31881 706 5049
2118 31924 694 5018
2119 31937 684 5015
2120 31941 703 4992
2121 31924 715 4997
2122 31938 709 4989
2123 31982 684 4970
2124 31997 692 4947
2125 31973 714 4949
2126 31980 704 4952
2127 31959 707 4970
2128 31960 727 4949
2129 31950 745 4941
2130 31923 756 4957
2131 31887 779 4970
2132 31864 769 5003
2133 31862 748 5026
2134 31865 727 5044
2135 31848 763 5025
2136 31864 742 5030
2137 31852 732 5052
2138 31850 729 5057
2139 31818 738 5080
2140 31793 762 5081
2141 31765 753 5118
2142 31748 733 5155
2143 31729 724 5183
2144 31741 724 5171
2145 31733 725 5178
2146 31694 735 5207
2147 31691 747 5198
2148 31685 740 5211
2149 31699 733 5204
2150 31712 740 5184
2151 31737 716 5183
2152 31704 708 5224
2153 31673 701 5262
2154 31668 714 5254
2155 31676 716 5244
2156 31657 728 5251
2157 31635 711 5290
2158 31648 709 5279
2159 31652 716 5268
2160 31645 707 5284
2161 31640 734 5262
2162 31641 714 5281
2163 31653 709 5274
2164 31673 684 5279
2165 31705 658 5273
2166 31716 669 5251
2167 31740 661 5235
2168 31759 652 5225
2169 31762 672 5202
2170 31784 653 5199
2171 31790 644 5202
2172 31819 617 5200
2173 31826 614 5196
2174 31827 617 5192
2175 31841 622 5173
2176 31857 615 5164
2177 31863 635 5138
2178 31870 624 5142
2179 31875 628 5133
2180 31899 622 5115
2181 31923 635 5078
2182 31936 626 5074
2183 31973 617 5046
2184 31981 620 5035
2185 31986 626 5024
2186 32008 609 5019
2187 32013 607 5016
2188 31996 606 5034
2189 31971 614 5051
2190 31979 620 5037
2191 31975 626 5035
2192 31959 642 5035
2193 31956 634 5046
2194 31954 648 5034
2195 31964 637 5035
2196 31973 629 5034
2197 31986 622 5028
2198 31998 609 5029
2199 32033 599 5004
2200 32024 620 4992
2201 32021 617 4998
2202 32037 638 4961
2203 32047 629 4960
2204 32035 618 4983
2205 32014 629 4993
2206 32024 623 4989
2207 32026 631 4979
2208 32039 643 4954
2209 32041 643 4952
2210 32061 639 4936
2211 32066 619 4951
2212 32058 637 4941
2213 32065 636 4935
2214 32079 625 4932
2215 32059 625 4952
2216 32053 618 4965
2217 32053 638 4945
2218 32030 659 4947
2219 32012 651 4973
2220 32016 646 4974
2221 32020 636 4980
2222 32023 634 4979
2223 32046 632 4958
2224 32023 653 4960
2225 32034 670 4932
2226 32031 670 4935
2227 32034 674 4928
2228 32051 675 4910
2229 32031 703 4902
2230 32015 710 4911
2231 32009 706 4921
2232 31987 713 4936
2233 31972 737 4927
2234 32000 710 4926
2235 31985 716 4935
2236 31984 716 4936
2237 31981 702 4953
2238 31974 712 4950
2239 31984 719 4933
2240 31985 723 4928
2241 31962 722 4952
2242 31942 719 4975
2243 31933 751 4952
2244 31923 778 4935
2245 31893 796 4947
2246 31866 810 4960
2247 31855 811 4970
2248 31851 794 4991
2249 31852 768 5016
2250 31855 735 5046
2251 31853 730 5053
2252 31850 716 5070
2253 31860 696 5080
2254 31852 696 5088
2255 31839 710 5087
2256 31860 701 5075
2257 31838 719 5079
2258 31845 693 5098
2259 31858 696 5082
2260 31857 710 5069
2261 31827 753 5056
2262 31847 720 5069
2263 31834 718 5084
2264 31837 724 5075
2265 31836 736 5064
2266 31813 736 5087
2267 31793 752 5091
2268 31790 749 5097
2269 31764 752 5120
2270 31747 754 5135
2271 31730 754 5152
2272 31712 753 5171
2273 31705 751 5180
2274 31694 753 5189
2275 31665 770 5201
2276 31646 784 5206
2277 31651 768 5217
2278 31624 800 5212
2279 31619 797 5220
2280 31579 834 5223
2281 31567 850 5219
2282 31541 847 5248
2283 31516 846 5274
2284 31500 849 5287
2285 31478 850 5308
2286 31440 857 5339
2287 31433 828 5375
2288 31451 837 5348
2289 31413 824 5399
2290 31394 835 5407
2291 31382 835 5419
2292 31347 863 5426
2293 31332 876 5428
2294 31323 870 5443
2295 31306 857 5473
2296 31282 864 5490
2297 31249 860 5527
2298 31230 859 5547
2299 31226 847 5563
2300 31219 834 5583
2301 31200 824 5612
2302 31173 833 5630
2303 31172 815 5649
2304 31150 821 5665
2305 31150 837 5649
2306 31141 834 5661
2307 31117 830 5689
2308 31088 835 5713
2309 31067 831 5738
2310 31053 830 5753
2311 31044 852 5740
2312 31045 835 5756
2313 31034 831 5771
2314 31026 822 5788
2315 31029 835 5772
2316 31025 833 5778
2317 31017 836 5783
2318 30998 841 5797
2319 31014 837 5785
2320 31006 808 5822
2321 31005 806 5825
2322 31008 811 5817
2323 30993 811 5832
2324 31018 815 5803
2325 31037 812 5787
2326 31040 815 5781
2327 31037 815 5784
2328 31047 816 5773
2329 31048 801 5787
2330 31040 809 5787
2331 31055 814 5767
2332 31055 823 5758
2333 31023 842 5771
2334 31027 827 5782
2335 31014 825 5797
2336 31015 829 5792
2337 31021 822 5793
2338 31041 802 5793
2339 31039 806 5791
2340 31012 838 5786
2341 31011 820 5805
2342 31018 828 5790
2343 31032 841 5763
2344 31011 852 5773
2345 31007 840 5789
2346 31020 816 5800
2347 31016 828 5792
2348 31021 826 5789
2349 30994 843 5799
2350 31017 816 5803
2351 30992 816 5828
2352 30972 816 5848
2353 30957 836 5843
2354 30933 858 5845
2355 30929 861 5846
2356 30905 882 5849
2357 30874 879 5883
2358 30870 887 5879
2359 30866 889 5881
2360 30858 871 5907
2361 30850 878 5908
2362 30819 895 5922
2363 30805 885 5946
2364 30799 886 5951
2365 30802 895 5939
2366 30807 888 5941
2367 30812 881 5943
2368 30826 873 5937
2369 30821 866 5949
2370 30799 871 5966
2371 30776 850 6010
2372 30763 854 6019
2373 30771 832 6033
2374 30775 843 6018
2375 30744 867 6025
2376 30737 877 6022
2377 30724 890 6022
2378 30698 909 6029
2379 30688 898 6050
2380 30672 913 6051
2381 30633 931 6072
2382 30636 914 6086
2383 30600 918 6118
2384 30590 917 6129
2385 30593 929 6114
2386 30559 944 6133
2387 30557 926 6153
2388 30574 896 6166
2389 30583 910 6143
2390 30559 905 6172
2391 30572 878 6186
2392 30581 883 6172
2393 30568 888 6180
2394 30588 877 6171
2395 30593 866 6177
2396 30605 851 6180
2397 30628 829 6179
2398 30642 824 6170
2399 30629 835 6172
2400 30637 802 6197
2401 30643 797 6196
2402 30644 787 6205
2403 30670 779 6187
2404 30693 772 6171
2405 30698 788 6150
2406 30706 790 6140
2407 30720 801 6115
2408 30753 791 6092
2409 30754 783 6099
2410 30757 771 6108
2411 30773 750 6113
2412 30786 764 6086
2413 30794 764 6078
2414 30774 770 6092
2415 30780 777 6079
2416 30793 781 6062
2417 30787 799 6050
2418 30807 795 6034
2419 30788 820 6028
2420 30753 845 6038
2421 30710 868 6058
2422 30712 874 6050
2423 30694 880 6062
2424 30660 879 6097
2425 30682 863 6091
2426 30650 860 6126
2427 30633 845 6158
2428 30631 846 6159
2429 30656 832 6148
2430 30637 846 6153
2431 30631 833 6172
2432 30622 840 6174
2433 30604 840 6192
2434 30595 860 6181
2435 30601 846 6189
2436 30633 843 6160
2437 30621 807 6208
2438 30620 809 6207
2439 30624 811 6201
2440 30629 817 6190
2441 30664 802 6170
2442 30671 805 6160
2443 30699 783 6154
2444 30707 798 6131
2445 30712 799 6125
2446 30737 792 6107
2447 30769 787 6080
2448 30779 774 6083
2449 30787 761 6088
2450 30786 771 6079
2451 30798 757 6081
2452 30801 779 6056
2453 30825 763 6048
2454 30822 752 6062
2455 30825 759 6052
2456 30821 780 6035
2457 30845 773 6018
2458 30836 781 6019
2459 30844 781 6011
2460 30849 791 5996
2461 30866 791 5979
2462 30856 810 5970
2463 30871 801 5964
2464 30880 789 5967
2465 30874 796 5966
2466 30872 786 5978
2467 30878 796 5962
2468 30886 788 5962
2469 30881 798 5957
2470 30895 790 5951
2471 30926 782 5928
2472 30930 762 5944
2473 30954 742 5940
2474 30959 760 5917
2475 30964 784 5888
2476 30987 786 5863
2477 31005 793 5838
2478 31024 779 5833
2479 31036 778 5822
2480 31043 790 5803
2481 31020 804 5812
2482 30998 809 5829
2483 30988 809 5839
2484 30987 817 5832
2485 31027 794 5815
2486 31042 788 5806
2487 31057 795 5784
2488 31057 794 5785
2489 31033 826 5777
2490 31021 857 5758
2491 31005 853 5778
2492 31012 860 5764
2493 31007 866 5763
2494 31005 872 5759
2495 30983 875 5778
2496 30968 876 5792
2497 30945 866 5825
2498 30943 853 5840
2499 30939 845 5852
2500 30953 844 5839
2501 30936 865 5835
2502 30911 889 5836
2503 30902 891 5843
2504 30877 891 5868
2505 30855 907 5874
2506 30829 909 5898
2507 30839 929 5868
2508 30832 914 5890
2509 30798 912 5926
2510 30769 919 5948
2511 30748 897 5991
2512 30767 879 5990
2513 30755 893 5988
2514 30746 878 6012
2515 30741 869 6026
2516 30767 834 6035
2517 30794 819 6023
2518 30794 837 6005
2519 30793 840 6003
2520 30770 856 6010
2521 30778 855 6003
2522 30779 838 6019
2523 30808 818 6010
2524 30800 813 6023
2525 30787 839 6010
2526 30780 841 6015
2527 30772 819 6045
2528 30785 814 6037
2529 30806 820 6010
2530 30799 826 6011
2531 30816 804 6016
2532 30826 770 6040
2533 30822 784 6030
2534 30828 783 6025
2535 30843 773 6020
2536 30860 773 6003
2537 30856 789 5991
2538 30862 805 5969
2539 30867 783 5986
2540 30878 793 5965
2541 30929 767 5940
2542 30956 787 5893
2543 30946 786 5904
2544 30914 797 5925
2545 30893 800 5943
2546 30874 804 5958
2547 30833 818 5985
2548 30800 822 6014
2549 30785 839 6012
2550 30758 861 6017
2551 30751 860 6025
2552 30728 853 6055
2553 30696 862 6078
2554 30669 879 6088
2555 30680 874 6082
2556 30690 882 6064
2557 30664 885 6087
2558 30666 893 6077
2559 30655 918 6063
2560 30648 912 6076
2561 30633 916 6087
2562 30591 919 6126
2563 30566 913 6157
2564 30549 924 6163
2565 30535 957 6144
2566 30553 948 6135
2567 30535 962 6139
2568 30499 962 6175
2569 30479 961 6196
2570 30473 971 6192
2571 30448 956 6232
2572 30427 983 6226
2573 30399 1002 6235
2574 30397 992 6247
2575 30397 975 6264
2576 30381 969 6286
2577 30384 938 6314
2578 30361 965 6310
2579 30367 952 6317
2580 30344 975 6317
2581 30334 963 6339
2582 30313 986 6337
2583 30327 971 6338
2584 30314 971 6351
2585 30274 990 6372
2586 30250 998 6388
2587 30236 990 6410
2588 30216 998 6422
2589 30224 983 6429
2590 30206 1005 6425
2591 30181 1006 6449
2592 30158 1019 6459
2593 30118 1025 6493
2594 30092 1036 6508
2595 30050 1052 6534
2596 30027 1043 6566
2597 30014 1020 6602
2598 29978 1020 6638
2599 29967 1009 6660
2600 29949 1009 6678
2601 29914 1042 6680
2602 29923 1019 6694
2603 29924 1003 6709
2604 29929 1003 6704
2605 29909 1000 6727
2606 29904 986 6746
2607 29907 985 6744
2608 29902 972 6762
2609 29917 981 6738
2610 29879 988 6769
2611 29879 979 6778
2612 29843 985 6808
2613 29843 990 6803
2614 29836 968 6832
2615 29829 978 6829
2616 29831 969 6836
2617 29840 978 6818
2618 29819 980 6837
2619 29839 971 6826
2620 29814 989 6833
2621 29795 984 6857
2622 29788 988 6860
2623 29821 970 6845
2624 29837 957 6842
2625 29849 955 6832
2626 29858 942 6836
2627 29852 955 6829
2628 29833 966 6837
2629 29823 972 6841
2630 29803 967 6866
2631 29793 958 6885
2632 29785 957 6894
2633 29802 948 6886
2634 29786 958 6892
2635 29796 920 6920
2636 29808 921 6907
2637 29796 920 6920
2638 29801 900 6935
2639 29799 889 6948
2640 29792 895 6949
2641 29786 883 6967
2642 29775 891 6970
2643 29768 902 6966
2644 29752 910 6974
2645 29744 920 6972
2646 29730 933 6973
2647 29755 924 6957
2648 29777 906 6953
2649 29768 922 6946
2650 29770 922 6944
2651 29781 905 6950
2652 29783 906 6947
2653 29770 905 6961
2654 29784 917 6935
2655 29794 918 6924
2656 29788 926 6922
2657 29767 936 6933
2658 29772 913 6951
2659 29760 942 6934
2660 29776 911 6949
2661 29772 911 6953
2662 29787 895 6954
2663 29788 880 6968
2664 29787 880 6969
2665 29827 878 6931
2666 29858 854 6924
2667 29880 826 6930
2668 29886 825 6925
2669 29883 861 6892
2670 29879 874 6883
2671 29867 868 6901
2672 29853 854 6929
2673 29856 864 6916
2674 29866 851 6919
2675 29855 866 6915
2676 29859 871 6906
2677 29860 889 6887
2678 29880 884 6872
2679 29874 890 6872
2680 29895 878 6863
2681 29878 871 6887
2682 29889 866 6881
2683 29891 883 6862
2684 29897 878 6861
2685 29871 908 6857
2686 29857 923 6856
2687 29840 912 6884
2688 29816 917 6903
2689 29780 963 6893
2690 29738 1005 6893
2691 29703 1013 6920
2692 29701 1002 6933
2693 29654 1010 6972
2694 29613 1011 7012
2695 29582 992 7062
2696 29584 979 7073
2697 29564 997 7075
2698 29558 1003 7075
2699 29541 999 7096
2700 29560 998 7078
2701 29557 984 7095
2702 29559 975 7102
2703 29539 974 7123
2704 29571 963 7102
2705 29548 984 7104
2706 29562 980 7094
2707 29575 962 7099
2708 29562 965 7109
2709 29580 946 7110
2710 29589 934 7113
2711 29594 941 7101
2712 29605 942 7089
2713 29609 944 7083
2714 29632 931 7073
2715 29640 926 7070
2716 29670 935 7031
2717 29670 935 7031
2718 29692 930 7014
2719 29701 936 6999
2720 29702 937 6997
2721 29706 952 6978
2722 29700 939 6997
2723 29698 914 7024
2724 29708 913 7015
2725 29721 896 7019
2726 29708 894 7034
2727 29705 881 7050
2728 29719 889 7028
2729 29723 879 7034
2730 29751 875 7010
2731 29761 863 7012
2732 29790 862 6984
2733 29793 867 6976
2734 29832 857 6947
2735 29821 873 6942
2736 29836 863 6937
2737 29828 863 6945
2738 29804 911 6921
2739 29800 917 6919
2740 29814 897 6925
2741 29846 919 6871
2742 29795 944 6897
2743 29759 973 6904
2744 29750 995 6891
2745 29741 1003 6892
2746 29763 1005 6868
2747 29742 1022 6872
2748 29698 1040 6898
2749 29676 1017 6943
2750 29686 1004 6946
2751 29667 1001 6968
2752 29669 996 6971
2753 29678 952 7006
2754 29687 954 6995
2755 29686 939 7011
2756 29706 952 6978
2757 29698 953 6985
2758 29656 982 6998
2759 29627 987 7022
2760 29593 1022 7021
2761 29589 1041 7006
2762 29549 1057 7030
2763 29546 1040 7050
2764 29540 1043 7053
2765 29507 1046 7083
2766 29483 1060 7093
2767 29463 1051 7122
2768 29444 1050 7142
2769 29428 1058 7150
2770 29402 1072 7162
2771 29367 1082 7187
2772 29365 1065 7206
2773 29338 1065 7233
2774 29336 1058 7242
2775 29344 1044 7248
2776 29307 1049 7280
2777 29321 1023 7292
2778 29295 1036 7305
2779 29310 1027 7299
2780 29285 1031 7320
2781 29268 1047 7321
2782 29267 1042 7327
2783 29261 1039 7336
2784 29268 1060 7308
2785 29241 1074 7321
2786 29213 1089 7334
2787 29178 1087 7371
2788 29173 1067 7396
2789 29147 1048 7441
2790 29124 1059 7453
2791 29113 1055 7468
2792 29113 1071 7452
2793 29121 1059 7456
2794 29091 1071 7474
2795 29043 1111 7482
2796 29056 1098 7482
2797 29079 1069 7488
2798 29082 1081 7473
2799 29076 1085 7475
2800 29067 1063 7506
2801 29075 1075 7486
2802 29070 1083 7483
2803 29030 1089 7517
2804 29015 1094 7527
2805 29002 1096 7538
2806 28998 1108 7530
2807 29006 1084 7546
2808 29033 1083 7520
2809 29000 1093 7543
2810 28962 1137 7537
2811 28941 1135 7560
2812 28940 1117 7579
2813 28914 1135 7587
2814 28883 1135 7618
2815 28866 1119 7651
2816 28837 1096 7703
2817 28849 1096 7691
2818 28838 1091 7707
2819 28850 1087 7699
2820 28854 1078 7704
2821 28852 1086 7698
2822 28864 1076 7696
2823 28871 1061 7704
2824 28870 1049 7717
2825 28892 1047 7697
2826 28919 1024 7693
2827 28930 1023 7683
2828 28944 1027 7665
2829 28952 1026 7658
2830 28951 1008 7677
2831 29000 958 7678
2832 29037 953 7646
2833 29054 934 7648
2834 29090 917 7629
2835 29107 912 7617
2836 29140 895 7601
2837 29180 869 7587
2838 29241 827 7568
2839 29253 831 7552
2840 29299 838 7499
2841 29277 857 7502
2842 29320 855 7461
2843 29344 856 7436
2844 29367 867 7402
2845 29363 877 7396
2846 29415 862 7359
2847 29457 833 7346
2848 29455 834 7347
2849 29466 834 7336
2850 29455 849 7332
2851 29465 831 7340
2852 29525 823 7288
2853 29570 815 7251
2854 29601 815 7220
2855 29630 824 7182
2856 29635 830 7171
2857 29668 802 7166
2858 29669 840 7127
2859 29681 842 7113
2860 29698 859 7079
2861 29718 866 7052
2862 29769 848 7019
2863 29785 848 7003
2864 29812 836 6988
2865 29805 846 6985
2866 29845 806 6985
2867 29819 815 7002
2868 29826 826 6984
2869 29840 825 6971
2870 29873 843 6920
2871 29887 839 6910
2872 29908 845 6883
2873 29885 860 6891
2874 29899 859 6878
2875 29919 860 6857
2876 29912 876 6848
2877 29933 860 6843
2878 29948 871 6817
2879 29950 875 6811
2880 29968 880 6788
2881 29966 872 6798
2882 29970 887 6779
2883 29962 901 6773
2884 29935 924 6777
2885 29932 920 6784
2886 29955 906 6775
2887 29972 896 6768
2888 29974 882 6780
2889 29968 891 6777
2890 29967 904 6765
2891 29950 945 6741
2892 29927 950 6759
2893 29935 953 6748
2894 29936 945 6755
2895 29929 920 6787
2896 29922 928 6786
2897 29879 955 6802
2898 29866 958 6812
2899 29862 952 6822
2900 29848 945 6843
2901 29839 952 6845
2902 29821 967 6848
2903 29822 969 6845
2904 29833 968 6835
2905 29821 980 6835
2906 29799 992 6845
2907 29798 972 6866
2908 29795 984 6857
2909 29771 977 6888
2910 29770 955 6911
2911 29741 982 6913
2912 29718 994 6924
2913 29726 982 6928
2914 29703 963 6970
2915 29693 958 6985
2916 29671 975 6990
2917 29703 961 6972
2918 29665 976 6995
2919 29656 996 6984
2920 29664 993 6979
2921 29692 973 6971
2922 29684 973 6979
2923 29672 976 6988
2924 29679 984 6973
2925 29691 967 6978
2926 29700 959 6977
2927 29708 938 6990
2928 29710 938 6988
2929 29737 905 6994
2930 29727 912 6997
2931 29747 929 6960
2932 29781 910 6945
2933 29801 900 6935
2934 29815 893 6928
2935 29837 862 6937
2936 29876 831 6929
2937 29882 841 6913
2938 29926 842 6868
2939 29942 831 6863
2940 29950 833 6853
2941 29924 858 6854
2942 29975 866 6795
2943 29987 840 6809
2944 29974 850 6812
2945 29991 830 6815
2946 30023 843 6770
2947 30008 874 6754
2948 29993 881 6762
2949 30018 891 6727
2950 30013 902 6721
2951 29997 898 6741
2952 30010 884 6742
2953 30028 876 6732
2954 30038 882 6716
2955 30043 892 6701
2956 30037 885 6714
2957 30060 885 6691
2958 30046 910 6680
2959 30058 906 6672
2960 30049 914 6673
2961 30028 910 6698
2962 30020 912 6704
2963 30003 928 6705
2964 30005 940 6691
2965 29986 939 6711
2966 29970 953 6713
2967 29963 943 6730
2968 29955 934 6747
2969 29939 949 6748
2970 29941 941 6754
2971 29935 958 6743
2972 29915 973 6748
2973 29917 977 6742
2974 29894 977 6765
2975 29889 973 6774
2976 29865 975 6796
2977 29860 978 6798
2978 29845 975 6816
2979 29824 986 6826
2980 29827 994 6815
2981 29802 1012 6822
2982 29802 1003 6831
2983 29793 1004 6839
2984 29801 999 6836
2985 29764 1006 6866
2986 29723 1026 6887
2987 29701 1026 6909
2988 29706 1010 6920
2989 29720 1018 6898
2990 29702 1023 6911
2991 29657 1057 6922
2992 29625 1080 6931
2993 29629 1062 6945
2994 29629 1053 6954
2995 29620 1061 6955
2996 29597 1077 6962
2997 29572 1119 6945
2998 29544 1103 6989
2999 29515 1102 7019
