0 37635 1 0
1 37635 1 0
2 37635 1 0
3 37633 1 2
4 37633 1 2
5 37633 1 2
6 37633 2 1
7 37633 1 2
8 37633 1 2
9 37633 1 2
10 37633 1 2
11 37632 2 2
12 37631 3 2
13 37630 4 2
14 37630 3 3
15 37629 3 4
16 37627 4 5
17 37626 4 6
18 37626 4 6
19 37624 4 8
20 37623 6 7
21 37620 5 11
22 37620 5 11
23 37620 5 11
24 37621 4 11
25 37621 4 11
26 37619 4 13
27 37619 4 13
28 37618 4 14
29 37617 5 14
30 37617 6 13
31 37617 6 13
32 37616 5 15
33 37616 5 15
34 37615 6 15
35 37615 3 18
36 37614 3 19
37 37614 3 19
38 37613 4 19
39 37611 6 19
40 37607 9 20
41 37605 11 20
42 37603 12 21
43 37601 12 23
44 37602 12 22
45 37599 12 25
46 37600 9 27
47 37600 9 27
48 37597 9 30
49 37597 9 30
50 37596 7 33
51 37597 7 32
52 37595 7 34
53 37595 8 33
54 37594 10 32
55 37594 10 32
56 37593 10 33
57 37590 12 34
58 37588 14 34
59 37586 17 33
60 37587 13 36
61 37588 11 37
62 37587 12 37
63 37584 15 37
64 37582 14 40
65 37582 13 41
66 37581 14 41
67 37580 11 45
68 37579 9 48
69 37578 9 49
70 37576 10 50
71 37574 13 49
72 37573 12 51
73 37571 11 54
74 37569 10 57
75 37567 11 58
76 37563 13 60
77 37561 13 62
78 37560 12 64
79 37559 12 65
80 37556 13 67
81 37556 12 68
82 37555 13 68
83 37553 15 68
84 37553 13 70
85 37552 12 72
86 37552 11 73
87 37552 12 72
88 37552 13 71
89 37553 13 70
90 37552 15 69
91 37550 17 69
92 37548 19 69
93 37549 20 67
94 37546 21 69
95 37543 22 71
96 37536 26 74
97 37535 24 77
98 37536 24 76
99 37531 26 79
100 37528 28 80
101 37526 24 86
102 37523 26 87
103 37522 27 87
104 37520 26 90
105 37522 25 89
106 37518 20 98
107 37518 20 98
108 37516 20 100
109 37514 21 101
110 37512 21 103
111 37511 23 102
112 37511 25 100
113 37508 27 101
114 37504 28 104
115 37501 29 106
116 37490 36 110
117 37482 39 115
118 37473 42 121
119 37470 44 122
120 37470 41 125
121 37473 37 126
122 37475 33 128
123 37475 31 130
124 37471 33 132
125 37463 32 141
126 37462 33 141
127 37457 34 145
128 37451 38 147
129 37447 39 150
130 37443 36 157
131 37433 41 162
132 37431 40 165
133 37424 42 170
134 37418 41 177
135 37415 41 180
136 37410 39 187
137 37406 42 188
138 37403 45 188
139 37392 49 195
140 37391 44 201
141 37385 48 203
142 37388 46 202
143 37379 50 207
144 37375 52 209
145 37373 49 214
146 37369 50 217
147 37368 53 215
148 37372 51 213
149 37366 57 213
150 37362 58 216
151 37361 57 218
152 37360 57 219
153 37355 60 221
154 37356 56 224
155 37356 57 223
156 37347 59 230
157 37351 49 236
158 37350 45 241
159 37349 44 243
160 37350 43 243
161 37350 45 241
162 37347 43 246
163 37344 44 248
164 37347 43 246
165 37344 44 248
166 37345 42 249
167 37348 41 247
168 37345 37 254
169 37341 36 259
170 37345 40 251
171 37344 37 255
172 37345 37 254
173 37343 35 258
174 37342 35 259
175 37337 37 262
176 37343 35 258
177 37342 41 253
178 37335 49 252
179 37332 50 254
180 37326 55 255
181 37319 59 258
182 37307 68 261
183 37299 68 269
184 37298 68 270
185 37299 69 268
186 37291 73 272
187 37283 71 282
188 37277 77 282
189 37268 81 287
190 37266 82 288
191 37256 82 298
192 37258 70 308
193 37253 64 319
194 37244 64 328
195 37239 65 332
196 37234 73 329
197 37225 75 336
198 37219 76 341
199 37215 74 347
200 37214 70 352
201 37217 69 350
202 37213 67 356
203 37220 58 358
204 37210 61 365
205 37213 59 364
206 37210 66 360
207 37209 70 357
208 37208 66 362
209 37205 62 369
210 37200 67 369
211 37192 67 377
212 37189 70 377
213 37191 68 377
214 37192 68 376
215 37194 66 376
216 37189 65 382
217 37187 65 384
218 37183 63 390
219 37180 62 394
220 37181 62 393
221 37179 57 400
222 37179 58 399
223 37172 62 402
224 37167 64 405
225 37171 64 401
226 37172 60 404
227 37170 59 407
228 37172 54 410
229 37169 57 410
230 37165 60 411
231 37161 64 411
232 37162 65 409
233 37161 65 410
234 37163 62 411
235 37164 57 415
236 37163 61 412
237 37162 62 412
238 37159 62 415
239 37145 80 411
240 37142 68 426
241 37144 60 432
242 37144 57 435
243 37151 53 432
244 37159 51 426
245 37159 47 430
246 37163 47 426
247 37161 46 429
248 37155 54 427
249 37152 52 432
250 37146 60 430
251 37139 62 435
252 37131 66 439
253 37122 73 441
254 37118 74 444
255 37117 70 449
256 37115 75 446
257 37111 71 454
258 37119 60 457
259 37117 56 463
260 37123 55 458
261 37120 54 462
262 37117 56 463
263 37111 61 464
264 37110 55 471
265 37108 54 474
266 37105 58 473
267 37107 57 472
268 37112 58 466
269 37110 67 459
270 37105 71 460
271 37105 72 459
272 37106 72 458
273 37102 76 458
274 37103 69 464
275 37093 76 467
276 37088 72 476
277 37090 66 480
278 37098 58 480
279 37091 60 485
280 37091 60 485
281 37083 65 488
282 37080 70 486
283 37081 68 487
284 37077 73 486
285 37083 65 488
286 37081 66 489
287 37085 70 481
288 37083 75 478
289 37085 76 475
290 37086 69 481
291 37086 68 482
292 37082 71 483
293 37071 72 493
294 37073 70 493
295 37068 67 501
296 37072 58 506
297 37077 58 501
298 37087 58 491
299 37093 56 487
300 37094 54 488
301 37088 62 486
302 37088 66 482
303 37085 65 486
304 37089 59 488
305 37091 57 488
306 37086 65 485
307 37083 60 493
308 37082 65 489
309 37079 65 492
310 37088 59 489
311 37096 59 481
312 37100 57 479
313 37100 58 478
314 37095 60 481
315 37104 54 478
316 37111 54 471
317 37110 58 468
318 37111 56 469
319 37116 53 467
320 37117 51 468
321 37120 50 466
322 37123 46 467
323 37126 50 460
324 37124 55 457
325 37107 60 469
326 37105 57 474
327 37104 58 474
328 37107 61 468
329 37113 59 464
330 37108 74 454
331 37111 73 452
332 37109 77 450
333 37114 75 447
334 37106 88 442
335 37102 85 449
336 37099 93 444
337 37094 95 447
338 37093 87 456
339 37089 95 452
340 37078 97 461
341 37075 97 464
342 37070 100 466
343 37064 104 468
344 37053 111 472
345 37045 108 483
346 37034 110 492
347 37029 103 504
348 37023 106 507
349 37010 104 522
350 37006 95 535
351 37002 92 542
352 37006 87 543
353 37006 89 541
354 37002 92 542
355 37001 88 547
356 36988 95 553
357 36982 98 556
358 36984 94 558
359 36975 99 562
360 36978 95 563
361 36980 92 564
362 36979 95 562
363 36973 98 565
364 36972 96 568
365 36966 102 568
366 36973 102 561
367 36960 104 572
368 36944 105 587
369 36949 101 586
370 36940 100 596
371 36932 97 607
372 36939 89 608
373 36945 85 606
374 36938 85 613
375 36943 85 608
376 36941 83 612
377 36953 78 605
378 36963 76 597
379 36957 76 603
380 36955 79 602
381 36951 85 600
382 36954 84 598
383 36950 84 602
384 36954 75 607
385 36948 79 609
386 36950 83 603
387 36948 81 607
388 36952 82 602
389 36950 83 603
390 36943 92 601
391 36932 99 605
392 36928 101 607
393 36922 96 618
394 36914 100 622
395 36908 101 627
396 36905 104 627
397 36903 100 633
398 36896 99 641
399 36899 91 646
400 36896 96 644
401 36892 99 645
402 36892 93 651
403 36885 91 660
404 36887 85 664
405 36881 95 660
406 36883 100 653
407 36891 98 647
408 36903 91 642
409 36896 93 647
410 36895 103 638
411 36892 108 636
412 36886 114 636
413 36872 115 649
414 36862 116 658
415 36866 107 663
416 36857 111 668
417 36844 117 675
418 36842 114 680
419 36841 111 684
420 36829 121 686
421 36822 124 690
422 36817 121 698
423 36810 124 702
424 36807 133 696
425 36797 144 695
426 36786 151 699
427 36782 151 703
428 36778 146 712
429 36769 148 719
430 36762 152 722
431 36755 152 729
432 36745 159 732
433 36731 162 743
434 36718 161 757
435 36706 162 768
436 36709 150 777
437 36711 146 779
438 36708 140 788
439 36708 139 789
440 36702 147 787
441 36686 149 801
442 36686 153 797
443 36688 157 791
444 36678 164 794
445 36666 166 804
446 36653 169 814
447 36634 169 833
448 36614 179 843
449 36594 180 862
450 36583 190 863
451 36569 183 884
452 36555 192 889
453 36545 203 888
454 36542 199 895
455 36539 193 904
456 36541 186 909
457 36538 183 915
458 36541 171 924
459 36539 170 927
460 36533 171 932
461 36510 175 951
462 36496 180 960
463 36478 188 970
464 36463 190 983
465 36462 188 986
466 36454 186 996
467 36438 195 1003
468 36431 192 1013
469 36416 198 1022
470 36400 200 1036
471 36397 204 1035
472 36381 200 1055
473 36381 188 1067
474 36387 187 1062
475 36378 193 1065
476 36368 197 1071
477 36370 195 1071
478 36371 187 1078
479 36362 193 1081
480 36351 194 1091
481 36351 190 1095
482 36325 202 1109
483 36318 197 1121
484 36317 198 1121
485 36309 196 1131
486 36312 196 1128
487 36312 193 1131
488 36318 191 1127
489 36308 184 1144
490 36308 185 1143
491 36309 177 1150
492 36297 179 1160
493 36282 197 1157
494 36280 191 1165
495 36275 181 1180
496 36266 188 1182
497 36268 185 1183
498 36248 187 1201
499 36243 198 1195
500 36228 214 1194
501 36222 216 1198
502 36222 209 1205
503 36224 205 1207
504 36207 213 1216
505 36213 203 1220
506 36209 205 1222
507 36194 213 1229
508 36180 215 1241
509 36160 209 1267
510 36147 222 1267
511 36132 221 1283
512 36139 221 1276
513 36131 218 1287
514 36132 219 1285
515 36130 214 1292
516 36114 230 1292
517 36107 230 1299
518 36098 233 1305
519 36101 225 1310
520 36099 219 1318
521 36096 206 1334
522 36093 205 1338
523 36093 203 1340
524 36101 201 1334
525 36109 194 1333
526 36121 187 1328
527 36124 182 1330
528 36136 184 1316
529 36136 187 1313
530 36118 193 1325
531 36114 197 1325
532 36122 197 1317
533 36119 205 1312
534 36113 201 1322
535 36110 198 1328
536 36106 196 1334
537 36109 192 1335
538 36107 186 1343
539 36110 174 1352
540 36109 168 1359
541 36116 169 1351
542 36121 164 1351
543 36121 164 1351
544 36133 159 1344
545 36137 157 1342
546 36146 164 1326
547 36143 178 1315
548 36136 195 1305
549 36125 204 1307
550 36123 198 1315
551 36119 201 1316
552 36123 193 1320
553 36126 179 1331
554 36114 195 1327
555 36114 196 1326
556 36104 200 1332
557 36099 204 1333
558 36097 215 1324
559 36094 218 1324
560 36082 223 1331
561 36069 230 1337
562 36052 233 1351
563 36038 236 1362
564 36039 230 1367
565 36050 215 1371
566 36043 210 1383
567 36048 203 1385
568 36048 193 1395
569 36051 193 1392
570 36054 193 1389
571 36051 189 1396
572 36052 189 1395
573 36059 181 1396
574 36044 192 1400
575 36048 189 1399
576 36053 195 1388
577 36045 195 1396
578 36050 198 1388
579 36051 188 1397
580 36042 188 1406
581 36039 187 1410
582 36047 177 1412
583 36046 185 1405
584 36042 187 1407
585 36017 196 1423
586 36003 205 1428
587 35999 196 1441
588 36003 200 1433
589 35996 202 1438
590 35995 201 1440
591 35997 200 1439
592 35992 204 1440
593 35977 214 1445
594 35970 215 1451
595 35972 221 1443
596 35961 222 1453
597 35956 229 1451
598 35950 222 1464
599 35943 237 1456
600 35932 247 1457
601 35927 249 1460
602 35904 257 1475
603 35894 254 1488
604 35890 253 1493
605 35889 251 1496
606 35883 255 1498
607 35878 266 1492
608 35869 271 1496
609 35870 271 1495
610 35867 268 1501
611 35854 262 1520
612 35833 270 1533
613 35818 265 1553
614 35804 263 1569
615 35786 260 1590
616 35780 262 1594
617 35757 269 1610
618 35746 276 1614
619 35748 271 1617
620 35736 270 1630
621 35731 259 1646
622 35721 259 1656
623 35709 265 1662
624 35709 264 1663
625 35699 264 1673
626 35698 270 1668
627 35687 279 1670
628 35694 280 1662
629 35673 281 1682
630 35674 278 1684
631 35660 286 1690
632 35648 284 1704
633 35651 277 1708
634 35633 280 1723
635 35622 284 1730
636 35615 285 1736
637 35617 281 1738
638 35603 283 1750
639 35602 293 1741
640 35566 317 1753
641 35556 306 1774
642 35556 299 1781
643 35558 282 1796
644 35569 265 1802
645 35582 253 1801
646 35568 251 1817
647 35562 243 1831
648 35559 245 1832
649 35562 235 1839
650 35570 215 1851
651 35566 218 1852
652 35565 218 1853
653 35566 220 1850
654 35575 222 1839
655 35590 214 1832
656 35599 204 1833
657 35604 194 1838
658 35609 196 1831
659 35608 202 1826
660 35619 192 1825
661 35619 207 1810
662 35621 210 1805
663 35625 215 1796
664 35631 212 1793
665 35636 205 1795
666 35638 213 1785
667 35654 196 1786
668 35653 203 1780
669 35650 218 1768
670 35665 209 1762
671 35654 219 1763
672 35660 215 1761
673 35643 223 1770
674 35646 231 1759
675 35642 243 1751
676 35641 238 1757
677 35641 235 1760
678 35633 242 1761
679 35636 249 1751
680 35625 260 1751
681 35618 258 1760
682 35614 250 1772
683 35606 251 1779
684 35592 248 1796
685 35594 245 1797
686 35573 262 1801
687 35556 279 1801
688 35530 289 1817
689 35513 308 1815
690 35492 305 1839
691 35484 306 1846
692 35471 328 1837
693 35443 345 1848
694 35420 344 1872
695 35386 345 1905
696 35375 347 1914
697 35364 344 1928
698 35358 337 1941
699 35349 332 1955
700 35324 350 1962
701 35302 362 1972
702 35297 354 1985
703 35293 345 1998
704 35278 344 2014
705 35266 348 2022
706 35257 345 2034
707 35251 337 2048
708 35235 350 2051
709 35220 358 2058
710 35212 364 2060
711 35195 369 2072
712 35179 372 2085
713 35148 372 2116
714 35143 363 2130
715 35143 364 2129
716 35140 360 2136
717 35125 373 2138
718 35118 373 2145
719 35115 388 2133
720 35104 372 2160
721 35087 379 2170
722 35104 368 2164
723 35098 366 2172
724 35095 356 2185
725 35094 343 2199
726 35092 337 2207
727 35079 345 2212
728 35065 360 2211
729 35066 356 2214
730 35067 365 2204
731 35036 363 2237
732 35023 386 2227
733 35020 391 2225
734 35008 386 2242
735 35008 391 2237
736 34989 389 2258
737 34960 390 2286
738 34959 390 2287
739 34955 386 2295
740 34931 390 2315
741 34912 387 2337
742 34912 391 2333
743 34897 400 2339
744 34902 393 2341
745 34902 386 2348
746 34888 395 2353
747 34869 399 2368
748 34852 400 2384
749 34843 400 2393
750 34831 401 2404
751 34811 416 2409
752 34791 412 2433
753 34757 422 2457
754 34753 415 2468
755 34755 410 2471
756 34728 417 2491
757 34711 413 2512
758 34699 420 2517
759 34675 428 2533
760 34664 424 2548
761 34653 417 2566
762 34645 405 2586
763 34640 413 2583
764 34626 416 2594
765 34609 426 2601
766 34608 422 2606
767 34605 408 2623
768 34593 407 2636
769 34587 415 2634
770 34562 427 2647
771 34564 412 2660
772 34567 412 2657
773 34553 401 2682
774 34547 400 2689
775 34551 403 2682
776 34547 402 2687
777 34543 396 2697
778 34539 413 2684
779 34512 430 2694
780 34498 437 2701
781 34481 438 2717
782 34481 423 2732
783 34478 419 2739
784 34474 420 2742
785 34453 419 2764
786 34459 395 2782
787 34458 384 2794
788 34455 395 2786
789 34460 398 2778
790 34459 388 2789
791 34473 400 2763
792 34468 388 2780
793 34461 389 2786
794 34458 383 2795
795 34470 375 2791
796 34478 378 2780
797 34474 376 2786
798 34480 374 2782
799 34454 377 2805
800 34441 380 2815
801 34443 372 2821
802 34455 374 2807
803 34436 373 2827
804 34452 377 2807
805 34452 373 2811
806 34475 360 2801
807 34478 369 2789
808 34494 368 2774
809 34500 375 2761
810 34514 358 2764
811 34509 357 2770
812 34517 353 2766
813 34526 359 2751
814 34501 392 2743
815 34530 376 2730
816 34513 392 2731
817 34509 390 2737
818 34498 401 2737
819 34493 400 2743
820 34499 398 2739
821 34499 383 2754
822 34489 384 2763
823 34492 391 2753
824 34469 417 2750
825 34468 417 2751
826 34473 422 2741
827 34475 420 2741
828 34470 423 2743
829 34444 425 2767
830 34417 444 2775
831 34388 447 2801
832 34386 447 2803
833 34365 463 2808
834 34334 486 2816
835 34315 476 2845
836 34302 484 2850
837 34282 493 2861
838 34267 517 2852
839 34260 499 2877
840 34269 490 2877
841 34248 493 2895
842 34245 487 2904
843 34245 500 2891
844 34225 497 2914
845 34226 488 2922
846 34210 502 2924
847 34200 504 2932
848 34165 510 2961
849 34142 518 2976
850 34106 538 2992
851 34093 527 3016
852 34090 529 3017
853 34064 530 3042
854 34052 530 3054
855 34038 519 3079
856 34045 499 3092
857 34026 501 3109
858 34014 514 3108
859 34010 506 3120
860 33984 521 3131
861 33989 522 3125
862 33968 525 3143
863 33963 532 3141
864 33953 528 3155
865 33952 510 3174
866 33942 483 3211
867 33924 494 3218
868 33922 503 3211
869 33907 510 3219
870 33889 525 3222
871 33875 545 3216
872 33853 556 3227
873 33860 540 3236
874 33847 544 3245
875 33826 531 3279
876 33799 538 3299
877 33796 541 3299
878 33801 536 3299
879 33776 534 3326
880 33762 536 3338
881 33750 544 3342
882 33742 539 3355
883 33730 538 3368
884 33694 543 3399
885 33682 527 3427
886 33667 539 3430
887 33659 551 3426
888 33645 552 3439
889 33630 565 3441
890 33590 574 3472
891 33592 555 3489
892 33567 581 3488
893 33541 592 3503
894 33532 586 3518
895 33506 612 3518
896 33460 656 3520
897 33426 666 3544
898 33404 659 3573
899 33378 681 3577
900 33324 699 3613
901 33306 693 3637
902 33263 693 3680
903 33238 699 3699
904 33175 725 3736
905 33147 714 3775
906 33137 708 3791
907 33117 722 3797
908 33092 718 3826
909 33047 731 3858
910 33028 721 3887
911 32983 715 3938
912 32963 733 3940
913 32934 735 3967
914 32912 716 4008
915 32883 706 4047
916 32825 731 4080
917 32793 739 4104
918 32796 729 4111
919 32774 740 4122
920 32734 744 4158
921 32725 763 4148
922 32700 762 4174
923 32672 743 4221
924 32649 741 4246
925 32643 727 4266
926 32632 750 4254
927 32631 730 4275
928 32614 714 4308
929 32583 726 4327
930 32573 722 4341
931 32556 743 4337
932 32565 740 4331
933 32538 739 4359
934 32524 724 4388
935 32520 717 4399
936 32531 715 4390
937 32509 717 4410
938 32492 724 4420
939 32456 730 4450
940 32441 710 4485
941 32407 704 4525
942 32379 703 4554
943 32378 701 4557
944 32398 696 4542
945 32389 698 4549
946 32367 681 4588
947 32374 661 4601
948 32380 674 4582
949 32360 678 4598
950 32341 709 4586
951 32307 709 4620
952 32298 717 4621
953 32296 720 4620
954 32273 748 4615
955 32245 766 4625
956 32196 770 4670
957 32164 758 4714
958 32136 765 4735
959 32139 752 4745
960 32107 762 4767
961 32093 745 4798
962 32053 758 4825
963 32020 761 4855
964 32021 738 4877
965 32014 744 4878
966 31976 747 4913
967 31981 739 4916
968 31983 710 4943
969 31976 712 4948
970 31959 716 4961
971 31967 712 4957
972 31969 715 4952
973 31984 714 4938
974 31995 736 4905
975 31995 733 4908
976 32008 721 4907
977 32006 703 4927
978 31995 705 4936
979 31997 679 4960
980 31997 689 4950
981 31994 690 4952
982 32010 688 4938
983 32004 704 4928
984 31991 721 4924
985 31958 742 4936
986 31925 744 4967
987 31883 750 5003
988 31868 744 5024
989 31844 753 5039
990 31827 766 5043
991 31784 778 5074
992 31789 750 5097
993 31760 767 5109
994 31753 757 5126
995 31735 771 5130
996 31743 791 5102
997 31717 786 5133
998 31685 785 5166
999 31689 797 5150
1000 31670 802 5164
1001 31654 821 5161
1002 31634 825 5177
1003 31607 833 5196
1004 31587 843 5206
1005 31568 841 5227
1006 31553 850 5233
1007 31516 868 5252
1008 31510 856 5270
1009 31500 840 5296
1010 31468 857 5311
1011 31445 872 5319
1012 31438 863 5335
1013 31417 859 5360
1014 31378 846 5412
1015 31362 860 5414
1016 31356 850 5430
1017 31363 830 5443
1018 31369 806 5461
1019 31355 823 5458
1020 31332 853 5451
1021 31303 851 5482
1022 31304 838 5494
1023 31307 811 5518
1024 31324 784 5528
1025 31322 772 5542
1026 31319 763 5554
1027 31328 752 5556
1028 31345 732 5559
1029 31327 750 5559
1030 31330 747 5559
1031 31324 775 5537
1032 31326 768 5542
1033 31321 757 5558
1034 31316 777 5543
1035 31292 769 5575
1036 31299 762 5575
1037 31280 791 5565
1038 31266 798 5572
1039 31247 806 5583
1040 31232 810 5594
1041 31219 793 5624
1042 31215 807 5614
1043 31235 805 5596
1044 31248 811 5577
1045 31252 792 5592
1046 31226 784 5626
1047 31219 774 5643
1048 31220 777 5639
1049 31213 781 5642
1050 31203 779 5654
1051 31188 790 5658
1052 31186 787 5663
1053 31209 780 5647
1054 31210 782 5644
1055 31205 773 5658
1056 31206 755 5675
1057 31216 763 5657
1058 31205 760 5671
1059 31219 752 5665
1060 31214 719 5703
1061 31230 699 5707
1062 31280 674 5682
1063 31310 673 5653
1064 31327 654 5655
1065 31342 657 5637
1066 31340 668 5628
1067 31365 665 5606
1068 31371 688 5577
1069 31365 711 5560
1070 31390 705 5541
1071 31385 727 5524
1072 31353 742 5541
1073 31368 729 5539
1074 31347 751 5538
1075 31351 729 5556
1076 31360 723 5553
1077 31356 735 5545
1078 31339 732 5565
1079 31315 751 5570
1080 31293 750 5593
1081 31316 754 5566
1082 31316 748 5572
1083 31329 732 5575
1084 31358 725 5553
1085 31355 726 5555
1086 31370 726 5540
1087 31370 734 5532
1088 31365 733 5538
1089 31374 750 5512
1090 31403 739 5494
1091 31405 751 5480
1092 31396 734 5506
1093 31390 736 5510
1094 31407 726 5503
1095 31382 739 5515
1096 31384 707 5545
1097 31400 712 5524
1098 31403 701 5532
1099 31385 689 5562
1100 31432 680 5524
1101 31445 691 5500
1102 31457 698 5481
1103 31439 709 5488
1104 31455 700 5481
1105 31447 695 5494
1106 31452 703 5481
1107 31465 689 5482
1108 31470 707 5459
1109 31480 715 5441
1110 31476 713 5447
1111 31511 712 5413
1112 31547 704 5385
1113 31564 689 5383
1114 31557 685 5394
1115 31559 689 5388
1116 31551 683 5402
1117 31576 653 5407
1118 31572 660 5404
1119 31568 686 5382
1120 31564 705 5367
1121 31580 704 5352
1122 31594 703 5339
1123 31605 686 5345
1124 31623 676 5337
1125 31631 699 5306
1126 31676 689 5271
1127 31708 675 5253
1128 31717 671 5248
1129 31724 685 5227
1130 31699 700 5237
1131 31713 716 5207
1132 31679 734 5223
1133 31699 715 5222
1134 31695 737 5204
1135 31680 737 5219
1136 31653 747 5236
1137 31645 743 5248
1138 31656 740 5240
1139 31639 743 5254
1140 31645 747 5244
1141 31623 752 5261
1142 31622 752 5262
1143 31634 736 5266
1144 31636 737 5263
1145 31638 738 5260
1146 31629 747 5260
1147 31625 750 5261
1148 31619 748 5269
1149 31589 771 5276
1150 31556 777 5303
1151 31511 776 5349
1152 31508 753 5375
1153 31517 750 5369
1154 31492 751 5393
1155 31492 753 5391
1156 31515 762 5359
1157 31533 733 5370
1158 31533 747 5356
1159 31552 712 5372
1160 31561 708 5367
1161 31570 705 5361
1162 31567 721 5348
1163 31588 731 5317
1164 31549 748 5339
1165 31537 750 5349
1166 31551 743 5342
1167 31543 733 5360
1168 31546 748 5342
1169 31537 763 5336
1170 31508 790 5338
1171 31489 769 5378
1172 31476 777 5383
1173 31467 771 5398
1174 31461 771 5404
1175 31459 757 5420
1176 31461 759 5416
1177 31456 778 5402
1178 31466 747 5423
1179 31444 761 5431
1180 31437 740 5459
1181 31426 750 5460
1182 31427 736 5473
1183 31428 753 5455
1184 31429 738 5469
1185 31449 717 5470
1186 31458 715 5463
1187 31443 712 5481
1188 31434 727 5475
1189 31442 738 5456
1190 31436 739 5461
1191 31453 735 5448
1192 31452 730 5454
1193 31458 721 5457
1194 31461 709 5466
1195 31455 720 5461
1196 31447 744 5445
1197 31445 741 5450
1198 31428 767 5441
1199 31382 772 5482
1200 31373 778 5485
1201 31368 792 5476
1202 31353 813 5470
1203 31337 816 5483
1204 31347 817 5472
1205 31325 827 5484
1206 31302 821 5513
1207 31285 811 5540
1208 31260 821 5555
1209 31255 822 5559
1210 31227 827 5582
1211 31188 820 5628
1212 31184 827 5625
1213 31175 833 5628
1214 31141 871 5624
1215 31112 880 5644
1216 31088 883 5665
1217 31081 856 5699
1218 31077 840 5719
1219 31060 837 5739
1220 31027 857 5752
1221 31027 855 5754
1222 31027 860 5749
1223 31018 863 5755
1224 30999 875 5762
1225 30997 876 5763
1226 30986 849 5801
1227 30972 845 5819
1228 30949 862 5825
1229 30906 842 5888
1230 30913 833 5890
1231 30905 831 5900
1232 30890 821 5925
1233 30886 823 5927
1234 30897 858 5881
1235 30896 852 5888
1236 30852 880 5904
1237 30849 890 5897
1238 30848 879 5909
1239 30822 894 5920
1240 30800 892 5944
1241 30771 885 5980
1242 30747 896 5993
1243 30723 929 5984
1244 30706 921 6009
1245 30685 921 6030
1246 30680 931 6025
1247 30674 917 6045
1248 30657 929 6050
1249 30643 918 6075
1250 30610 924 6102
1251 30612 913 6111
1252 30635 894 6107
1253 30638 871 6127
1254 30631 867 6138
1255 30655 835 6146
1256 30667 804 6165
1257 30675 807 6154
1258 30694 787 6155
1259 30726 786 6124
1260 30725 790 6121
1261 30757 774 6105
1262 30760 798 6078
1263 30759 805 6072
1264 30758 792 6086
1265 30764 815 6057
1266 30787 815 6034
1267 30793 820 6023
1268 30780 826 6030
1269 30763 830 6043
1270 30757 837 6042
1271 30763 840 6033
1272 30750 838 6048
1273 30762 838 6036
1274 30715 864 6057
1275 30726 874 6036
1276 30731 872 6033
1277 30741 877 6018
1278 30744 876 6016
1279 30734 886 6016
1280 30711 879 6046
1281 30697 886 6053
1282 30673 902 6061
1283 30656 901 6079
1284 30658 891 6087
1285 30661 880 6095
1286 30639 871 6126
1287 30605 893 6138
1288 30586 907 6143
1289 30557 897 6182
1290 30521 915 6200
1291 30532 911 6193
1292 30514 910 6212
1293 30505 904 6227
1294 30491 917 6228
1295 30496 886 6254
1296 30493 886 6257
1297 30485 888 6263
1298 30483 882 6271
1299 30491 870 6275
1300 30482 894 6260
1301 30460 911 6265
1302 30434 915 6287
1303 30405 916 6315
1304 30379 921 6336
1305 30372 924 6340
1306 30378 931 6327
1307 30380 928 6328
1308 30399 912 6325
1309 30393 891 6352
1310 30360 916 6360
1311 30348 948 6340
1312 30349 973 6314
1313 30368 938 6330
1314 30377 916 6343
1315 30383 908 6345
1316 30388 877 6371
1317 30396 865 6375
1318 30404 854 6378
1319 30406 856 6374
1320 30417 831 6388
1321 30405 840 6391
1322 30432 844 6360
1323 30420 856 6360
1324 30419 857 6360
1325 30404 869 6363
1326 30392 871 6373
1327 30376 888 6372
1328 30381 890 6365
1329 30358 906 6372
1330 30337 902 6397
1331 30366 886 6384
1332 30323 888 6425
1333 30342 894 6400
1334 30337 928 6371
1335 30342 921 6373
1336 30340 907 6389
1337 30354 906 6376
1338 30318 920 6398
1339 30345 901 6390
1340 30343 904 6389
1341 30359 904 6373
1342 30348 903 6385
1343 30354 903 6379
1344 30322 931 6383
1345 30334 915 6387
1346 30351 929 6356
1347 30358 944 6334
1348 30311 961 6364
1349 30292 944 6400
1350 30267 937 6432
1351 30271 939 6426
1352 30278 925 6433
1353 30303 923 6410
1354 30313 919 6404
1355 30307 920 6409
1356 30296 915 6425
1357 30308 919 6409
1358 30286 907 6443
1359 30262 897 6477
1360 30278 874 6484
1361 30284 913 6439
1362 30259 944 6433
1363 30252 942 6442
1364 30236 962 6438
1365 30208 977 6451
1366 30167 988 6481
1367 30148 996 6492
1368 30133 999 6504
1369 30114 998 6524
1370 30097 981 6558
1371 30055 986 6595
1372 30017 1000 6619
1373 29984 1022 6630
1374 29952 1025 6659
1375 29950 1016 6670
1376 29944 998 6694
1377 29927 1016 6693
1378 29892 1041 6703
1379 29877 1056 6703
1380 29855 1081 6700
1381 29845 1066 6725
1382 29832 1056 6748
1383 29800 1059 6777
1384 29776 1065 6795
1385 29755 1059 6822
1386 29719 1111 6806
1387 29668 1124 6844
1388 29631 1130 6875
1389 29618 1116 6902
1390 29598 1133 6905
1391 29568 1132 6936
1392 29533 1118 6985
1393 29500 1115 7021
1394 29466 1144 7026
1395 29462 1132 7042
1396 29448 1103 7085
1397 29472 1077 7087
1398 29479 1065 7092
1399 29468 1057 7111
1400 29465 1038 7133
1401 29451 1034 7151
1402 29478 1010 7148
1403 29473 1014 7149
1404 29477 1026 7133
1405 29501 1018 7117
1406 29520 1005 7111
1407 29505 1015 7116
1408 29514 1002 7120
1409 29511 996 7129
1410 29527 995 7114
1411 29553 985 7098
1412 29561 984 7091
1413 29567 975 7094
1414 29559 962 7115
1415 29543 956 7137
1416 29528 965 7143
1417 29545 955 7136
1418 29492 979 7165
1419 29485 988 7163
1420 29466 1005 7165
1421 29447 1020 7169
1422 29436 1027 7173
1423 29437 1023 7176
1424 29401 1015 7220
1425 29393 1003 7240
1426 29391 1007 7238
1427 29391 1007 7238
1428 29389 1020 7227
1429 29386 1035 7215
1430 29381 1016 7239
1431 29383 1025 7228
1432 29360 1017 7259
1433 29348 1040 7248
1434 29343 1029 7264
1435 29361 1028 7247
1436 29354 1036 7246
1437 29349 1042 7245
1438 29350 1042 7244
1439 29351 1028 7257
1440 29350 1025 7261
1441 29344 1005 7287
1442 29341 1011 7284
1443 29349 1004 7283
1444 29357 1004 7275
1445 29358 993 7285
1446 29338 1019 7279
1447 29334 1008 7294
1448 29334 999 7303
1449 29308 1011 7317
1450 29324 1013 7299
1451 29307 1003 7326
1452 29303 1018 7315
1453 29324 1011 7301
1454 29313 1012 7311
1455 29293 1012 7331
1456 29301 1015 7320
1457 29298 1025 7313
1458 29307 1021 7308
1459 29284 1027 7325
1460 29263 1048 7325
1461 29221 1073 7342
1462 29219 1060 7357
1463 29207 1063 7366
1464 29196 1066 7374
1465 29171 1069 7396
1466 29152 1054 7430
1467 29144 1058 7434
1468 29153 1061 7422
1469 29133 1063 7440
1470 29153 1052 7431
1471 29167 1059 7410
1472 29186 1030 7420
1473 29175 1038 7423
1474 29174 1065 7397
1475 29155 1078 7403
1476 29133 1071 7432
1477 29128 1068 7440
1478 29107 1064 7465
1479 29127 1045 7464
1480 29118 1092 7426
1481 29098 1099 7439
1482 29075 1103 7458
1483 29073 1090 7473
1484 29042 1109 7485
1485 29026 1090 7520
1486 29001 1080 7555
1487 29006 1067 7563
1488 29018 1047 7571
1489 29017 1020 7599
1490 29015 1027 7594
1491 29052 1016 7568
1492 29097 1009 7530
1493 29140 991 7505
1494 29134 991 7511
1495 29147 965 7524
1496 29154 956 7526
1497 29156 968 7512
1498 29175 963 7498
1499 29162 989 7485
1500 29147 997 7492
1501 29161 982 7493
1502 29136 967 7533
1503 29161 952 7523
1504 29169 934 7533
1505 29213 932 7491
1506 29230 905 7501
1507 29253 905 7478
1508 29286 912 7438
1509 29294 888 7454
1510 29308 873 7455
1511 29326 855 7455
1512 29380 836 7420
1513 29453 819 7364
1514 29480 809 7347
1515 29502 805 7329
1516 29550 799 7287
1517 29568 794 7274
1518 29603 775 7258
1519 29624 779 7233
1520 29630 802 7204
1521 29672 809 7155
1522 29678 825 7133
1523 29674 834 7128
1524 29692 829 7115
1525 29705 822 7109
1526 29700 824 7112
1527 29704 856 7076
1528 29729 857 7050
1529 29737 875 7024
1530 29748 873 7015
1531 29710 899 7027
1532 29736 879 7021
1533 29724 900 7012
1534 29718 896 7022
1535 29687 918 7031
1536 29690 913 7033
1537 29650 940 7046
1538 29667 956 7013
1539 29657 956 7023
1540 29660 959 7017
1541 29635 955 7046
1542 29630 962 7044
1543 29596 988 7052
1544 29575 992 7069
1545 29553 1023 7060
1546 29497 1055 7084
1547 29483 1057 7096
1548 29469 1064 7103
1549 29438 1074 7124
1550 29434 1090 7112
1551 29427 1100 7109
1552 29398 1080 7158
1553 29398 1079 7159
1554 29415 1061 7160
1555 29387 1075 7174
1556 29402 1064 7170
1557 29383 1067 7186
1558 29374 1058 7204
1559 29354 1024 7258
1560 29332 1034 7270
1561 29348 1035 7253
1562 29315 1018 7303
1563 29312 1011 7313
1564 29312 1014 7310
1565 29310 1001 7325
1566 29309 1005 7322
1567 29309 996 7331
1568 29303 983 7350
1569 29327 972 7337
1570 29311 989 7336
1571 29320 977 7339
1572 29334 982 7320
1573 29309 1000 7327
1574 29297 998 7341
1575 29287 1002 7347
1576 29293 963 7380
1577 29310 953 7373
1578 29304 947 7385
1579 29291 946 7399
1580 29320 917 7399
1581 29309 927 7400
1582 29288 961 7387
1583 29285 967 7384
1584 29272 993 7371
1585 29277 985 7374
1586 29288 968 7380
1587 29297 982 7357
1588 29308 967 7361
1589 29316 975 7345
1590 29347 965 7324
1591 29350 965 7321
1592 29381 948 7307
1593 29398 947 7291
1594 29402 948 7286
1595 29415 921 7300
1596 29425 910 7301
1597 29442 910 7284
1598 29454 901 7281
1599 29481 886 7269
1600 29497 870 7269
1601 29510 849 7277
1602 29530 876 7230
1603 29563 862 7211
1604 29584 871 7181
1605 29608 899 7129
1606 29601 928 7107
1607 29610 934 7092
1608 29601 947 7088
1609 29594 939 7103
1610 29604 928 7104
1611 29647 935 7054
1612 29631 956 7049
1613 29633 949 7054
1614 29614 976 7046
1615 29587 1009 7040
1616 29549 1013 7074
1617 29513 1026 7097
1618 29531 1017 7088
1619 29518 1011 7107
1620 29521 964 7151
1621 29519 996 7121
1622 29520 989 7127
1623 29559 1004 7073
1624 29557 1010 7069
1625 29551 992 7093
1626 29555 993 7088
1627 29545 1005 7086
1628 29559 996 7081
1629 29506 1026 7104
1630 29497 1019 7120
1631 29491 1036 7109
1632 29471 1060 7105
1633 29454 1063 7119
1634 29440 1062 7134
1635 29436 1087 7113
1636 29407 1107 7122
1637 29401 1087 7148
1638 29401 1100 7135
1639 29384 1082 7170
1640 29411 1031 7194
1641 29394 1061 7181
1642 29352 1092 7192
1643 29355 1074 7207
1644 29340 1069 7227
1645 29377 1045 7214
1646 29380 1049 7207
1647 29401 1022 7213
1648 29388 1043 7205
1649 29365 1064 7207
1650 29343 1056 7237
1651 29331 1043 7262
1652 29342 1055 7239
1653 29329 1062 7245
1654 29299 1068 7269
1655 29311 1052 7273
1656 29294 1031 7311
1657 29285 1026 7325
1658 29290 1041 7305
1659 29297 1010 7329
1660 29309 997 7330
1661 29293 1012 7331
1662 29252 1024 7360
1663 29255 1028 7353
1664 29243 1043 7350
1665 29239 1058 7339
1666 29241 1044 7351
1667 29222 1046 7368
1668 29201 1033 7402
1669 29224 1008 7404
1670 29251 1001 7384
1671 29210 1028 7398
1672 29201 1020 7415
1673 29196 1015 7425
1674 29195 1016 7425
1675 29174 1013 7449
1676 29167 997 7472
1677 29177 986 7473
1678 29185 989 7462
1679 29166 991 7479
1680 29185 999 7452
1681 29206 1007 7423
1682 29190 1018 7428
1683 29171 1020 7445
1684 29153 1004 7479
1685 29156 987 7493
1686 29119 987 7530
1687 29121 1003 7512
1688 29116 973 7547
1689 29147 973 7516
1690 29145 972 7519
1691 29168 936 7532
1692 29187 914 7535
1693 29242 900 7494
1694 29252 903 7481
1695 29274 892 7470
1696 29308 904 7424
1697 29312 920 7404
1698 29314 927 7395
1699 29315 929 7392
1700 29315 942 7379
1701 29307 950 7379
1702 29316 949 7371
1703 29322 952 7362
1704 29337 912 7387
1705 29346 933 7357
1706 29338 964 7334
1707 29330 989 7317
1708 29297 1020 7319
1709 29314 1007 7315
1710 29286 1020 7330
1711 29281 1013 7342
1712 29295 1017 7324
1713 29311 980 7345
1714 29319 972 7345
1715 29312 990 7334
1716 29332 980 7324
1717 29351 983 7302
1718 29364 958 7314
1719 29366 955 7315
1720 29327 968 7341
1721 29345 982 7309
1722 29354 959 7323
1723 29390 962 7284
1724 29366 973 7297
1725 29364 992 7280
1726 29365 1004 7267
1727 29367 1000 7269
1728 29362 1018 7256
1729 29348 1009 7279
1730 29339 1003 7294
1731 29316 1018 7302
1732 29309 1015 7312
1733 29315 1007 7314
1734 29316 1012 7308
1735 29274 1030 7332
1736 29282 1033 7321
1737 29255 1061 7320
1738 29226 1079 7331
1739 29196 1096 7344
1740 29203 1074 7359
1741 29159 1077 7400
1742 29131 1068 7437
1743 29103 1102 7431
1744 29063 1129 7444
1745 29045 1112 7479
1746 29035 1104 7497
1747 29012 1110 7514
1748 28988 1110 7538
1749 28972 1105 7559
1750 28930 1117 7589
1751 28924 1116 7596
1752 28905 1081 7650
1753 28885 1081 7670
1754 28884 1072 7680
1755 28886 1084 7666
1756 28852 1113 7671
1757 28821 1129 7686
1758 28798 1128 7710
1759 28776 1121 7739
1760 28786 1138 7712
1761 28744 1156 7736
1762 28726 1179 7731
1763 28695 1204 7737
1764 28671 1200 7765
1765 28666 1214 7756
1766 28668 1212 7756
1767 28632 1203 7801
1768 28624 1181 7831
1769 28601 1191 7844
1770 28552 1232 7852
1771 28531 1234 7871
1772 28518 1229 7889
1773 28487 1229 7920
1774 28478 1231 7927
1775 28441 1238 7957
1776 28426 1257 7953
1777 28400 1258 7978
1778 28390 1256 7990
1779 28343 1259 8034
1780 28363 1233 8040
1781 28370 1237 8029
1782 28345 1260 8031
1783 28317 1244 8075
1784 28242 1277 8117
1785 28228 1285 8123
1786 28209 1260 8167
1787 28170 1275 8191
1788 28140 1291 8205
1789 28109 1296 8231
1790 28114 1278 8244
1791 28113 1293 8230
1792 28096 1274 8266
1793 28088 1273 8275
1794 28052 1278 8306
1795 28004 1284 8348
1796 27996 1253 8387
1797 27984 1249 8403
1798 27961 1236 8439
1799 27915 1253 8468
1800 27910 1258 8468
1801 27871 1268 8497
1802 27833 1278 8525
1803 27782 1297 8557
1804 27770 1270 8596
1805 27770 1274 8592
1806 27778 1273 8585
1807 27763 1277 8596
1808 27756 1278 8602
1809 27763 1246 8627
1810 27757 1256 8623
1811 27765 1259 8612
1812 27752 1251 8633
1813 27733 1270 8633
1814 27734 1254 8648
1815 27712 1271 8653
1816 27733 1227 8676
1817 27723 1248 8665
1818 27739 1263 8634
1819 27752 1254 8630
1820 27751 1248 8637
1821 27775 1228 8633
1822 27813 1186 8637
1823 27845 1177 8614
1824 27833 1172 8631
1825 27810 1178 8648
1826 27788 1199 8649
1827 27820 1194 8622
1828 27847 1189 8600
1829 27846 1194 8596
1830 27826 1211 8599
1831 27794 1209 8633
1832 27769 1194 8673
1833 27807 1156 8673
1834 27830 1160 8646
1835 27860 1167 8609
1836 27877 1168 8591
1837 27922 1157 8557
1838 27933 1146 8557
1839 27926 1157 8553
1840 27964 1138 8534
1841 27948 1162 8526
1842 27943 1155 8538
1843 27954 1156 8526
1844 27952 1122 8562
1845 27974 1089 8573
1846 27993 1074 8569
1847 27978 1097 8561
1848 27958 1108 8570
1849 27958 1108 8570
1850 27951 1106 8579
1851 27951 1120 8565
1852 27959 1128 8549
1853 27964 1119 8553
1854 27974 1114 8548
1855 27946 1115 8575
1856 27950 1112 8574
1857 27954 1104 8578
1858 27959 1108 8569
1859 27961 1089 8586
1860 27965 1091 8580
1861 27978 1071 8587
1862 27977 1069 8590
1863 27966 1064 8606
1864 27983 1044 8609
1865 28003 1036 8597
1866 28028 1025 8583
1867 28047 1034 8555
1868 28098 1003 8535
1869 28116 1010 8510
1870 28151 1007 8478
1871 28142 1034 8460
1872 28139 1054 8443
1873 28150 1066 8420
1874 28166 1073 8397
1875 28149 1076 8411
1876 28169 1083 8384
1877 28169 1079 8388
1878 28204 1083 8349
1879 28245 1064 8327
1880 28254 1059 8323
1881 28281 1053 8302
1882 28283 1057 8296
1883 28303 1029 8304
1884 28321 1049 8266
1885 28354 1048 8234
1886 28321 1045 8270
1887 28328 1049 8259
1888 28335 1065 8236
1889 28382 1041 8213
1890 28405 1026 8205
1891 28457 1000 8179
1892 28503 976 8157
1893 28490 978 8168
1894 28500 981 8155
1895 28526 980 8130
1896 28540 990 8106
1897 28520 995 8121
1898 28543 1006 8087
1899 28521 1021 8094
1900 28514 1025 8097
1901 28543 1011 8082
1902 28574 994 8068
1903 28572 992 8072
1904 28603 985 8048
1905 28649 952 8035
1906 28711 940 7985
1907 28741 947 7948
1908 28758 932 7946
1909 28803 919 7914
1910 28841 918 7877
1911 28836 924 7876
1912 28864 951 7821
1913 28872 957 7807
1914 28930 937 7769
1915 28959 937 7740
1916 28967 945 7724
1917 28977 939 7720
1918 29000 926 7710
1919 29014 913 7709
1920 29027 899 7710
1921 29042 925 7669
1922 29072 933 7631
1923 29101 899 7636
1924 29099 894 7643
1925 29102 902 7632
1926 29125 889 7622
1927 29122 893 7621
1928 29141 908 7587
1929 29139 909 7588
1930 29133 917 7586
1931 29155 912 7569
1932 29171 906 7559
1933 29193 926 7517
1934 29215 896 7525
1935 29212 894 7530
1936 29191 875 7570
1937 29219 888 7529
1938 29234 891 7511
1939 29224 899 7513
1940 29242 924 7470
1941 29234 941 7461
1942 29241 971 7424
1943 29258 954 7424
1944 29261 964 7411
1945 29267 948 7421
1946 29286 942 7408
1947 29282 971 7383
1948 29303 944 7389
1949 29336 940 7360
1950 29368 925 7343
1951 29421 908 7307
1952 29437 922 7277
1953 29471 927 7238
1954 29483 949 7204
1955 29485 950 7201
1956 29463 966 7207
1957 29458 960 7218
1958 29430 974 7232
1959 29428 954 7254
1960 29416 952 7268
1961 29397 970 7269
1962 29422 969 7245
1963 29426 981 7229
1964 29432 961 7243
1965 29428 950 7258
1966 29451 952 7233
1967 29454 965 7217
1968 29467 959 7210
1969 29494 936 7206
1970 29488 939 7209
1971 29489 938 7209
1972 29486 937 7213
1973 29487 932 7217
1974 29499 956 7181
1975 29511 975 7150
1976 29501 981 7154
1977 29500 986 7150
1978 29513 969 7154
1979 29522 958 7156
1980 29547 961 7128
1981 29553 961 7122
1982 29576 957 7103
1983 29566 976 7094
1984 29560 977 7099
1985 29537 1009 7090
1986 29529 1004 7103
1987 29520 1022 7094
1988 29510 1044 7082
1989 29515 1048 7073
1990 29498 1058 7080
1991 29486 1059 7091
1992 29471 1059 7106
1993 29475 1053 7108
1994 29466 1024 7146
1995 29433 1029 7174
1996 29394 1055 7187
1997 29414 1024 7198
1998 29418 1013 7205
1999 29426 1016 7194
2000 29398 1040 7198
2001 29401 1039 7196
2002 29399 1036 7201
2003 29406 1030 7200
2004 29391 1045 7200
2005 29393 1063 7180
2006 29365 1079 7192
2007 29311 1116 7209
2008 29298 1106 7232
2009 29295 1112 7229
2010 29264 1103 7269
2011 29212 1132 7292
2012 29162 1141 7333
2013 29151 1127 7358
2014 29148 1090 7398
2015 29106 1107 7423
2016 29081 1100 7455
2017 29066 1096 7474
2018 29049 1104 7483
2019 29042 1099 7495
2020 28996 1116 7524
2021 28975 1105 7556
2022 28959 1113 7564
2023 28939 1120 7577
2024 28933 1135 7568
2025 28889 1165 7582
2026 28842 1160 7634
2027 28827 1161 7648
2028 28783 1157 7696
2029 28744 1171 7721
2030 28711 1181 7744
2031 28649 1178 7809
2032 28631 1145 7860
2033 28607 1157 7872
2034 28606 1155 7875
2035 28603 1129 7904
2036 28615 1117 7904
2037 28614 1129 7893
2038 28581 1148 7907
2039 28569 1129 7938
2040 28518 1177 7941
2041 28485 1186 7965
2042 28453 1195 7988
2043 28463 1158 8015
2044 28433 1204 7999
2045 28411 1222 8003
2046 28377 1209 8050
2047 28360 1209 8067
2048 28328 1210 8098
2049 28322 1203 8111
2050 28304 1191 8141
2051 28279 1205 8152
2052 28256 1216 8164
2053 28269 1182 8185
2054 28277 1164 8195
2055 28286 1167 8183
2056 28273 1172 8191
2057 28252 1185 8199
2058 28253 1169 8214
2059 28224 1175 8237
2060 28216 1179 8241
2061 28196 1195 8245
2062 28199 1215 8222
2063 28209 1201 8226
2064 28180 1202 8254
2065 28181 1179 8276
2066 28164 1194 8278
2067 28173 1185 8278
2068 28163 1191 8282
2069 28116 1221 8299
2070 28135 1233 8268
2071 28114 1227 8295
2072 28099 1230 8307
2073 28096 1223 8317
2074 28100 1205 8331
2075 28122 1215 8299
2076 28112 1232 8292
2077 28105 1222 8309
2078 28115 1191 8330
2079 28106 1193 8337
2080 28119 1193 8324
2081 28101 1184 8351
2082 28075 1179 8382
2083 28061 1171 8404
2084 28035 1176 8425
2085 28030 1197 8409
2086 28002 1192 8442
2087 28021 1175 8440
2088 28045 1179 8412
2089 28083 1166 8387
2090 28091 1151 8394
2091 28063 1159 8414
2092 28081 1156 8399
2093 28067 1161 8408
2094 28073 1140 8423
2095 28058 1147 8431
2096 28032 1178 8426
2097 28020 1181 8435
2098 28004 1176 8456
2099 27997 1193 8446
2100 27986 1198 8452
2101 27939 1238 8459
2102 27980 1213 8443
2103 27975 1219 8442
2104 27973 1194 8469
2105 27980 1179 8477
2106 27996 1174 8466
2107 27990 1182 8464
2108 27975 1164 8497
2109 27986 1149 8501
2110 28006 1135 8495
2111 27984 1138 8514
2112 28006 1103 8527
2113 28032 1104 8500
2114 28010 1106 8520
2115 28022 1118 8496
2116 28038 1117 8481
2117 28025 1115 8496
2118 28059 1088 8489
2119 28095 1069 8472
2120 28092 1075 8469
2121 28113 1062 8461
2122 28109 1052 8475
2123 28160 1041 8435
2124 28186 1026 8424
2125 28215 1020 8401
2126 28233 1040 8363
2127 28249 1026 8361
2128 28269 1052 8315
2129 28269 1034 8333
2130 28260 1045 8331
2131 28292 1052 8292
2132 28295 1039 8302
2133 28338 1017 8281
2134 28342 1016 8278
2135 28391 1023 8222
2136 28392 1021 8223
2137 28389 1017 8230
2138 28418 1021 8197
2139 28453 998 8185
2140 28495 982 8159
2141 28514 996 8126
2142 28514 1004 8118
2143 28554 997 8085
2144 28540 1007 8089
2145 28556 993 8087
2146 28580 997 8059
2147 28581 1014 8041
2148 28591 994 8051
2149 28624 1001 8011
2150 28623 1002 8011
2151 28620 1015 8001
2152 28649 1009 7978
2153 28663 975 7998
2154 28672 993 7971
2155 28682 1008 7946
2156 28671 1012 7953
2157 28685 1011 7940
2158 28686 1025 7925
2159 28654 1039 7943
2160 28679 1029 7928
2161 28680 1047 7909
2162 28676 1047 7913
2163 28698 1042 7896
2164 28718 1062 7856
2165 28747 1035 7854
2166 28748 1052 7836
2167 28737 1061 7838
2168 28736 1067 7833
2169 28747 1055 7834
2170 28737 1084 7815
2171 28729 1121 7786
2172 28736 1087 7813
2173 28760 1064 7812
2174 28761 1074 7801
2175 28756 1072 7808
2176 28735 1068 7833
2177 28711 1090 7835
2178 28710 1091 7835
2179 28700 1082 7854
2180 28696 1087 7853
2181 28687 1098 7851
2182 28664 1128 7844
2183 28689 1128 7819
2184 28692 1133 7811
2185 28707 1116 7813
2186 28690 1125 7821
2187 28645 1117 7874
2188 28644 1114 7878
2189 28609 1120 7907
2190 28595 1124 7917
2191 28583 1148 7905
2192 28541 1179 7916
2193 28515 1210 7911
2194 28541 1196 7899
2195 28543 1177 7916
2196 28535 1183 7918
2197 28505 1213 7918
2198 28487 1234 7915
2199 28475 1233 7928
2200 28469 1215 7952
2201 28429 1237 7970
2202 28398 1250 7988
2203 28395 1217 8024
2204 28392 1193 8051
2205 28376 1227 8033
2206 28397 1196 8043
2207 28401 1180 8055
2208 28414 1174 8048
2209 28399 1176 8061
2210 28406 1181 8049
2211 28368 1210 8058
2212 28390 1204 8042
2213 28362 1205 8069
2214 28370 1192 8074
2215 28380 1170 8086
2216 28390 1166 8080
2217 28397 1182 8057
2218 28358 1188 8090
2219 28327 1212 8097
2220 28313 1192 8131
2221 28303 1160 8173
2222 28320 1147 8169
2223 28308 1161 8167
2224 28313 1164 8159
2225 28272 1165 8199
2226 28267 1166 8203
2227 28261 1175 8200
2228 28261 1165 8210
2229 28217 1150 8269
2230 28183 1189 8264
2231 28173 1193 8270
2232 28152 1209 8275
2233 28118 1230 8288
2234 28137 1210 8289
2235 28161 1203 8272
2236 28166 1180 8290
2237 28142 1201 8293
2238 28140 1190 8306
2239 28123 1199 8314
2240 28129 1230 8277
2241 28103 1236 8297
2242 28082 1244 8310
2243 28054 1260 8322
2244 28033 1255 8348
2245 28009 1253 8374
2246 27998 1226 8412
2247 28000 1195 8441
2248 27987 1197 8452
2249 27998 1192 8446
2250 27958 1220 8458
2251 27970 1209 8457
2252 27940 1207 8489
2253 27964 1156 8516
2254 27940 1157 8539
2255 27933 1144 8559
2256 27940 1135 8561
2257 27957 1136 8543
2258 27953 1162 8521
2259 27958 1148 8530
2260 27978 1128 8530
2261 27975 1136 8525
2262 27988 1110 8538
2263 27986 1086 8564
2264 28026 1077 8533
2265 28009 1090 8537
2266 28010 1096 8530
2267 28025 1088 8523
2268 28012 1111 8513
2269 27995 1115 8526
2270 28014 1105 8517
2271 28033 1088 8515
2272 28048 1092 8496
2273 28051 1082 8503
2274 28033 1078 8525
2275 28014 1101 8521
2276 28025 1096 8515
2277 28016 1124 8496
2278 28043 1132 8461
2279 28020 1131 8485
2280 27991 1137 8508
2281 27987 1127 8522
2282 27985 1107 8544
2283 27958 1152 8526
2284 27932 1175 8529
2285 27909 1163 8564
2286 27953 1146 8537
2287 27971 1121 8544
2288 27988 1090 8558
2289 27990 1093 8553
2290 28003 1107 8526
2291 28014 1115 8507
2292 28010 1120 8506
2293 28036 1117 8483
2294 28037 1110 8489
2295 28057 1114 8465
2296 28051 1120 8465
2297 28062 1095 8479
2298 28070 1087 8479
2299 28088 1086 8462
2300 28124 1069 8443
2301 28154 1040 8442
2302 28211 995 8430
2303 28235 998 8403
2304 28271 975 8390
2305 28308 974 8354
2306 28334 992 8310
2307 28327 994 8315
2308 28323 1010 8303
2309 28340 1019 8277
2310 28329 1027 8280
2311 28353 1037 8246
2312 28345 1043 8248
2313 28320 1066 8250
2314 28311 1076 8249
2315 28329 1083 8224
2316 28369 1074 8193
2317 28364 1075 8197
2318 28384 1049 8203
2319 28362 1047 8227
2320 28370 1048 8218
2321 28377 1038 8221
2322 28427 1008 8201
2323 28407 1029 8200
2324 28412 1036 8188
2325 28414 1025 8197
2326 28419 1030 8187
2327 28433 1015 8188
2328 28470 1021 8145
2329 28461 1020 8155
2330 28449 1019 8168
2331 28457 1026 8153
2332 28474 1012 8150
2333 28486 1028 8122
2334 28531 1028 8077
2335 28529 1031 8076
2336 28557 1011 8068
2337 28562 1008 8066
2338 28585 999 8052
2339 28596 988 8052
2340 28582 1007 8047
2341 28592 1008 8036
2342 28601 1009 8026
2343 28609 979 8048
2344 28644 962 8030
2345 28678 972 7986
2346 28699 955 7982
2347 28712 962 7962
2348 28740 948 7948
2349 28745 976 7915
2350 28753 979 7904
2351 28765 973 7898
2352 28782 992 7862
2353 28811 997 7828
2354 28816 984 7836
2355 28869 988 7779
2356 28896 1005 7735
2357 28900 992 7744
2358 28894 1000 7742
2359 28910 1003 7723
2360 28958 1005 7673
2361 28989 997 7650
2362 28971 1013 7652
2363 28999 981 7656
2364 29013 981 7642
2365 29034 991 7611
2366 29037 1008 7591
2367 29031 989 7616
2368 29044 1014 7578
2369 29074 1002 7560
2370 29082 983 7571
2371 29086 987 7563
2372 29153 957 7526
2373 29160 972 7504
2374 29174 963 7499
2375 29191 946 7499
2376 29225 925 7486
2377 29244 930 7462
2378 29234 927 7475
2379 29262 947 7427
2380 29255 962 7419
2381 29249 979 7408
2382 29231 981 7424
2383 29257 982 7397
2384 29294 968 7374
2385 29270 988 7378
2386 29279 971 7386
2387 29285 988 7363
2388 29303 990 7343
2389 29286 983 7367
2390 29300 954 7382
2391 29279 958 7399
2392 29269 973 7394
2393 29267 961 7408
2394 29284 970 7382
2395 29235 991 7410
2396 29258 988 7390
2397 29233 1003 7400
2398 29244 1004 7388
2399 29243 982 7411
2400 29239 996 7401
2401 29285 982 7369
2402 29281 968 7387
2403 29286 979 7371
2404 29242 990 7404
2405 29222 1020 7394
2406 29197 1038 7401
2407 29193 1035 7408
2408 29207 1023 7406
2409 29190 1037 7409
2410 29212 1010 7414
2411 29201 1024 7411
2412 29212 1029 7395
2413 29185 1053 7398
2414 29197 1053 7386
2415 29185 1041 7410
2416 29174 1051 7411
2417 29145 1079 7412
2418 29138 1071 7427
2419 29114 1090 7432
2420 29089 1092 7455
2421 29050 1122 7464
2422 29037 1130 7469
2423 29037 1128 7471
2424 29029 1141 7466
2425 28997 1155 7484
2426 28991 1161 7484
2427 28942 1165 7529
2428 28927 1185 7524
2429 28885 1190 7561
2430 28828 1181 7627
2431 28784 1179 7673
2432 28785 1169 7682
2433 28784 1167 7685
2434 28739 1175 7722
2435 28689 1199 7748
2436 28626 1177 7833
2437 28635 1151 7850
2438 28652 1156 7828
2439 28651 1125 7860
2440 28647 1121 7868
2441 28632 1112 7892
2442 28625 1121 7890
2443 28617 1139 7880
2444 28595 1140 7901
2445 28587 1140 7909
2446 28616 1124 7896
2447 28612 1147 7877
2448 28576 1155 7905
2449 28551 1154 7931
2450 28547 1151 7938
2451 28563 1138 7935
2452 28567 1139 7930
2453 28590 1123 7923
2454 28584 1121 7931
2455 28614 1118 7904
2456 28595 1124 7917
2457 28620 1092 7924
2458 28640 1077 7919
2459 28658 1087 7891
2460 28668 1082 7886
2461 28692 1050 7894
2462 28686 1056 7894
2463 28674 1052 7910
2464 28669 1039 7928
2465 28644 1057 7935
2466 28669 1034 7933
2467 28709 1025 7902
2468 28749 1019 7868
2469 28766 1009 7861
2470 28788 997 7851
2471 28813 1001 7822
2472 28842 1002 7792
2473 28860 1004 7772
2474 28874 995 7767
2475 28911 969 7756
2476 28913 969 7754
2477 28897 992 7747
2478 28904 1016 7716
2479 28924 986 7726
2480 28933 1021 7682
2481 28948 999 7689
2482 28921 1011 7704
2483 28924 998 7714
2484 28905 1016 7715
2485 28943 976 7717
2486 28923 1005 7708
2487 28888 1029 7719
2488 28896 1023 7717
2489 28896 1060 7680
2490 28885 1066 7685
2491 28836 1068 7732
2492 28841 1085 7710
2493 28825 1115 7696
2494 28790 1154 7692
2495 28754 1173 7709
2496 28736 1178 7722
2497 28716 1151 7769
2498 28725 1126 7785
2499 28721 1135 7780
2500 28702 1148 7786
2501 28682 1144 7810
2502 28662 1158 7816
2503 28622 1167 7847
2504 28633 1151 7852
2505 28618 1162 7856
2506 28588 1181 7867
2507 28550 1203 7883
2508 28547 1155 7934
2509 28562 1156 7918
2510 28582 1128 7926
2511 28576 1145 7915
2512 28574 1131 7931
2513 28560 1127 7949
2514 28567 1116 7953
2515 28553 1115 7968
2516 28567 1118 7951
2517 28543 1143 7950
2518 28541 1165 7930
2519 28556 1159 7921
2520 28547 1169 7920
2521 28506 1184 7946
2522 28508 1165 7963
2523 28512 1185 7939
2524 28510 1187 7939
2525 28505 1154 7977
2526 28458 1177 8001
2527 28448 1163 8025
2528 28415 1156 8065
2529 28423 1143 8070
2530 28432 1122 8082
2531 28444 1147 8045
2532 28443 1139 8054
2533 28409 1170 8057
2534 28404 1166 8066
2535 28386 1161 8089
2536 28407 1140 8089
2537 28425 1128 8083
2538 28449 1129 8058
2539 28407 1147 8082
2540 28418 1135 8083
2541 28419 1134 8083
2542 28409 1142 8085
2543 28426 1151 8059
2544 28472 1126 8038
2545 28500 1109 8027
2546 28552 1077 8007
2547 28569 1057 8010
2548 28600 1053 7983
2549 28601 1072 7963
2550 28584 1086 7966
2551 28570 1096 7970
2552 28561 1130 7945
2553 28567 1105 7964
2554 28569 1117 7950
2555 28540 1108 7988
2556 28573 1094 7969
2557 28566 1088 7982
2558 28544 1116 7976
2559 28542 1086 8008
2560 28556 1100 7980
2561 28576 1075 7985
2562 28613 1043 7980
2563 28607 1033 7996
2564 28643 1043 7950
2565 28653 1070 7913
2566 28647 1085 7904
2567 28639 1090 7907
2568 28611 1123 7902
2569 28575 1120 7941
2570 28567 1128 7941
2571 28590 1126 7920
2572 28596 1146 7894
2573 28595 1122 7919
2574 28639 1088 7909
2575 28650 1079 7907
2576 28661 1077 7898
2577 28665 1107 7864
2578 28662 1098 7876
2579 28639 1102 7895
2580 28652 1107 7877
2581 28679 1081 7876
2582 28688 1070 7878
2583 28730 1067 7839
2584 28708 1053 7875
2585 28713 1036 7887
2586 28707 1032 7897
2587 28746 1020 7870
2588 28753 1040 7843
2589 28763 1030 7843
2590 28768 1038 7830
2591 28768 1026 7842
2592 28766 1022 7848
2593 28740 1037 7859
2594 28728 1043 7865
2595 28742 1049 7845
2596 28753 1065 7818
2597 28746 1094 7796
2598 28750 1088 7798
2599 28756 1094 7786
2600 28745 1110 7781
2601 28750 1099 7787
2602 28785 1073 7778
2603 28804 1077 7755
2604 28819 1066 7751
2605 28815 1058 7763
2606 28840 1034 7762
2607 28854 1029 7753
2608 28843 1041 7752
2609 28849 1053 7734
2610 28878 1050 7708
2611 28887 1025 7724
2612 28879 1023 7734
2613 28880 1033 7723
2614 28879 1035 7722
2615 28856 1041 7739
2616 28822 1036 7778
2617 28804 1037 7795
2618 28828 1044 7764
2619 28777 1078 7781
2620 28777 1085 7774
2621 28770 1090 7776
2622 28786 1082 7768
2623 28775 1120 7741
2624 28748 1126 7762
2625 28741 1131 7764
2626 28754 1137 7745
2627 28712 1176 7748
2628 28690 1175 7771
2629 28693 1166 7777
2630 28713 1142 7781
2631 28718 1116 7802
2632 28727 1099 7810
2633 28743 1099 7794
2634 28747 1077 7812
2635 28729 1075 7832
2636 28689 1079 7868
2637 28711 1093 7832
2638 28689 1128 7819
2639 28667 1139 7830
2640 28672 1140 7824
2641 28669 1138 7829
2642 28651 1152 7833
2643 28607 1162 7867
2644 28596 1158 7882
2645 28575 1144 7917
2646 28570 1159 7907
2647 28550 1139 7947
2648 28584 1116 7936
2649 28563 1137 7936
2650 28541 1158 7937
2651 28525 1164 7947
2652 28500 1155 7981
2653 28474 1163 7999
2654 28450 1183 8003
2655 28426 1197 8013
2656 28453 1183 8000
2657 28437 1203 7996
2658 28384 1199 8053
2659 28401 1190 8045
2660 28382 1173 8081
2661 28383 1167 8086
2662 28405 1131 8100
2663 28395 1132 8109
2664 28381 1116 8139
2665 28391 1119 8126
2666 28410 1097 8129
2667 28383 1125 8128
2668 28361 1124 8151
2669 28355 1143 8138
2670 28330 1147 8159
2671 28314 1133 8189
2672 28296 1141 8199
2673 28295 1159 8182
2674 28276 1168 8192
2675 28259 1171 8206
2676 28270 1165 8201
2677 28246 1178 8212
2678 28216 1166 8254
2679 28192 1183 8261
2680 28149 1187 8300
2681 28161 1172 8303
2682 28158 1164 8314
2683 28150 1152 8334
2684 28132 1164 8340
2685 28117 1167 8352
2686 28111 1141 8384
2687 28086 1151 8399
2688 28056 1176 8404
2689 28056 1184 8396
2690 28056 1132 8448
2691 28056 1134 8446
2692 28051 1134 8451
2693 28029 1156 8451
2694 28009 1157 8470
2695 27986 1167 8483
2696 27953 1165 8518
2697 27917 1193 8526
2698 27939 1205 8492
2699 27895 1222 8519
2700 27872 1220 8544
2701 27845 1249 8542
2702 27817 1236 8583
2703 27851 1227 8558
2704 27839 1210 8587
2705 27836 1191 8609
2706 27799 1204 8633
2707 27813 1185 8638
2708 27815 1203 8618
2709 27810 1198 8628
2710 27788 1173 8675
2711 27802 1153 8681
2712 27822 1133 8681
2713 27814 1141 8681
2714 27824 1137 8675
2715 27820 1146 8670
2716 27871 1137 8628
2717 27903 1124 8609
2718 27933 1126 8577
2719 27906 1135 8595
2720 27904 1122 8610
2721 27909 1135 8592
2722 27948 1127 8561
2723 27928 1136 8572
2724 27951 1132 8553
2725 27958 1123 8555
2726 27929 1157 8550
2727 27889 1168 8579
2728 27883 1156 8597
2729 27871 1137 8628
2730 27892 1122 8622
2731 27892 1124 8620
2732 27908 1131 8597
2733 27913 1135 8588
2734 27941 1121 8574
2735 27953 1107 8576
2736 27980 1095 8561
2737 28022 1090 8524
2738 28023 1079 8534
2739 28084 1071 8481
2740 28093 1079 8464
2741 28085 1090 8461
2742 28110 1069 8457
2743 28126 1087 8423
2744 28138 1094 8404
2745 28174 1072 8390
2746 28189 1062 8385
2747 28205 1064 8367
2748 28232 1036 8368
2749 28259 1030 8347
2750 28290 1036 8310
2751 28307 1060 8269
2752 28335 1059 8242
2753 28337 1059 8240
2754 28343 1065 8228
2755 28338 1038 8260
2756 28343 1018 8275
2757 28363 1008 8265
2758 28347 1041 8248
2759 28329 1058 8249
2760 28347 1057 8232
2761 28360 1061 8215
2762 28387 1054 8195
2763 28391 1042 8203
2764 28372 1043 8221
2765 28374 1049 8213
2766 28413 1025 8198
2767 28411 1034 8191
2768 28444 1046 8146
2769 28439 1039 8158
2770 28460 1037 8139
2771 28448 1036 8152
2772 28500 1002 8134
2773 28500 1003 8133
2774 28538 1034 8064
2775 28569 1014 8053
2776 28581 1010 8045
2777 28563 1031 8042
2778 28593 1027 8016
2779 28606 1023 8007
2780 28638 1002 7996
2781 28671 985 7980
2782 28669 978 7989
2783 28721 961 7954
2784 28720 953 7963
2785 28743 945 7948
2786 28777 939 7920
2787 28778 948 7910
2788 28805 945 7886
2789 28848 944 7844
2790 28880 951 7805
2791 28872 948 7816
2792 28882 959 7795
2793 28898 987 7751
2794 28919 983 7734
2795 28948 953 7735
2796 28952 957 7727
2797 28965 978 7693
2798 28966 980 7690
2799 28999 955 7682
2800 29007 961 7668
2801 29022 972 7642
2802 29016 996 7624
2803 29012 991 7633
2804 29004 1008 7624
2805 28995 1006 7635
2806 28991 998 7647
2807 29006 977 7653
2808 29037 951 7648
2809 29054 946 7636
2810 29050 920 7666
2811 29069 895 7672
2812 29083 919 7634
2813 29085 924 7627
2814 29098 902 7636
2815 29093 915 7628
2816 29082 927 7627
2817 29109 931 7596
2818 29162 918 7556
2819 29163 931 7542
2820 29173 960 7503
2821 29164 972 7500
2822 29182 942 7512
2823 29195 967 7474
2824 29207 968 7461
2825 29212 973 7451
2826 29237 980 7419
2827 29220 977 7439
2828 29220 964 7452
2829 29253 948 7435
2830 29268 951 7417
2831 29279 933 7424
2832 29283 952 7401
2833 29264 973 7399
2834 29264 967 7405
2835 29270 984 7382
2836 29261 1016 7359
2837 29278 1012 7346
2838 29298 984 7354
2839 29318 960 7358
2840 29277 972 7387
2841 29264 1006 7366
2842 29243 1017 7376
2843 29269 1013 7354
2844 29239 1016 7381
2845 29216 1017 7403
2846 29205 1031 7400
2847 29178 1012 7446
2848 29177 1009 7450
2849 29185 1008 7443
2850 29170 990 7476
2851 29176 983 7477
2852 29182 976 7478
2853 29176 976 7484
2854 29196 960 7480
2855 29173 983 7480
2856 29172 976 7488
2857 29182 984 7470
2858 29187 997 7452
2859 29183 999 7454
2860 29186 1022 7428
2861 29154 1038 7444
2862 29163 1054 7419
2863 29175 1038 7423
2864 29175 1026 7435
2865 29144 1048 7444
2866 29124 1049 7463
2867 29139 1049 7448
2868 29128 1064 7444
2869 29127 1054 7455
2870 29115 1057 7464
2871 29102 1072 7462
2872 29085 1086 7465
2873 29110 1080 7446
2874 29076 1096 7464
2875 29035 1110 7491
2876 29010 1133 7493
2877 28987 1155 7494
2878 28913 1187 7536
2879 28883 1179 7574
2880 28864 1177 7595
2881 28845 1163 7628
2882 28792 1166 7678
2883 28788 1143 7705
2884 28760 1149 7727
2885 28753 1138 7745
2886 28744 1138 7754
2887 28753 1116 7767
2888 28762 1103 7771
2889 28752 1106 7778
2890 28732 1105 7799
2891 28721 1096 7819
2892 28704 1112 7820
2893 28686 1106 7844
2894 28681 1087 7868
2895 28689 1125 7822
2896 28673 1151 7812
2897 28649 1152 7835
2898 28657 1160 7819
2899 28661 1177 7798
2900 28646 1183 7807
2901 28625 1198 7813
2902 28585 1193 7858
2903 28567 1197 7872
2904 28561 1219 7856
2905 28530 1210 7896
2906 28500 1212 7924
2907 28449 1240 7947
2908 28399 1261 7976
2909 28346 1237 8053
2910 28316 1246 8074
2911 28308 1237 8091
2912 28289 1235 8112
2913 28267 1247 8122
2914 28257 1245 8134
2915 28253 1233 8150
2916 28227 1210 8199
2917 28243 1200 8193
2918 28249 1182 8205
2919 28243 1181 8212
2920 28195 1221 8220
2921 28173 1228 8235
2922 28140 1245 8251
2923 28125 1245 8266
2924 28117 1232 8287
2925 28064 1254 8318
2926 28024 1241 8371
2927 28010 1217 8409
2928 28016 1217 8403
2929 27992 1230 8414
2930 27993 1213 8430
2931 27996 1237 8403
2932 27991 1202 8443
2933 28002 1226 8408
2934 27948 1210 8478
2935 27885 1207 8544
2936 27876 1217 8543
2937 27879 1197 8560
2938 27904 1195 8537
2939 27931 1165 8540
2940 27906 1167 8563
2941 27922 1135 8579
2942 27933 1129 8574
2943 27881 1180 8575
2944 27860 1217 8559
2945 27848 1246 8542
2946 27867 1246 8523
2947 27835 1254 8547
2948 27803 1246 8587
2949 27799 1244 8593
2950 27809 1215 8612
2951 27801 1227 8608
2952 27791 1237 8608
2953 27767 1254 8615
2954 27751 1277 8608
2955 27723 1288 8625
2956 27732 1278 8626
2957 27698 1272 8666
2958 27698 1237 8701
2959 27691 1233 8712
2960 27642 1250 8744
2961 27690 1193 8753
2962 27700 1174 8762
2963 27697 1194 8745
2964 27712 1185 8739
2965 27712 1176 8748
2966 27700 1147 8789
2967 27714 1152 8770
2968 27782 1138 8716
2969 27809 1109 8718
2970 27818 1143 8675
2971 27849 1112 8675
2972 27878 1087 8671
2973 27919 1077 8640
2974 27914 1092 8630
2975 27944 1095 8597
2976 27903 1110 8623
2977 27932 1104 8600
2978 27957 1086 8593
2979 27988 1078 8570
2980 28014 1062 8560
2981 28040 1027 8569
2982 28078 1011 8547
2983 28092 1014 8530
2984 28075 1022 8539
2985 28118 1010 8508
2986 28096 1016 8524
2987 28105 1024 8507
2988 28123 1016 8497
2989 28150 999 8487
2990 28194 982 8460
2991 28186 985 8465
2992 28180 996 8460
2993 28193 1004 8439
2994 28197 1013 8426
2995 28224 990 8422
2996 28239 987 8410
2997 28258 991 8387
2998 28295 999 8342
2999 28318 995 8323
