0 37635 1 0
1 37635 1 0
2 37634 2 0
3 37633 2 1
4 37631 3 2
5 37629 5 2
6 37629 5 2
7 37627 7 2
8 37628 7 1
9 37626 7 3
10 37625 7 4
11 37623 9 4
12 37620 9 7
13 37620 8 8
14 37620 8 8
15 37612 14 10
16 37609 15 12
17 37606 17 13
18 37601 18 17
19 37600 18 18
20 37596 18 22
21 37592 19 25
22 37588 20 28
23 37587 21 28
24 37585 24 27
25 37578 29 29
26 37574 30 32
27 37573 28 35
28 37568 29 39
29 37566 26 44
30 37563 25 48
31 37560 23 53
32 37557 23 56
33 37555 20 61
34 37552 18 66
35 37550 20 66
36 37545 20 71
37 37544 18 74
38 37543 14 79
39 37544 14 78
40 37543 16 77
41 37541 18 77
42 37537 18 81
43 37539 19 78
44 37539 18 79
45 37537 16 83
46 37537 17 82
47 37535 20 81
48 37533 20 83
49 37534 20 82
50 37525 26 85
51 37519 29 88
52 37519 29 88
53 37514 30 92
54 37509 35 92
55 37507 36 93
56 37511 28 97
57 37510 28 98
58 37503 33 100
59 37496 37 103
60 37492 37 107
61 37491 35 110
62 37485 37 114
63 37479 40 117
64 37482 38 116
65 37478 34 124
66 37478 33 125
67 37476 34 126
68 37470 38 128
69 37467 37 132
70 37465 37 134
71 37464 38 134
72 37459 39 138
73 37454 44 138
74 37449 42 145
75 37446 41 149
76 37440 41 155
77 37437 39 160
78 37438 34 164
79 37427 43 166
80 37423 42 171
81 37423 43 170
82 37419 44 173
83 37418 46 172
84 37413 48 175
85 37409 51 176
86 37397 59 180
87 37393 63 180
88 37396 57 183
89 37391 57 188
90 37377 68 191
91 37367 70 199
92 37358 75 203
93 37346 78 212
94 37334 85 217
95 37324 87 225
96 37318 83 235
97 37320 79 237
98 37310 81 245
99 37309 82 245
100 37299 91 246
101 37288 91 257
102 37272 97 267
103 37261 99 276
104 37253 101 282
105 37240 109 287
106 37232 110 294
107 37226 110 300
108 37206 115 315
109 37196 121 319
110 37194 116 326
111 37193 113 330
112 37182 119 335
113 37177 112 347
114 37169 106 361
115 37165 103 368
116 37150 107 379
117 37139 112 385
118 37133 111 392
119 37125 110 401
120 37121 108 407
121 37120 106 410
122 37121 101 414
123 37121 98 417
124 37120 97 419
125 37111 98 427
126 37101 95 440
127 37104 90 442
128 37100 86 450
129 37097 88 451
130 37100 78 458
131 37102 74 460
132 37102 74 460
133 37092 86 458
134 37083 93 460
135 37081 88 467
136 37077 81 478
137 37080 83 473
138 37086 80 470
139 37082 79 475
140 37077 81 478
141 37072 83 481
142 37071 82 483
143 37069 78 489
144 37062 83 491
145 37055 81 500
146 37049 79 508
147 37041 81 514
148 37050 79 507
149 37037 89 510
150 37021 97 518
151 37015 98 523
152 37017 91 528
153 37004 97 535
154 36997 98 541
155 36990 104 542
156 36984 107 545
157 36973 105 558
158 36972 101 563
159 36965 103 568
160 36964 102 570
161 36957 99 580
162 36955 92 589
163 36953 90 593
164 36953 91 592
165 36946 92 598
166 36943 84 609
167 36932 90 614
168 36936 91 609
169 36935 90 611
170 36939 85 612
171 36937 91 608
172 36933 93 610
173 36923 98 615
174 36922 105 609
175 36913 98 625
176 36908 101 627
177 36902 96 638
178 36904 97 635
179 36898 106 632
180 36902 102 632
181 36908 92 636
182 36910 96 630
183 36903 97 636
184 36900 99 637
185 36898 93 645
186 36903 94 639
187 36898 96 642
188 36890 101 645
189 36894 96 646
190 36894 95 647
191 36890 101 645
192 36880 109 647
193 36885 115 636
194 36877 119 640
195 36873 116 647
196 36872 113 651
197 36873 119 644
198 36871 125 640
199 36865 121 650
200 36871 110 655
201 36862 109 665
202 36866 94 676
203 36861 96 679
204 36858 97 681
205 36861 101 674
206 36862 93 681
207 36868 89 679
208 36865 91 680
209 36860 100 676
210 36858 102 676
211 36861 104 671
212 36852 109 675
213 36845 113 678
214 36848 100 688
215 36849 100 687
216 36854 100 682
217 36853 101 682
218 36855 100 681
219 36859 100 677
220 36851 102 683
221 36843 103 690
222 36845 108 683
223 36836 116 684
224 36831 114 691
225 36832 115 689
226 36825 125 686
227 36821 131 684
228 36818 136 682
229 36815 134 687
230 36809 131 696
231 36808 126 702
232 36808 120 708
233 36802 124 710
234 36800 118 718
235 36791 114 731
236 36799 110 727
237 36805 106 725
238 36818 100 718
239 36819 104 713
240 36819 103 714
241 36814 102 720
242 36813 99 724
243 36811 105 720
244 36816 101 719
245 36811 103 722
246 36810 111 715
247 36809 116 711
248 36812 112 712
249 36815 99 722
250 36813 103 720
251 36807 109 720
252 36807 111 718
253 36804 106 726
254 36800 112 724
255 36795 121 720
256 36796 120 720
257 36797 109 730
258 36799 110 727
259 36797 106 733
260 36804 89 743
261 36799 97 740
262 36800 95 741
263 36799 97 740
264 36799 106 731
265 36800 105 731
266 36801 111 724
267 36801 113 722
268 36801 116 719
269 36793 114 729
270 36788 120 728
271 36790 114 732
272 36782 118 736
273 36779 116 741
274 36778 120 738
275 36778 120 738
276 36775 112 749
277 36772 104 760
278 36777 107 752
279 36782 109 745
280 36788 97 751
281 36791 92 753
282 36789 85 762
283 36784 89 763
284 36791 89 756
285 36802 82 752
286 36810 84 742
287 36808 85 743
288 36802 90 744
289 36804 96 736
290 36787 102 747
291 36791 103 742
292 36786 105 745
293 36781 105 750
294 36778 113 745
295 36777 118 741
296 36785 113 738
297 36782 112 742
298 36779 111 746
299 36778 108 750
300 36775 112 749
301 36766 116 754
302 36759 117 760
303 36755 122 759
304 36752 126 758
305 36747 123 766
306 36744 123 769
307 36738 125 773
308 36720 132 784
309 36709 137 790
310 36694 144 798
311 36671 144 821
312 36658 151 827
313 36648 164 824
314 36644 163 829
315 36631 169 836
316 36617 177 842
317 36586 190 860
318 36572 191 873
319 36554 206 876
320 36545 223 868
321 36529 233 874
322 36505 233 898
323 36493 225 918
324 36471 227 938
325 36458 230 948
326 36446 241 949
327 36428 233 975
328 36410 234 992
329 36385 247 1004
330 36360 261 1015
331 36352 261 1023
332 36332 257 1047
333 36304 263 1069
334 36289 267 1080
335 36269 268 1099
336 36257 259 1120
337 36259 245 1132
338 36241 244 1151
339 36225 240 1171
340 36218 222 1196
341 36213 227 1196
342 36203 230 1203
343 36193 239 1204
344 36180 235 1221
345 36170 236 1230
346 36162 231 1243
347 36166 222 1248
348 36163 218 1255
349 36162 223 1251
350 36143 229 1264
351 36136 228 1272
352 36142 219 1275
353 36137 221 1278
354 36141 220 1275
355 36133 222 1281
356 36110 239 1287
357 36105 235 1296
358 36085 244 1307
359 36074 251 1311
360 36063 252 1321
361 36048 251 1337
362 36046 253 1337
363 36032 257 1347
364 36010 256 1370
365 36006 253 1377
366 35990 253 1393
367 35982 264 1390
368 35960 282 1394
369 35924 292 1420
370 35920 294 1422
371 35907 304 1425
372 35885 315 1436
373 35875 306 1455
374 35849 308 1479
375 35842 301 1493
376 35830 301 1505
377 35816 303 1517
378 35806 299 1531
379 35787 305 1544
380 35767 315 1554
381 35761 322 1553
382 35743 311 1582
383 35728 319 1589
384 35727 327 1582
385 35725 332 1579
386 35707 331 1598
387 35685 329 1622
388 35662 343 1631
389 35661 316 1659
390 35637 320 1679
391 35624 322 1690
392 35617 332 1687
393 35604 334 1698
394 35585 337 1714
395 35571 336 1729
396 35554 343 1739
397 35537 347 1752
398 35512 352 1772
399 35499 355 1782
400 35485 356 1795
401 35464 351 1821
402 35436 354 1846
403 35413 363 1860
404 35402 359 1875
405 35359 371 1906
406 35368 364 1904
407 35368 354 1914
408 35356 360 1920
409 35338 359 1939
410 35338 345 1953
411 35318 357 1961
412 35300 352 1984
413 35293 351 1992
414 35281 354 2001
415 35258 361 2017
416 35248 373 2015
417 35222 370 2044
418 35205 378 2053
419 35188 366 2082
420 35177 375 2084
421 35164 373 2099
422 35150 376 2110
423 35151 370 2115
424 35132 383 2121
425 35102 392 2142
426 35096 394 2146
427 35074 386 2176
428 35042 398 2196
429 35029 401 2206
430 35017 401 2218
431 34997 396 2243
432 35009 395 2232
433 34990 397 2249
434 34991 392 2253
435 34980 385 2271
436 34972 375 2289
437 34971 367 2298
438 34970 361 2305
439 34976 341 2319
440 34972 328 2336
441 34957 343 2336
442 34963 344 2329
443 34953 353 2330
444 34953 334 2349
445 34935 345 2356
446 34942 334 2360
447 34935 327 2374
448 34937 317 2382
449 34940 325 2371
450 34938 331 2367
451 34937 333 2366
452 34935 327 2374
453 34930 331 2375
454 34927 330 2379
455 34921 331 2384
456 34921 308 2407
457 34950 299 2387
458 34969 283 2384
459 34973 287 2376
460 34984 288 2364
461 34974 300 2362
462 34965 297 2374
463 34954 311 2371
464 34952 315 2369
465 34946 310 2380
466 34946 298 2392
467 34940 303 2393
468 34952 299 2385
469 34955 296 2385
470 34975 290 2371
471 34975 296 2365
472 34991 291 2354
473 35001 284 2351
474 35010 273 2353
475 34994 279 2363
476 34998 273 2365
477 34999 282 2355
478 35001 280 2355
479 35004 277 2355
480 35010 266 2360
481 35017 254 2365
482 35022 259 2355
483 35020 259 2357
484 35035 256 2345
485 35051 258 2327
486 35067 251 2318
487 35073 242 2321
488 35076 255 2305
489 35084 267 2285
490 35080 269 2287
491 35083 266 2287
492 35104 265 2267
493 35097 262 2277
494 35089 267 2280
495 35080 271 2285
496 35098 265 2273
497 35110 274 2252
498 35111 280 2245
499 35099 281 2256
500 35095 281 2260
501 35110 281 2245
502 35107 280 2249
503 35116 276 2244
504 35124 283 2229
505 35114 279 2243
506 35116 286 2234
507 35122 291 2223
508 35127 290 2219
509 35123 291 2222
510 35133 292 2211
511 35128 309 2199
512 35107 302 2227
513 35114 311 2211
514 35108 309 2219
515 35090 330 2216
516 35100 321 2215
517 35091 336 2209
518 35090 340 2206
519 35083 344 2209
520 35061 355 2220
521 35060 356 2220
522 35040 369 2227
523 35028 373 2235
524 35024 366 2246
525 35024 355 2257
526 35024 351 2261
527 35003 377 2256
528 34986 363 2287
529 34973 361 2302
530 34965 372 2299
531 34956 390 2290
532 34949 401 2286
533 34951 393 2292
534 34935 399 2302
535 34918 391 2327
536 34910 400 2326
537 34900 397 2339
538 34914 388 2334
539 34891 384 2361
540 34865 390 2381
541 34852 388 2396
542 34834 400 2402
543 34816 399 2421
544 34796 389 2451
545 34774 386 2476
546 34760 386 2490
547 34740 406 2490
548 34733 413 2490
549 34712 417 2507
550 34685 422 2529
551 34674 417 2545
552 34652 420 2564
553 34634 419 2583
554 34626 423 2587
555 34623 411 2602
556 34589 411 2636
557 34590 416 2630
558 34566 432 2638
559 34544 426 2666
560 34538 417 2681
561 34530 414 2692
562 34535 414 2687
563 34526 421 2689
564 34521 421 2694
565 34491 432 2713
566 34457 440 2739
567 34455 435 2746
568 34455 426 2755
569 34452 417 2767
570 34458 422 2756
571 34442 430 2764
572 34435 437 2764
573 34433 436 2767
574 34424 445 2767
575 34409 444 2783
576 34396 452 2788
577 34365 453 2818
578 34360 464 2812
579 34332 463 2841
580 34313 454 2869
581 34285 477 2874
582 34248 472 2916
583 34230 474 2932
584 34204 492 2940
585 34180 485 2971
586 34184 483 2969
587 34153 500 2983
588 34143 511 2982
589 34125 506 3005
590 34100 525 3011
591 34073 543 3020
592 34045 551 3040
593 33994 575 3067
594 33969 585 3082
595 33953 587 3096
596 33932 581 3123
597 33902 585 3149
598 33865 606 3165
599 33845 610 3181
600 33825 606 3205
601 33786 614 3236
602 33767 601 3268
603 33732 594 3310
604 33724 594 3318
605 33687 612 3337
606 33656 603 3377
607 33641 605 3390
608 33629 587 3420
609 33600 597 3439
610 33587 600 3449
611 33558 590 3488
612 33546 587 3503
613 33518 597 3521
614 33507 591 3538
615 33497 593 3546
616 33465 600 3571
617 33463 588 3585
618 33453 583 3600
619 33444 582 3610
620 33397 593 3646
621 33382 595 3659
622 33367 587 3682
623 33369 571 3696
624 33366 549 3721
625 33349 549 3738
626 33340 548 3748
627 33343 540 3753
628 33350 527 3759
629 33344 513 3779
630 33345 507 3784
631 33362 505 3769
632 33368 504 3764
633 33379 501 3756
634 33378 484 3774
635 33399 478 3759
636 33436 458 3742
637 33439 453 3744
638 33442 456 3738
639 33441 474 3721
640 33424 501 3711
641 33445 493 3698
642 33419 523 3694
643 33428 511 3697
644 33414 522 3700
645 33407 523 3706
646 33397 536 3703
647 33377 554 3705
648 33391 555 3690
649 33392 554 3690
650 33384 553 3699
651 33372 558 3706
652 33342 574 3720
653 33336 572 3728
654 33339 575 3722
655 33331 584 3721
656 33313 583 3740
657 33311 581 3744
658 33290 586 3760
659 33278 582 3776
660 33251 602 3783
661 33233 609 3794
662 33208 602 3826
663 33184 609 3843
664 33183 595 3858
665 33170 596 3870
666 33138 596 3902
667 33141 594 3901
668 33131 613 3892
669 33125 608 3903
670 33123 597 3916
671 33117 617 3902
672 33089 630 3917
673 33066 632 3938
674 33062 622 3952
675 33057 605 3974
676 33044 608 3984
677 33035 614 3987
678 33008 651 3977
679 33002 650 3984
680 32969 662 4005
681 32955 675 4006
682 32937 683 4016
683 32906 682 4048
684 32884 672 4080
685 32865 674 4097
686 32835 700 4101
687 32828 707 4101
688 32833 703 4100
689 32820 714 4102
690 32821 715 4100
691 32812 701 4123
692 32809 702 4125
693 32799 687 4150
694 32800 666 4170
695 32763 664 4209
696 32727 677 4232
697 32715 669 4252
698 32706 672 4258
699 32695 653 4288
700 32703 630 4303
701 32688 625 4323
702 32689 628 4319
703 32690 603 4343
704 32698 586 4352
705 32733 558 4345
706 32743 553 4340
707 32731 562 4343
708 32744 553 4339
709 32746 565 4325
710 32732 588 4316
711 32728 586 4322
712 32728 580 4328
713 32756 554 4326
714 32757 559 4320
715 32766 550 4320
716 32770 561 4305
717 32780 550 4306
718 32772 560 4304
719 32759 576 4301
720 32757 584 4295
721 32755 591 4290
722 32736 601 4299
723 32718 612 4306
724 32699 634 4303
725 32664 656 4316
726 32675 634 4327
727 32668 641 4327
728 32665 629 4342
729 32667 641 4328
730 32625 667 4344
731 32600 680 4356
732 32581 695 4360
733 32571 689 4376
734 32542 704 4390
735 32502 733 4401
736 32465 742 4429
737 32464 731 4441
738 32435 741 4460
739 32406 736 4494
740 32387 744 4505
741 32348 767 4521
742 32325 764 4547
743 32282 769 4585
744 32276 765 4595
745 32251 771 4614
746 32235 771 4630
747 32226 771 4639
748 32221 767 4648
749 32221 744 4671
750 32196 760 4680
751 32168 775 4693
752 32152 782 4702
753 32140 775 4721
754 32106 790 4740
755 32106 768 4762
756 32107 780 4749
757 32089 779 4768
758 32059 768 4809
759 32031 749 4856
760 32017 754 4865
761 31988 761 4887
762 31973 757 4906
763 31957 781 4898
764 31937 785 4914
765 31935 773 4928
766 31932 758 4946
767 31904 755 4977
768 31890 746 5000
769 31888 761 4987
770 31848 769 5019
771 31827 770 5039
772 31832 765 5039
773 31802 780 5054
774 31793 777 5066
775 31772 796 5068
776 31759 777 5100
777 31761 766 5109
778 31737 788 5111
779 31754 762 5120
780 31746 748 5142
781 31723 746 5167
782 31717 758 5161
783 31703 765 5168
784 31699 756 5181
785 31696 759 5181
786 31705 744 5187
787 31685 743 5208
788 31681 744 5211
789 31676 746 5214
790 31672 761 5203
791 31647 757 5232
792 31634 770 5232
793 31618 776 5242
794 31580 794 5262
795 31556 786 5294
796 31556 783 5297
797 31534 788 5314
798 31531 771 5334
799 31528 758 5350
800 31495 777 5364
801 31480 780 5376
802 31463 759 5414
803 31451 738 5447
804 31454 736 5446
805 31463 716 5457
806 31495 688 5453
807 31501 690 5445
808 31533 680 5423
809 31529 686 5421
810 31525 684 5427
811 31527 678 5431
812 31517 696 5423
813 31516 686 5434
814 31517 670 5449
815 31520 695 5421
816 31529 696 5411
817 31541 693 5402
818 31554 694 5388
819 31564 702 5370
820 31570 721 5345
821 31560 706 5370
822 31553 713 5370
823 31561 702 5373
824 31557 715 5364
825 31566 696 5374
826 31546 710 5380
827 31583 709 5344
828 31599 706 5331
829 31618 687 5331
830 31617 703 5316
831 31626 719 5291
832 31622 743 5271
833 31617 756 5263
834 31614 754 5268
835 31604 768 5264
836 31600 750 5286
837 31602 740 5294
838 31572 739 5325
839 31578 731 5327
840 31600 732 5304
841 31587 731 5318
842 31603 717 5316
843 31614 713 5309
844 31606 716 5314
845 31594 719 5323
846 31571 737 5328
847 31570 748 5318
848 31535 739 5362
849 31527 733 5376
850 31517 737 5382
851 31515 717 5404
852 31504 730 5402
853 31510 736 5390
854 31492 731 5413
855 31482 771 5383
856 31461 794 5381
857 31463 799 5374
858 31451 804 5381
859 31414 827 5395
860 31403 818 5415
861 31376 809 5451
862 31364 824 5448
863 31339 815 5482
864 31330 795 5511
865 31337 789 5510
866 31328 795 5513
867 31311 796 5529
868 31278 828 5530
869 31232 852 5552
870 31187 889 5560
871 31130 926 5580
872 31116 917 5603
873 31097 912 5627
874 31091 914 5631
875 31071 903 5662
876 31040 913 5683
877 31008 932 5696
878 30998 945 5693
879 30985 945 5706
880 30951 937 5748
881 30935 921 5780
882 30936 906 5794
883 30936 920 5780
884 30918 907 5811
885 30903 917 5816
886 30911 919 5806
887 30871 945 5820
888 30856 942 5838
889 30848 937 5851
890 30823 929 5884
891 30791 936 5909
892 30753 919 5964
893 30709 944 5983
894 30692 946 5998
895 30678 939 6019
896 30653 930 6053
897 30641 931 6064
898 30627 918 6091
899 30635 926 6075
900 30616 933 6087
901 30584 944 6108
902 30586 963 6087
903 30534 990 6112
904 30498 995 6143
905 30465 985 6186
906 30439 959 6238
907 30420 945 6271
908 30414 970 6252
909 30414 951 6271
910 30398 938 6300
911 30372 947 6317
912 30376 940 6320
913 30366 926 6344
914 30340 922 6374
915 30357 890 6389
916 30375 875 6386
917 30401 876 6359
918 30400 884 6352
919 30401 871 6364
920 30386 879 6371
921 30366 899 6371
922 30384 878 6374
923 30366 890 6380
924 30403 883 6350
925 30421 865 6350
926 30411 854 6371
927 30404 844 6388
928 30445 812 6379
929 30456 807 6373
930 30482 787 6367
931 30474 804 6358
932 30494 797 6345
933 30494 804 6338
934 30499 791 6346
935 30515 793 6328
936 30506 809 6321
937 30525 805 6306
938 30539 794 6303
939 30550 782 6304
940 30550 795 6291
941 30570 797 6269
942 30558 817 6261
943 30539 829 6268
944 30539 847 6250
945 30536 851 6249
946 30526 842 6268
947 30542 832 6262
948 30567 836 6233
949 30590 831 6215
950 30578 840 6218
951 30575 844 6217
952 30567 858 6211
953 30553 874 6209
954 30525 884 6227
955 30527 892 6217
956 30513 880 6243
957 30501 909 6226
958 30468 894 6274
959 30447 902 6287
960 30420 919 6297
961 30386 921 6329
962 30381 930 6325
963 30380 938 6318
964 30331 948 6357
965 30293 980 6363
966 30298 971 6367
967 30324 974 6338
968 30316 969 6351
969 30279 980 6377
970 30275 983 6378
971 30282 977 6377
972 30285 959 6392
973 30297 938 6401
974 30264 947 6425
975 30250 958 6428
976 30236 977 6423
977 30182 999 6455
978 30143 1007 6486
979 30154 992 6490
980 30159 963 6514
981 30153 960 6523
982 30151 936 6549
983 30172 910 6554
984 30188 898 6550
985 30188 915 6533
986 30195 910 6531
987 30173 929 6534
988 30220 907 6509
989 30202 914 6520
990 30224 887 6525
991 30213 904 6519
992 30221 880 6535
993 30204 881 6551
994 30237 867 6532
995 30240 878 6518
996 30261 886 6489
997 30261 909 6466
998 30239 914 6483
999 30245 902 6489
1000 30244 908 6484
1001 30252 916 6468
1002 30252 890 6494
1003 30227 907 6502
1004 30199 914 6523
1005 30185 925 6526
1006 30176 944 6516
1007 30176 940 6520
1008 30140 975 6521
1009 30141 967 6528
1010 30119 986 6531
1011 30098 976 6562
1012 30103 967 6566
1013 30077 969 6590
1014 30085 984 6567
1015 30064 1005 6567
1016 30031 1016 6589
1017 29994 1052 6590
1018 29960 1073 6603
1019 29938 1108 6590
1020 29871 1104 6661
1021 29859 1090 6687
1022 29836 1077 6723
1023 29829 1032 6775
1024 29835 1001 6800
1025 29840 992 6804
1026 29816 979 6841
1027 29832 964 6840
1028 29839 952 6845
1029 29838 927 6871
1030 29850 927 6859
1031 29830 940 6866
1032 29836 935 6865
1033 29850 928 6858
1034 29838 939 6859
1035 29843 934 6859
1036 29851 924 6861
1037 29872 936 6828
1038 29875 921 6840
1039 29896 897 6843
1040 29882 887 6867
1041 29888 870 6878
1042 29919 845 6872
1043 29909 870 6857
1044 29919 872 6845
1045 29907 874 6855
1046 29935 872 6829
1047 29941 876 6819
1048 29954 858 6824
1049 29961 873 6802
1050 29946 875 6815
1051 29952 893 6791
1052 29980 897 6759
1053 29958 888 6790
1054 29948 877 6811
1055 29960 880 6796
1056 29941 884 6811
1057 29940 896 6800
1058 29968 908 6760
1059 29944 925 6767
1060 29953 939 6744
1061 29951 944 6741
1062 29965 940 6731
1063 29957 940 6739
1064 29954 928 6754
1065 29924 947 6765
1066 29929 932 6775
1067 29900 954 6782
1068 29910 942 6784
1069 29887 961 6788
1070 29908 923 6805
1071 29898 896 6842
1072 29932 900 6804
1073 29940 884 6812
1074 29956 901 6779
1075 29914 921 6801
1076 29917 914 6805
1077 29900 938 6798
1078 29915 945 6776
1079 29883 966 6787
1080 29853 996 6787
1081 29847 990 6799
1082 29815 998 6823
1083 29788 993 6855
1084 29758 1028 6850
1085 29726 1036 6874
1086 29707 1046 6883
1087 29652 1074 6910
1088 29621 1097 6918
1089 29588 1104 6944
1090 29546 1108 6982
1091 29530 1125 6981
1092 29501 1117 7018
1093 29492 1123 7021
1094 29472 1117 7047
1095 29460 1100 7076
1096 29465 1084 7087
1097 29486 1069 7081
1098 29491 1036 7109
1099 29464 1043 7129
1100 29453 1035 7148
1101 29439 1027 7170
1102 29443 1019 7174
1103 29449 1012 7175
1104 29467 995 7174
1105 29440 1004 7192
1106 29448 1002 7186
1107 29436 1017 7183
1108 29414 1016 7206
1109 29397 1021 7218
1110 29392 1023 7221
1111 29374 1043 7219
1112 29375 1039 7222
1113 29353 1033 7250
1114 29352 1037 7247
1115 29317 1062 7257
1116 29319 1024 7293
1117 29320 1021 7295
1118 29315 1055 7266
1119 29305 1081 7250
1120 29270 1106 7260
1121 29220 1155 7261
1122 29209 1149 7278
1123 29152 1174 7310
1124 29100 1208 7328
1125 29064 1224 7348
1126 29023 1218 7395
1127 28963 1219 7454
1128 28913 1211 7512
1129 28889 1222 7525
1130 28868 1214 7554
1131 28855 1198 7583
1132 28853 1186 7597
1133 28814 1220 7602
1134 28778 1226 7632
1135 28761 1220 7655
1136 28716 1245 7675
1137 28663 1264 7709
1138 28611 1266 7759
1139 28584 1294 7758
1140 28520 1318 7798
1141 28520 1325 7791
1142 28480 1324 7832
1143 28459 1301 7876
1144 28440 1308 7888
1145 28413 1314 7909
1146 28354 1329 7953
1147 28321 1308 8007
1148 28275 1325 8036
1149 28250 1318 8068
1150 28244 1290 8102
1151 28228 1276 8132
1152 28215 1303 8118
1153 28170 1300 8166
1154 28132 1312 8192
1155 28111 1315 8210
1156 28071 1347 8218
1157 28044 1332 8260
1158 28027 1304 8305
1159 28004 1282 8350
1160 27962 1296 8378
1161 27923 1296 8417
1162 27891 1311 8434
1163 27855 1311 8470
1164 27815 1342 8479
1165 27779 1336 8521
1166 27754 1329 8553
1167 27708 1348 8580
1168 27707 1339 8590
1169 27661 1351 8624
1170 27637 1362 8637
1171 27593 1351 8692
1172 27581 1328 8727
1173 27576 1333 8727
1174 27556 1337 8743
1175 27560 1322 8754
1176 27510 1349 8777
1177 27499 1324 8813
1178 27482 1321 8833
1179 27460 1317 8859
1180 27421 1333 8882
1181 27412 1335 8889
1182 27395 1347 8894
1183 27356 1343 8937
1184 27296 1371 8969
1185 27292 1367 8977
1186 27256 1361 9019
1187 27218 1378 9040
1188 27180 1414 9042
1189 27154 1422 9060
1190 27113 1403 9120
1191 27049 1441 9146
1192 27045 1440 9151
1193 26980 1450 9206
1194 26977 1408 9251
1195 26979 1391 9266
1196 26974 1391 9271
1197 26929 1395 9312
1198 26923 1401 9312
1199 26879 1395 9362
1200 26863 1418 9355
1201 26832 1422 9382
1202 26799 1433 9404
1203 26765 1414 9457
1204 26736 1450 9450
1205 26692 1449 9495
1206 26650 1478 9508
1207 26605 1494 9537
1208 26574 1480 9582
1209 26573 1470 9593
1210 26528 1492 9616
1211 26479 1520 9637
1212 26478 1508 9650
1213 26411 1547 9678
1214 26338 1575 9723
1215 26320 1549 9767
1216 26299 1563 9774
1217 26258 1548 9830
1218 26237 1554 9845
1219 26210 1554 9872
1220 26188 1583 9865
1221 26149 1564 9923
1222 26118 1554 9964
1223 26107 1558 9971
1224 26065 1567 10004
1225 26081 1541 10014
1226 26013 1545 10078
1227 26007 1520 10109
1228 26002 1483 10151
1229 25976 1491 10169
1230 25956 1485 10195
1231 25959 1494 10183
1232 25952 1499 10185
1233 25895 1512 10229
1234 25879 1522 10235
1235 25847 1493 10296
1236 25818 1535 10283
1237 25768 1567 10301
1238 25767 1571 10298
1239 25733 1576 10327
1240 25746 1573 10317
1241 25758 1534 10344
1242 25734 1560 10342
1243 25712 1580 10344
1244 25731 1552 10353
1245 25724 1523 10389
1246 25719 1502 10415
1247 25664 1506 10466
1248 25643 1519 10474
1249 25676 1482 10478
1250 25646 1493 10497
1251 25578 1539 10519
1252 25560 1559 10517
1253 25532 1553 10551
1254 25538 1571 10527
1255 25508 1597 10531
1256 25457 1600 10579
1257 25445 1600 10591
1258 25411 1598 10627
1259 25393 1600 10643
1260 25354 1627 10655
1261 25320 1625 10691
1262 25284 1646 10706
1263 25219 1674 10743
1264 25218 1673 10745
1265 25198 1647 10791
1266 25159 1634 10843
1267 25133 1633 10870
1268 25115 1623 10898
1269 25101 1607 10928
1270 25096 1635 10905
1271 25042 1654 10940
1272 25031 1647 10958
1273 24995 1650 10991
1274 24959 1663 11014
1275 24932 1666 11038
1276 24963 1643 11030
1277 24943 1650 11043
1278 24901 1684 11051
1279 24839 1688 11109
1280 24790 1694 11152
1281 24734 1683 11219
1282 24750 1641 11245
1283 24751 1619 11266
1284 24764 1621 11251
1285 24757 1618 11261
1286 24764 1608 11264
1287 24782 1595 11259
1288 24800 1595 11241
1289 24787 1574 11275
1290 24773 1551 11312
1291 24723 1552 11361
1292 24714 1560 11362
1293 24718 1552 11366
1294 24692 1535 11409
1295 24709 1524 11403
1296 24747 1523 11366
1297 24775 1514 11347
1298 24769 1529 11338
1299 24786 1522 11328
1300 24772 1504 11360
1301 24758 1504 11374
1302 24735 1526 11375
1303 24745 1526 11365
1304 24742 1512 11382
1305 24726 1544 11366
1306 24705 1557 11374
1307 24705 1561 11370
1308 24692 1582 11362
1309 24703 1568 11365
1310 24706 1547 11383
1311 24700 1537 11399
1312 24661 1563 11412
1313 24624 1593 11419
1314 24620 1597 11419
1315 24596 1592 11448
1316 24600 1592 11444
1317 24592 1572 11472
1318 24564 1578 11494
1319 24552 1562 11522
1320 24576 1550 11510
1321 24579 1549 11508
1322 24560 1558 11518
1323 24558 1555 11523
1324 24566 1526 11544
1325 24582 1503 11551
1326 24559 1519 11558
1327 24585 1505 11546
1328 24595 1505 11536
1329 24597 1514 11525
1330 24589 1505 11542
1331 24602 1498 11536
1332 24617 1488 11531
1333 24605 1519 11512
1334 24623 1515 11498
1335 24611 1547 11478
1336 24620 1520 11496
1337 24628 1513 11495
1338 24669 1506 11461
1339 24672 1503 11461
1340 24704 1496 11436
1341 24718 1467 11451
1342 24710 1464 11462
1343 24701 1476 11459
1344 24683 1475 11478
1345 24714 1495 11427
1346 24732 1519 11385
1347 24744 1511 11381
1348 24793 1477 11366
1349 24823 1491 11322
1350 24854 1469 11313
1351 24906 1432 11298
1352 24973 1422 11241
1353 24994 1396 11246
1354 25000 1433 11203
1355 25005 1457 11174
1356 24994 1447 11195
1357 25000 1434 11202
1358 25009 1456 11171
1359 25017 1439 11180
1360 25022 1415 11199
1361 25007 1415 11214
1362 25031 1378 11227
1363 25096 1341 11199
1364 25125 1337 11174
1365 25111 1357 11168
1366 25115 1373 11148
1367 25151 1375 11110
1368 25147 1381 11108
1369 25167 1386 11083
1370 25249 1357 11030
1371 25270 1347 11019
1372 25307 1351 10978
1373 25316 1339 10981
1374 25358 1324 10954
1375 25349 1321 10966
1376 25417 1285 10934
1377 25464 1276 10896
1378 25516 1260 10860
1379 25555 1238 10843
1380 25616 1195 10825
1381 25678 1198 10760
1382 25735 1192 10709
1383 25794 1156 10686
1384 25835 1157 10644
1385 25863 1161 10612
1386 25885 1172 10579
1387 25935 1159 10542
1388 25967 1164 10505
1389 26013 1159 10464
1390 26054 1152 10430
1391 26082 1134 10420
1392 26114 1150 10372
1393 26159 1113 10364
1394 26171 1111 10354
1395 26189 1113 10334
1396 26197 1140 10299
1397 26231 1166 10239
1398 26258 1159 10219
1399 26313 1149 10174
1400 26314 1165 10157
1401 26335 1162 10139
1402 26352 1192 10092
1403 26404 1196 10036
1404 26384 1237 10015
1405 26399 1250 9987
1406 26408 1276 9952
1407 26374 1304 9958
1408 26391 1313 9932
1409 26393 1315 9928
1410 26396 1300 9940
1411 26405 1289 9942
1412 26435 1261 9940
1413 26471 1256 9909
1414 26467 1282 9887
1415 26467 1295 9874
1416 26463 1321 9852
1417 26471 1330 9835
1418 26451 1330 9855
1419 26453 1347 9836
1420 26442 1372 9822
1421 26437 1406 9793
1422 26438 1380 9818
1423 26454 1371 9811
1424 26400 1400 9836
1425 26378 1402 9856
1426 26369 1441 9826
1427 26362 1443 9831
1428 26363 1431 9842
1429 26363 1402 9871
1430 26361 1415 9860
1431 26367 1423 9846
1432 26371 1406 9859
1433 26336 1430 9870
1434 26317 1455 9864
1435 26314 1459 9863
1436 26270 1476 9890
1437 26247 1496 9893
1438 26207 1505 9924
1439 26161 1507 9968
1440 26124 1511 10001
1441 26072 1529 10035
1442 26058 1537 10041
1443 26015 1546 10075
1444 25974 1578 10084
1445 25983 1605 10048
1446 25941 1593 10102
1447 25909 1586 10141
1448 25899 1584 10153
1449 25880 1606 10150
1450 25833 1594 10209
1451 25820 1599 10217
1452 25787 1598 10251
1453 25779 1586 10271
1454 25772 1567 10297
1455 25763 1525 10348
1456 25800 1507 10329
1457 25795 1507 10334
1458 25785 1507 10344
1459 25750 1506 10380
1460 25726 1501 10409
1461 25721 1467 10448
1462 25723 1468 10445
1463 25723 1479 10434
1464 25696 1493 10447
1465 25672 1503 10461
1466 25686 1488 10462
1467 25682 1486 10468
1468 25661 1509 10466
1469 25655 1512 10469
1470 25648 1530 10458
1471 25607 1556 10473
1472 25589 1566 10481
1473 25601 1564 10471
1474 25612 1524 10500
1475 25581 1517 10538
1476 25617 1501 10518
1477 25613 1488 10535
1478 25634 1459 10543
1479 25620 1493 10523
1480 25591 1509 10536
1481 25613 1530 10493
1482 25580 1530 10526
1483 25530 1538 10568
1484 25524 1535 10577
1485 25548 1509 10579
1486 25515 1508 10613
1487 25525 1496 10615
1488 25489 1509 10638
1489 25488 1481 10667
1490 25481 1467 10688
1491 25475 1456 10705
1492 25489 1456 10691
1493 25503 1434 10699
1494 25531 1414 10691
1495 25545 1398 10693
1496 25580 1385 10671
1497 25570 1404 10662
1498 25604 1376 10656
1499 25595 1381 10660
1500 25591 1388 10657
1501 25582 1404 10650
1502 25597 1395 10644
1503 25650 1364 10622
1504 25659 1361 10616
1505 25705 1337 10594
1506 25691 1351 10594
1507 25706 1369 10561
1508 25696 1400 10540
1509 25704 1409 10523
1510 25682 1432 10522
1511 25630 1457 10549
1512 25628 1446 10562
1513 25644 1457 10535
1514 25676 1445 10515
1515 25691 1449 10496
1516 25671 1405 10560
1517 25658 1400 10578
1518 25624 1408 10604
1519 25636 1341 10659
1520 25607 1375 10654
1521 25644 1346 10646
1522 25667 1346 10623
1523 25691 1327 10618
1524 25736 1305 10595
1525 25770 1303 10563
1526 25789 1304 10543
1527 25817 1294 10525
1528 25851 1284 10501
1529 25854 1275 10507
1530 25871 1278 10487
1531 25879 1280 10477
1532 25902 1284 10450
1533 25936 1283 10417
1534 25917 1317 10402
1535 25897 1353 10386
1536 25873 1383 10380
1537 25875 1378 10383
1538 25876 1393 10367
1539 25871 1396 10369
1540 25855 1417 10364
1541 25873 1424 10339
1542 25874 1449 10313
1543 25861 1478 10297
1544 25868 1460 10308
1545 25846 1486 10304
1546 25839 1439 10358
1547 25804 1470 10362
1548 25802 1473 10361
1549 25789 1477 10370
1550 25772 1467 10397
1551 25759 1461 10416
1552 25797 1433 10406
1553 25816 1415 10405
1554 25815 1388 10433
1555 25814 1400 10422
1556 25798 1383 10455
1557 25792 1381 10463
1558 25821 1363 10452
1559 25827 1377 10432
1560 25844 1368 10424
1561 25839 1358 10439
1562 25860 1333 10443
1563 25864 1322 10450
1564 25918 1319 10399
1565 25913 1326 10397
1566 25921 1333 10382
1567 25909 1380 10347
1568 25907 1408 10321
1569 25878 1431 10327
1570 25879 1421 10336
1571 25851 1426 10359
1572 25869 1428 10339
1573 25888 1410 10338
1574 25894 1400 10342
1575 25901 1420 10315
1576 25895 1419 10322
1577 25861 1431 10344
1578 25888 1406 10342
1579 25896 1391 10349
1580 25886 1387 10363
1581 25876 1408 10352
1582 25893 1413 10330
1583 25908 1428 10300
1584 25915 1421 10300
1585 25922 1409 10305
1586 25952 1390 10294
1587 25945 1407 10284
1588 25928 1419 10289
1589 25952 1382 10302
1590 25990 1366 10280
1591 26014 1350 10272
1592 26027 1362 10247
1593 26044 1339 10253
1594 26040 1337 10259
1595 26081 1316 10239
1596 26111 1328 10197
1597 26124 1320 10192
1598 26122 1323 10191
1599 26158 1320 10158
1600 26140 1335 10161
1601 26161 1336 10139
1602 26143 1361 10132
1603 26146 1378 10112
1604 26171 1371 10094
1605 26183 1354 10099
1606 26163 1371 10102
1607 26204 1353 10079
1608 26210 1376 10050
1609 26195 1355 10086
1610 26202 1334 10100
1611 26201 1324 10111
1612 26189 1318 10129
1613 26242 1285 10109
1614 26256 1283 10097
1615 26289 1302 10045
1616 26304 1306 10026
1617 26335 1297 10004
1618 26349 1294 9993
1619 26353 1298 9985
1620 26374 1294 9968
1621 26383 1313 9940
1622 26357 1347 9932
1623 26370 1341 9925
1624 26366 1330 9940
1625 26340 1340 9956
1626 26355 1363 9918
1627 26334 1369 9933
1628 26312 1385 9939
1629 26299 1413 9924
1630 26311 1416 9909
1631 26325 1386 9925
1632 26313 1382 9941
1633 26324 1380 9932
1634 26335 1361 9940
1635 26383 1336 9917
1636 26398 1308 9930
1637 26425 1284 9927
1638 26450 1263 9923
1639 26484 1263 9889
1640 26511 1261 9864
1641 26512 1296 9828
1642 26561 1261 9814
1643 26570 1258 9808
1644 26584 1227 9825
1645 26591 1214 9831
1646 26644 1214 9778
1647 26650 1223 9763
1648 26646 1213 9777
1649 26621 1230 9785
1650 26633 1223 9780
1651 26623 1252 9761
1652 26622 1241 9773
1653 26624 1261 9751
1654 26628 1277 9731
1655 26623 1277 9736
1656 26613 1281 9742
1657 26610 1292 9734
1658 26598 1280 9758
1659 26652 1252 9732
1660 26630 1271 9735
1661 26657 1274 9705
1662 26644 1295 9697
1663 26624 1309 9703
1664 26595 1318 9723
1665 26550 1368 9718
1666 26571 1364 9701
1667 26561 1384 9691
1668 26577 1352 9707
1669 26571 1378 9687
1670 26578 1396 9662
1671 26592 1410 9634
1672 26566 1427 9643
1673 26548 1432 9656
1674 26513 1439 9684
1675 26508 1444 9684
1676 26465 1454 9717
1677 26459 1483 9694
1678 26410 1508 9718
1679 26395 1518 9723
1680 26359 1540 9737
1681 26330 1554 9752
1682 26331 1529 9776
1683 26321 1512 9803
1684 26258 1511 9867
1685 26258 1498 9880
1686 26227 1487 9922
1687 26211 1489 9936
1688 26196 1482 9958
1689 26172 1469 9995
1690 26162 1489 9985
1691 26176 1488 9972
1692 26178 1484 9974
1693 26179 1448 10009
1694 26141 1465 10030
1695 26140 1454 10042
1696 26106 1452 10078
1697 26094 1459 10083
1698 26080 1431 10125
1699 26107 1429 10100
1700 26110 1433 10093
1701 26084 1442 10110
1702 26068 1440 10128
1703 26062 1459 10115
1704 26054 1463 10119
1705 26067 1457 10112
1706 26035 1448 10153
1707 25970 1479 10187
1708 25921 1502 10213
1709 25918 1469 10249
1710 25904 1496 10236
1711 25860 1522 10254
1712 25811 1564 10261
1713 25815 1522 10299
1714 25785 1518 10333
1715 25743 1525 10368
1716 25700 1559 10377
1717 25683 1544 10409
1718 25658 1520 10458
1719 25652 1511 10473
1720 25649 1526 10461
1721 25624 1515 10497
1722 25582 1553 10501
1723 25557 1544 10535
1724 25560 1526 10550
1725 25559 1529 10548
1726 25522 1561 10553
1727 25538 1547 10551
1728 25488 1575 10573
1729 25438 1603 10595
1730 25421 1608 10607
1731 25372 1646 10618
1732 25343 1693 10600
1733 25297 1671 10668
1734 25292 1649 10695
1735 25249 1637 10750
1736 25214 1645 10777
1737 25176 1676 10784
1738 25163 1641 10832
1739 25139 1656 10841
1740 25089 1685 10862
1741 25069 1660 10907
1742 25022 1664 10950
1743 25041 1651 10944
1744 25036 1641 10959
1745 25087 1596 10953
1746 25067 1609 10960
1747 25032 1616 10988
1748 25025 1616 10995
1749 25018 1609 11009
1750 24974 1650 11012
1751 24940 1674 11022
1752 24950 1640 11046
1753 24974 1614 11048
1754 24940 1635 11061
1755 24931 1641 11064
1756 24878 1647 11111
1757 24873 1654 11109
1758 24885 1663 11088
1759 24891 1657 11088
1760 24862 1661 11113
1761 24846 1651 11139
1762 24815 1682 11139
1763 24766 1680 11190
1764 24764 1670 11202
1765 24747 1685 11204
1766 24715 1677 11244
1767 24692 1740 11204
1768 24667 1731 11238
1769 24649 1721 11266
1770 24626 1713 11297
1771 24589 1741 11306
1772 24528 1746 11362
1773 24444 1755 11437
1774 24424 1734 11478
1775 24421 1718 11497
1776 24414 1697 11525
1777 24436 1679 11521
1778 24408 1682 11546
1779 24405 1678 11553
1780 24405 1667 11564
1781 24410 1660 11566
1782 24418 1634 11584
1783 24416 1635 11585
1784 24413 1651 11572
1785 24418 1639 11579
1786 24404 1642 11590
1787 24372 1655 11609
1788 24362 1663 11611
1789 24374 1671 11591
1790 24398 1684 11554
1791 24365 1675 11596
1792 24353 1646 11637
1793 24368 1628 11640
1794 24404 1626 11606
1795 24392 1604 11640
1796 24403 1600 11633
1797 24408 1609 11619
1798 24376 1625 11635
1799 24374 1629 11633
1800 24425 1594 11617
1801 24403 1590 11643
1802 24422 1568 11646
1803 24464 1534 11638
1804 24456 1538 11642
1805 24456 1559 11621
1806 24450 1566 11620
1807 24462 1579 11595
1808 24467 1560 11609
1809 24467 1556 11613
1810 24475 1541 11620
1811 24512 1515 11609
1812 24503 1491 11642
1813 24515 1485 11636
1814 24526 1481 11629
1815 24521 1472 11643
1816 24543 1469 11624
1817 24579 1472 11585
1818 24585 1502 11549
1819 24586 1471 11579
1820 24610 1447 11579
1821 24662 1423 11551
1822 24721 1386 11529
1823 24715 1414 11507
1824 24720 1402 11514
1825 24739 1402 11495
1826 24745 1418 11473
1827 24801 1388 11447
1828 24811 1395 11430
1829 24813 1413 11410
1830 24819 1432 11385
1831 24829 1456 11351
1832 24798 1451 11387
1833 24825 1444 11367
1834 24894 1392 11350
1835 24927 1378 11331
1836 24957 1369 11310
1837 24996 1337 11303
1838 25034 1311 11291
1839 25078 1326 11232
1840 25141 1284 11211
1841 25183 1278 11175
1842 25226 1282 11128
1843 25243 1287 11106
1844 25291 1275 11070
1845 25345 1281 11010
1846 25352 1308 10976
1847 25375 1326 10935
1848 25431 1347 10858
1849 25439 1369 10828
1850 25420 1395 10821
1851 25401 1408 10827
1852 25426 1428 10782
1853 25445 1414 10777
1854 25446 1428 10762
1855 25450 1418 10768
1856 25419 1455 10762
1857 25392 1456 10788
1858 25412 1458 10766
1859 25432 1429 10775
1860 25459 1428 10749
1861 25455 1433 10748
1862 25427 1447 10762
1863 25439 1455 10742
1864 25418 1467 10751
1865 25445 1448 10743
1866 25502 1434 10700
1867 25538 1403 10695
1868 25529 1411 10696
1869 25558 1399 10679
1870 25572 1396 10668
1871 25583 1401 10652
1872 25602 1406 10628
1873 25623 1398 10615
1874 25615 1407 10614
1875 25660 1390 10586
1876 25691 1356 10589
1877 25688 1347 10601
1878 25719 1343 10574
1879 25727 1336 10573
1880 25782 1336 10518
1881 25803 1340 10493
1882 25828 1334 10474
1883 25827 1316 10493
1884 25801 1325 10510
1885 25820 1344 10472
1886 25826 1339 10471
1887 25856 1313 10467
1888 25885 1322 10429
1889 25868 1330 10438
1890 25867 1351 10418
1891 25898 1354 10384
1892 25880 1378 10378
1893 25889 1391 10356
1894 25855 1402 10379
1895 25885 1407 10344
1896 25914 1373 10349
1897 25954 1360 10322
1898 25961 1366 10309
1899 25952 1379 10305
1900 25930 1407 10299
1901 25931 1422 10283
1902 25919 1428 10289
1903 25928 1449 10259
1904 25939 1454 10243
1905 25957 1420 10259
1906 25968 1405 10263
1907 25946 1444 10246
1908 25911 1463 10262
1909 25905 1453 10278
1910 25896 1463 10277
1911 25891 1437 10308
1912 25901 1433 10302
1913 25883 1461 10292
1914 25873 1449 10314
1915 25867 1468 10301
1916 25861 1452 10323
1917 25867 1434 10335
1918 25844 1426 10366
1919 25809 1435 10392
1920 25839 1443 10354
1921 25824 1431 10381
1922 25807 1465 10364
1923 25810 1467 10359
1924 25820 1452 10364
1925 25808 1465 10363
1926 25799 1460 10377
1927 25756 1462 10418
1928 25717 1509 10410
1929 25709 1489 10438
1930 25675 1515 10446
1931 25644 1542 10450
1932 25624 1570 10442
1933 25608 1583 10445
1934 25605 1586 10445
1935 25595 1611 10430
1936 25561 1589 10486
1937 25570 1581 10485
1938 25544 1587 10505
1939 25496 1610 10530
1940 25466 1614 10556
1941 25465 1591 10580
1942 25440 1581 10615
1943 25413 1577 10646
1944 25359 1600 10677
1945 25379 1586 10671
1946 25399 1560 10677
1947 25387 1568 10681
1948 25348 1584 10704
1949 25306 1622 10708
1950 25237 1644 10755
1951 25209 1633 10794
1952 25243 1626 10767
1953 25219 1623 10794
1954 25211 1609 10816
1955 25224 1585 10827
1956 25250 1566 10820
1957 25234 1573 10829
1958 25231 1542 10863
1959 25222 1534 10880
1960 25203 1525 10908
1961 25230 1532 10874
1962 25216 1542 10878
1963 25193 1568 10875
1964 25178 1574 10884
1965 25160 1549 10927
1966 25160 1540 10936
1967 25132 1544 10960
1968 25081 1554 11001
1969 25067 1570 10999
1970 25026 1587 11023
1971 24991 1584 11061
1972 24963 1622 11051
1973 24945 1611 11080
1974 24903 1611 11122
1975 24900 1593 11143
1976 24876 1611 11149
1977 24850 1596 11190
1978 24813 1597 11226
1979 24834 1603 11199
1980 24823 1606 11207
1981 24850 1600 11186
1982 24828 1618 11190
1983 24809 1605 11222
1984 24784 1632 11220
1985 24736 1623 11277
1986 24703 1636 11297
1987 24659 1668 11309
1988 24639 1691 11306
1989 24634 1641 11361
1990 24570 1656 11410
1991 24558 1648 11430
1992 24546 1658 11432
1993 24500 1680 11456
1994 24509 1638 11489
1995 24493 1614 11529
1996 24457 1607 11572
1997 24483 1589 11564
1998 24482 1564 11590
1999 24466 1570 11600
2000 24466 1534 11636
2001 24461 1518 11657
2002 24496 1511 11629
2003 24518 1523 11595
2004 24551 1526 11559
2005 24583 1526 11527
2006 24584 1541 11511
2007 24591 1551 11494
2008 24591 1529 11516
2009 24638 1529 11469
2010 24624 1517 11495
2011 24631 1501 11504
2012 24629 1535 11472
2013 24611 1564 11461
2014 24646 1547 11443
2015 24628 1539 11469
2016 24638 1531 11467
2017 24664 1524 11448
2018 24702 1487 11447
2019 24730 1506 11400
2020 24706 1517 11413
2021 24727 1516 11393
2022 24726 1554 11356
2023 24715 1518 11403
2024 24737 1521 11378
2025 24737 1522 11377
2026 24717 1545 11374
2027 24708 1578 11350
2028 24715 1575 11346
2029 24703 1583 11350
2030 24697 1585 11354
2031 24668 1607 11361
2032 24646 1628 11362
2033 24645 1629 11362
2034 24652 1626 11358
2035 24634 1619 11383
2036 24626 1623 11387
2037 24609 1645 11382
2038 24610 1651 11375
2039 24611 1665 11360
2040 24619 1643 11374
2041 24568 1689 11379
2042 24514 1697 11425
2043 24486 1707 11443
2044 24505 1698 11433
2045 24477 1662 11497
2046 24472 1646 11518
2047 24483 1628 11525
2048 24513 1606 11517
2049 24494 1627 11515
2050 24488 1614 11534
2051 24498 1577 11561
2052 24485 1568 11583
2053 24495 1558 11583
2054 24526 1507 11603
2055 24541 1505 11590
2056 24557 1478 11601
2057 24584 1470 11582
2058 24591 1460 11585
2059 24630 1482 11524
2060 24645 1474 11517
2061 24633 1482 11521
2062 24672 1454 11510
2063 24688 1492 11456
2064 24680 1517 11439
2065 24679 1516 11441
2066 24696 1490 11450
2067 24704 1482 11450
2068 24699 1478 11459
2069 24702 1485 11449
2070 24677 1524 11435
2071 24687 1512 11437
2072 24721 1506 11409
2073 24726 1475 11435
2074 24745 1466 11425
2075 24809 1410 11417
2076 24827 1423 11386
2077 24855 1401 11380
2078 24880 1413 11343
2079 24897 1428 11311
2080 24924 1431 11281
2081 24946 1411 11279
2082 24999 1355 11282
2083 25015 1377 11244
2084 24996 1375 11265
2085 24975 1407 11254
2086 24995 1398 11243
2087 25012 1405 11219
2088 25030 1410 11196
2089 25080 1401 11155
2090 25087 1387 11162
2091 25125 1369 11142
2092 25124 1372 11140
2093 25168 1332 11136
2094 25207 1281 11148
2095 25243 1298 11095
2096 25256 1323 11057
2097 25280 1325 11031
2098 25354 1305 10977
2099 25376 1290 10970
2100 25418 1279 10939
2101 25472 1254 10910
2102 25523 1235 10878
2103 25593 1211 10832
2104 25638 1199 10799
2105 25715 1176 10745
2106 25729 1175 10732
2107 25738 1197 10701
2108 25766 1208 10662
2109 25819 1189 10628
2110 25852 1183 10601
2111 25837 1218 10581
2112 25856 1234 10546
2113 25887 1234 10515
2114 25923 1214 10499
2115 25924 1240 10472
2116 25944 1246 10446
2117 25936 1266 10434
2118 25984 1239 10413
2119 25975 1295 10366
2120 25991 1290 10355
2121 26005 1300 10331
2122 26007 1315 10314
2123 26052 1293 10291
2124 26052 1299 10285
2125 26055 1302 10279
2126 26043 1338 10255
2127 26043 1333 10260
2128 26011 1351 10274
2129 25995 1374 10267
2130 25988 1367 10281
2131 25976 1361 10299
2132 25995 1351 10290
2133 26005 1372 10259
2134 25985 1404 10247
2135 25979 1387 10270
2136 25980 1388 10268
2137 25993 1380 10263
2138 25985 1386 10265
2139 25960 1391 10285
2140 25941 1429 10266
2141 25980 1412 10244
2142 25948 1408 10280
2143 25929 1437 10270
2144 25900 1458 10278
2145 25889 1481 10266
2146 25876 1456 10304
2147 25870 1474 10292
2148 25812 1529 10295
2149 25801 1502 10333
2150 25822 1495 10319
2151 25800 1503 10333
2152 25762 1499 10375
2153 25774 1470 10392
2154 25735 1492 10409
2155 25723 1487 10426
2156 25719 1500 10417
2157 25706 1508 10422
2158 25722 1517 10397
2159 25723 1511 10402
2160 25708 1517 10411
2161 25705 1521 10410
2162 25659 1529 10448
2163 25651 1507 10478
2164 25631 1503 10502
2165 25623 1482 10531
2166 25608 1504 10524
2167 25615 1496 10525
2168 25601 1496 10539
2169 25582 1503 10551
2170 25545 1527 10564
2171 25511 1535 10590
2172 25506 1528 10602
2173 25482 1506 10648
2174 25473 1511 10652
2175 25495 1499 10642
2176 25496 1496 10644
2177 25475 1527 10634
2178 25438 1546 10652
2179 25404 1552 10680
2180 25399 1534 10703
2181 25407 1532 10697
2182 25371 1554 10711
2183 25329 1578 10729
2184 25275 1588 10773
2185 25259 1578 10799
2186 25224 1610 10802
2187 25216 1627 10793
2188 25228 1605 10803
2189 25218 1623 10795
2190 25221 1635 10780
2191 25203 1622 10811
2192 25184 1623 10829
2193 25177 1585 10874
2194 25151 1578 10907
2195 25158 1557 10921
2196 25172 1528 10936
2197 25138 1552 10946
2198 25116 1574 10946
2199 25093 1571 10972
2200 25062 1587 10987
2201 25032 1593 11011
2202 25008 1610 11018
2203 25004 1608 11024
2204 24975 1599 11062
2205 24979 1599 11058
2206 24961 1624 11051
2207 24941 1612 11083
2208 24924 1637 11075
2209 24887 1647 11102
2210 24833 1659 11144
2211 24809 1645 11182
2212 24715 1685 11236
2213 24719 1673 11244
2214 24715 1689 11232
2215 24692 1668 11276
2216 24684 1665 11287
2217 24704 1620 11312
2218 24689 1610 11337
2219 24735 1594 11307
2220 24701 1586 11349
2221 24711 1575 11350
2222 24740 1562 11334
2223 24710 1573 11353
2224 24693 1603 11340
2225 24673 1615 11348
2226 24657 1576 11403
2227 24655 1592 11389
2228 24671 1584 11381
2229 24688 1585 11363
2230 24695 1577 11364
2231 24672 1599 11365
2232 24694 1609 11333
2233 24662 1647 11327
2234 24650 1629 11357
2235 24657 1630 11349
2236 24645 1637 11354
2237 24610 1657 11369
2238 24590 1672 11374
2239 24580 1683 11373
2240 24555 1695 11386
2241 24545 1677 11414
2242 24526 1671 11439
2243 24532 1643 11461
2244 24543 1626 11467
2245 24562 1604 11470
2246 24579 1599 11458
2247 24587 1562 11487
2248 24605 1554 11477
2249 24631 1537 11468
2250 24623 1523 11490
2251 24638 1525 11473
2252 24637 1521 11478
2253 24633 1535 11468
2254 24617 1561 11458
2255 24600 1570 11466
2256 24582 1600 11454
2257 24596 1584 11456
2258 24609 1578 11449
2259 24621 1575 11440
2260 24591 1589 11456
2261 24568 1601 11467
2262 24558 1590 11488
2263 24546 1581 11509
2264 24561 1526 11549
2265 24560 1534 11542
2266 24562 1541 11533
2267 24596 1525 11515
2268 24587 1523 11526
2269 24593 1519 11524
2270 24574 1531 11531
2271 24525 1534 11577
2272 24559 1489 11588
2273 24597 1503 11536
2274 24629 1499 11508
2275 24640 1509 11487
2276 24616 1543 11477
2277 24594 1557 11485
2278 24584 1561 11491
2279 24588 1570 11478
2280 24592 1576 11468
2281 24582 1574 11480
2282 24617 1571 11448
2283 24636 1546 11454
2284 24652 1544 11440
2285 24697 1524 11415
2286 24701 1516 11419
2287 24711 1486 11439
2288 24739 1486 11411
2289 24739 1487 11410
2290 24746 1482 11408
2291 24709 1507 11420
2292 24735 1474 11427
2293 24714 1489 11433
2294 24700 1518 11418
2295 24733 1525 11378
2296 24755 1542 11339
2297 24756 1527 11353
2298 24725 1568 11343
2299 24735 1552 11349
2300 24713 1551 11372
2301 24719 1551 11366
2302 24665 1576 11395
2303 24651 1565 11420
2304 24658 1568 11410
2305 24653 1572 11411
2306 24622 1572 11442
2307 24646 1583 11407
2308 24647 1561 11428
2309 24679 1576 11381
2310 24705 1561 11370
2311 24673 1585 11378
2312 24644 1590 11402
2313 24639 1577 11420
2314 24677 1584 11375
2315 24651 1602 11383
2316 24628 1590 11418
2317 24599 1602 11435
2318 24633 1585 11418
2319 24642 1566 11428
2320 24673 1542 11421
2321 24669 1548 11419
2322 24681 1547 11408
2323 24668 1576 11392
2324 24674 1545 11417
2325 24678 1516 11442
2326 24678 1506 11452
2327 24710 1472 11454
2328 24738 1418 11480
2329 24785 1392 11459
2330 24793 1361 11482
2331 24818 1363 11455
2332 24887 1338 11411
2333 24931 1321 11384
2334 24941 1334 11361
2335 24949 1334 11353
2336 24992 1322 11322
2337 25001 1335 11300
2338 25052 1288 11296
2339 25085 1278 11273
2340 25161 1252 11223
2341 25152 1281 11203
2342 25197 1264 11175
2343 25274 1249 11113
2344 25319 1263 11054
2345 25359 1255 11022
2346 25389 1234 11013
2347 25464 1206 10966
2348 25541 1167 10928
2349 25595 1166 10875
2350 25654 1166 10816
2351 25683 1167 10786
2352 25735 1141 10760
2353 25772 1149 10715
2354 25782 1149 10705
2355 25825 1139 10672
2356 25880 1140 10616
2357 25924 1119 10593
2358 25994 1112 10530
2359 26043 1118 10475
2360 26106 1108 10422
2361 26151 1120 10365
2362 26201 1129 10306
2363 26242 1120 10274
2364 26320 1099 10217
2365 26341 1087 10208
2366 26373 1083 10180
2367 26406 1108 10122
2368 26466 1096 10074
2369 26510 1094 10032
2370 26560 1087 9989
2371 26628 1081 9927
2372 26657 1072 9907
2373 26724 1076 9836
2374 26767 1077 9792
2375 26800 1095 9741
2376 26842 1072 9722
2377 26874 1091 9671
2378 26911 1097 9628
2379 26950 1111 9575
2380 26972 1117 9547
2381 26993 1137 9506
2382 27015 1141 9480
2383 26996 1162 9478
2384 26978 1180 9478
2385 26947 1221 9468
2386 26922 1206 9508
2387 26907 1235 9494
2388 26879 1256 9501
2389 26863 1256 9517
2390 26846 1264 9526
2391 26792 1306 9538
2392 26774 1330 9532
2393 26754 1339 9543
2394 26724 1350 9562
2395 26701 1358 9577
2396 26696 1360 9580
2397 26730 1341 9565
2398 26710 1349 9577
2399 26656 1389 9591
2400 26611 1401 9624
2401 26553 1436 9647
2402 26547 1411 9678
2403 26478 1443 9715
2404 26461 1445 9730
2405 26439 1442 9755
2406 26418 1419 9799
2407 26407 1410 9819
2408 26350 1445 9841
2409 26341 1459 9836
2410 26296 1495 9845
2411 26277 1502 9857
2412 26226 1510 9900
2413 26192 1511 9933
2414 26171 1476 9989
2415 26165 1462 10009
2416 26117 1498 10021
2417 26099 1503 10034
2418 26095 1497 10044
2419 26075 1490 10071
2420 26036 1486 10114
2421 25985 1513 10138
2422 25971 1513 10152
2423 25953 1503 10180
2424 25910 1530 10196
2425 25930 1518 10188
2426 25876 1532 10228
2427 25784 1554 10298
2428 25735 1575 10326
2429 25693 1590 10353
2430 25674 1578 10384
2431 25648 1579 10409
2432 25588 1571 10477
2433 25559 1589 10488
2434 25563 1591 10482
2435 25534 1599 10503
2436 25539 1601 10496
2437 25490 1626 10520
2438 25468 1613 10555
2439 25466 1609 10561
2440 25467 1608 10561
2441 25442 1577 10617
2442 25410 1581 10645
2443 25380 1590 10666
2444 25377 1568 10691
2445 25359 1572 10705
2446 25341 1554 10741
2447 25354 1522 10760
2448 25310 1547 10779
2449 25282 1526 10828
2450 25275 1519 10842
2451 25301 1490 10845
2452 25301 1479 10856
2453 25286 1498 10852
2454 25268 1506 10862
2455 25246 1520 10870
2456 25242 1536 10858
2457 25237 1526 10873
2458 25223 1522 10891
2459 25220 1509 10907
2460 25229 1513 10894
2461 25241 1503 10892
2462 25253 1497 10886
2463 25316 1459 10861
2464 25316 1427 10893
2465 25345 1432 10859
2466 25357 1455 10824
2467 25387 1423 10826
2468 25394 1447 10795
2469 25366 1481 10789
2470 25344 1532 10760
2471 25361 1502 10773
2472 25332 1520 10784
2473 25336 1513 10787
2474 25313 1556 10767
2475 25306 1568 10762
2476 25307 1565 10764
2477 25293 1586 10757
2478 25302 1594 10740
2479 25254 1591 10791
2480 25248 1601 10787
2481 25219 1605 10812
2482 25192 1588 10856
2483 25158 1593 10885
2484 25088 1612 10936
2485 25055 1625 10956
2486 24989 1670 10977
2487 24982 1672 10982
2488 24958 1657 11021
2489 24938 1693 11005
2490 24920 1707 11009
2491 24890 1690 11056
2492 24893 1671 11072
2493 24850 1673 11113
2494 24843 1644 11149
2495 24799 1629 11208
2496 24795 1620 11221
2497 24812 1624 11200
2498 24847 1586 11203
2499 24822 1580 11234
2500 24807 1581 11248
2501 24785 1578 11273
2502 24785 1535 11316
2503 24774 1533 11329
2504 24828 1480 11328
2505 24846 1495 11295
2506 24900 1473 11263
2507 24888 1483 11265
2508 24864 1506 11266
2509 24845 1517 11274
2510 24881 1507 11248
2511 24878 1507 11251
2512 24894 1499 11243
2513 24887 1497 11252
2514 24897 1512 11227
2515 24901 1505 11230
2516 24883 1515 11238
2517 24894 1489 11253
2518 24872 1517 11247
2519 24876 1509 11251
2520 24856 1500 11280
2521 24878 1510 11248
2522 24867 1512 11257
2523 24834 1519 11283
2524 24868 1473 11295
2525 24850 1494 11292
2526 24887 1463 11286
2527 24913 1447 11276
2528 24899 1453 11284
2529 24936 1443 11257
2530 24978 1479 11179
2531 24985 1501 11150
2532 25007 1516 11113
2533 24990 1523 11123
2534 24970 1535 11131
2535 25021 1508 11107
2536 25017 1483 11136
2537 25036 1494 11106
2538 25063 1484 11089
2539 25094 1511 11031
2540 25065 1522 11049
2541 25046 1522 11068
2542 25046 1524 11066
2543 25067 1531 11038
2544 25065 1542 11029
2545 25053 1569 11014
2546 25019 1559 11058
2547 25022 1538 11076
2548 25033 1528 11075
2549 25010 1532 11094
2550 24970 1543 11123
2551 24974 1545 11117
2552 25002 1522 11112
2553 25017 1517 11102
2554 25020 1495 11121
2555 24991 1497 11148
2556 25018 1458 11160
2557 25042 1432 11162
2558 25104 1426 11106
2559 25099 1420 11117
2560 25129 1406 11101
2561 25182 1384 11070
2562 25208 1395 11033
2563 25211 1396 11029
2564 25214 1426 10996
2565 25202 1415 11019
2566 25216 1417 11003
2567 25239 1413 10984
2568 25267 1415 10954
2569 25269 1440 10927
2570 25280 1466 10890
2571 25282 1493 10861
2572 25254 1508 10874
2573 25269 1498 10869
2574 25284 1479 10873
2575 25279 1470 10887
2576 25276 1454 10906
2577 25291 1452 10893
2578 25270 1460 10906
2579 25303 1413 10920
2580 25323 1391 10922
2581 25337 1373 10926
2582 25379 1344 10913
2583 25417 1326 10893
2584 25422 1345 10869
2585 25437 1336 10863
2586 25430 1366 10840
2587 25432 1376 10828
2588 25445 1367 10824
2589 25457 1352 10827
2590 25455 1383 10798
2591 25477 1377 10782
2592 25534 1368 10734
2593 25540 1397 10699
2594 25549 1399 10688
2595 25582 1385 10669
2596 25590 1390 10656
2597 25603 1400 10633
2598 25613 1435 10588
2599 25632 1452 10552
2600 25624 1439 10573
2601 25627 1455 10554
2602 25678 1433 10525
2603 25694 1427 10515
2604 25699 1419 10518
2605 25715 1413 10508
2606 25705 1423 10508
2607 25689 1419 10528
2608 25688 1414 10534
2609 25693 1400 10543
2610 25688 1389 10559
2611 25709 1371 10556
2612 25721 1390 10525
2613 25723 1382 10531
2614 25707 1368 10561
2615 25697 1368 10571
2616 25722 1384 10530
2617 25690 1379 10567
2618 25702 1366 10568
2619 25739 1363 10534
2620 25742 1353 10541
2621 25782 1367 10487
2622 25772 1351 10513
2623 25810 1320 10506
2624 25812 1332 10492
2625 25830 1298 10508
2626 25836 1303 10497
2627 25847 1295 10494
2628 25885 1294 10457
2629 25894 1289 10453
2630 25931 1273 10432
2631 25950 1278 10408
2632 26005 1286 10345
2633 26025 1282 10329
2634 26069 1285 10282
2635 26065 1303 10268
2636 26102 1289 10245
2637 26129 1286 10221
2638 26158 1304 10174
2639 26170 1313 10153
2640 26172 1333 10131
2641 26132 1370 10134
2642 26140 1397 10099
2643 26147 1392 10097
2644 26152 1402 10082
2645 26159 1375 10102
2646 26171 1375 10090
2647 26184 1342 10110
2648 26165 1381 10090
2649 26140 1395 10101
2650 26177 1368 10091
2651 26233 1343 10060
2652 26244 1321 10071
2653 26267 1277 10092
2654 26272 1293 10071
2655 26239 1310 10087
2656 26223 1314 10099
2657 26220 1313 10103
2658 26213 1310 10113
2659 26206 1313 10117
2660 26176 1332 10128
2661 26210 1299 10127
2662 26185 1335 10116
2663 26220 1320 10096
2664 26248 1289 10099
2665 26253 1310 10073
2666 26286 1323 10027
2667 26253 1347 10036
2668 26233 1339 10064
2669 26206 1373 10057
2670 26190 1388 10058
2671 26195 1404 10037
2672 26195 1424 10017
2673 26187 1417 10032
2674 26203 1439 9994
2675 26204 1447 9985
2676 26164 1460 10012
2677 26143 1466 10027
2678 26112 1486 10038
2679 26095 1514 10027
2680 26077 1496 10063
2681 26076 1485 10075
2682 26081 1475 10080
2683 26115 1461 10060
2684 26106 1447 10083
2685 26079 1470 10087
2686 26066 1429 10141
2687 26070 1418 10148
2688 26075 1428 10133
2689 26067 1445 10124
2690 26050 1435 10151
2691 26069 1407 10160
2692 26064 1410 10162
2693 26063 1413 10160
2694 26035 1405 10196
2695 26036 1437 10163
2696 26005 1463 10168
2697 26001 1428 10207
2698 25995 1417 10224
2699 26000 1389 10247
2700 26050 1377 10209
2701 26018 1399 10219
2702 25985 1404 10247
2703 25995 1408 10233
2704 26033 1370 10233
2705 26018 1368 10250
2706 26024 1383 10229
2707 26017 1411 10208
2708 26016 1375 10245
2709 26036 1370 10230
2710 26048 1381 10207
2711 26024 1407 10205
2712 26012 1420 10204
2713 26011 1416 10209
2714 26001 1424 10211
2715 25980 1422 10234
2716 25973 1409 10254
2717 25982 1410 10244
2718 25927 1436 10273
2719 25940 1434 10262
2720 25908 1460 10268
2721 25902 1469 10265
2722 25878 1437 10321
2723 25865 1435 10336
2724 25849 1436 10351
2725 25819 1468 10349
2726 25834 1471 10331
2727 25838 1466 10332
2728 25798 1476 10362
2729 25812 1468 10356
2730 25791 1441 10404
2731 25788 1431 10417
2732 25780 1425 10431
2733 25809 1443 10384
2734 25786 1454 10396
2735 25754 1475 10407
2736 25781 1442 10413
2737 25776 1461 10399
2738 25751 1461 10424
2739 25718 1460 10458
2740 25739 1468 10429
2741 25696 1503 10437
2742 25631 1512 10493
2743 25613 1521 10502
2744 25599 1536 10501
2745 25554 1531 10551
2746 25517 1524 10595
2747 25490 1523 10623
2748 25420 1544 10672
2749 25411 1529 10696
2750 25416 1529 10691
2751 25386 1527 10723
2752 25387 1521 10728
2753 25368 1523 10745
2754 25365 1528 10743
2755 25383 1550 10703
2756 25320 1561 10755
2757 25313 1550 10773
2758 25316 1536 10784
2759 25324 1544 10768
2760 25310 1537 10789
2761 25274 1555 10807
2762 25229 1551 10856
2763 25189 1568 10879
2764 25199 1536 10901
2765 25182 1521 10933
2766 25147 1508 10981
2767 25145 1526 10965
2768 25121 1514 11001
2769 25114 1484 11038
2770 25117 1497 11022
2771 25159 1484 10993
2772 25170 1465 11001
2773 25206 1446 10984
2774 25196 1430 11010
2775 25224 1387 11025
2776 25211 1401 11024
2777 25237 1407 10992
2778 25262 1388 10986
2779 25291 1381 10964
2780 25329 1376 10931
2781 25330 1369 10937
2782 25368 1340 10928
2783 25372 1357 10907
2784 25351 1377 10908
2785 25358 1389 10889
2786 25356 1398 10882
2787 25404 1369 10863
2788 25412 1399 10825
2789 25450 1384 10802
2790 25442 1371 10823
2791 25448 1407 10781
2792 25476 1400 10760
2793 25510 1410 10716
2794 25505 1432 10699
2795 25532 1416 10688
2796 25553 1412 10671
2797 25526 1439 10671
2798 25499 1443 10694
2799 25445 1485 10706
2800 25464 1472 10700
2801 25460 1490 10686
2802 25422 1523 10691
2803 25391 1516 10729
2804 25414 1518 10704
2805 25406 1497 10733
2806 25388 1488 10760
2807 25391 1451 10794
2808 25342 1505 10789
2809 25347 1459 10830
2810 25363 1468 10805
2811 25377 1461 10798
2812 25399 1435 10802
2813 25413 1432 10791
2814 25424 1425 10787
2815 25437 1387 10812
2816 25438 1382 10816
2817 25441 1403 10792
2818 25467 1394 10775
2819 25477 1398 10761
2820 25502 1362 10772
2821 25529 1359 10748
2822 25522 1359 10755
2823 25520 1364 10752
2824 25545 1388 10703
2825 25540 1412 10684
2826 25548 1393 10695
2827 25554 1400 10682
2828 25553 1394 10689
2829 25632 1385 10619
2830 25603 1385 10648
2831 25591 1380 10665
2832 25598 1421 10617
2833 25576 1433 10627
2834 25581 1454 10601
2835 25573 1471 10592
2836 25558 1503 10575
2837 25563 1509 10564
2838 25535 1507 10594
2839 25495 1522 10619
2840 25507 1487 10642
2841 25528 1510 10598
2842 25535 1494 10607
2843 25514 1455 10667
2844 25520 1456 10660
2845 25522 1463 10651
2846 25505 1490 10641
2847 25484 1453 10699
2848 25483 1449 10704
2849 25506 1448 10682
2850 25516 1468 10652
2851 25534 1475 10627
2852 25553 1448 10635
2853 25538 1455 10643
2854 25528 1449 10659
2855 25539 1455 10642
2856 25511 1465 10660
2857 25512 1454 10670
2858 25498 1457 10681
2859 25495 1437 10704
2860 25502 1416 10718
2861 25513 1429 10694
2862 25496 1451 10689
2863 25491 1464 10681
2864 25494 1471 10671
2865 25505 1463 10668
2866 25519 1448 10669
2867 25534 1448 10654
2868 25523 1446 10667
2869 25513 1471 10652
2870 25529 1473 10634
2871 25523 1473 10640
2872 25545 1450 10641
2873 25578 1441 10617
2874 25532 1484 10620
2875 25536 1502 10598
2876 25565 1478 10593
2877 25557 1476 10603
2878 25553 1460 10623
2879 25580 1447 10609
2880 25579 1417 10640
2881 25565 1434 10637
2882 25576 1425 10635
2883 25603 1413 10620
2884 25614 1412 10610
2885 25645 1408 10583
2886 25724 1368 10544
2887 25725 1350 10561
2888 25736 1369 10531
2889 25754 1379 10503
2890 25742 1389 10505
2891 25778 1378 10480
2892 25790 1387 10459
2893 25790 1373 10473
2894 25772 1388 10476
2895 25792 1381 10463
2896 25808 1389 10439
2897 25832 1385 10419
2898 25855 1381 10400
2899 25878 1353 10405
2900 25896 1341 10399
2901 25934 1327 10375
2902 25971 1316 10349
2903 25985 1290 10361
2904 26023 1279 10334
2905 26041 1279 10316
2906 26018 1297 10321
2907 26028 1299 10309
2908 26041 1308 10287
2909 26029 1291 10316
2910 26063 1299 10274
2911 26055 1323 10258
2912 26067 1292 10277
2913 26088 1281 10267
2914 26091 1297 10248
2915 26119 1273 10244
2916 26142 1270 10224
2917 26169 1273 10194
2918 26179 1266 10191
2919 26189 1254 10193
2920 26207 1258 10171
2921 26236 1285 10115
2922 26214 1331 10091
2923 26211 1337 10088
2924 26197 1321 10118
2925 26186 1324 10126
2926 26152 1325 10159
2927 26123 1355 10158
2928 26154 1336 10146
2929 26175 1334 10127
2930 26209 1313 10114
2931 26247 1305 10084
2932 26256 1318 10062
2933 26244 1308 10084
2934 26260 1336 10040
2935 26246 1345 10045
2936 26251 1375 10010
2937 26237 1396 10003
2938 26239 1387 10010
2939 26197 1388 10051
2940 26213 1380 10043
2941 26179 1355 10102
2942 26169 1349 10118
2943 26158 1347 10131
2944 26155 1361 10120
2945 26128 1347 10161
2946 26111 1359 10166
2947 26108 1374 10154
2948 26109 1403 10124
2949 26110 1383 10143
2950 26083 1392 10161
2951 26059 1428 10149
2952 26038 1421 10177
2953 25999 1439 10198
2954 25959 1455 10222
2955 25921 1477 10238
2956 25893 1484 10259
2957 25911 1475 10250
2958 25915 1486 10235
2959 25880 1511 10245
2960 25866 1548 10222
2961 25850 1558 10228
2962 25802 1558 10276
2963 25781 1562 10293
2964 25760 1544 10332
2965 25690 1616 10330
2966 25657 1609 10370
2967 25644 1606 10386
2968 25638 1600 10398
2969 25584 1596 10456
2970 25557 1556 10523
2971 25543 1561 10532
2972 25550 1536 10550
2973 25493 1564 10579
2974 25454 1587 10595
2975 25454 1622 10560
2976 25409 1652 10575
2977 25356 1673 10607
2978 25295 1670 10671
2979 25208 1704 10724
2980 25140 1730 10766
2981 25076 1730 10830
2982 25010 1747 10879
2983 24968 1718 10950
2984 24928 1715 10993
2985 24935 1730 10971
2986 24901 1720 11015
2987 24902 1716 11018
2988 24907 1692 11037
2989 24882 1695 11059
2990 24828 1705 11103
2991 24790 1690 11156
2992 24748 1706 11182
2993 24750 1692 11194
2994 24744 1713 11179
2995 24710 1721 11205
2996 24691 1706 11239
2997 24649 1713 11274
2998 24649 1690 11297
2999 24638 1695 11303
