0 37635 1 0
1 37635 1 0
2 37635 1 0
3 37633 3 0
4 37633 2 1
5 37633 2 1
6 37632 3 1
7 37631 3 2
8 37630 4 2
9 37629 4 3
10 37629 4 3
11 37629 4 3
12 37629 4 3
13 37627 6 3
14 37626 6 4
15 37625 7 4
16 37626 7 3
17 37622 9 5
18 37619 7 10
19 37618 7 11
20 37616 7 13
21 37614 9 13
22 37614 7 15
23 37615 6 15
24 37613 8 15
25 37614 7 15
26 37609 11 16
27 37607 12 17
28 37607 9 20
29 37604 10 22
30 37597 13 26
31 37594 14 28
32 37592 15 29
33 37591 12 33
34 37589 15 32
35 37588 15 33
36 37583 19 34
37 37580 21 35
38 37578 21 37
39 37578 21 37
40 37570 26 40
41 37565 28 43
42 37556 31 49
43 37549 35 52
44 37543 39 54
45 37530 41 65
46 37526 44 66
47 37518 46 72
48 37511 43 82
49 37509 41 86
50 37505 41 90
51 37502 40 94
52 37501 36 99
53 37497 36 103
54 37494 37 105
55 37493 31 112
56 37484 34 118
57 37479 34 123
58 37482 30 124
59 37481 30 125
60 37482 30 124
61 37481 31 124
62 37479 34 123
63 37478 31 127
64 37478 26 132
65 37473 31 132
66 37468 34 134
67 37465 36 135
68 37464 33 139
69 37464 34 138
70 37465 33 138
71 37460 36 140
72 37456 37 143
73 37451 35 150
74 37444 39 153
75 37437 43 156
76 37440 36 160
77 37437 31 168
78 37433 33 170
79 37432 30 174
80 37428 34 174
81 37435 32 169
82 37435 31 170
83 37432 31 173
84 37434 26 176
85 37434 25 177
86 37434 23 179
87 37432 24 180
88 37434 26 176
89 37436 25 175
90 37440 22 174
91 37437 24 175
92 37439 19 178
93 37437 19 180
94 37435 19 182
95 37434 17 185
96 37434 20 182
97 37438 18 180
98 37439 17 180
99 37443 17 176
100 37442 17 177
101 37445 16 175
102 37442 17 177
103 37439 20 177
104 37444 18 174
105 37444 20 172
106 37445 18 173
107 37447 17 172
108 37448 19 169
109 37451 19 166
110 37450 19 167
111 37448 19 169
112 37447 19 170
113 37446 20 170
114 37450 18 168
115 37451 19 166
116 37451 21 164
117 37446 26 164
118 37446 27 163
119 37447 24 165
120 37449 21 166
121 37449 22 165
122 37450 20 166
123 37450 17 169
124 37451 17 168
125 37452 18 166
126 37454 17 165
127 37458 10 168
128 37462 11 163
129 37460 14 162
130 37464 12 160
131 37463 10 163
132 37467 9 160
133 37473 8 155
134 37474 9 153
135 37475 9 152
136 37476 8 152
137 37477 7 152
138 37477 9 150
139 37480 8 148
140 37486 8 142
141 37485 9 142
142 37485 9 142
143 37490 10 136
144 37488 11 137
145 37491 7 138
146 37491 7 138
147 37490 7 139
148 37488 10 138
149 37484 13 139
150 37482 11 143
151 37485 9 142
152 37484 8 144
153 37490 7 139
154 37489 8 139
155 37490 6 140
156 37496 6 134
157 37493 8 135
158 37498 7 131
159 37501 6 129
160 37502 6 128
161 37503 6 127
162 37507 7 122
163 37508 6 122
164 37510 6 120
165 37511 6 119
166 37511 7 118
167 37509 9 118
168 37511 9 116
169 37512 8 116
170 37509 8 119
171 37509 8 119
172 37508 9 119
173 37510 7 119
174 37509 6 121
175 37510 6 120
176 37512 5 119
177 37513 4 119
178 37516 3 117
179 37517 2 117
180 37518 3 115
181 37520 3 113
182 37521 2 113
183 37519 3 114
184 37520 3 113
185 37520 3 113
186 37520 3 113
187 37523 3 110
188 37526 2 108
189 37529 2 105
190 37532 1 103
191 37533 2 101
192 37537 1 98
193 37539 1 96
194 37541 1 94
195 37541 2 93
196 37542 3 91
197 37545 3 88
198 37548 4 84
199 37550 3 83
200 37550 2 84
201 37552 2 82
202 37552 4 80
203 37552 5 79
204 37549 7 80
205 37549 8 79
206 37549 11 76
207 37547 15 74
208 37544 17 75
209 37545 14 77
210 37545 14 77
211 37543 14 79
212 37543 14 79
213 37543 14 79
214 37542 17 77
215 37538 20 78
216 37537 19 80
217 37536 19 81
218 37537 17 82
219 37534 18 84
220 37533 21 82
221 37534 21 81
222 37532 21 83
223 37533 20 83
224 37534 17 85
225 37531 19 86
226 37531 18 87
227 37532 18 86
228 37532 15 89
229 37534 17 85
230 37535 17 84
231 37535 16 85
232 37532 15 89
233 37531 17 88
234 37532 16 88
235 37530 17 89
236 37532 13 91
237 37529 15 92
238 37531 14 91
239 37532 13 91
240 37529 15 92
241 37530 13 93
242 37533 12 91
243 37531 15 90
244 37526 18 92
245 37526 17 93
246 37520 22 94
247 37518 20 98
248 37513 20 103
249 37511 23 102
250 37509 23 104
251 37512 20 104
252 37511 18 107
253 37513 17 106
254 37514 13 109
255 37518 12 106
256 37519 11 106
257 37519 13 104
258 37519 10 107
259 37520 10 106
260 37520 9 107
261 37518 12 106
262 37513 16 107
263 37518 17 101
264 37518 15 103
265 37519 17 100
266 37520 19 97
267 37518 21 97
268 37518 21 97
269 37514 23 99
270 37514 27 95
271 37506 31 99
272 37505 31 100
273 37505 30 101
274 37501 33 102
275 37492 36 108
276 37488 36 112
277 37485 38 113
278 37480 41 115
279 37475 41 120
280 37463 52 121
281 37457 59 120
282 37447 62 127
283 37444 60 132
284 37442 53 141
285 37438 58 140
286 37433 56 147
287 37427 57 152
288 37420 56 160
289 37418 50 168
290 37412 54 170
291 37407 53 176
292 37401 55 180
293 37401 51 184
294 37395 52 189
295 37396 49 191
296 37388 55 193
297 37384 56 196
298 37373 60 203
299 37370 65 201
300 37363 70 203
301 37358 69 209
302 37349 70 217
303 37336 81 219
304 37326 83 227
305 37313 94 229
306 37303 94 239
307 37289 97 250
308 37283 90 263
309 37276 83 277
310 37261 86 289
311 37250 95 291
312 37241 90 305
313 37234 85 317
314 37227 84 325
315 37221 84 331
316 37219 78 339
317 37212 74 350
318 37216 76 344
319 37213 71 352
320 37203 75 358
321 37192 83 361
322 37187 84 365
323 37173 89 374
324 37165 86 385
325 37156 83 397
326 37147 87 402
327 37139 93 404
328 37137 92 407
329 37133 84 419
330 37132 80 424
331 37124 77 435
332 37111 84 441
333 37104 89 443
334 37102 92 442
335 37088 100 448
336 37079 92 465
337 37076 86 474
338 37063 93 480
339 37058 96 482
340 37052 93 491
341 37043 95 498
342 37043 100 493
343 37035 102 499
344 37035 104 497
345 37029 108 499
346 37027 101 508
347 37019 98 519
348 37016 98 522
349 37014 91 531
350 37014 84 538
351 37014 84 538
352 37016 85 535
353 37017 81 538
354 37028 78 530
355 37029 78 529
356 37029 77 530
357 37024 77 535
358 37039 69 528
359 37036 67 533
360 37043 64 529
361 37043 65 528
362 37048 64 524
363 37050 63 523
364 37044 67 525
365 37046 62 528
366 37039 69 528
367 37049 64 523
368 37050 65 521
369 37048 63 525
370 37043 70 523
371 37046 73 517
372 37041 76 519
373 37046 73 517
374 37047 65 524
375 37047 59 530
376 37052 62 522
377 37055 60 521
378 37056 59 521
379 37060 57 519
380 37063 57 516
381 37058 58 520
382 37063 57 516
383 37060 62 514
384 37062 61 513
385 37060 60 516
386 37063 64 509
387 37059 65 512
388 37067 61 508
389 37056 68 512
390 37061 66 509
391 37067 66 503
392 37070 67 499
393 37078 65 493
394 37082 66 488
395 37086 61 489
396 37084 56 496
397 37084 58 494
398 37091 60 485
399 37093 55 488
400 37097 53 486
401 37102 50 484
402 37107 47 482
403 37101 48 487
404 37105 42 489
405 37108 42 486
406 37112 43 481
407 37113 42 481
408 37110 48 478
409 37114 49 473
410 37115 48 473
411 37116 51 469
412 37119 48 469
413 37119 58 459
414 37119 58 459
415 37124 53 459
416 37127 51 458
417 37130 48 458
418 37132 45 459
419 37135 43 458
420 37141 45 450
421 37150 47 439
422 37155 49 432
423 37160 50 426
424 37160 48 428
425 37157 47 432
426 37154 53 429
427 37157 51 428
428 37160 50 426
429 37162 51 423
430 37166 46 424
431 37171 47 418
432 37166 51 419
433 37167 53 416
434 37173 47 416
435 37171 46 419
436 37178 44 414
437 37182 42 412
438 37181 49 406
439 37182 47 407
440 37187 41 408
441 37187 43 406
442 37192 41 403
443 37196 42 398
444 37193 47 396
445 37188 45 403
446 37190 41 405
447 37196 35 405
448 37192 39 405
449 37193 37 406
450 37199 35 402
451 37200 32 404
452 37205 31 400
453 37204 30 402
454 37204 30 402
455 37210 28 398
456 37217 26 393
457 37221 25 390
458 37227 28 381
459 37236 26 374
460 37241 29 366
461 37239 29 368
462 37239 31 366
463 37239 33 364
464 37241 38 357
465 37243 39 354
466 37239 45 352
467 37234 47 355
468 37231 54 351
469 37233 46 357
470 37238 41 357
471 37237 42 357
472 37237 44 355
473 37238 45 353
474 37238 45 353
475 37239 44 353
476 37241 46 349
477 37245 48 343
478 37247 51 338
479 37250 54 332
480 37245 57 334
481 37247 61 328
482 37239 70 327
483 37239 66 331
484 37232 66 338
485 37235 66 335
486 37234 60 342
487 37225 59 352
488 37230 57 349
489 37231 55 350
490 37227 52 357
491 37227 50 359
492 37234 50 352
493 37242 50 344
494 37239 50 347
495 37235 50 351
496 37227 55 354
497 37227 56 353
498 37228 57 351
499 37224 58 354
500 37218 66 352
501 37217 64 355
502 37208 69 359
503 37196 73 367
504 37194 75 367
505 37190 82 364
506 37175 89 372
507 37169 92 375
508 37160 95 381
509 37154 90 392
510 37151 89 396
511 37141 94 401
512 37139 97 400
513 37121 103 412
514 37114 107 415
515 37107 99 430
516 37091 111 434
517 37080 113 443
518 37079 110 447
519 37060 128 448
520 37046 136 454
521 37032 128 476
522 37028 125 483
523 37014 126 496
524 37013 119 504
525 37008 119 509
526 36999 121 516
527 36997 123 516
528 36994 119 523
529 36991 112 533
530 36991 106 539
531 36982 107 547
532 36972 107 557
533 36966 115 555
534 36957 122 557
535 36947 122 567
536 36948 128 560
537 36932 132 572
538 36928 124 584
539 36922 125 589
540 36916 121 599
541 36909 118 609
542 36902 122 612
543 36899 127 610
544 36885 132 619
545 36878 125 633
546 36880 117 639
547 36869 115 652
548 36862 115 659
549 36862 117 657
550 36859 123 654
551 36851 134 651
552 36832 137 667
553 36820 137 679
554 36816 140 680
555 36810 138 688
556 36811 136 689
557 36803 138 695
558 36801 137 698
559 36793 145 698
560 36790 132 714
561 36788 130 718
562 36775 138 723
563 36764 135 737
564 36754 142 740
565 36747 132 757
566 36726 144 766
567 36711 142 783
568 36706 143 787
569 36698 150 788
570 36701 151 784
571 36693 155 788
572 36683 162 791
573 36671 172 793
574 36661 160 815
575 36654 164 818
576 36638 174 824
577 36625 169 842
578 36620 179 837
579 36611 184 841
580 36591 193 852
581 36574 199 863
582 36558 198 880
583 36546 198 892
584 36546 198 892
585 36543 197 896
586 36538 191 907
587 36528 194 914
588 36513 203 920
589 36505 186 945
590 36507 183 946
591 36506 186 944
592 36513 172 951
593 36514 161 961
594 36508 158 970
595 36506 156 974
596 36485 162 989
597 36485 158 993
598 36461 164 1011
599 36452 170 1014
600 36446 182 1008
601 36433 182 1021
602 36423 186 1027
603 36420 190 1026
604 36401 204 1031
605 36378 204 1054
606 36377 201 1058
607 36376 200 1060
608 36366 208 1062
609 36347 225 1064
610 36326 233 1077
611 36315 232 1089
612 36291 249 1096
613 36280 240 1116
614 36270 232 1134
615 36265 235 1136
616 36264 229 1143
617 36257 223 1156
618 36236 226 1174
619 36242 217 1177
620 36240 233 1163
621 36234 213 1189
622 36230 211 1195
623 36207 211 1218
624 36201 210 1225
625 36201 203 1232
626 36200 201 1235
627 36187 190 1259
628 36177 191 1268
629 36191 173 1272
630 36201 169 1266
631 36216 157 1263
632 36221 148 1267
633 36220 146 1270
634 36233 149 1254
635 36241 154 1241
636 36250 148 1238
637 36265 145 1226
638 36268 139 1229
639 36257 144 1235
640 36257 137 1242
641 36267 124 1245
642 36270 122 1244
643 36272 112 1252
644 36283 115 1238
645 36284 114 1238
646 36293 121 1222
647 36303 123 1210
648 36305 119 1212
649 36314 124 1198
650 36329 115 1192
651 36339 114 1183
652 36355 110 1171
653 36353 116 1167
654 36347 123 1166
655 36352 126 1158
656 36359 122 1155
657 36363 112 1161
658 36360 115 1161
659 36367 111 1158
660 36379 108 1149
661 36389 106 1141
662 36404 103 1129
663 36417 94 1125
664 36418 98 1120
665 36424 96 1116
666 36442 88 1106
667 36446 91 1099
668 36456 93 1087
669 36471 98 1067
670 36475 105 1056
671 36474 103 1059
672 36482 108 1046
673 36495 113 1028
674 36504 114 1018
675 36502 123 1011
676 36506 122 1008
677 36512 121 1003
678 36511 118 1007
679 36499 123 1014
680 36511 115 1010
681 36521 110 1005
682 36526 110 1000
683 36530 99 1007
684 36534 100 1002
685 36539 91 1006
686 36543 88 1005
687 36552 82 1002
688 36555 85 996
689 36567 78 991
690 36582 77 977
691 36598 75 963
692 36607 69 960
693 36619 60 957
694 36624 62 950
695 36634 60 942
696 36651 59 926
697 36653 62 921
698 36658 69 909
699 36664 66 906
700 36682 69 885
701 36686 63 887
702 36695 61 880
703 36703 63 870
704 36719 58 859
705 36730 56 850
706 36745 56 835
707 36753 52 831
708 36757 54 825
709 36771 47 818
710 36786 44 806
711 36787 49 800
712 36793 51 792
713 36803 53 780
714 36812 45 779
715 36832 42 762
716 36842 39 755
717 36851 40 745
718 36860 42 734
719 36873 43 720
720 36873 52 711
721 36877 53 706
722 36881 54 701
723 36882 55 699
724 36887 59 690
725 36891 62 683
726 36889 66 681
727 36892 67 677
728 36892 74 670
729 36894 71 671
730 36902 71 663
731 36902 76 658
732 36908 72 656
733 36903 69 664
734 36906 64 666
735 36910 67 659
736 36916 67 653
737 36914 64 658
738 36919 63 654
739 36924 63 649
740 36927 59 650
741 36927 60 649
742 36931 55 650
743 36937 46 653
744 36942 49 645
745 36947 55 634
746 36952 58 626
747 36952 63 621
748 36964 60 612
749 36965 62 609
750 36968 64 604
751 36968 67 601
752 36969 67 600
753 36966 67 603
754 36967 67 602
755 36964 63 609
756 36969 62 605
757 36966 59 611
758 36971 57 608
759 36973 60 603
760 36985 53 598
761 36983 60 593
762 36987 60 589
763 36997 67 572
764 37002 67 567
765 37005 63 568
766 37006 59 571
767 37016 54 566
768 37013 58 565
769 37015 53 568
770 37016 53 567
771 37013 59 564
772 37009 66 561
773 37005 76 555
774 37006 76 554
775 36996 86 554
776 36992 82 562
777 36993 74 569
778 36990 79 567
779 36993 75 568
780 37003 69 564
781 37010 66 560
782 37009 66 561
783 37009 66 561
784 37001 70 565
785 37005 73 558
786 37005 74 557
787 37005 72 559
788 37009 70 557
789 36997 78 561
790 36994 81 561
791 36986 82 568
792 36994 81 561
793 36992 88 556
794 36986 92 558
795 36982 93 561
796 36978 94 564
797 36976 100 560
798 36974 98 564
799 36966 100 570
800 36957 103 576
801 36955 110 571
802 36951 119 566
803 36945 117 574
804 36937 117 582
805 36937 118 581
806 36925 124 587
807 36909 129 598
808 36891 138 607
809 36890 125 621
810 36885 125 626
811 36882 124 630
812 36872 123 641
813 36871 130 635
814 36860 137 639
815 36852 129 655
816 36858 126 652
817 36847 129 660
818 36841 122 673
819 36834 121 681
820 36829 123 684
821 36815 124 697
822 36813 125 698
823 36818 126 692
824 36806 122 708
825 36800 122 714
826 36803 116 717
827 36806 110 720
828 36798 114 724
829 36793 110 733
830 36774 112 750
831 36767 115 754
832 36764 113 759
833 36766 108 762
834 36771 103 762
835 36768 107 761
836 36770 105 761
837 36778 91 767
838 36784 78 774
839 36784 78 774
840 36793 79 764
841 36790 87 759
842 36775 91 770
843 36781 91 764
844 36779 88 769
845 36782 93 761
846 36781 98 757
847 36779 100 757
848 36778 100 758
849 36776 103 757
850 36779 101 756
851 36781 111 744
852 36779 110 747
853 36769 112 755
854 36764 117 755
855 36762 119 755
856 36760 117 759
857 36759 107 770
858 36761 110 765
859 36759 107 770
860 36763 116 757
861 36766 111 759
862 36764 112 760
863 36762 112 762
864 36759 105 772
865 36753 105 778
866 36760 104 772
867 36765 108 763
868 36773 103 760
869 36767 102 767
870 36763 101 772
871 36773 101 762
872 36770 99 767
873 36772 100 764
874 36775 98 763
875 36778 89 769
876 36789 89 758
877 36784 91 761
878 36782 88 766
879 36777 93 766
880 36768 90 778
881 36774 90 772
882 36776 95 765
883 36771 101 764
884 36767 104 765
885 36766 101 769
886 36763 101 772
887 36766 109 761
888 36765 113 758
889 36762 114 760
890 36774 113 749
891 36777 108 751
892 36774 111 751
893 36775 112 749
894 36781 106 749
895 36777 106 753
896 36773 104 759
897 36764 105 767
898 36758 113 765
899 36757 112 767
900 36754 114 768
901 36756 111 769
902 36752 109 775
903 36747 118 771
904 36738 118 780
905 36739 118 779
906 36726 125 785
907 36722 124 790
908 36727 123 786
909 36739 120 777
910 36736 119 781
911 36733 114 789
912 36731 121 784
913 36727 118 791
914 36717 120 799
915 36702 127 807
916 36705 129 802
917 36706 123 807
918 36694 131 811
919 36684 130 822
920 36686 123 827
921 36680 123 833
922 36681 119 836
923 36675 130 831
924 36683 124 829
925 36689 122 825
926 36694 118 824
927 36680 130 826
928 36673 130 833
929 36683 131 822
930 36676 131 829
931 36672 133 831
932 36652 150 834
933 36645 162 829
934 36642 167 827
935 36630 170 836
936 36627 179 830
937 36621 175 840
938 36611 173 852
939 36590 176 870
940 36582 172 882
941 36575 175 886
942 36577 172 887
943 36585 175 876
944 36587 164 885
945 36567 173 896
946 36555 174 907
947 36543 176 917
948 36541 165 930
949 36535 172 929
950 36531 166 939
951 36529 166 941
952 36522 160 954
953 36516 158 962
954 36515 153 968
955 36510 159 967
956 36487 163 986
957 36487 161 988
958 36487 164 985
959 36484 165 987
960 36472 160 1004
961 36463 160 1013
962 36462 161 1013
963 36454 164 1018
964 36449 160 1027
965 36448 159 1029
966 36441 150 1045
967 36446 149 1041
968 36443 146 1047
969 36448 137 1051
970 36449 147 1040
971 36441 156 1039
972 36431 159 1046
973 36427 165 1044
974 36418 176 1042
975 36400 178 1058
976 36374 194 1068
977 36367 189 1080
978 36355 187 1094
979 36345 177 1114
980 36345 176 1115
981 36332 178 1126
982 36321 180 1135
983 36303 191 1142
984 36297 198 1141
985 36284 192 1160
986 36292 191 1153
987 36281 200 1155
988 36272 199 1165
989 36257 210 1169
990 36253 222 1161
991 36240 224 1172
992 36232 224 1180
993 36225 224 1187
994 36212 229 1195
995 36192 242 1202
996 36173 253 1210
997 36149 261 1226
998 36145 251 1240
999 36126 260 1250
1000 36106 259 1271
1001 36093 256 1287
1002 36082 255 1299
1003 36054 257 1325
1004 36042 251 1343
1005 36035 244 1357
1006 36039 242 1355
1007 36023 257 1356
1008 35992 277 1367
1009 35973 278 1385
1010 35952 297 1387
1011 35935 301 1400
1012 35928 301 1407
1013 35920 294 1422
1014 35903 298 1435
1015 35887 305 1444
1016 35874 308 1454
1017 35842 332 1462
1018 35818 337 1481
1019 35818 324 1494
1020 35812 320 1504
1021 35787 321 1528
1022 35767 326 1543
1023 35755 329 1552
1024 35732 334 1570
1025 35716 328 1592
1026 35707 315 1614
1027 35684 300 1652
1028 35674 283 1679
1029 35678 281 1677
1030 35679 265 1692
1031 35688 270 1678
1032 35697 266 1673
1033 35680 257 1699
1034 35680 245 1711
1035 35687 244 1705
1036 35688 241 1707
1037 35711 223 1702
1038 35712 217 1707
1039 35696 224 1716
1040 35670 232 1734
1041 35664 237 1735
1042 35656 245 1735
1043 35649 243 1744
1044 35622 261 1753
1045 35618 259 1759
1046 35625 252 1759
1047 35628 247 1761
1048 35613 250 1773
1049 35610 239 1787
1050 35586 247 1803
1051 35587 245 1804
1052 35598 246 1792
1053 35600 241 1795
1054 35593 245 1798
1055 35570 254 1812
1056 35573 260 1803
1057 35581 267 1788
1058 35575 268 1793
1059 35556 277 1803
1060 35553 270 1813
1061 35544 280 1812
1062 35550 277 1809
1063 35539 272 1825
1064 35544 282 1810
1065 35541 269 1826
1066 35543 265 1828
1067 35543 260 1833
1068 35540 267 1829
1069 35551 261 1824
1070 35537 260 1839
1071 35549 250 1837
1072 35541 256 1839
1073 35557 245 1834
1074 35559 246 1831
1075 35564 245 1827
1076 35542 255 1839
1077 35541 249 1846
1078 35542 245 1849
1079 35545 236 1855
1080 35555 222 1859
1081 35564 225 1847
1082 35563 226 1847
1083 35564 229 1843
1084 35565 229 1842
1085 35563 229 1844
1086 35561 232 1843
1087 35554 244 1838
1088 35554 247 1835
1089 35552 251 1833
1090 35559 259 1818
1091 35554 256 1826
1092 35539 268 1829
1093 35536 267 1833
1094 35535 266 1835
1095 35528 263 1845
1096 35516 277 1843
1097 35508 280 1848
1098 35507 281 1848
1099 35501 277 1858
1100 35493 294 1849
1101 35492 286 1858
1102 35479 281 1876
1103 35469 281 1886
1104 35451 287 1898
1105 35438 293 1905
1106 35443 296 1897
1107 35442 305 1889
1108 35441 296 1899
1109 35460 290 1886
1110 35466 279 1891
1111 35456 290 1890
1112 35456 284 1896
1113 35451 287 1898
1114 35435 295 1906
1115 35427 290 1919
1116 35424 300 1912
1117 35423 291 1922
1118 35436 299 1901
1119 35424 302 1910
1120 35411 296 1929
1121 35406 294 1936
1122 35413 291 1932
1123 35413 282 1941
1124 35395 296 1945
1125 35398 286 1952
1126 35386 307 1943
1127 35371 312 1953
1128 35362 319 1955
1129 35358 321 1957
1130 35341 335 1960
1131 35328 341 1967
1132 35300 350 1986
1133 35287 344 2005
1134 35293 337 2006
1135 35275 341 2020
1136 35250 343 2043
1137 35239 345 2052
1138 35232 340 2064
1139 35218 343 2075
1140 35214 347 2075
1141 35198 357 2081
1142 35178 371 2087
1143 35162 370 2104
1144 35144 379 2113
1145 35143 384 2109
1146 35137 388 2111
1147 35130 397 2109
1148 35123 406 2107
1149 35088 410 2138
1150 35067 411 2158
1151 35069 404 2163
1152 35054 404 2178
1153 35035 407 2194
1154 35014 401 2221
1155 34996 410 2230
1156 34975 418 2243
1157 34961 398 2277
1158 34936 405 2295
1159 34919 407 2310
1160 34926 399 2311
1161 34912 402 2322
1162 34906 398 2332
1163 34902 407 2327
1164 34898 400 2338
1165 34894 416 2326
1166 34865 418 2353
1167 34841 430 2365
1168 34824 412 2400
1169 34831 412 2393
1170 34817 413 2406
1171 34802 412 2422
1172 34793 426 2417
1173 34789 404 2443
1174 34757 421 2458
1175 34748 418 2470
1176 34736 422 2478
1177 34739 411 2486
1178 34725 410 2501
1179 34699 421 2516
1180 34685 414 2537
1181 34674 408 2554
1182 34676 390 2570
1183 34675 385 2576
1184 34677 383 2576
1185 34676 379 2581
1186 34674 381 2581
1187 34688 385 2563
1188 34696 372 2568
1189 34681 371 2584
1190 34667 372 2597
1191 34648 373 2615
1192 34652 367 2617
1193 34637 384 2615
1194 34622 387 2627
1195 34628 385 2623
1196 34611 375 2650
1197 34641 363 2632
1198 34643 372 2621
1199 34655 361 2620
1200 34658 361 2617
1201 34665 354 2617
1202 34678 343 2615
1203 34683 330 2623
1204 34693 333 2610
1205 34710 323 2603
1206 34712 327 2597
1207 34731 324 2581
1208 34740 322 2574
1209 34735 320 2581
1210 34744 309 2583
1211 34753 308 2575
1212 34765 302 2569
1213 34773 314 2549
1214 34771 317 2548
1215 34762 318 2556
1216 34771 314 2551
1217 34786 318 2532
1218 34798 312 2526
1219 34794 319 2523
1220 34789 314 2533
1221 34766 331 2539
1222 34787 325 2524
1223 34790 327 2519
1224 34784 318 2534
1225 34791 316 2529
1226 34792 324 2520
1227 34816 312 2508
1228 34809 311 2516
1229 34820 325 2491
1230 34826 323 2487
1231 34831 321 2484
1232 34830 329 2477
1233 34833 340 2463
1234 34821 341 2474
1235 34825 339 2472
1236 34826 329 2481
1237 34840 319 2477
1238 34838 316 2482
1239 34854 307 2475
1240 34855 313 2468
1241 34866 317 2453
1242 34876 315 2445
1243 34905 297 2434
1244 34916 279 2441
1245 34921 277 2438
1246 34917 278 2441
1247 34933 266 2437
1248 34939 282 2415
1249 34949 278 2409
1250 34965 279 2392
1251 34956 279 2401
1252 34963 278 2395
1253 34966 285 2385
1254 34972 289 2375
1255 34983 299 2354
1256 34973 308 2355
1257 34978 301 2357
1258 34983 291 2362
1259 34991 278 2367
1260 34979 275 2382
1261 34987 275 2374
1262 34985 278 2373
1263 34984 273 2379
1264 34989 269 2378
1265 35002 268 2366
1266 35003 277 2356
1267 35012 265 2359
1268 35021 270 2345
1269 35039 258 2339
1270 35050 272 2314
1271 35058 261 2317
1272 35059 265 2312
1273 35045 289 2302
1274 35040 289 2307
1275 35026 285 2325
1276 35029 287 2320
1277 35050 290 2296
1278 35035 295 2306
1279 35043 303 2290
1280 35026 317 2293
1281 35020 315 2301
1282 35014 320 2302
1283 35018 319 2299
1284 35022 325 2289
1285 35014 337 2285
1286 35011 336 2289
1287 34998 336 2302
1288 34982 346 2308
1289 34979 344 2313
1290 34990 330 2316
1291 34981 332 2323
1292 34979 326 2331
1293 34998 309 2329
1294 34994 314 2328
1295 34985 322 2329
1296 34995 309 2332
1297 34997 306 2333
1298 34998 312 2326
1299 35009 306 2321
1300 35009 306 2321
1301 35008 297 2331
1302 35011 309 2316
1303 35004 312 2320
1304 35005 313 2318
1305 34998 317 2321
1306 35016 306 2314
1307 35021 292 2323
1308 35022 291 2323
1309 35027 290 2319
1310 35030 296 2310
1311 35031 296 2309
1312 35039 300 2297
1313 35022 301 2313
1314 35023 297 2316
1315 35013 305 2318
1316 35000 319 2317
1317 34993 318 2325
1318 34983 330 2323
1319 34965 356 2315
1320 34933 380 2323
1321 34929 380 2327
1322 34919 386 2331
1323 34898 398 2340
1324 34888 393 2355
1325 34879 393 2364
1326 34851 395 2390
1327 34844 403 2389
1328 34825 411 2400
1329 34818 414 2404
1330 34791 407 2438
1331 34781 413 2442
1332 34773 399 2464
1333 34765 401 2470
1334 34743 399 2494
1335 34760 384 2492
1336 34777 368 2491
1337 34764 371 2501
1338 34780 370 2486
1339 34779 380 2477
1340 34778 388 2470
1341 34772 398 2466
1342 34765 396 2475
1343 34748 400 2488
1344 34727 407 2502
1345 34724 424 2488
1346 34712 425 2499
1347 34698 427 2511
1348 34693 413 2530
1349 34663 419 2554
1350 34655 424 2557
1351 34643 439 2554
1352 34617 441 2578
1353 34586 442 2608
1354 34574 432 2630
1355 34563 433 2640
1356 34541 443 2652
1357 34503 465 2668
1358 34474 479 2683
1359 34458 475 2703
1360 34451 482 2703
1361 34457 461 2718
1362 34442 458 2736
1363 34400 466 2770
1364 34399 455 2782
1365 34391 465 2780
1366 34366 474 2796
1367 34362 474 2800
1368 34340 466 2830
1369 34338 462 2836
1370 34335 453 2848
1371 34307 469 2860
1372 34292 472 2872
1373 34283 464 2889
1374 34267 464 2905
1375 34270 454 2912
1376 34265 443 2928
1377 34275 446 2915
1378 34243 451 2942
1379 34256 453 2927
1380 34246 460 2930
1381 34233 460 2943
1382 34227 449 2960
1383 34237 432 2967
1384 34230 440 2966
1385 34204 458 2974
1386 34210 447 2979
1387 34193 448 2995
1388 34169 463 3004
1389 34162 463 3011
1390 34134 467 3035
1391 34107 465 3064
1392 34106 466 3064
1393 34061 500 3075
1394 34039 516 3081
1395 34034 515 3087
1396 34028 513 3095
1397 33992 500 3144
1398 33983 503 3150
1399 33955 523 3158
1400 33963 521 3152
1401 33945 529 3162
1402 33926 517 3193
1403 33906 520 3210
1404 33890 525 3221
1405 33868 534 3234
1406 33840 560 3236
1407 33797 581 3258
1408 33756 593 3287
1409 33724 609 3303
1410 33713 609 3314
1411 33694 618 3324
1412 33665 618 3353
1413 33629 626 3381
1414 33614 596 3426
1415 33606 594 3436
1416 33578 595 3463
1417 33578 571 3487
1418 33562 564 3510
1419 33563 548 3525
1420 33547 554 3535
1421 33524 562 3550
1422 33502 556 3578
1423 33487 561 3588
1424 33466 560 3610
1425 33447 576 3613
1426 33426 592 3618
1427 33441 587 3608
1428 33419 596 3621
1429 33394 606 3636
1430 33378 610 3648
1431 33369 600 3667
1432 33346 606 3684
1433 33328 629 3679
1434 33310 640 3686
1435 33286 630 3720
1436 33291 637 3708
1437 33285 615 3736
1438 33261 614 3761
1439 33229 621 3786
1440 33211 632 3793
1441 33196 630 3810
1442 33194 624 3818
1443 33173 618 3845
1444 33163 591 3882
1445 33148 592 3896
1446 33133 589 3914
1447 33150 581 3905
1448 33124 588 3924
1449 33093 607 3936
1450 33100 598 3938
1451 33078 618 3940
1452 33061 627 3948
1453 33063 632 3941
1454 33051 638 3947
1455 33022 628 3986
1456 32987 639 4010
1457 32971 649 4016
1458 32981 634 4021
1459 32977 630 4029
1460 32972 635 4029
1461 32981 616 4039
1462 32978 613 4045
1463 32958 628 4050
1464 32935 637 4064
1465 32925 640 4071
1466 32941 612 4083
1467 32941 618 4077
1468 32916 603 4117
1469 32914 625 4097
1470 32929 623 4084
1471 32906 625 4105
1472 32911 607 4118
1473 32885 625 4126
1474 32877 636 4123
1475 32853 644 4139
1476 32839 649 4148
1477 32847 641 4148
1478 32841 633 4162
1479 32814 663 4159
1480 32801 669 4166
1481 32808 646 4182
1482 32768 653 4215
1483 32761 652 4223
1484 32754 649 4233
1485 32754 634 4248
1486 32748 643 4245
1487 32743 645 4248
1488 32724 641 4271
1489 32711 641 4284
1490 32699 648 4289
1491 32726 634 4276
1492 32735 623 4278
1493 32738 611 4287
1494 32737 614 4285
1495 32751 597 4288
1496 32770 593 4273
1497 32761 597 4278
1498 32776 575 4285
1499 32776 559 4301
1500 32797 536 4303
1501 32798 531 4307
1502 32818 535 4283
1503 32825 539 4272
1504 32861 527 4248
1505 32848 526 4262
1506 32882 509 4245
1507 32877 514 4245
1508 32905 502 4229
1509 32879 535 4222
1510 32887 544 4205
1511 32886 550 4200
1512 32891 546 4199
1513 32884 541 4211
1514 32881 537 4218
1515 32900 539 4197
1516 32898 544 4194
1517 32883 570 4183
1518 32869 595 4172
1519 32865 611 4160
1520 32849 625 4162
1521 32822 641 4173
1522 32797 655 4184
1523 32799 660 4177
1524 32765 675 4196
1525 32770 651 4215
1526 32747 656 4233
1527 32714 671 4251
1528 32711 681 4244
1529 32680 693 4263
1530 32633 723 4280
1531 32583 730 4323
1532 32565 715 4356
1533 32546 708 4382
1534 32531 721 4384
1535 32531 712 4393
1536 32522 696 4418
1537 32490 707 4439
1538 32466 708 4462
1539 32457 699 4480
1540 32427 716 4493
1541 32411 700 4525
1542 32407 680 4549
1543 32395 660 4581
1544 32375 675 4586
1545 32365 685 4586
1546 32358 677 4601
1547 32362 693 4581
1548 32365 695 4576
1549 32365 694 4577
1550 32337 699 4600
1551 32350 684 4602
1552 32325 682 4629
1553 32325 681 4630
1554 32334 677 4625
1555 32318 679 4639
1556 32302 683 4651
1557 32283 700 4653
1558 32278 685 4673
1559 32273 672 4691
1560 32294 658 4684
1561 32298 667 4671
1562 32304 667 4665
1563 32315 657 4664
1564 32334 640 4662
1565 32347 616 4673
1566 32361 621 4654
1567 32348 645 4643
1568 32365 630 4641
1569 32364 631 4641
1570 32372 623 4641
1571 32366 623 4647
1572 32350 637 4649
1573 32361 630 4645
1574 32359 634 4643
1575 32364 621 4651
1576 32357 618 4661
1577 32365 631 4640
1578 32402 620 4614
1579 32389 634 4613
1580 32385 622 4629
1581 32374 635 4627
1582 32383 660 4593
1583 32369 674 4593
1584 32354 669 4613
1585 32367 657 4612
1586 32356 653 4627
1587 32334 659 4643
1588 32324 678 4634
1589 32314 685 4637
1590 32308 707 4621
1591 32298 725 4613
1592 32296 729 4611
1593 32281 712 4643
1594 32273 706 4657
1595 32227 713 4696
1596 32198 720 4718
1597 32185 719 4732
1598 32174 729 4733
1599 32142 761 4733
1600 32116 767 4753
1601 32107 752 4777
1602 32097 731 4808
1603 32103 718 4815
1604 32087 727 4822
1605 32051 725 4860
1606 32066 709 4861
1607 32050 698 4888
1608 32052 686 4898
1609 32053 686 4897
1610 32045 690 4901
1611 32030 702 4904
1612 32007 733 4896
1613 32012 739 4885
1614 31993 755 4888
1615 31993 770 4873
1616 31951 801 4884
1617 31919 811 4906
1618 31868 826 4942
1619 31847 816 4973
1620 31829 799 5008
1621 31805 814 5017
1622 31790 825 5021
1623 31780 818 5038
1624 31771 799 5066
1625 31755 805 5076
1626 31745 793 5098
1627 31717 792 5127
1628 31683 804 5149
1629 31656 817 5163
1630 31618 810 5208
1631 31610 817 5209
1632 31577 848 5211
1633 31565 844 5227
1634 31541 867 5228
1635 31498 863 5275
1636 31465 842 5329
1637 31474 836 5326
1638 31462 820 5354
1639 31467 812 5357
1640 31472 812 5352
1641 31460 818 5358
1642 31455 788 5393
1643 31462 770 5404
1644 31497 728 5411
1645 31480 723 5433
1646 31492 729 5415
1647 31516 731 5389
1648 31515 727 5394
1649 31548 713 5375
1650 31556 714 5366
1651 31570 704 5362
1652 31593 702 5341
1653 31601 690 5345
1654 31586 702 5348
1655 31581 705 5350
1656 31585 701 5350
1657 31612 690 5334
1658 31628 685 5323
1659 31650 667 5319
1660 31664 658 5314
1661 31689 644 5303
1662 31708 652 5276
1663 31742 649 5245
1664 31765 637 5234
1665 31773 641 5222
1666 31765 658 5213
1667 31782 636 5218
1668 31784 637 5215
1669 31805 642 5189
1670 31808 649 5179
1671 31812 643 5181
1672 31828 607 5201
1673 31852 629 5155
1674 31852 641 5143
1675 31859 650 5127
1676 31873 643 5120
1677 31889 641 5106
1678 31906 633 5097
1679 31905 629 5102
1680 31890 633 5113
1681 31922 635 5079
1682 31934 623 5079
1683 31965 606 5065
1684 32001 587 5048
1685 32015 584 5037
1686 32041 580 5015
1687 32066 579 4991
1688 32080 572 4984
1689 32096 572 4968
1690 32096 581 4959
1691 32091 574 4971
1692 32101 563 4972
1693 32113 555 4968
1694 32115 560 4961
1695 32132 572 4932
1696 32158 565 4913
1697 32163 559 4914
1698 32197 550 4889
1699 32220 552 4864
1700 32235 564 4837
1701 32252 581 4803
1702 32255 568 4813
1703 32266 565 4805
1704 32276 561 4799
1705 32274 564 4798
1706 32287 550 4799
1707 32314 537 4785
1708 32340 533 4763
1709 32333 534 4769
1710 32339 539 4758
1711 32332 538 4766
1712 32345 536 4755
1713 32331 545 4760
1714 32331 568 4737
1715 32325 576 4735
1716 32317 581 4738
1717 32319 599 4718
1718 32313 612 4711
1719 32292 639 4705
1720 32253 645 4738
1721 32260 647 4729
1722 32268 649 4719
1723 32277 673 4686
1724 32254 685 4697
1725 32249 699 4688
1726 32252 691 4693
1727 32263 700 4673
1728 32266 712 4658
1729 32239 707 4690
1730 32245 713 4678
1731 32250 714 4672
1732 32242 713 4681
1733 32242 698 4696
1734 32230 708 4698
1735 32224 709 4703
1736 32228 711 4697
1737 32231 705 4700
1738 32211 703 4722
1739 32195 685 4756
1740 32196 686 4754
1741 32201 650 4785
1742 32202 661 4773
1743 32211 653 4772
1744 32199 664 4773
1745 32195 636 4805
1746 32213 633 4790
1747 32212 631 4793
1748 32209 648 4779
1749 32212 645 4779
1750 32215 641 4780
1751 32226 631 4779
1752 32238 640 4758
1753 32234 648 4754
1754 32212 664 4760
1755 32217 650 4769
1756 32222 658 4756
1757 32249 628 4759
1758 32235 621 4780
1759 32247 585 4804
1760 32226 598 4812
1761 32225 601 4810
1762 32226 615 4795
1763 32250 604 4782
1764 32273 595 4768
1765 32271 608 4757
1766 32281 606 4749
1767 32285 608 4743
1768 32288 595 4753
1769 32303 594 4739
1770 32327 591 4718
1771 32341 594 4701
1772 32345 604 4687
1773 32317 632 4687
1774 32335 648 4653
1775 32345 646 4645
1776 32337 642 4657
1777 32313 647 4676
1778 32317 628 4691
1779 32318 629 4689
1780 32342 621 4673
1781 32340 640 4656
1782 32347 635 4654
1783 32368 647 4621
1784 32355 641 4640
1785 32350 634 4652
1786 32343 662 4631
1787 32337 673 4626
1788 32320 697 4619
1789 32315 709 4612
1790 32296 732 4608
1791 32287 734 4615
1792 32295 710 4631
1793 32265 727 4644
1794 32224 739 4673
1795 32216 724 4696
1796 32206 709 4721
1797 32228 699 4709
1798 32243 679 4714
1799 32230 664 4742
1800 32248 639 4749
1801 32223 635 4778
1802 32208 649 4779
1803 32197 647 4792
1804 32200 635 4801
1805 32198 635 4803
1806 32189 640 4807
1807 32160 663 4813
1808 32144 673 4819
1809 32138 667 4831
1810 32150 657 4829
1811 32141 674 4821
1812 32132 683 4821
1813 32152 678 4806
1814 32144 694 4798
1815 32128 683 4825
1816 32129 670 4837
1817 32080 704 4852
1818 32072 693 4871
1819 32065 679 4892
1820 32057 703 4876
1821 32035 717 4884
1822 32038 701 4897
1823 32021 706 4909
1824 32009 678 4949
1825 32008 675 4953
1826 32028 678 4930
1827 32033 663 4940
1828 32037 643 4956
1829 32025 660 4951
1830 32017 671 4948
1831 32032 671 4933
1832 32018 674 4944
1833 32017 666 4953
1834 32013 687 4936
1835 32003 687 4946
1836 32012 675 4949
1837 32024 666 4946
1838 32036 653 4947
1839 32015 657 4964
1840 32035 638 4963
1841 32023 659 4954
1842 32005 660 4971
1843 31992 667 4977
1844 31997 671 4968
1845 32004 674 4958
1846 31996 671 4969
1847 31994 684 4958
1848 31952 718 4966
1849 31944 718 4974
1850 31961 704 4971
1851 31954 714 4968
1852 31957 707 4972
1853 31926 710 5000
1854 31904 724 5008
1855 31864 755 5017
1856 31847 760 5029
1857 31841 754 5041
1858 31822 754 5060
1859 31812 761 5063
1860 31803 746 5087
1861 31794 732 5110
1862 31781 745 5110
1863 31751 768 5117
1864 31769 759 5108
1865 31759 752 5125
1866 31737 762 5137
1867 31743 757 5136
1868 31735 762 5139
1869 31727 768 5141
1870 31717 770 5149
1871 31674 768 5194
1872 31644 775 5217
1873 31605 815 5216
1874 31572 836 5228
1875 31555 850 5231
1876 31529 871 5236
1877 31492 885 5259
1878 31480 870 5286
1879 31458 863 5315
1880 31439 855 5342
1881 31409 846 5381
1882 31405 846 5385
1883 31367 854 5415
1884 31334 869 5433
1885 31351 846 5439
1886 31326 855 5455
1887 31311 857 5468
1888 31308 826 5502
1889 31303 839 5494
1890 31284 854 5498
1891 31283 840 5513
1892 31298 847 5491
1893 31293 850 5493
1894 31291 830 5515
1895 31269 837 5530
1896 31259 842 5535
1897 31266 845 5525
1898 31226 850 5560
1899 31208 865 5563
1900 31207 873 5556
1901 31208 875 5553
1902 31181 862 5593
1903 31152 855 5629
1904 31147 842 5647
1905 31170 791 5675
1906 31156 797 5683
1907 31157 800 5679
1908 31201 797 5638
1909 31233 764 5639
1910 31224 773 5639
1911 31210 775 5651
1912 31229 782 5625
1913 31235 772 5629
1914 31245 780 5611
1915 31269 761 5606
1916 31271 745 5620
1917 31287 746 5603
1918 31258 742 5636
1919 31251 737 5648
1920 31266 720 5650
1921 31275 713 5648
1922 31290 694 5652
1923 31299 713 5624
1924 31330 718 5588
1925 31323 713 5600
1926 31334 704 5598
1927 31376 709 5551
1928 31417 680 5539
1929 31419 686 5531
1930 31438 677 5521
1931 31448 672 5516
1932 31479 669 5488
1933 31473 665 5498
1934 31470 674 5492
1935 31459 675 5502
1936 31464 662 5510
1937 31448 655 5533
1938 31482 636 5518
1939 31474 642 5520
1940 31476 653 5507
1941 31475 655 5506
1942 31501 671 5464
1943 31526 662 5448
1944 31547 657 5432
1945 31557 635 5444
1946 31552 642 5442
1947 31568 640 5428
1948 31598 618 5420
1949 31611 631 5394
1950 31620 646 5370
1951 31635 653 5348
1952 31630 648 5358
1953 31650 652 5334
1954 31644 671 5321
1955 31625 670 5341
1956 31616 678 5342
1957 31625 669 5342
1958 31605 681 5350
1959 31606 680 5350
1960 31609 659 5368
1961 31615 667 5354
1962 31631 654 5351
1963 31636 649 5351
1964 31652 645 5339
1965 31642 641 5353
1966 31654 660 5322
1967 31662 680 5294
1968 31683 683 5270
1969 31712 666 5258
1970 31731 656 5249
1971 31745 643 5248
1972 31754 648 5234
1973 31764 650 5222
1974 31750 662 5224
1975 31757 674 5205
1976 31784 650 5202
1977 31802 627 5207
1978 31815 627 5194
1979 31827 639 5170
1980 31829 630 5177
1981 31816 667 5153
1982 31834 666 5136
1983 31830 682 5124
1984 31824 694 5118
1985 31847 702 5087
1986 31831 710 5095
1987 31812 736 5088
1988 31824 730 5082
1989 31810 721 5105
1990 31781 712 5143
1991 31784 700 5152
1992 31807 685 5144
1993 31815 676 5145
1994 31818 664 5154
1995 31818 689 5129
1996 31806 690 5140
1997 31809 683 5144
1998 31820 686 5130
1999 31858 663 5115
2000 31892 662 5082
2001 31894 670 5072
2002 31892 683 5061
2003 31888 683 5065
2004 31886 678 5072
2005 31910 684 5042
2006 31895 690 5051
2007 31883 690 5063
2008 31884 699 5053
2009 31885 715 5036
2010 31898 698 5040
2011 31901 704 5031
2012 31894 701 5041
2013 31870 716 5050
2014 31854 724 5058
2015 31809 750 5077
2016 31810 756 5070
2017 31797 783 5056
2018 31750 812 5074
2019 31736 814 5086
2020 31735 794 5107
2021 31700 816 5120
2022 31702 807 5127
2023 31676 831 5129
2024 31663 828 5145
2025 31648 816 5172
2026 31641 808 5187
2027 31629 805 5202
2028 31626 771 5239
2029 31619 765 5252
2030 31587 790 5259
2031 31558 784 5294
2032 31567 803 5266
2033 31541 799 5296
2034 31522 785 5329
2035 31533 770 5333
2036 31527 741 5368
2037 31524 725 5387
2038 31512 725 5399
2039 31498 737 5401
2040 31495 749 5392
2041 31477 764 5395
2042 31499 769 5368
2043 31498 786 5352
2044 31497 770 5369
2045 31510 754 5372
2046 31523 740 5373
2047 31524 742 5370
2048 31506 743 5387
2049 31499 756 5381
2050 31502 748 5386
2051 31509 768 5359
2052 31489 775 5372
2053 31476 767 5393
2054 31461 783 5392
2055 31453 782 5401
2056 31453 787 5396
2057 31449 785 5402
2058 31465 776 5395
2059 31461 776 5399
2060 31472 763 5401
2061 31458 777 5401
2062 31448 777 5411
2063 31451 758 5427
2064 31436 769 5431
2065 31422 781 5433
2066 31436 775 5425
2067 31446 765 5425
2068 31437 778 5421
2069 31440 784 5412
2070 31405 801 5430
2071 31415 783 5438
2072 31396 787 5453
2073 31397 778 5461
2074 31404 769 5463
2075 31399 775 5462
2076 31376 783 5477
2077 31371 783 5482
2078 31355 786 5495
2079 31358 790 5488
2080 31373 792 5471
2081 31327 795 5514
2082 31316 809 5511
2083 31303 816 5517
2084 31299 809 5528
2085 31296 793 5547
2086 31292 773 5571
2087 31299 759 5578
2088 31300 767 5569
2089 31300 775 5561
2090 31302 794 5540
2091 31297 801 5538
2092 31260 797 5579
2093 31227 814 5595
2094 31248 808 5580
2095 31223 828 5585
2096 31213 816 5607
2097 31201 824 5611
2098 31174 824 5638
2099 31150 845 5641
2100 31129 858 5649
2101 31114 874 5648
2102 31087 867 5682
2103 31066 861 5709
2104 31069 840 5727
2105 31032 866 5738
2106 31011 858 5767
2107 30989 864 5783
2108 30988 862 5786
2109 30964 881 5791
2110 30981 876 5779
2111 30962 867 5807
2112 30986 852 5798
2113 30962 855 5819
2114 30964 856 5816
2115 30937 868 5831
2116 30932 861 5843
2117 30904 881 5851
2118 30895 879 5862
2119 30889 856 5891
2120 30886 852 5898
2121 30859 858 5919
2122 30853 851 5932
2123 30850 858 5928
2124 30844 870 5922
2125 30871 836 5929
2126 30860 855 5921
2127 30833 861 5942
2128 30831 869 5936
2129 30834 871 5931
2130 30821 846 5969
2131 30798 863 5975
2132 30794 854 5988
2133 30760 880 5996
2134 30741 903 5992
2135 30702 923 6011
2136 30669 933 6034
2137 30625 950 6061
2138 30619 913 6104
2139 30586 905 6145
2140 30566 906 6164
2141 30557 905 6174
2142 30549 914 6173
2143 30551 902 6183
2144 30564 887 6185
2145 30571 907 6158
2146 30588 907 6141
2147 30561 934 6141
2148 30553 912 6171
2149 30520 927 6189
2150 30489 938 6209
2151 30486 913 6237
2152 30465 927 6244
2153 30450 960 6226
2154 30414 999 6223
2155 30376 1018 6242
2156 30372 1014 6250
2157 30289 1039 6308
2158 30239 1059 6338
2159 30217 1043 6376
2160 30190 1038 6408
2161 30143 1058 6435
2162 30102 1064 6470
2163 30096 1047 6493
2164 30058 1066 6512
2165 29992 1078 6566
2166 29982 1058 6596
2167 29954 1060 6622
2168 29953 1032 6651
2169 29914 1018 6704
2170 29887 1029 6720
2171 29878 1036 6722
2172 29846 1032 6758
2173 29809 1014 6813
2174 29782 1001 6853
2175 29776 998 6862
2176 29773 974 6889
2177 29747 1012 6877
2178 29744 1004 6888
2179 29726 1015 6895
2180 29742 988 6906
2181 29721 993 6922
2182 29695 1021 6920
2183 29680 1009 6947
2184 29672 1002 6962
2185 29673 994 6969
2186 29662 983 6991
2187 29645 984 7007
2188 29635 978 7023
2189 29645 981 7010
2190 29664 982 6990
2191 29665 989 6982
2192 29690 1010 6936
2193 29678 1024 6934
2194 29666 1022 6948
2195 29665 1047 6924
2196 29657 1047 6932
2197 29647 1025 6964
2198 29639 1025 6972
2199 29602 1039 6995
2200 29628 1014 6994
2201 29637 1003 6996
2202 29638 1021 6977
2203 29603 1028 7005
2204 29598 1010 7028
2205 29579 1022 7035
2206 29565 1015 7056
2207 29554 1013 7069
2208 29557 1012 7067
2209 29594 1000 7042
2210 29582 1009 7045
2211 29569 1017 7050
2212 29568 1022 7046
2213 29537 1017 7082
2214 29524 1038 7074
2215 29509 1050 7077
2216 29473 1071 7092
2217 29474 1060 7102
2218 29461 1059 7116
2219 29435 1069 7132
2220 29410 1073 7153
2221 29395 1085 7156
2222 29368 1078 7190
2223 29362 1078 7196
2224 29338 1078 7220
2225 29323 1095 7218
2226 29305 1112 7219
2227 29310 1100 7226
2228 29320 1090 7226
2229 29308 1090 7238
2230 29284 1101 7251
2231 29259 1124 7253
2232 29256 1103 7277
2233 29248 1064 7324
2234 29210 1083 7343
2235 29212 1061 7363
2236 29176 1096 7364
2237 29177 1081 7378
2238 29181 1099 7356
2239 29174 1102 7360
2240 29139 1108 7389
2241 29138 1090 7408
2242 29096 1101 7439
2243 29083 1087 7466
2244 29087 1091 7458
2245 29118 1044 7474
2246 29122 1030 7484
2247 29126 1012 7498
2248 29112 999 7525
2249 29151 979 7506
2250 29179 984 7473
2251 29193 971 7472
2252 29193 981 7462
2253 29222 986 7428
2254 29239 989 7408
2255 29197 1015 7424
2256 29187 1016 7433
2257 29195 1025 7416
2258 29205 1030 7401
2259 29182 1035 7419
2260 29213 1003 7420
2261 29194 976 7466
2262 29246 956 7434
2263 29255 957 7424
2264 29273 976 7387
2265 29277 978 7381
2266 29263 966 7407
2267 29252 976 7408
2268 29258 960 7418
2269 29267 934 7435
2270 29267 925 7444
2271 29259 935 7442
2272 29300 917 7419
2273 29318 924 7394
2274 29318 917 7401
2275 29310 906 7420
2276 29338 911 7387
2277 29355 913 7368
2278 29365 924 7347
2279 29379 938 7319
2280 29370 943 7323
2281 29369 949 7318
2282 29384 962 7290
2283 29387 964 7285
2284 29386 963 7287
2285 29384 959 7293
2286 29389 941 7306
2287 29379 949 7308
2288 29381 950 7305
2289 29416 939 7281
2290 29421 955 7260
2291 29419 966 7251
2292 29431 968 7237
2293 29402 987 7247
2294 29408 980 7248
2295 29410 964 7262
2296 29405 969 7262
2297 29412 959 7265
2298 29419 925 7292
2299 29424 922 7290
2300 29421 912 7303
2301 29420 957 7259
2302 29441 958 7237
2303 29422 951 7263
2304 29409 956 7271
2305 29409 954 7273
2306 29397 967 7272
2307 29373 971 7292
2308 29402 971 7263
2309 29392 983 7261
2310 29346 991 7299
2311 29339 994 7303
2312 29314 1015 7307
2313 29302 1019 7315
2314 29290 1010 7336
2315 29273 1002 7361
2316 29274 1001 7361
2317 29283 995 7358
2318 29302 980 7354
2319 29260 998 7378
2320 29286 991 7359
2321 29283 1002 7351
2322 29251 1029 7356
2323 29259 995 7382
2324 29230 1012 7394
2325 29222 999 7415
2326 29219 985 7432
2327 29223 986 7427
2328 29259 957 7420
2329 29258 954 7424
2330 29253 959 7424
2331 29250 962 7424
2332 29245 957 7434
2333 29256 949 7431
2334 29266 932 7438
2335 29274 936 7426
2336 29286 932 7418
2337 29314 938 7384
2338 29339 917 7380
2339 29341 905 7390
2340 29370 913 7353
2341 29398 912 7326
2342 29411 909 7316
2343 29387 925 7324
2344 29401 931 7304
2345 29429 914 7293
2346 29413 933 7290
2347 29416 929 7291
2348 29428 938 7270
2349 29434 947 7255
2350 29422 932 7282
2351 29434 943 7259
2352 29442 950 7244
2353 29463 945 7228
2354 29467 935 7234
2355 29483 927 7226
2356 29487 935 7214
2357 29498 918 7220
2358 29492 937 7207
2359 29523 923 7190
2360 29539 915 7182
2361 29563 908 7165
2362 29600 913 7123
2363 29617 913 7106
2364 29624 922 7090
2365 29635 917 7084
2366 29630 925 7081
2367 29599 956 7081
2368 29627 929 7080
2369 29620 919 7097
2370 29642 899 7095
2371 29688 890 7058
2372 29708 885 7043
2373 29726 864 7046
2374 29728 869 7039
2375 29752 877 7007
2376 29772 872 6992
2377 29761 861 7014
2378 29772 860 7004
2379 29781 837 7018
2380 29822 840 6974
2381 29836 842 6958
2382 29829 853 6954
2383 29816 867 6953
2384 29843 866 6927
2385 29822 887 6927
2386 29798 914 6924
2387 29800 926 6910
2388 29825 912 6899
2389 29826 922 6888
2390 29806 932 6898
2391 29790 930 6916
2392 29787 947 6902
2393 29740 949 6947
2394 29732 949 6955
2395 29709 960 6967
2396 29690 956 6990
2397 29690 974 6972
2398 29678 991 6967
2399 29659 985 6992
2400 29652 1013 6971
2401 29629 1013 6994
2402 29583 1045 7008
2403 29573 1051 7012
2404 29550 1078 7008
2405 29530 1067 7039
2406 29510 1068 7058
2407 29453 1107 7076
2408 29429 1121 7086
2409 29438 1109 7089
2410 29408 1109 7119
2411 29382 1118 7136
2412 29388 1098 7150
2413 29385 1096 7155
2414 29391 1099 7146
2415 29418 1096 7122
2416 29391 1127 7118
2417 29399 1114 7123
2418 29368 1141 7127
2419 29328 1153 7155
2420 29323 1166 7147
2421 29308 1160 7168
2422 29282 1186 7168
2423 29254 1172 7210
2424 29209 1187 7240
2425 29176 1190 7270
2426 29130 1162 7344
2427 29113 1165 7358
2428 29098 1142 7396
2429 29106 1121 7409
2430 29112 1113 7411
2431 29091 1142 7403
2432 29080 1136 7420
2433 29053 1120 7463
2434 29051 1098 7487
2435 29031 1068 7537
2436 29018 1057 7561
2437 29010 1045 7581
2438 28988 1057 7591
2439 28959 1062 7615
2440 28962 1032 7642
2441 28990 1021 7625
2442 28999 1004 7633
2443 28933 1036 7667
2444 28966 1030 7640
2445 28955 1037 7644
2446 28938 1055 7643
2447 28932 1033 7671
2448 28950 998 7688
2449 28962 1016 7658
2450 28943 1006 7687
2451 28958 1005 7673
2452 28977 1009 7650
2453 28972 1008 7656
2454 28972 1012 7652
2455 28998 1002 7636
2456 29023 986 7627
2457 29031 983 7622
2458 29005 1002 7629
2459 29000 988 7648
2460 28974 1037 7625
2461 28980 1030 7626
2462 28938 1058 7640
2463 28921 1084 7631
2464 28902 1073 7661
2465 28894 1102 7640
2466 28925 1099 7612
2467 28922 1085 7629
2468 28910 1089 7637
2469 28878 1101 7657
2470 28910 1101 7625
2471 28897 1105 7634
2472 28910 1059 7667
2473 28939 1031 7666
2474 28941 1018 7677
2475 28926 1024 7686
2476 28967 992 7677
2477 28991 984 7661
2478 28994 991 7651
2479 29014 972 7650
2480 29047 938 7651
2481 29109 931 7596
2482 29144 910 7582
2483 29173 904 7559
2484 29205 895 7536
2485 29238 902 7496
2486 29261 900 7475
2487 29279 893 7464
2488 29269 904 7463
2489 29267 904 7465
2490 29285 892 7459
2491 29312 880 7444
2492 29342 888 7406
2493 29344 905 7387
2494 29356 904 7376
2495 29379 898 7359
2496 29426 875 7335
2497 29444 898 7294
2498 29456 903 7277
2499 29460 901 7275
2500 29476 891 7269
2501 29485 885 7266
2502 29501 888 7247
2503 29485 925 7226
2504 29476 950 7210
2505 29453 965 7218
2506 29459 974 7203
2507 29454 1000 7182
2508 29450 1008 7178
2509 29446 1010 7180
2510 29446 1024 7166
2511 29442 996 7198
2512 29413 1014 7209
2513 29441 1008 7187
2514 29447 1038 7151
2515 29419 1041 7176
2516 29408 1055 7173
2517 29385 1053 7198
2518 29366 1072 7198
2519 29337 1093 7206
2520 29323 1077 7236
2521 29328 1046 7262
2522 29342 1041 7253
2523 29336 1030 7270
2524 29325 1040 7271
2525 29305 1046 7285
2526 29285 1044 7307
2527 29314 1008 7314
2528 29331 1018 7287
2529 29305 1023 7308
2530 29279 1035 7322
2531 29291 1028 7317
2532 29320 1016 7300
2533 29306 1013 7317
2534 29316 1001 7319
2535 29309 982 7345
2536 29330 974 7332
2537 29343 974 7319
2538 29340 957 7339
2539 29329 979 7328
2540 29333 962 7341
2541 29343 951 7342
2542 29366 936 7334
2543 29383 952 7301
2544 29393 964 7279
2545 29399 969 7268
2546 29404 980 7252
2547 29394 966 7276
2548 29413 941 7282
2549 29403 946 7287
2550 29415 937 7284
2551 29456 922 7258
2552 29477 927 7232
2553 29478 933 7225
2554 29499 918 7219
2555 29541 891 7204
2556 29570 874 7192
2557 29568 884 7184
2558 29584 865 7187
2559 29613 862 7161
2560 29605 873 7158
2561 29634 875 7127
2562 29645 872 7119
2563 29632 890 7114
2564 29623 895 7118
2565 29614 922 7100
2566 29625 915 7096
2567 29657 921 7058
2568 29657 952 7027
2569 29640 967 7029
2570 29650 983 7003
2571 29636 1009 6991
2572 29641 1004 6991
2573 29641 1020 6975
2574 29625 1031 6980
2575 29625 1014 6997
2576 29622 1014 7000
2577 29624 1002 7010
2578 29613 1023 7000
2579 29631 988 7017
2580 29648 972 7016
2581 29651 971 7014
2582 29657 963 7016
2583 29639 959 7038
2584 29681 950 7005
2585 29698 934 7004
2586 29699 937 7000
2587 29673 955 7008
2588 29676 946 7014
2589 29661 962 7013
2590 29655 989 6992
2591 29658 956 7022
2592 29656 945 7035
2593 29664 941 7031
2594 29654 945 7037
2595 29668 932 7036
2596 29678 945 7013
2597 29668 935 7033
2598 29666 945 7025
2599 29706 932 6998
2600 29707 922 7007
2601 29730 921 6985
2602 29753 916 6967
2603 29753 914 6969
2604 29750 886 7000
2605 29742 929 6965
2606 29747 922 6967
2607 29717 936 6983
2608 29737 934 6965
2609 29743 929 6964
2610 29751 937 6948
2611 29763 960 6913
2612 29748 970 6918
2613 29733 973 6930
2614 29722 992 6922
2615 29719 981 6936
2616 29691 975 6970
2617 29666 965 7005
2618 29647 973 7016
2619 29649 964 7023
2620 29639 984 7013
2621 29638 960 7038
2622 29659 960 7017
2623 29678 948 7010
2624 29688 932 7016
2625 29704 925 7007
2626 29757 930 6949
2627 29748 949 6939
2628 29756 952 6928
2629 29724 974 6938
2630 29712 974 6950
2631 29665 1004 6967
2632 29658 998 6980
2633 29630 1000 7006
2634 29627 1022 6987
2635 29625 1021 6990
2636 29590 1024 7022
2637 29589 1021 7026
2638 29589 1005 7042
2639 29586 1022 7028
2640 29576 1027 7033
2641 29563 1012 7061
2642 29554 1031 7051
2643 29532 1037 7067
2644 29464 1054 7118
2645 29440 1052 7144
2646 29412 1055 7169
2647 29402 1040 7194
2648 29398 1042 7196
2649 29405 1058 7173
2650 29388 1038 7210
2651 29397 1015 7224
2652 29383 1019 7234
2653 29406 1027 7203
2654 29389 1034 7213
2655 29365 1044 7227
2656 29364 1035 7237
2657 29341 1027 7268
2658 29309 1039 7288
2659 29276 1064 7296
2660 29296 1046 7294
2661 29278 1037 7321
2662 29246 1084 7306
2663 29218 1079 7339
2664 29205 1080 7351
2665 29166 1065 7405
2666 29123 1091 7422
2667 29096 1102 7438
2668 29066 1102 7468
2669 29055 1094 7487
2670 29067 1076 7493
2671 29074 1053 7509
2672 29063 1048 7525
2673 29080 1022 7534
2674 29073 1025 7538
2675 29068 1033 7535
2676 29056 1047 7533
2677 29054 1044 7538
2678 29044 1059 7533
2679 29056 1056 7524
2680 29071 1074 7491
2681 29049 1099 7488
2682 29065 1077 7494
2683 29065 1077 7494
2684 29070 1079 7487
2685 29087 1081 7468
2686 29099 1039 7498
2687 29102 1023 7511
2688 29132 1012 7492
2689 29092 1012 7532
2690 29103 989 7544
2691 29103 991 7542
2692 29109 979 7548
2693 29117 974 7545
2694 29116 986 7534
2695 29099 987 7550
2696 29099 986 7551
2697 29106 976 7554
2698 29071 1010 7555
2699 29059 1032 7545
2700 29073 1058 7505
2701 29064 1076 7496
2702 29049 1093 7494
2703 29024 1109 7503
2704 28973 1116 7547
2705 28921 1136 7579
2706 28921 1109 7606
2707 28914 1110 7612
2708 28909 1123 7604
2709 28908 1109 7619
2710 28904 1088 7644
2711 28857 1109 7670
2712 28833 1137 7666
2713 28783 1158 7695
2714 28780 1149 7707
2715 28755 1163 7718
2716 28739 1178 7719
2717 28739 1161 7736
2718 28751 1151 7734
2719 28764 1144 7728
2720 28743 1171 7722
2721 28737 1180 7719
2722 28700 1202 7734
2723 28680 1198 7758
2724 28655 1193 7788
2725 28633 1201 7802
2726 28600 1218 7818
2727 28571 1218 7847
2728 28541 1199 7896
2729 28500 1225 7911
2730 28470 1220 7946
2731 28460 1190 7986
2732 28445 1197 7994
2733 28453 1207 7976
2734 28434 1191 8011
2735 28400 1189 8047
2736 28391 1184 8061
2737 28379 1186 8071
2738 28380 1174 8082
2739 28381 1169 8086
2740 28371 1192 8073
2741 28348 1210 8078
2742 28322 1248 8066
2743 28303 1233 8100
2744 28280 1234 8122
2745 28277 1221 8138
2746 28249 1234 8153
2747 28246 1223 8167
2748 28212 1255 8169
2749 28198 1224 8214
2750 28177 1236 8223
2751 28176 1235 8225
2752 28174 1213 8249
2753 28188 1203 8245
2754 28177 1231 8228
2755 28185 1235 8216
2756 28149 1271 8216
2757 28138 1251 8247
2758 28104 1285 8247
2759 28074 1291 8271
2760 28040 1300 8296
2761 28021 1310 8305
2762 28010 1308 8318
2763 27995 1289 8352
2764 27981 1283 8372
2765 27944 1270 8422
2766 27899 1269 8468
2767 27898 1259 8479
2768 27874 1235 8527
2769 27851 1223 8562
2770 27894 1234 8508
2771 27881 1251 8504
2772 27862 1260 8514
2773 27847 1276 8513
2774 27839 1272 8525
2775 27836 1269 8531
2776 27820 1255 8561
2777 27834 1259 8543
2778 27832 1265 8539
2779 27805 1243 8588
2780 27827 1210 8599
2781 27857 1228 8551
2782 27873 1204 8559
2783 27879 1180 8577
2784 27848 1209 8579
2785 27856 1198 8582
2786 27853 1186 8597
2787 27874 1178 8584
2788 27844 1204 8588
2789 27826 1215 8595
2790 27823 1219 8594
2791 27841 1192 8603
2792 27844 1177 8615
2793 27824 1185 8627
2794 27824 1188 8624
2795 27822 1197 8617
2796 27819 1192 8625
2797 27843 1172 8621
2798 27841 1162 8633
2799 27843 1151 8642
2800 27853 1149 8634
2801 27828 1149 8659
2802 27845 1142 8649
2803 27839 1152 8645
2804 27834 1160 8642
2805 27826 1196 8614
2806 27825 1193 8618
2807 27815 1186 8635
2808 27816 1166 8654
2809 27850 1164 8622
2810 27886 1148 8602
2811 27869 1157 8610
2812 27850 1140 8646
2813 27845 1124 8667
2814 27858 1137 8641
2815 27871 1148 8617
2816 27866 1155 8615
2817 27821 1166 8649
2818 27817 1190 8629
2819 27774 1198 8664
2820 27761 1172 8703
2821 27749 1165 8722
2822 27759 1165 8712
2823 27763 1157 8716
2824 27778 1140 8718
2825 27778 1144 8714
2826 27790 1154 8692
2827 27809 1158 8669
2828 27829 1157 8650
2829 27830 1150 8656
2830 27838 1178 8620
2831 27848 1165 8623
2832 27885 1138 8613
2833 27914 1118 8604
2834 27931 1109 8596
2835 27966 1103 8567
2836 28006 1088 8542
2837 28026 1087 8523
2838 28063 1086 8487
2839 28068 1079 8489
2840 28088 1060 8488
2841 28097 1079 8460
2842 28137 1065 8434
2843 28117 1078 8441
2844 28121 1090 8425
2845 28131 1090 8415
2846 28147 1095 8394
2847 28150 1086 8400
2848 28155 1091 8390
2849 28169 1080 8387
2850 28189 1069 8378
2851 28200 1065 8371
2852 28245 1036 8355
2853 28283 1043 8310
2854 28309 1028 8299
2855 28348 978 8310
2856 28366 990 8280
2857 28424 950 8262
2858 28456 946 8234
2859 28413 991 8232
2860 28435 996 8205
2861 28448 991 8197
2862 28457 1002 8177
2863 28502 997 8137
2864 28504 1015 8117
2865 28479 1047 8110
2866 28463 1070 8103
2867 28444 1067 8125
2868 28438 1070 8128
2869 28448 1058 8130
2870 28411 1063 8162
2871 28413 1076 8147
2872 28467 1041 8128
2873 28471 1061 8104
2874 28459 1075 8102
2875 28476 1066 8094
2876 28492 1046 8098
2877 28539 1017 8080
2878 28569 1009 8058
2879 28623 987 8026
2880 28653 975 8008
2881 28665 954 8017
2882 28689 964 7983
2883 28707 972 7957
2884 28698 993 7945
2885 28724 968 7944
2886 28747 996 7893
2887 28741 977 7918
2888 28743 980 7913
2889 28744 998 7894
2890 28700 1029 7907
2891 28711 1029 7896
2892 28693 1061 7882
2893 28720 1025 7891
2894 28738 1002 7896
2895 28775 990 7871
2896 28793 997 7846
2897 28777 1006 7853
2898 28773 1018 7845
2899 28794 1026 7816
2900 28765 1062 7809
2901 28753 1082 7801
2902 28717 1109 7810
2903 28704 1107 7825
2904 28679 1106 7851
2905 28695 1096 7845
2906 28660 1145 7831
2907 28654 1145 7837
2908 28638 1124 7874
2909 28650 1119 7867
2910 28647 1113 7876
2911 28651 1088 7897
2912 28656 1103 7877
2913 28603 1135 7898
2914 28592 1133 7911
2915 28606 1113 7917
2916 28577 1160 7899
2917 28561 1151 7924
2918 28558 1160 7918
2919 28523 1161 7952
2920 28506 1171 7959
2921 28497 1166 7973
2922 28504 1185 7947
2923 28505 1177 7954
2924 28466 1207 7963
2925 28481 1203 7952
2926 28490 1202 7944
2927 28456 1213 7967
2928 28426 1241 7969
2929 28391 1244 8001
2930 28382 1242 8012
2931 28381 1234 8021
2932 28324 1238 8074
2933 28334 1237 8065
2934 28304 1254 8078
2935 28298 1250 8088
2936 28295 1218 8123
2937 28301 1180 8155
2938 28311 1156 8169
2939 28312 1151 8173
2940 28313 1155 8168
2941 28298 1161 8177
2942 28263 1139 8234
2943 28236 1139 8261
2944 28210 1154 8272
2945 28200 1170 8266
2946 28168 1173 8295
2947 28144 1191 8301
2948 28148 1161 8327
2949 28155 1163 8318
2950 28144 1172 8320
2951 28147 1154 8335
2952 28139 1162 8335
2953 28109 1173 8354
2954 28093 1180 8363
2955 28096 1158 8382
2956 28068 1187 8381
2957 28045 1175 8416
2958 27997 1204 8435
2959 27993 1214 8429
2960 27982 1235 8419
2961 27989 1229 8418
2962 27963 1234 8439
2963 27919 1254 8463
2964 27899 1251 8486
2965 27876 1270 8490
2966 27852 1283 8501
2967 27831 1283 8522
2968 27778 1311 8547
2969 27716 1328 8592
2970 27701 1315 8620
2971 27710 1315 8611
2972 27679 1323 8634
2973 27622 1339 8675
2974 27588 1358 8690
2975 27551 1353 8732
2976 27547 1358 8731
2977 27552 1330 8754
2978 27550 1316 8770
2979 27545 1313 8778
2980 27520 1303 8813
2981 27552 1302 8782
2982 27527 1277 8832
2983 27523 1256 8857
2984 27523 1249 8864
2985 27499 1254 8883
2986 27505 1252 8879
2987 27501 1241 8894
2988 27516 1227 8893
2989 27499 1198 8939
2990 27475 1197 8964
2991 27474 1203 8959
2992 27468 1203 8965
2993 27488 1198 8950
2994 27455 1219 8962
2995 27442 1202 8992
2996 27454 1227 8955
2997 27450 1228 8958
2998 27423 1255 8958
2999 27411 1248 8977
