0 37635 1 0
1 37635 1 0
2 37635 1 0
3 37635 1 0
4 37635 1 0
5 37634 2 0
6 37633 1 2
7 37632 2 2
8 37632 1 3
9 37631 2 3
10 37629 4 3
11 37628 3 5
12 37627 4 5
13 37627 4 5
14 37626 4 6
15 37625 5 6
16 37625 5 6
17 37624 5 7
18 37623 4 9
19 37622 4 10
20 37620 5 11
21 37618 5 13
22 37618 5 13
23 37618 4 14
24 37616 3 17
25 37616 3 17
26 37616 3 17
27 37615 4 17
28 37615 4 17
29 37614 5 17
30 37614 3 19
31 37614 3 19
32 37614 3 19
33 37615 3 18
34 37615 3 18
35 37614 2 20
36 37614 2 20
37 37615 2 19
38 37614 3 19
39 37613 4 19
40 37615 3 18
41 37615 2 19
42 37615 2 19
43 37614 2 20
44 37615 2 19
45 37615 2 19
46 37615 2 19
47 37615 2 19
48 37615 2 19
49 37615 2 19
50 37615 3 18
51 37615 3 18
52 37612 4 20
53 37608 8 20
54 37609 9 18
55 37606 10 20
56 37603 10 23
57 37600 10 26
58 37599 12 25
59 37596 13 27
60 37591 15 30
61 37588 14 34
62 37584 17 35
63 37580 19 37
64 37576 22 38
65 37572 26 38
66 37566 24 46
67 37563 24 49
68 37559 23 54
69 37559 20 57
70 37560 18 58
71 37555 18 63
72 37550 20 66
73 37548 23 65
74 37544 26 66
75 37541 27 68
76 37541 27 68
77 37541 25 70
78 37543 24 69
79 37540 28 68
80 37537 29 70
81 37535 27 74
82 37525 31 80
83 37521 34 81
84 37518 40 78
85 37513 40 83
86 37508 37 91
87 37501 44 91
88 37492 49 95
89 37487 51 98
90 37483 51 102
91 37483 49 104
92 37482 48 106
93 37472 52 112
94 37470 52 114
95 37463 54 119
96 37452 54 130
97 37454 49 133
98 37445 48 143
99 37447 46 143
100 37444 43 149
101 37444 35 157
102 37438 37 161
103 37434 38 164
104 37426 42 168
105 37424 43 169
106 37415 49 172
107 37410 53 173
108 37410 51 175
109 37408 51 177
110 37402 49 185
111 37397 49 190
112 37394 48 194
113 37396 45 195
114 37388 47 201
115 37383 49 204
116 37380 46 210
117 37376 45 215
118 37377 41 218
119 37374 43 219
120 37372 39 225
121 37368 37 231
122 37368 38 230
123 37369 39 228
124 37362 42 232
125 37365 38 233
126 37360 41 235
127 37356 43 237
128 37356 43 237
129 37359 45 232
130 37360 44 232
131 37357 47 232
132 37355 50 231
133 37356 50 230
134 37353 49 234
135 37351 49 236
136 37350 47 239
137 37353 41 242
138 37354 46 236
139 37351 46 239
140 37352 46 238
141 37352 45 239
142 37351 44 241
143 37345 43 248
144 37336 45 255
145 37328 50 258
146 37317 54 265
147 37316 57 263
148 37310 61 265
149 37305 58 273
150 37305 56 275
151 37297 60 279
152 37291 58 287
153 37290 58 288
154 37292 56 288
155 37289 58 289
156 37290 58 288
157 37286 62 288
158 37277 68 291
159 37276 66 294
160 37274 70 292
161 37274 68 294
162 37269 68 299
163 37260 74 302
164 37254 75 307
165 37250 78 308
166 37240 79 317
167 37232 81 323
168 37225 89 322
169 37214 89 333
170 37211 83 342
171 37206 81 349
172 37203 79 354
173 37191 89 356
174 37182 85 369
175 37176 90 370
176 37163 94 379
177 37166 87 383
178 37161 83 392
179 37159 79 398
180 37160 72 404
181 37156 74 406
182 37154 74 408
183 37146 78 412
184 37143 71 422
185 37136 71 429
186 37133 75 428
187 37131 76 429
188 37128 77 431
189 37120 79 437
190 37119 80 437
191 37117 77 442
192 37103 88 445
193 37099 84 453
194 37087 94 455
195 37084 89 463
196 37084 76 476
197 37080 73 483
198 37080 70 486
199 37079 69 488
200 37073 73 490
201 37065 79 492
202 37068 79 489
203 37061 84 491
204 37063 77 496
205 37063 80 493
206 37067 78 491
207 37066 76 494
208 37066 75 495
209 37063 75 498
210 37064 74 498
211 37062 78 496
212 37066 72 498
213 37068 70 498
214 37067 72 497
215 37061 75 500
216 37058 75 503
217 37053 75 508
218 37059 74 503
219 37062 67 507
220 37052 73 511
221 37054 75 507
222 37057 73 506
223 37058 74 504
224 37053 82 501
225 37053 81 502
226 37054 77 505
227 37056 75 505
228 37056 74 506
229 37060 67 509
230 37067 67 502
231 37071 68 497
232 37071 71 494
233 37075 76 485
234 37082 65 489
235 37083 67 486
236 37086 66 484
237 37093 71 472
238 37080 79 477
239 37080 82 474
240 37080 83 473
241 37074 79 483
242 37080 74 482
243 37075 71 490
244 37080 67 489
245 37073 77 486
246 37072 73 491
247 37081 68 487
248 37079 77 480
249 37077 76 483
250 37075 77 484
251 37069 79 488
252 37068 85 483
253 37057 93 486
254 37054 94 488
255 37048 96 492
256 37042 105 489
257 37033 102 501
258 37024 104 508
259 37017 115 504
260 37011 114 511
261 36999 114 523
262 36997 118 521
263 37004 116 516
264 37005 111 520
265 37005 113 518
266 36988 119 529
267 36978 112 546
268 36969 113 554
269 36959 119 558
270 36953 116 567
271 36945 119 572
272 36925 122 589
273 36934 110 592
274 36932 105 599
275 36927 105 604
276 36925 102 609
277 36924 97 615
278 36926 96 614
279 36931 87 618
280 36923 92 621
281 36924 91 621
282 36919 96 621
283 36922 95 619
284 36907 101 628
285 36902 98 636
286 36894 104 638
287 36880 112 644
288 36878 112 646
289 36869 121 646
290 36850 131 655
291 36835 136 665
292 36837 136 663
293 36829 143 664
294 36828 146 662
295 36820 141 675
296 36809 149 678
297 36791 162 683
298 36780 170 686
299 36769 155 712
300 36758 161 717
301 36750 163 723
302 36741 159 736
303 36733 162 741
304 36728 153 755
305 36725 159 752
306 36713 161 762
307 36710 169 757
308 36700 170 766
309 36690 164 782
310 36678 159 799
311 36669 167 800
312 36660 169 807
313 36648 163 825
314 36644 156 836
315 36636 155 845
316 36632 152 852
317 36634 150 852
318 36621 156 859
319 36622 145 869
320 36612 156 868
321 36608 161 867
322 36611 152 873
323 36614 142 880
324 36609 146 881
325 36606 146 884
326 36604 145 887
327 36600 135 901
328 36606 130 900
329 36608 133 895
330 36600 138 898
331 36586 141 909
332 36585 148 903
333 36583 144 909
334 36588 136 912
335 36577 136 923
336 36582 137 917
337 36574 138 924
338 36574 141 921
339 36573 146 917
340 36572 152 912
341 36578 143 915
342 36580 137 919
343 36567 135 934
344 36572 130 934
345 36573 126 937
346 36583 130 923
347 36583 130 923
348 36579 141 916
349 36578 143 915
350 36582 143 911
351 36572 147 917
352 36575 145 916
353 36578 140 918
354 36568 144 924
355 36566 135 935
356 36566 144 926
357 36569 147 920
358 36566 141 929
359 36566 146 924
360 36561 149 926
361 36554 150 932
362 36535 165 936
363 36532 164 940
364 36523 174 939
365 36519 176 941
366 36510 184 942
367 36497 195 944
368 36490 191 955
369 36467 186 983
370 36458 194 984
371 36444 209 983
372 36442 208 986
373 36430 205 1001
374 36435 188 1013
375 36431 180 1025
376 36422 174 1040
377 36411 182 1043
378 36417 175 1044
379 36423 172 1041
380 36410 174 1052
381 36407 174 1055
382 36396 173 1067
383 36396 163 1077
384 36408 159 1069
385 36402 163 1071
386 36387 170 1079
387 36377 177 1082
388 36378 169 1089
389 36383 172 1081
390 36374 173 1089
391 36383 169 1084
392 36375 169 1092
393 36377 165 1094
394 36370 171 1095
395 36366 163 1107
396 36353 167 1116
397 36343 175 1118
398 36339 168 1129
399 36342 168 1126
400 36333 159 1144
401 36345 149 1142
402 36354 148 1134
403 36367 135 1134
404 36365 136 1135
405 36374 131 1131
406 36378 132 1126
407 36373 136 1127
408 36369 138 1129
409 36371 136 1129
410 36358 140 1138
411 36363 144 1129
412 36355 147 1134
413 36343 153 1140
414 36345 152 1139
415 36342 158 1136
416 36341 163 1132
417 36335 163 1138
418 36336 153 1147
419 36346 141 1149
420 36352 139 1145
421 36349 139 1148
422 36340 144 1152
423 36337 144 1155
424 36339 144 1153
425 36345 134 1157
426 36339 143 1154
427 36337 150 1149
428 36339 153 1144
429 36349 145 1142
430 36351 150 1135
431 36347 155 1134
432 36344 163 1129
433 36351 177 1108
434 36351 175 1110
435 36342 176 1118
436 36339 163 1134
437 36333 164 1139
438 36329 168 1139
439 36325 161 1150
440 36322 165 1149
441 36321 172 1143
442 36321 178 1137
443 36313 177 1146
444 36307 173 1156
445 36307 170 1159
446 36305 178 1153
447 36303 190 1143
448 36301 190 1145
449 36295 192 1149
450 36289 187 1160
451 36283 182 1171
452 36282 175 1179
453 36282 182 1172
454 36280 185 1171
455 36271 191 1174
456 36260 201 1175
457 36259 199 1178
458 36264 194 1178
459 36257 195 1184
460 36247 198 1191
461 36236 203 1197
462 36223 195 1218
463 36219 192 1225
464 36211 194 1231
465 36199 200 1237
466 36195 204 1237
467 36199 197 1240
468 36199 191 1246
469 36184 190 1262
470 36173 193 1270
471 36160 197 1279
472 36156 201 1279
473 36154 189 1293
474 36154 187 1295
475 36154 185 1297
476 36159 178 1299
477 36157 189 1290
478 36156 187 1293
479 36130 205 1301
480 36125 204 1307
481 36130 201 1305
482 36141 194 1301
483 36140 194 1302
484 36138 199 1299
485 36126 205 1305
486 36120 203 1313
487 36114 202 1320
488 36109 202 1325
489 36106 214 1316
490 36100 209 1327
491 36088 205 1343
492 36069 214 1353
493 36062 205 1369
494 36066 198 1372
495 36051 201 1384
496 36056 203 1377
497 36061 198 1377
498 36045 200 1391
499 36044 199 1393
500 36051 195 1390
501 36055 190 1391
502 36050 195 1391
503 36033 206 1397
504 36028 205 1403
505 36006 213 1417
506 36008 224 1404
507 36001 209 1426
508 35988 222 1426
509 35985 222 1429
510 35962 240 1434
511 35950 244 1442
512 35955 237 1444
513 35945 245 1446
514 35920 268 1448
515 35904 272 1460
516 35883 284 1469
517 35876 285 1475
518 35861 294 1481
519 35842 294 1500
520 35830 278 1528
521 35825 273 1538
522 35828 272 1536
523 35820 274 1542
524 35819 264 1553
525 35816 256 1564
526 35823 244 1569
527 35834 238 1564
528 35832 243 1561
529 35830 244 1562
530 35824 239 1573
531 35807 244 1585
532 35799 252 1585
533 35791 234 1611
534 35783 250 1603
535 35783 259 1594
536 35766 255 1615
537 35754 258 1624
538 35740 265 1631
539 35728 265 1643
540 35714 279 1643
541 35711 283 1642
542 35709 283 1644
543 35700 276 1660
544 35688 279 1669
545 35676 268 1692
546 35662 281 1693
547 35654 290 1692
548 35649 293 1694
549 35632 298 1706
550 35605 322 1709
551 35602 316 1718
552 35580 322 1734
553 35575 317 1744
554 35556 311 1769
555 35553 308 1775
556 35544 304 1788
557 35537 299 1800
558 35525 302 1809
559 35495 312 1829
560 35501 312 1823
561 35500 303 1833
562 35498 309 1829
563 35500 293 1843
564 35501 285 1850
565 35496 282 1858
566 35495 275 1866
567 35498 262 1876
568 35502 260 1874
569 35504 255 1877
570 35492 277 1867
571 35481 272 1883
572 35480 265 1891
573 35477 252 1907
574 35498 236 1902
575 35498 236 1902
576 35502 237 1897
577 35504 239 1893
578 35515 240 1881
579 35522 254 1860
580 35508 261 1867
581 35497 279 1860
582 35487 286 1863
583 35480 279 1877
584 35479 289 1868
585 35484 279 1873
586 35481 277 1878
587 35465 282 1889
588 35472 280 1884
589 35469 287 1880
590 35446 311 1879
591 35432 308 1896
592 35434 297 1905
593 35425 301 1910
594 35439 301 1896
595 35426 291 1919
596 35425 295 1916
597 35418 288 1930
598 35429 281 1926
599 35433 290 1913
600 35419 299 1918
601 35419 290 1927
602 35413 299 1924
603 35403 312 1921
604 35388 312 1936
605 35391 306 1939
606 35391 295 1950
607 35375 299 1962
608 35368 306 1962
609 35360 307 1969
610 35352 306 1978
611 35350 305 1981
612 35353 303 1980
613 35355 301 1980
614 35353 300 1983
615 35351 306 1979
616 35359 313 1964
617 35352 305 1979
618 35338 312 1986
619 35324 316 1996
620 35325 314 1997
621 35298 336 2002
622 35296 336 2004
623 35279 348 2009
624 35256 350 2030
625 35260 345 2031
626 35245 347 2044
627 35223 349 2064
628 35229 337 2070
629 35226 336 2074
630 35223 329 2084
631 35223 323 2090
632 35214 315 2107
633 35221 307 2108
634 35212 299 2125
635 35204 306 2126
636 35215 296 2125
637 35227 293 2116
638 35225 290 2121
639 35228 280 2128
640 35222 279 2135
641 35239 282 2115
642 35235 284 2117
643 35238 292 2106
644 35225 304 2107
645 35227 299 2110
646 35244 296 2096
647 35240 305 2091
648 35237 307 2092
649 35211 324 2101
650 35203 327 2106
651 35211 310 2115
652 35205 307 2124
653 35196 317 2123
654 35189 310 2137
655 35191 311 2134
656 35190 315 2131
657 35178 315 2143
658 35168 319 2149
659 35158 330 2148
660 35133 331 2172
661 35118 348 2170
662 35113 346 2177
663 35106 350 2180
664 35109 334 2193
665 35102 334 2200
666 35098 329 2209
667 35101 327 2208
668 35099 309 2228
669 35111 292 2233
670 35111 294 2231
671 35123 296 2217
672 35123 297 2216
673 35115 292 2229
674 35107 302 2227
675 35109 302 2225
676 35088 320 2228
677 35082 322 2232
678 35080 332 2224
679 35088 325 2223
680 35091 319 2226
681 35087 324 2225
682 35081 327 2228
683 35096 317 2223
684 35096 320 2220
685 35088 330 2218
686 35081 329 2226
687 35095 324 2217
688 35078 329 2229
689 35084 319 2233
690 35086 313 2237
691 35078 319 2239
692 35077 319 2240
693 35077 329 2230
694 35072 330 2234
695 35080 325 2231
696 35078 317 2241
697 35076 298 2262
698 35067 304 2265
699 35083 289 2264
700 35088 294 2254
701 35095 280 2261
702 35091 291 2254
703 35112 276 2248
704 35115 272 2249
705 35104 282 2250
706 35113 272 2251
707 35109 276 2251
708 35113 277 2246
709 35126 284 2226
710 35126 279 2231
711 35134 287 2215
712 35136 289 2211
713 35130 283 2223
714 35118 288 2230
715 35128 276 2232
716 35113 295 2228
717 35109 301 2226
718 35113 308 2215
719 35070 327 2239
720 35056 344 2236
721 35032 364 2240
722 35034 363 2239
723 35033 356 2247
724 35016 353 2267
725 34999 360 2277
726 34987 360 2289
727 34964 348 2324
728 34951 333 2352
729 34965 332 2339
730 34965 326 2345
731 34969 326 2341
732 34963 320 2353
733 34960 327 2349
734 34963 333 2340
735 34959 335 2342
736 34953 326 2357
737 34960 313 2363
738 34953 311 2372
739 34950 303 2383
740 34944 297 2395
741 34946 297 2393
742 34939 316 2381
743 34923 318 2395
744 34909 330 2397
745 34915 341 2380
746 34912 339 2385
747 34934 333 2369
748 34949 338 2349
749 34945 347 2344
750 34935 360 2341
751 34937 360 2339
752 34924 362 2350
753 34919 362 2355
754 34908 371 2357
755 34902 373 2361
756 34903 367 2366
757 34898 389 2349
758 34879 388 2369
759 34885 387 2364
760 34869 392 2375
761 34862 392 2382
762 34856 386 2394
763 34831 403 2402
764 34827 400 2409
765 34816 401 2419
766 34787 409 2440
767 34774 408 2454
768 34762 410 2464
769 34748 404 2484
770 34732 407 2497
771 34738 395 2503
772 34727 390 2519
773 34735 379 2522
774 34736 385 2515
775 34728 389 2519
776 34721 386 2529
777 34733 377 2526
778 34717 383 2536
779 34719 383 2534
780 34716 382 2538
781 34709 387 2540
782 34702 381 2553
783 34679 383 2574
784 34663 388 2585
785 34667 385 2584
786 34680 366 2590
787 34659 363 2614
788 34666 382 2588
789 34671 373 2592
790 34650 380 2606
791 34646 377 2613
792 34645 363 2628
793 34644 355 2637
794 34654 366 2616
795 34647 382 2607
796 34649 383 2604
797 34651 384 2601
798 34631 397 2608
799 34592 427 2617
800 34567 441 2628
801 34557 427 2652
802 34553 430 2653
803 34528 444 2664
804 34508 449 2679
805 34511 457 2668
806 34484 484 2668
807 34460 490 2686
808 34446 505 2685
809 34417 502 2717
810 34390 505 2741
811 34380 496 2760
812 34367 479 2790
813 34360 481 2795
814 34343 478 2815
815 34333 481 2822
816 34329 482 2825
817 34337 474 2825
818 34330 489 2817
819 34301 507 2828
820 34283 522 2831
821 34276 512 2848
822 34273 480 2883
823 34236 471 2929
824 34199 481 2956
825 34174 492 2970
826 34136 513 2987
827 34115 531 2990
828 34125 523 2988
829 34104 523 3009
830 34097 517 3022
831 34076 519 3041
832 34053 528 3055
833 34042 533 3061
834 34053 519 3064
835 34026 528 3082
836 34023 523 3090
837 34020 535 3081
838 33999 536 3101
839 33993 499 3144
840 33989 499 3148
841 33976 495 3165
842 33972 490 3174
843 33963 488 3185
844 33947 497 3192
845 33954 473 3209
846 33925 477 3234
847 33917 476 3243
848 33906 488 3242
849 33891 479 3266
850 33896 497 3243
851 33905 485 3246
852 33910 476 3250
853 33917 473 3246
854 33924 472 3240
855 33899 490 3247
856 33913 482 3241
857 33892 500 3244
858 33860 501 3275
859 33841 499 3296
860 33850 503 3283
861 33841 505 3290
862 33821 496 3319
863 33820 496 3320
864 33813 504 3319
865 33815 488 3333
866 33780 506 3350
867 33782 500 3354
868 33778 500 3358
869 33750 514 3372
870 33772 505 3359
871 33752 491 3393
872 33753 491 3392
873 33755 482 3399
874 33744 488 3404
875 33733 503 3400
876 33743 488 3405
877 33765 466 3405
878 33767 465 3404
879 33766 472 3398
880 33770 481 3385
881 33772 468 3396
882 33778 457 3401
883 33768 446 3422
884 33768 455 3413
885 33775 431 3430
886 33766 443 3427
887 33794 431 3411
888 33782 435 3419
889 33762 446 3428
890 33760 448 3428
891 33772 443 3421
892 33782 440 3414
893 33781 439 3416
894 33781 447 3408
895 33767 467 3402
896 33774 471 3391
897 33765 470 3401
898 33777 465 3394
899 33783 473 3380
900 33794 447 3395
901 33786 453 3397
902 33790 452 3394
903 33794 462 3380
904 33776 460 3400
905 33777 465 3394
906 33795 464 3377
907 33798 454 3384
908 33806 466 3364
909 33803 469 3364
910 33794 475 3367
911 33790 487 3359
912 33782 492 3362
913 33773 486 3377
914 33758 511 3367
915 33747 534 3355
916 33743 534 3359
917 33725 530 3381
918 33701 521 3414
919 33692 525 3419
920 33673 525 3438
921 33664 524 3448
922 33656 535 3445
923 33656 520 3460
924 33644 535 3457
925 33632 544 3460
926 33639 533 3464
927 33635 541 3460
928 33627 533 3476
929 33609 534 3493
930 33595 538 3503
931 33582 549 3505
932 33578 564 3494
933 33575 555 3506
934 33566 556 3514
935 33556 555 3525
936 33532 562 3542
937 33540 567 3529
938 33542 563 3531
939 33535 563 3538
940 33519 550 3567
941 33525 528 3583
942 33513 530 3593
943 33506 526 3604
944 33490 537 3609
945 33491 531 3614
946 33458 536 3642
947 33447 545 3644
948 33467 543 3626
949 33459 523 3654
950 33467 506 3663
951 33481 487 3668
952 33487 475 3674
953 33493 475 3668
954 33497 473 3666
955 33506 478 3652
956 33514 469 3653
957 33536 462 3638
958 33549 462 3625
959 33564 466 3606
960 33578 453 3605
961 33591 447 3598
962 33592 464 3580
963 33586 458 3592
964 33574 468 3594
965 33583 462 3591
966 33565 488 3583
967 33573 501 3562
968 33559 519 3558
969 33552 519 3565
970 33547 544 3545
971 33544 558 3534
972 33527 568 3541
973 33497 573 3566
974 33448 595 3593
975 33446 594 3596
976 33415 594 3627
977 33389 597 3650
978 33363 591 3682
979 33341 596 3699
980 33336 595 3705
981 33343 578 3715
982 33332 593 3711
983 33329 583 3724
984 33312 598 3726
985 33315 611 3710
986 33285 617 3734
987 33283 616 3737
988 33307 583 3746
989 33309 590 3737
990 33303 574 3759
991 33287 569 3780
992 33275 572 3789
993 33263 569 3804
994 33229 584 3823
995 33207 590 3839
996 33208 589 3839
997 33191 601 3844
998 33171 621 3844
999 33164 619 3853
1000 33124 643 3869
1001 33095 644 3897
1002 33065 668 3903
1003 33034 682 3920
1004 33027 664 3945
1005 33024 639 3973
1006 33023 637 3976
1007 32971 651 4014
1008 32964 658 4014
1009 32939 675 4022
1010 32908 682 4046
1011 32919 692 4025
1012 32876 710 4050
1013 32854 702 4080
1014 32817 720 4099
1015 32790 715 4131
1016 32735 713 4188
1017 32718 726 4192
1018 32727 705 4204
1019 32685 704 4247
1020 32670 695 4271
1021 32672 705 4259
1022 32628 719 4289
1023 32604 738 4294
1024 32594 743 4299
1025 32558 748 4330
1026 32521 746 4369
1027 32485 743 4408
1028 32481 740 4415
1029 32494 702 4440
1030 32487 691 4458
1031 32487 679 4470
1032 32453 688 4495
1033 32467 666 4503
1034 32475 648 4513
1035 32446 659 4531
1036 32466 658 4512
1037 32458 648 4530
1038 32443 675 4518
1039 32432 677 4527
1040 32423 685 4528
1041 32409 671 4556
1042 32383 682 4571
1043 32373 665 4598
1044 32367 688 4581
1045 32361 713 4562
1046 32346 706 4584
1047 32335 702 4599
1048 32317 710 4609
1049 32294 715 4627
1050 32271 722 4643
1051 32242 719 4675
1052 32221 741 4674
1053 32213 728 4695
1054 32190 712 4734
1055 32186 680 4770
1056 32168 670 4798
1057 32176 680 4780
1058 32181 670 4785
1059 32180 672 4784
1060 32184 672 4780
1061 32169 672 4795
1062 32156 679 4801
1063 32138 686 4812
1064 32105 696 4835
1065 32099 683 4854
1066 32098 673 4865
1067 32078 703 4855
1068 32081 700 4855
1069 32073 690 4873
1070 32047 697 4892
1071 32058 688 4890
1072 32045 670 4921
1073 32021 682 4933
1074 32036 673 4927
1075 32036 665 4935
1076 32026 666 4944
1077 32008 713 4915
1078 31982 716 4938
1079 31956 730 4950
1080 31935 731 4970
1081 31921 727 4988
1082 31906 727 5003
1083 31907 713 5016
1084 31896 707 5033
1085 31893 684 5059
1086 31909 667 5060
1087 31920 681 5035
1088 31921 679 5036
1089 31927 657 5052
1090 31950 655 5031
1091 31950 658 5028
1092 31946 656 5034
1093 31956 649 5031
1094 31989 642 5005
1095 31979 646 5011
1096 32001 642 4993
1097 32019 648 4969
1098 32032 645 4959
1099 32039 629 4968
1100 32044 648 4944
1101 32029 659 4948
1102 32036 671 4929
1103 32035 678 4923
1104 32052 677 4907
1105 32031 684 4921
1106 32040 670 4926
1107 32035 672 4929
1108 32049 665 4922
1109 32077 655 4904
1110 32076 638 4922
1111 32066 629 4941
1112 32090 614 4932
1113 32108 630 4898
1114 32088 632 4916
1115 32106 605 4925
1116 32090 636 4910
1117 32094 632 4910
1118 32095 637 4904
1119 32103 641 4892
1120 32120 642 4874
1121 32111 642 4883
1122 32117 649 4870
1123 32131 644 4861
1124 32160 619 4857
1125 32152 619 4865
1126 32157 617 4862
1127 32182 596 4858
1128 32193 613 4830
1129 32171 604 4861
1130 32175 608 4853
1131 32180 601 4855
1132 32180 617 4839
1133 32204 623 4809
1134 32229 617 4790
1135 32215 612 4809
1136 32202 628 4806
1137 32240 609 4787
1138 32238 619 4779
1139 32253 610 4773
1140 32245 614 4777
1141 32272 608 4756
1142 32279 614 4743
1143 32268 632 4736
1144 32290 636 4710
1145 32297 616 4723
1146 32296 600 4740
1147 32302 613 4721
1148 32313 591 4732
1149 32350 564 4722
1150 32361 558 4717
1151 32359 548 4729
1152 32375 556 4705
1153 32371 569 4696
1154 32388 573 4675
1155 32377 576 4683
1156 32366 569 4701
1157 32386 571 4679
1158 32402 549 4685
1159 32420 560 4656
1160 32419 560 4657
1161 32398 567 4671
1162 32393 570 4673
1163 32411 567 4658
1164 32389 600 4647
1165 32382 609 4645
1166 32388 619 4629
1167 32385 621 4630
1168 32375 608 4653
1169 32392 596 4648
1170 32415 593 4628
1171 32394 596 4646
1172 32390 606 4640
1173 32384 610 4642
1174 32384 624 4628
1175 32387 624 4625
1176 32391 605 4640
1177 32395 605 4636
1178 32390 628 4618
1179 32371 641 4624
1180 32408 631 4597
1181 32416 623 4597
1182 32431 629 4576
1183 32413 626 4597
1184 32398 628 4610
1185 32406 621 4609
1186 32411 627 4598
1187 32407 618 4611
1188 32408 633 4595
1189 32415 642 4579
1190 32427 633 4576
1191 32455 627 4554
1192 32459 619 4558
1193 32472 624 4540
1194 32460 631 4545
1195 32463 621 4552
1196 32481 622 4533
1197 32445 630 4561
1198 32441 641 4554
1199 32413 645 4578
1200 32392 635 4609
1201 32381 644 4611
1202 32370 637 4629
1203 32379 627 4630
1204 32384 625 4627
1205 32362 637 4637
1206 32352 633 4651
1207 32373 629 4634
1208 32401 618 4617
1209 32393 644 4599
1210 32388 643 4605
1211 32354 679 4603
1212 32360 664 4612
1213 32376 643 4617
1214 32373 630 4633
1215 32372 655 4609
1216 32353 659 4624
1217 32341 673 4622
1218 32325 676 4635
1219 32315 692 4629
1220 32297 710 4629
1221 32288 724 4624
1222 32267 732 4637
1223 32252 741 4643
1224 32226 758 4652
1225 32205 754 4677
1226 32175 754 4707
1227 32175 740 4721
1228 32166 748 4722
1229 32155 724 4757
1230 32150 742 4744
1231 32136 756 4744
1232 32139 745 4752
1233 32117 742 4777
1234 32129 726 4781
1235 32116 731 4789
1236 32115 712 4809
1237 32090 723 4823
1238 32095 697 4844
1239 32091 696 4849
1240 32099 682 4855
1241 32088 688 4860
1242 32089 681 4866
1243 32065 687 4884
1244 32032 689 4915
1245 32010 705 4921
1246 32000 709 4927
1247 32011 705 4920
1248 31993 721 4922
1249 31965 735 4936
1250 31923 753 4960
1251 31915 741 4980
1252 31919 730 4987
1253 31893 731 5012
1254 31899 701 5036
1255 31881 696 5059
1256 31867 698 5071
1257 31832 713 5091
1258 31785 741 5110
1259 31761 743 5132
1260 31742 735 5159
1261 31744 735 5157
1262 31727 738 5171
1263 31734 723 5179
1264 31735 727 5174
1265 31739 713 5184
1266 31745 710 5181
1267 31754 695 5187
1268 31741 699 5196
1269 31715 714 5207
1270 31711 711 5214
1271 31699 727 5210
1272 31694 728 5214
1273 31681 736 5219
1274 31671 728 5237
1275 31650 746 5240
1276 31651 741 5244
1277 31661 733 5242
1278 31634 731 5271
1279 31635 732 5269
1280 31633 718 5285
1281 31589 762 5285
1282 31567 776 5293
1283 31554 757 5325
1284 31539 759 5338
1285 31506 775 5355
1286 31472 780 5384
1287 31469 768 5399
1288 31439 756 5441
1289 31428 750 5458
1290 31395 781 5460
1291 31360 806 5470
1292 31351 808 5477
1293 31339 814 5483
1294 31327 808 5501
1295 31320 788 5528
1296 31301 787 5548
1297 31283 782 5571
1298 31276 801 5559
1299 31249 810 5577
1300 31245 815 5576
1301 31236 817 5583
1302 31255 827 5554
1303 31236 829 5571
1304 31230 823 5583
1305 31221 805 5610
1306 31173 823 5640
1307 31179 820 5637
1308 31183 827 5626
1309 31192 831 5613
1310 31195 833 5608
1311 31178 830 5628
1312 31146 855 5635
1313 31130 857 5649
1314 31131 858 5647
1315 31113 849 5674
1316 31092 855 5689
1317 31059 856 5721
1318 31062 859 5715
1319 31043 855 5738
1320 31043 869 5724
1321 31040 870 5726
1322 31018 878 5740
1323 31004 886 5746
1324 30994 870 5772
1325 30991 851 5794
1326 30975 858 5803
1327 30953 885 5798
1328 30946 884 5806
1329 30934 896 5806
1330 30927 882 5827
1331 30902 856 5878
1332 30924 847 5865
1333 30917 833 5886
1334 30915 815 5906
1335 30921 791 5924
1336 30949 766 5921
1337 30958 766 5912
1338 30973 774 5889
1339 30964 779 5893
1340 30977 787 5872
1341 30960 784 5892
1342 30963 770 5903
1343 30977 780 5879
1344 30978 792 5866
1345 30982 793 5861
1346 30948 805 5883
1347 30952 784 5900
1348 30935 790 5911
1349 30965 779 5892
1350 30965 792 5879
1351 30962 787 5887
1352 30958 781 5897
1353 30959 771 5906
1354 30954 768 5914
1355 30955 795 5886
1356 30940 788 5908
1357 30968 778 5890
1358 30946 786 5904
1359 30957 786 5893
1360 30924 782 5930
1361 30893 791 5952
1362 30896 795 5945
1363 30911 790 5935
1364 30901 810 5925
1365 30912 799 5925
1366 30908 795 5933
1367 30898 785 5953
1368 30908 793 5935
1369 30915 799 5922
1370 30928 787 5921
1371 30924 799 5913
1372 30942 810 5884
1373 30937 811 5888
1374 30940 809 5887
1375 30980 814 5842
1376 30969 819 5848
1377 30991 797 5848
1378 30993 813 5830
1379 30955 845 5836
1380 30950 826 5860
1381 30946 833 5857
1382 30915 829 5892
1383 30911 801 5924
1384 30918 790 5928
1385 30931 785 5920
1386 30935 787 5914
1387 30956 788 5892
1388 30962 785 5889
1389 30963 783 5890
1390 30977 767 5892
1391 30963 776 5897
1392 30967 783 5886
1393 30970 790 5876
1394 30946 808 5882
1395 30921 821 5894
1396 30928 806 5902
1397 30937 798 5901
1398 30945 828 5863
1399 30952 854 5830
1400 30937 859 5840
1401 30910 876 5850
1402 30878 891 5867
1403 30851 909 5876
1404 30841 930 5865
1405 30859 919 5858
1406 30846 924 5866
1407 30836 924 5876
1408 30810 936 5890
1409 30796 946 5894
1410 30750 949 5937
1411 30724 929 5983
1412 30704 923 6009
1413 30682 912 6042
1414 30696 920 6020
1415 30695 906 6035
1416 30692 897 6047
1417 30717 879 6040
1418 30691 892 6053
1419 30682 890 6064
1420 30686 872 6078
1421 30647 882 6107
1422 30618 898 6120
1423 30616 886 6134
1424 30618 865 6153
1425 30619 863 6154
1426 30600 854 6182
1427 30591 870 6175
1428 30586 868 6182
1429 30583 855 6198
1430 30568 873 6195
1431 30582 864 6190
1432 30591 868 6177
1433 30586 871 6179
1434 30586 870 6180
1435 30554 876 6206
1436 30563 873 6200
1437 30539 865 6232
1438 30529 872 6235
1439 30512 860 6264
1440 30482 874 6280
1441 30458 876 6302
1442 30445 862 6329
1443 30461 843 6332
1444 30482 841 6313
1445 30470 858 6308
1446 30447 894 6295
1447 30450 877 6309
1448 30451 881 6304
1449 30461 883 6292
1450 30469 874 6293
1451 30485 862 6289
1452 30481 878 6277
1453 30468 874 6294
1454 30473 879 6284
1455 30445 905 6286
1456 30446 900 6290
1457 30437 903 6296
1458 30453 885 6298
1459 30416 903 6317
1460 30415 901 6320
1461 30401 886 6349
1462 30409 879 6348
1463 30376 877 6383
1464 30383 866 6387
1465 30352 909 6375
1466 30346 918 6372
1467 30332 894 6410
1468 30318 914 6404
1469 30326 905 6405
1470 30317 896 6423
1471 30305 909 6422
1472 30313 939 6384
1473 30286 951 6399
1474 30246 974 6416
1475 30248 952 6436
1476 30205 984 6447
1477 30192 977 6467
1478 30171 980 6485
1479 30178 961 6497
1480 30170 969 6497
1481 30191 971 6474
1482 30167 959 6510
1483 30168 951 6517
1484 30158 970 6508
1485 30132 985 6519
1486 30116 992 6528
1487 30122 968 6546
1488 30096 983 6557
1489 30060 978 6598
1490 30051 976 6609
1491 30026 982 6628
1492 30003 991 6642
1493 29975 1006 6655
1494 29969 1007 6660
1495 29957 1003 6676
1496 29949 1005 6682
1497 29959 996 6681
1498 29945 992 6699
1499 29954 987 6695
1500 29933 983 6720
1501 29912 958 6766
1502 29884 951 6801
1503 29912 932 6792
1504 29912 933 6791
1505 29886 925 6825
1506 29897 934 6805
1507 29907 931 6798
1508 29914 926 6796
1509 29889 928 6819
1510 29855 952 6829
1511 29857 932 6847
1512 29856 930 6850
1513 29835 955 6846
1514 29839 949 6848
1515 29838 935 6863
1516 29832 923 6881
1517 29842 914 6880
1518 29841 910 6885
1519 29821 927 6888
1520 29801 936 6899
1521 29791 936 6909
1522 29783 911 6942
1523 29800 922 6914
1524 29774 943 6919
1525 29764 927 6945
1526 29763 927 6946
1527 29778 926 6932
1528 29771 945 6920
1529 29750 945 6941
1530 29748 958 6930
1531 29760 922 6954
1532 29762 927 6947
1533 29773 912 6951
1534 29769 929 6938
1535 29771 951 6914
1536 29758 967 6911
1537 29767 970 6899
1538 29762 961 6913
1539 29785 912 6939
1540 29809 899 6928
1541 29824 893 6919
1542 29841 883 6912
1543 29831 877 6928
1544 29860 857 6919
1545 29882 825 6929
1546 29918 807 6911
1547 29965 797 6874
1548 29997 794 6845
1549 30013 813 6810
1550 30063 782 6791
1551 30057 789 6790
1552 30094 775 6767
1553 30121 760 6755
1554 30141 759 6736
1555 30160 763 6713
1556 30183 763 6690
1557 30176 794 6666
1558 30189 803 6644
1559 30213 795 6628
1560 30225 786 6625
1561 30241 773 6622
1562 30262 765 6609
1563 30320 761 6555
1564 30338 754 6544
1565 30383 726 6527
1566 30418 718 6500
1567 30447 707 6482
1568 30454 719 6463
1569 30474 718 6444
1570 30475 732 6429
1571 30486 747 6403
1572 30511 755 6370
1573 30529 750 6357
1574 30542 761 6333
1575 30548 774 6314
1576 30569 775 6292
1577 30560 790 6286
1578 30535 797 6304
1579 30531 802 6303
1580 30548 806 6282
1581 30555 804 6277
1582 30578 799 6259
1583 30590 808 6238
1584 30604 830 6202
1585 30624 825 6187
1586 30621 830 6185
1587 30579 856 6201
1588 30563 871 6202
1589 30528 871 6237
1590 30541 878 6217
1591 30540 871 6225
1592 30524 875 6237
1593 30519 893 6224
1594 30542 894 6200
1595 30547 894 6195
1596 30541 892 6203
1597 30541 901 6194
1598 30548 889 6199
1599 30550 899 6187
1600 30547 883 6206
1601 30554 878 6204
1602 30547 864 6225
1603 30544 838 6254
1604 30546 838 6252
1605 30549 843 6244
1606 30553 864 6219
1607 30564 849 6223
1608 30562 843 6231
1609 30556 830 6250
1610 30532 848 6256
1611 30550 846 6240
1612 30546 838 6252
1613 30555 837 6244
1614 30559 830 6247
1615 30557 822 6257
1616 30572 822 6242
1617 30575 808 6253
1618 30571 797 6268
1619 30577 787 6272
1620 30562 801 6273
1621 30566 807 6263
1622 30609 787 6240
1623 30596 808 6232
1624 30614 799 6223
1625 30634 797 6205
1626 30632 798 6206
1627 30630 793 6213
1628 30609 820 6207
1629 30589 855 6192
1630 30580 864 6192
1631 30552 872 6212
1632 30551 856 6229
1633 30548 847 6241
1634 30538 851 6247
1635 30523 838 6275
1636 30524 841 6271
1637 30517 852 6267
1638 30506 841 6289
1639 30470 867 6299
1640 30488 853 6295
1641 30464 833 6339
1642 30476 815 6345
1643 30490 818 6328
1644 30523 808 6305
1645 30520 812 6304
1646 30529 808 6299
1647 30541 816 6279
1648 30546 806 6284
1649 30586 788 6262
1650 30584 804 6248
1651 30559 827 6250
1652 30553 827 6256
1653 30577 804 6255
1654 30566 798 6272
1655 30560 792 6284
1656 30574 794 6268
1657 30572 809 6255
1658 30550 845 6241
1659 30544 832 6260
1660 30550 837 6249
1661 30543 839 6254
1662 30540 853 6243
1663 30538 866 6232
1664 30497 904 6235
1665 30481 899 6256
1666 30443 911 6282
1667 30401 917 6318
1668 30393 898 6345
1669 30391 886 6359
1670 30399 895 6342
1671 30401 887 6348
1672 30390 883 6363
1673 30395 886 6355
1674 30408 879 6349
1675 30407 892 6337
1676 30395 922 6319
1677 30356 932 6348
1678 30339 939 6358
1679 30338 934 6364
1680 30313 925 6398
1681 30292 934 6410
1682 30257 938 6441
1683 30243 922 6471
1684 30252 926 6458
1685 30243 917 6476
1686 30248 905 6483
1687 30243 900 6493
1688 30268 884 6484
1689 30239 889 6508
1690 30206 907 6523
1691 30228 904 6504
1692 30223 893 6520
1693 30239 863 6534
1694 30244 858 6534
1695 30267 851 6518
1696 30290 864 6482
1697 30263 886 6487
1698 30277 914 6445
1699 30277 902 6457
1700 30271 917 6448
1701 30245 935 6456
1702 30243 940 6453
1703 30228 975 6433
1704 30242 942 6452
1705 30272 924 6440
1706 30255 937 6444
1707 30242 952 6442
1708 30215 949 6472
1709 30216 962 6458
1710 30202 956 6478
1711 30198 945 6493
1712 30177 947 6512
1713 30150 965 6521
1714 30119 972 6545
1715 30108 987 6541
1716 30089 993 6554
1717 30077 998 6561
1718 30053 1014 6569
1719 30092 985 6559
1720 30085 968 6583
1721 30069 968 6599
1722 30066 955 6615
1723 30043 965 6628
1724 30046 970 6620
1725 30029 989 6618
1726 30026 999 6611
1727 30008 993 6635
1728 29991 982 6663
1729 29961 999 6676
1730 29932 1028 6676
1731 29895 1039 6702
1732 29868 1029 6739
1733 29857 1038 6741
1734 29859 1028 6749
1735 29875 1012 6749
1736 29868 1031 6737
1737 29814 1018 6804
1738 29813 984 6839
1739 29841 972 6823
1740 29834 971 6831
1741 29808 998 6830
1742 29805 1016 6815
1743 29787 1017 6832
1744 29765 1020 6851
1745 29728 1029 6879
1746 29728 1025 6883
1747 29656 1043 6937
1748 29664 1031 6941
1749 29636 1016 6984
1750 29616 1024 6996
1751 29622 1020 6994
1752 29620 1014 7002
1753 29627 1033 6976
1754 29600 1027 7009
1755 29610 1013 7013
1756 29613 1011 7012
1757 29612 994 7030
1758 29615 985 7036
1759 29616 977 7043
1760 29612 969 7055
1761 29592 993 7051
1762 29605 965 7066
1763 29583 976 7077
1764 29593 985 7058
1765 29579 991 7066
1766 29575 985 7076
1767 29577 972 7087
1768 29574 963 7099
1769 29602 960 7074
1770 29574 966 7096
1771 29555 980 7101
1772 29568 973 7095
1773 29602 959 7075
1774 29617 939 7080
1775 29650 950 7036
1776 29651 991 6994
1777 29641 968 7027
1778 29640 963 7033
1779 29659 949 7028
1780 29654 948 7034
1781 29649 960 7027
1782 29641 944 7051
1783 29660 954 7022
1784 29646 965 7025
1785 29652 977 7007
1786 29628 985 7023
1787 29611 993 7032
1788 29609 1006 7021
1789 29586 1030 7020
1790 29563 1057 7016
1791 29548 1054 7034
1792 29545 1008 7083
1793 29532 1031 7073
1794 29553 1006 7077
1795 29549 1006 7081
1796 29549 998 7089
1797 29558 984 7094
1798 29556 961 7119
1799 29583 944 7109
1800 29572 948 7116
1801 29568 971 7097
1802 29575 955 7106
1803 29561 964 7111
1804 29561 976 7099
1805 29555 985 7096
1806 29554 976 7106
1807 29569 971 7096
1808 29571 952 7113
1809 29571 959 7106
1810 29605 937 7094
1811 29643 916 7077
1812 29648 917 7071
1813 29617 928 7091
1814 29637 904 7095
1815 29612 942 7082
1816 29618 926 7092
1817 29607 936 7093
1818 29599 938 7099
1819 29613 938 7085
1820 29622 938 7076
1821 29648 936 7052
1822 29634 957 7045
1823 29642 943 7051
1824 29650 947 7039
1825 29661 951 7024
1826 29666 934 7036
1827 29658 943 7035
1828 29621 971 7044
1829 29604 979 7053
1830 29624 966 7046
1831 29610 958 7068
1832 29613 954 7069
1833 29610 962 7064
1834 29610 971 7055
1835 29605 985 7046
1836 29632 988 7016
1837 29649 976 7011
1838 29622 977 7037
1839 29600 990 7046
1840 29563 985 7088
1841 29571 974 7091
1842 29578 974 7084
1843 29557 979 7100
1844 29572 950 7114
1845 29585 951 7100
1846 29581 958 7097
1847 29565 965 7106
1848 29576 961 7099
1849 29579 975 7082
1850 29572 997 7067
1851 29592 990 7054
1852 29585 1007 7044
1853 29570 991 7075
1854 29578 989 7069
1855 29576 976 7084
1856 29545 983 7108
1857 29553 958 7125
1858 29571 945 7120
1859 29559 977 7100
1860 29552 985 7099
1861 29524 995 7117
1862 29529 984 7123
1863 29527 987 7122
1864 29525 975 7136
1865 29504 983 7149
1866 29490 978 7168
1867 29488 982 7166
1868 29464 971 7201
1869 29468 989 7179
1870 29455 1002 7179
1871 29447 1002 7187
1872 29473 997 7166
1873 29482 999 7155
1874 29467 998 7171
1875 29462 1009 7165
1876 29479 1002 7155
1877 29482 999 7155
1878 29445 1008 7183
1879 29409 990 7237
1880 29399 995 7242
1881 29395 991 7250
1882 29378 990 7268
1883 29386 984 7266
1884 29409 980 7247
1885 29431 967 7238
1886 29408 952 7276
1887 29412 975 7249
1888 29395 973 7268
1889 29401 984 7251
1890 29405 973 7258
1891 29406 959 7271
1892 29413 959 7264
1893 29388 956 7292
1894 29382 989 7265
1895 29356 995 7285
1896 29382 989 7265
1897 29391 1003 7242
1898 29386 1006 7244
1899 29368 1015 7253
1900 29374 1011 7251
1901 29367 1031 7238
1902 29375 1046 7215
1903 29350 1075 7211
1904 29339 1082 7215
1905 29330 1068 7238
1906 29305 1093 7238
1907 29307 1091 7238
1908 29278 1087 7271
1909 29250 1102 7284
1910 29241 1099 7296
1911 29215 1122 7299
1912 29189 1118 7329
1913 29180 1124 7332
1914 29193 1128 7315
1915 29203 1128 7305
1916 29152 1137 7347
1917 29151 1112 7373
1918 29114 1144 7378
1919 29052 1158 7426
1920 29038 1141 7457
1921 29014 1115 7507
1922 28997 1108 7531
1923 28955 1150 7531
1924 28920 1165 7551
1925 28899 1169 7568
1926 28877 1190 7569
1927 28884 1154 7598
1928 28838 1158 7640
1929 28802 1183 7651
1930 28766 1198 7672
1931 28739 1199 7698
1932 28698 1198 7740
1933 28693 1203 7740
1934 28694 1186 7756
1935 28666 1190 7780
1936 28680 1172 7784
1937 28679 1168 7789
1938 28641 1188 7807
1939 28631 1177 7828
1940 28636 1149 7851
1941 28641 1166 7829
1942 28622 1190 7824
1943 28598 1217 7821
1944 28589 1192 7855
1945 28566 1206 7864
1946 28591 1167 7878
1947 28606 1131 7899
1948 28562 1140 7934
1949 28551 1127 7958
1950 28502 1142 7992
1951 28482 1141 8013
1952 28478 1151 8007
1953 28489 1118 8029
1954 28489 1103 8044
1955 28512 1069 8055
1956 28554 1067 8015
1957 28529 1071 8036
1958 28562 1032 8042
1959 28577 1016 8043
1960 28605 1007 8024
1961 28603 1023 8010
1962 28626 1028 7982
1963 28659 1005 7972
1964 28647 995 7994
1965 28659 1006 7971
1966 28675 990 7971
1967 28688 998 7950
1968 28713 996 7927
1969 28718 1002 7916
1970 28746 996 7894
1971 28761 1004 7871
1972 28777 998 7861
1973 28779 975 7882
1974 28764 978 7894
1975 28767 988 7881
1976 28776 998 7862
1977 28783 992 7861
1978 28840 952 7844
1979 28865 951 7820
1980 28903 924 7809
1981 28970 922 7744
1982 28981 935 7720
1983 29019 932 7685
1984 29066 923 7647
1985 29056 918 7662
1986 29096 912 7628
1987 29110 919 7607
1988 29106 939 7591
1989 29145 926 7565
1990 29159 918 7559
1991 29182 905 7549
1992 29213 900 7523
1993 29244 880 7512
1994 29289 868 7479
1995 29308 865 7463
1996 29339 845 7452
1997 29358 856 7422
1998 29372 877 7387
1999 29403 869 7364
2000 29432 863 7341
2001 29455 887 7294
2002 29458 893 7285
2003 29476 896 7264
2004 29521 877 7238
2005 29548 876 7212
2006 29575 888 7173
2007 29595 897 7144
2008 29609 918 7109
2009 29572 951 7113
2010 29575 937 7124
2011 29538 954 7144
2012 29511 983 7142
2013 29509 968 7159
2014 29505 956 7175
2015 29515 951 7170
2016 29480 987 7169
2017 29487 984 7165
2018 29493 981 7162
2019 29480 1005 7151
2020 29448 1007 7181
2021 29445 1005 7186
2022 29461 984 7191
2023 29463 977 7196
2024 29444 963 7229
2025 29459 974 7203
2026 29468 967 7201
2027 29463 978 7195
2028 29477 992 7167
2029 29452 995 7189
2030 29420 1021 7195
2031 29382 1037 7217
2032 29331 1077 7228
2033 29315 1090 7231
2034 29313 1101 7222
2035 29297 1100 7239
2036 29287 1104 7245
2037 29270 1087 7279
2038 29289 1074 7273
2039 29293 1055 7288
2040 29269 1067 7300
2041 29239 1077 7320
2042 29216 1087 7333
2043 29171 1124 7341
2044 29203 1113 7320
2045 29163 1106 7367
2046 29158 1101 7377
2047 29122 1109 7405
2048 29084 1133 7419
2049 29069 1121 7446
2050 29057 1132 7447
2051 29041 1111 7484
2052 29058 1099 7479
2053 29036 1113 7487
2054 29000 1134 7502
2055 29007 1104 7525
2056 29011 1106 7519
2057 28971 1110 7555
2058 28929 1135 7572
2059 28934 1111 7591
2060 28921 1099 7616
2061 28883 1105 7648
2062 28880 1116 7640
2063 28877 1112 7647
2064 28886 1096 7654
2065 28855 1106 7675
2066 28872 1110 7654
2067 28856 1132 7648
2068 28825 1152 7659
2069 28790 1152 7694
2070 28784 1147 7705
2071 28773 1138 7725
2072 28740 1150 7746
2073 28741 1143 7752
2074 28711 1147 7778
2075 28730 1116 7790
2076 28724 1123 7789
2077 28682 1133 7821
2078 28659 1131 7846
2079 28653 1107 7876
2080 28651 1079 7906
2081 28674 1075 7887
2082 28665 1052 7919
2083 28676 1050 7910
2084 28661 1034 7941
2085 28679 1062 7895
2086 28688 1074 7874
2087 28677 1053 7906
2088 28680 1069 7887
2089 28654 1059 7923
2090 28679 1042 7915
2091 28667 1046 7923
2092 28670 1044 7922
2093 28660 1072 7904
2094 28643 1101 7892
2095 28652 1101 7883
2096 28653 1107 7876
2097 28665 1105 7866
2098 28676 1101 7859
2099 28650 1105 7881
2100 28628 1103 7905
2101 28612 1107 7917
2102 28602 1123 7911
2103 28576 1137 7923
2104 28555 1129 7952
2105 28557 1153 7926
2106 28513 1185 7938
2107 28502 1169 7965
2108 28439 1188 8009
2109 28396 1217 8023
2110 28370 1221 8045
2111 28312 1266 8058
2112 28293 1262 8081
2113 28292 1236 8108
2114 28279 1268 8089
2115 28242 1267 8127
2116 28256 1240 8140
2117 28245 1234 8157
2118 28221 1239 8176
2119 28201 1231 8204
2120 28184 1201 8251
2121 28131 1239 8266
2122 28106 1229 8301
2123 28099 1235 8302
2124 28085 1225 8326
2125 28076 1223 8337
2126 28067 1211 8358
2127 28089 1179 8368
2128 28097 1170 8369
2129 28064 1213 8359
2130 28039 1211 8386
2131 28038 1213 8385
2132 28033 1214 8389
2133 28029 1200 8407
2134 27997 1199 8440
2135 28006 1180 8450
2136 28006 1173 8457
2137 28004 1162 8470
2138 28022 1166 8448
2139 28056 1164 8416
2140 28083 1159 8394
2141 28084 1139 8413
2142 28068 1141 8427
2143 28093 1127 8416
2144 28130 1098 8408
2145 28115 1117 8404
2146 28107 1134 8395
2147 28135 1117 8384
2148 28158 1099 8379
2149 28166 1094 8376
2150 28192 1080 8364
2151 28217 1078 8341
2152 28231 1071 8334
2153 28242 1059 8335
2154 28260 1053 8323
2155 28247 1060 8329
2156 28282 1048 8306
2157 28301 1030 8305
2158 28315 1042 8279
2159 28304 1061 8271
2160 28317 1070 8249
2161 28317 1075 8244
2162 28335 1070 8231
2163 28357 1075 8204
2164 28352 1071 8213
2165 28355 1062 8219
2166 28352 1071 8213
2167 28351 1076 8209
2168 28368 1065 8203
2169 28384 1042 8210
2170 28389 1023 8224
2171 28418 1005 8213
2172 28468 1003 8165
2173 28507 1006 8123
2174 28526 995 8115
2175 28571 963 8102
2176 28621 947 8068
2177 28623 937 8076
2178 28636 945 8055
2179 28675 928 8033
2180 28702 930 8004
2181 28717 919 8000
2182 28764 911 7961
2183 28791 913 7932
2184 28811 901 7924
2185 28803 922 7911
2186 28827 929 7880
2187 28865 942 7829
2188 28883 960 7793
2189 28905 968 7763
2190 28921 979 7736
2191 28961 972 7703
2192 28971 974 7691
2193 29012 957 7667
2194 29018 950 7668
2195 29058 926 7652
2196 29063 942 7631
2197 29088 954 7594
2198 29093 945 7598
2199 29130 931 7575
2200 29184 914 7538
2201 29169 926 7541
2202 29198 912 7526
2203 29222 893 7521
2204 29286 889 7461
2205 29318 871 7447
2206 29344 889 7403
2207 29373 869 7394
2208 29326 886 7424
2209 29336 905 7395
2210 29367 894 7375
2211 29386 875 7375
2212 29418 876 7342
2213 29430 879 7327
2214 29413 892 7331
2215 29397 905 7334
2216 29395 913 7328
2217 29386 919 7331
2218 29396 907 7333
2219 29397 923 7316
2220 29407 916 7313
2221 29426 913 7297
2222 29437 912 7287
2223 29453 910 7273
2224 29448 936 7252
2225 29455 930 7251
2226 29446 914 7276
2227 29452 913 7271
2228 29450 943 7243
2229 29439 968 7229
2230 29423 987 7226
2231 29430 972 7234
2232 29415 975 7246
2233 29414 976 7246
2234 29403 985 7248
2235 29410 973 7253
2236 29413 961 7262
2237 29425 956 7255
2238 29445 941 7250
2239 29451 945 7240
2240 29449 953 7234
2241 29462 958 7216
2242 29486 948 7202
2243 29484 956 7196
2244 29479 947 7210
2245 29480 958 7198
2246 29483 965 7188
2247 29509 950 7177
2248 29478 932 7226
2249 29458 965 7213
2250 29473 977 7186
2251 29460 991 7185
2252 29473 973 7190
2253 29513 950 7173
2254 29495 962 7179
2255 29472 958 7206
2256 29464 973 7199
2257 29432 1020 7184
2258 29454 1017 7165
2259 29462 1023 7151
2260 29431 1033 7172
2261 29426 1018 7192
2262 29414 1013 7209
2263 29432 983 7221
2264 29440 988 7208
2265 29429 1005 7202
2266 29411 985 7240
2267 29408 999 7229
2268 29401 997 7238
2269 29413 986 7237
2270 29407 974 7255
2271 29420 987 7229
2272 29410 998 7228
2273 29394 1009 7233
2274 29392 1011 7233
2275 29391 1010 7235
2276 29416 992 7228
2277 29428 991 7217
2278 29436 984 7216
2279 29417 991 7228
2280 29420 1004 7212
2281 29416 998 7222
2282 29397 1003 7236
2283 29383 1012 7241
2284 29418 975 7243
2285 29441 965 7230
2286 29430 968 7238
2287 29450 977 7209
2288 29457 983 7196
2289 29454 969 7213
2290 29455 968 7213
2291 29435 972 7229
2292 29422 998 7216
2293 29376 999 7261
2294 29370 1004 7262
2295 29397 966 7273
2296 29410 937 7289
2297 29394 959 7283
2298 29407 955 7274
2299 29421 939 7276
2300 29439 939 7258
2301 29458 927 7251
2302 29466 938 7232
2303 29478 927 7231
2304 29482 915 7239
2305 29491 934 7211
2306 29527 928 7181
2307 29520 930 7186
2308 29542 921 7173
2309 29563 912 7161
2310 29561 908 7167
2311 29562 893 7181
2312 29589 903 7144
2313 29590 868 7178
2314 29599 864 7173
2315 29603 842 7191
2316 29628 833 7175
2317 29648 828 7160
2318 29650 831 7155
2319 29681 828 7127
2320 29726 816 7094
2321 29781 795 7060
2322 29793 815 7028
2323 29823 805 7008
2324 29818 814 7004
2325 29821 826 6989
2326 29855 817 6964
2327 29897 810 6929
2328 29928 797 6911
2329 29984 779 6873
2330 30030 767 6839
2331 30071 750 6815
2332 30084 768 6784
2333 30102 784 6750
2334 30147 748 6741
2335 30153 748 6735
2336 30187 743 6706
2337 30207 763 6666
2338 30234 765 6637
2339 30261 765 6610
2340 30292 765 6579
2341 30332 737 6567
2342 30359 752 6525
2343 30381 758 6497
2344 30384 744 6508
2345 30414 730 6492
2346 30452 720 6464
2347 30479 725 6432
2348 30498 741 6397
2349 30491 742 6403
2350 30504 751 6381
2351 30540 740 6356
2352 30551 744 6341
2353 30565 758 6313
2354 30580 782 6274
2355 30591 785 6260
2356 30630 772 6234
2357 30630 789 6217
2358 30653 764 6219
2359 30672 777 6187
2360 30664 794 6178
2361 30671 793 6172
2362 30682 798 6156
2363 30700 787 6149
2364 30702 784 6150
2365 30725 761 6150
2366 30721 764 6151
2367 30732 781 6123
2368 30769 775 6092
2369 30811 757 6068
2370 30846 752 6038
2371 30856 764 6016
2372 30878 758 6000
2373 30865 754 6017
2374 30875 742 6019
2375 30893 744 5999
2376 30908 738 5990
2377 30915 774 5947
2378 30922 763 5951
2379 30926 768 5942
2380 30935 761 5940
2381 30946 774 5916
2382 30923 806 5907
2383 30929 828 5879
2384 30925 832 5879
2385 30949 822 5865
2386 30907 850 5879
2387 30923 867 5846
2388 30906 874 5856
2389 30869 890 5877
2390 30873 894 5869
2391 30872 872 5892
2392 30869 858 5909
2393 30879 857 5900
2394 30859 874 5903
2395 30862 866 5908
2396 30823 875 5938
2397 30794 898 5944
2398 30766 913 5957
2399 30736 917 5983
2400 30684 936 6016
2401 30677 902 6057
2402 30668 913 6055
2403 30644 907 6085
2404 30621 934 6081
2405 30606 922 6108
2406 30583 936 6117
2407 30570 936 6130
2408 30528 955 6153
2409 30505 946 6185
2410 30485 953 6198
2411 30453 978 6205
2412 30449 975 6212
2413 30445 970 6221
2414 30433 970 6233
2415 30382 970 6284
2416 30364 971 6301
2417 30342 970 6324
2418 30324 986 6326
2419 30316 994 6326
2420 30312 975 6349
2421 30277 992 6367
2422 30249 990 6397
2423 30262 952 6422
2424 30229 947 6460
2425 30212 960 6464
2426 30171 981 6484
2427 30181 974 6481
2428 30159 984 6493
2429 30154 981 6501
2430 30122 1004 6510
2431 30115 1001 6520
2432 30097 1014 6525
2433 30095 990 6551
2434 30088 998 6550
2435 30061 1003 6572
2436 30061 977 6598
2437 30073 964 6599
2438 30043 978 6615
2439 30013 980 6643
2440 30018 958 6660
2441 30024 951 6661
2442 30012 954 6670
2443 29988 956 6692
2444 29984 957 6695
2445 30006 945 6685
2446 29982 952 6702
2447 29974 971 6691
2448 29964 971 6701
2449 29964 955 6717
2450 29964 933 6739
2451 29959 941 6736
2452 29924 949 6763
2453 29906 974 6756
2454 29885 970 6781
2455 29893 959 6784
2456 29861 968 6807
2457 29870 946 6820
2458 29862 948 6826
2459 29846 961 6829
2460 29848 953 6835
2461 29854 951 6831
2462 29845 974 6817
2463 29845 955 6836
2464 29843 989 6804
2465 29844 997 6795
2466 29859 961 6816
2467 29846 961 6829
2468 29852 975 6809
2469 29839 983 6814
2470 29846 962 6828
2471 29845 962 6829
2472 29855 957 6824
2473 29843 946 6847
2474 29845 987 6804
2475 29828 980 6828
2476 29791 1003 6842
2477 29739 1011 6886
2478 29718 1004 6914
2479 29713 977 6946
2480 29696 981 6959
2481 29687 972 6977
2482 29687 945 7004
2483 29683 928 7025
2484 29696 933 7007
2485 29684 939 7013
2486 29710 933 6993
2487 29716 931 6989
2488 29712 937 6987
2489 29719 941 6976
2490 29714 951 6971
2491 29736 942 6958
2492 29746 907 6983
2493 29767 902 6967
2494 29769 929 6938
2495 29782 926 6928
2496 29793 904 6939
2497 29828 910 6898
2498 29841 892 6903
2499 29859 865 6912
2500 29859 869 6908
2501 29843 893 6900
2502 29824 918 6894
2503 29847 922 6867
2504 29834 925 6877
2505 29839 939 6858
2506 29851 922 6863
2507 29834 957 6845
2508 29842 942 6852
2509 29831 933 6872
2510 29859 920 6857
2511 29848 928 6860
2512 29844 934 6858
2513 29838 959 6839
2514 29823 967 6846
2515 29817 961 6858
2516 29816 945 6875
2517 29821 956 6859
2518 29776 995 6865
2519 29786 993 6857
2520 29766 994 6876
2521 29789 940 6907
2522 29801 928 6907
2523 29786 928 6922
2524 29767 932 6937
2525 29795 929 6912
2526 29795 919 6922
2527 29797 916 6923
2528 29783 945 6908
2529 29794 922 6920
2530 29784 938 6914
2531 29798 932 6906
2532 29806 927 6903
2533 29793 916 6927
2534 29825 880 6931
2535 29832 885 6919
2536 29868 869 6899
2537 29881 883 6872
2538 29912 893 6831
2539 29922 889 6825
2540 29955 885 6796
2541 29960 892 6784
2542 29963 902 6771
2543 29964 892 6780
2544 29949 901 6786
2545 29954 907 6775
2546 29931 912 6793
2547 29937 898 6801
2548 29948 911 6777
2549 29957 928 6751
2550 29983 917 6736
2551 29968 917 6751
2552 29970 924 6742
2553 29959 933 6744
2554 29959 925 6752
2555 29954 939 6743
2556 29950 931 6755
2557 29936 943 6757
2558 29933 945 6758
2559 29932 935 6769
2560 29930 912 6794
2561 29927 922 6787
2562 29926 924 6786
2563 29925 938 6773
2564 29944 906 6786
2565 29955 915 6766
2566 29942 910 6784
2567 29939 929 6768
2568 29944 940 6752
2569 29927 939 6770
2570 29919 936 6781
2571 29929 954 6753
2572 29913 937 6786
2573 29902 962 6772
2574 29900 970 6766
2575 29900 973 6763
2576 29887 986 6763
2577 29865 1010 6761
2578 29864 1016 6756
2579 29865 996 6775
2580 29878 1015 6743
2581 29901 980 6755
2582 29888 978 6770
2583 29893 963 6780
2584 29900 968 6768
2585 29899 963 6774
2586 29893 970 6773
2587 29892 974 6770
2588 29872 975 6789
2589 29845 977 6814
2590 29861 967 6808
2591 29838 968 6830
2592 29799 978 6859
2593 29801 983 6852
2594 29818 962 6856
2595 29776 957 6903
2596 29775 942 6919
2597 29760 929 6947
2598 29744 947 6945
2599 29739 948 6949
2600 29689 987 6960
2601 29689 1003 6944
2602 29689 1005 6942
2603 29651 1008 6977
2604 29668 1020 6948
2605 29665 1029 6942
2606 29640 1040 6956
2607 29641 1042 6953
2608 29635 1045 6956
2609 29656 1073 6907
2610 29587 1102 6947
2611 29566 1112 6958
2612 29570 1108 6958
2613 29535 1082 7019
2614 29514 1056 7066
2615 29503 1056 7077
2616 29523 1032 7081
2617 29560 1010 7066
2618 29527 1004 7105
2619 29533 998 7105
2620 29504 1002 7130
2621 29488 1027 7121
2622 29484 1018 7134
2623 29458 1019 7159
2624 29448 1024 7164
2625 29447 986 7203
2626 29419 1004 7213
2627 29404 1003 7229
2628 29393 1001 7242
2629 29352 1013 7271
2630 29372 1027 7237
2631 29357 1032 7247
2632 29355 1035 7246
2633 29352 1010 7274
2634 29303 1032 7301
2635 29289 1040 7307
2636 29298 1048 7290
2637 29277 1060 7299
2638 29295 1058 7283
2639 29309 1058 7269
2640 29307 1074 7255
2641 29305 1066 7265
2642 29292 1054 7290
2643 29312 1044 7280
2644 29306 1043 7287
2645 29336 1029 7271
2646 29321 1060 7255
2647 29325 1065 7246
2648 29307 1060 7269
2649 29296 1048 7292
2650 29263 1054 7319
2651 29273 1047 7316
2652 29269 1071 7296
2653 29238 1056 7342
2654 29252 1064 7320
2655 29229 1072 7335
2656 29222 1069 7345
2657 29205 1065 7366
2658 29182 1067 7387
2659 29168 1087 7381
2660 29174 1096 7366
2661 29152 1117 7367
2662 29156 1131 7349
2663 29115 1154 7367
2664 29084 1166 7386
2665 29086 1163 7387
2666 29077 1157 7402
2667 29040 1192 7404
2668 29023 1175 7438
2669 29006 1191 7439
2670 28982 1196 7458
2671 28929 1201 7506
2672 28908 1192 7536
2673 28866 1154 7616
2674 28855 1148 7633
2675 28866 1135 7635
2676 28889 1096 7651
2677 28863 1104 7669
2678 28840 1085 7711
2679 28837 1077 7722
2680 28813 1092 7731
2681 28795 1085 7756
2682 28807 1054 7775
2683 28783 1081 7772
2684 28796 1090 7750
2685 28775 1082 7779
2686 28775 1096 7765
2687 28787 1080 7769
2688 28780 1076 7780
2689 28775 1081 7780
2690 28777 1070 7789
2691 28754 1072 7810
2692 28713 1099 7824
2693 28715 1107 7814
2694 28718 1110 7808
2695 28699 1107 7830
2696 28711 1100 7825
2697 28709 1110 7817
2698 28721 1081 7834
2699 28740 1066 7830
2700 28747 1080 7809
2701 28725 1079 7832
2702 28682 1100 7854
2703 28678 1117 7841
2704 28683 1107 7846
2705 28661 1120 7855
2706 28660 1117 7859
2707 28630 1106 7900
2708 28643 1138 7855
2709 28632 1129 7875
2710 28617 1158 7861
2711 28640 1146 7850
2712 28613 1152 7871
2713 28605 1147 7884
2714 28609 1136 7891
2715 28596 1137 7903
2716 28597 1150 7889
2717 28594 1125 7917
2718 28580 1127 7929
2719 28569 1151 7916
2720 28568 1156 7912
2721 28546 1158 7932
2722 28523 1152 7961
2723 28501 1158 7977
2724 28488 1166 7982
2725 28493 1165 7978
2726 28477 1166 7993
2727 28492 1168 7976
2728 28488 1155 7993
2729 28470 1132 8034
2730 28468 1124 8044
2731 28476 1096 8064
2732 28467 1066 8103
2733 28487 1049 8100
2734 28501 1059 8076
2735 28529 1046 8061
2736 28547 1046 8043
2737 28565 1045 8026
2738 28555 1060 8021
2739 28577 1040 8019
2740 28596 1037 8003
2741 28585 1064 7987
2742 28602 1043 7991
2743 28618 1031 7987
2744 28586 1031 8019
2745 28591 1022 8023
2746 28597 1031 8008
2747 28587 1038 8011
2748 28620 1048 7968
2749 28642 1023 7971
2750 28654 1015 7967
2751 28650 991 7995
2752 28663 989 7984
2753 28650 1003 7983
2754 28643 1011 7982
2755 28656 1016 7964
2756 28655 1020 7961
2757 28687 1032 7917
2758 28685 1032 7919
2759 28665 1080 7891
2760 28642 1101 7893
2761 28622 1088 7926
2762 28647 1061 7928
2763 28638 1057 7941
2764 28606 1056 7974
2765 28612 1065 7959
2766 28575 1075 7986
2767 28585 1086 7965
2768 28574 1100 7962
2769 28578 1098 7960
2770 28570 1078 7988
2771 28596 1064 7976
2772 28587 1061 7988
2773 28576 1060 8000
2774 28577 1049 8010
2775 28560 1050 8026
2776 28562 1062 8012
2777 28572 1040 8024
2778 28577 1028 8031
2779 28572 1018 8046
2780 28583 1003 8050
2781 28585 1030 8021
2782 28594 1042 8000
2783 28592 1035 8009
2784 28605 1049 7982
2785 28613 1050 7973
2786 28618 1073 7945
2787 28602 1088 7946
2788 28614 1086 7936
2789 28604 1076 7956
2790 28640 1053 7943
2791 28643 1043 7950
2792 28639 1049 7948
2793 28630 1030 7976
2794 28644 1037 7955
2795 28652 1029 7955
2796 28675 1017 7944
2797 28694 1004 7938
2798 28727 984 7925
2799 28741 969 7926
2800 28757 973 7906
2801 28749 981 7906
2802 28753 968 7915
2803 28763 976 7897
2804 28773 974 7889
2805 28772 955 7909
2806 28780 937 7919
2807 28779 955 7902
2808 28793 962 7881
2809 28781 969 7886
2810 28778 971 7887
2811 28786 978 7872
2812 28801 986 7849
2813 28818 998 7820
2814 28806 1007 7823
2815 28825 990 7821
2816 28855 961 7820
2817 28862 981 7793
2818 28870 981 7785
2819 28865 985 7786
2820 28859 1010 7767
2821 28899 987 7750
2822 28910 988 7738
2823 28889 997 7750
2824 28912 990 7734
2825 28905 1004 7727
2826 28919 994 7723
2827 28918 997 7721
2828 28939 984 7713
2829 28933 999 7704
2830 28965 992 7679
2831 28958 1008 7670
2832 28948 1010 7678
2833 28954 994 7688
2834 28963 1013 7660
2835 28956 1005 7675
2836 28976 986 7674
2837 28980 986 7670
2838 28981 1001 7654
2839 28947 1042 7647
2840 28958 1019 7659
2841 29000 1004 7632
2842 29007 1012 7617
2843 29000 1018 7618
2844 29010 981 7645
2845 29050 972 7614
2846 29050 981 7605
2847 29055 969 7612
2848 29028 975 7633
2849 29027 948 7661
2850 29047 953 7636
2851 29077 956 7603
2852 29073 932 7631
2853 29069 945 7622
2854 29092 933 7611
2855 29108 910 7618
2856 29115 909 7612
2857 29147 918 7571
2858 29165 922 7549
2859 29192 928 7516
2860 29212 905 7519
2861 29250 901 7485
2862 29277 917 7442
2863 29281 935 7420
2864 29255 952 7429
2865 29294 917 7425
2866 29331 921 7384
2867 29322 942 7372
2868 29309 947 7380
2869 29328 949 7359
2870 29354 963 7319
2871 29346 945 7345
2872 29366 946 7324
2873 29381 947 7308
2874 29367 971 7298
2875 29387 985 7264
2876 29421 980 7235
2877 29423 969 7244
2878 29419 988 7229
2879 29404 1005 7227
2880 29383 1017 7236
2881 29364 1037 7235
2882 29363 1037 7236
2883 29382 1041 7213
2884 29365 1026 7245
2885 29343 1037 7256
2886 29319 1062 7255
2887 29317 1055 7264
2888 29306 1076 7254
2889 29264 1095 7277
2890 29251 1108 7277
2891 29224 1117 7295
2892 29202 1122 7312
2893 29198 1159 7279
2894 29199 1138 7299
2895 29180 1150 7306
2896 29197 1141 7298
2897 29175 1139 7322
2898 29160 1125 7351
2899 29139 1112 7385
2900 29125 1123 7388
2901 29130 1134 7372
2902 29094 1134 7408
2903 29091 1142 7403
2904 29062 1148 7426
2905 29021 1166 7449
2906 28983 1149 7504
2907 28955 1133 7548
2908 28935 1157 7544
2909 28890 1175 7571
2910 28834 1202 7600
2911 28798 1220 7618
2912 28790 1202 7644
2913 28786 1208 7642
2914 28772 1180 7684
2915 28748 1171 7717
2916 28745 1136 7755
2917 28736 1158 7742
2918 28712 1145 7779
2919 28687 1126 7823
2920 28687 1109 7840
2921 28668 1134 7834
2922 28680 1106 7850
2923 28650 1120 7866
2924 28631 1120 7885
2925 28668 1112 7856
2926 28646 1115 7875
2927 28646 1091 7899
2928 28640 1075 7921
2929 28639 1053 7944
2930 28656 1055 7925
2931 28656 1051 7929
2932 28669 1067 7900
2933 28638 1075 7923
2934 28662 1071 7903
2935 28662 1101 7873
2936 28658 1111 7867
2937 28660 1118 7858
2938 28629 1119 7888
2939 28636 1098 7902
2940 28646 1111 7879
2941 28648 1105 7883
2942 28654 1095 7887
2943 28632 1113 7891
2944 28646 1097 7893
2945 28638 1086 7912
2946 28651 1094 7891
2947 28623 1117 7896
2948 28605 1111 7920
2949 28609 1130 7897
2950 28603 1130 7903
2951 28599 1123 7914
2952 28603 1088 7945
2953 28608 1071 7957
2954 28605 1068 7963
2955 28610 1046 7980
2956 28561 1090 7985
2957 28513 1102 8021
2958 28514 1113 8009
2959 28525 1084 8027
2960 28529 1084 8023
2961 28504 1085 8047
2962 28503 1102 8031
2963 28476 1096 8064
2964 28463 1098 8075
2965 28465 1082 8089
2966 28476 1098 8062
2967 28440 1134 8062
2968 28407 1150 8079
2969 28379 1175 8082
2970 28395 1168 8073
2971 28367 1154 8115
2972 28392 1127 8117
2973 28350 1158 8128
2974 28366 1137 8133
2975 28329 1146 8161
2976 28343 1118 8175
2977 28347 1099 8190
2978 28366 1076 8194
2979 28385 1020 8231
2980 28433 1012 8191
2981 28471 1000 8165
2982 28498 968 8170
2983 28548 961 8127
2984 28551 976 8109
2985 28602 967 8067
2986 28603 942 8091
2987 28577 959 8100
2988 28613 931 8092
2989 28640 956 8040
2990 28664 947 8025
2991 28720 949 7967
2992 28706 977 7953
2993 28714 967 7955
2994 28716 960 7960
2995 28756 958 7922
2996 28778 955 7903
2997 28804 966 7866
2998 28844 946 7846
2999 28863 954 7819
