0 37635 1 0
1 37635 1 0
2 37635 1 0
3 37635 1 0
4 37634 1 1
5 37634 1 1
6 37634 1 1
7 37633 2 1
8 37633 2 1
9 37633 2 1
10 37631 3 2
11 37628 5 3
12 37627 5 4
13 37626 5 5
14 37625 6 5
15 37621 9 6
16 37621 7 8
17 37621 6 9
18 37621 7 8
19 37619 9 8
20 37618 9 9
21 37616 11 9
22 37610 14 12
23 37607 17 12
24 37602 20 14
25 37601 17 18
26 37596 22 18
27 37593 23 20
28 37589 24 23
29 37586 21 29
30 37583 21 32
31 37581 22 33
32 37579 22 35
33 37575 23 38
34 37573 22 41
35 37574 21 41
36 37572 23 41
37 37570 23 43
38 37567 23 46
39 37560 27 49
40 37560 25 51
41 37557 24 55
42 37557 23 56
43 37556 22 58
44 37550 24 62
45 37548 26 62
46 37545 29 62
47 37542 29 65
48 37540 26 70
49 37539 28 69
50 37539 27 70
51 37537 27 72
52 37536 26 74
53 37537 26 73
54 37531 30 75
55 37529 31 76
56 37526 32 78
57 37522 29 85
58 37517 31 88
59 37512 35 89
60 37509 37 90
61 37499 43 94
62 37489 44 103
63 37488 42 106
64 37477 43 116
65 37470 44 122
66 37459 50 127
67 37458 48 130
68 37456 47 133
69 37454 48 134
70 37446 49 141
71 37438 48 150
72 37430 49 157
73 37427 45 164
74 37421 47 168
75 37422 50 164
76 37419 49 168
77 37410 52 174
78 37406 54 176
79 37401 57 178
80 37387 63 186
81 37380 67 189
82 37371 71 194
83 37358 78 200
84 37353 76 207
85 37346 75 215
86 37330 81 225
87 37324 80 232
88 37318 77 241
89 37306 77 253
90 37304 75 257
91 37298 73 265
92 37292 78 266
93 37293 74 269
94 37288 70 278
95 37278 79 279
96 37279 76 281
97 37272 71 293
98 37260 69 307
99 37252 67 317
100 37242 71 323
101 37234 74 328
102 37227 78 331
103 37223 76 337
104 37224 77 335
105 37219 71 346
106 37206 75 355
107 37208 75 353
108 37201 74 361
109 37202 69 365
110 37196 75 365
111 37193 78 365
112 37194 75 367
113 37187 83 366
114 37189 81 366
115 37184 79 373
116 37185 73 378
117 37175 82 379
118 37166 85 385
119 37164 88 384
120 37165 84 387
121 37160 87 389
122 37155 98 383
123 37147 101 388
124 37148 102 386
125 37139 103 394
126 37146 99 391
127 37135 100 401
128 37129 99 408
129 37123 103 410
130 37112 99 425
131 37107 100 429
132 37099 102 435
133 37092 104 440
134 37081 108 447
135 37073 106 457
136 37057 105 474
137 37052 104 480
138 37047 103 486
139 37038 105 493
140 37031 107 498
141 37026 107 503
142 37025 98 513
143 37017 105 514
144 37007 108 521
145 36998 103 535
146 36994 102 540
147 36992 97 547
148 36989 106 541
149 36975 114 547
150 36971 118 547
151 36961 120 555
152 36944 126 566
153 36931 129 576
154 36926 125 585
155 36911 131 594
156 36905 128 603
157 36895 134 607
158 36887 127 622
159 36872 137 627
160 36856 139 641
161 36844 142 650
162 36829 146 661
163 36812 154 670
164 36799 154 683
165 36789 151 696
166 36782 156 698
167 36773 152 711
168 36757 160 719
169 36740 165 731
170 36717 174 745
171 36705 170 761
172 36695 172 769
173 36680 181 775
174 36662 190 784
175 36643 191 802
176 36634 181 821
177 36620 188 828
178 36612 190 834
179 36587 201 848
180 36564 213 859
181 36534 226 876
182 36506 225 905
183 36492 219 925
184 36474 225 937
185 36463 220 953
186 36445 230 961
187 36420 230 986
188 36406 234 996
189 36390 239 1007
190 36399 220 1017
191 36381 219 1036
192 36365 223 1048
193 36359 220 1057
194 36355 208 1073
195 36337 218 1081
196 36339 211 1086
197 36331 210 1095
198 36311 224 1101
199 36294 226 1116
200 36287 233 1116
201 36280 228 1128
202 36270 227 1139
203 36263 219 1154
204 36243 226 1167
205 36231 233 1172
206 36217 224 1195
207 36213 226 1197
208 36202 222 1212
209 36177 236 1223
210 36177 235 1224
211 36151 248 1237
212 36123 264 1249
213 36112 258 1266
214 36110 256 1270
215 36103 259 1274
216 36094 257 1285
217 36073 243 1320
218 36065 244 1327
219 36055 235 1346
220 36043 242 1351
221 36035 242 1359
222 36031 240 1365
223 36029 235 1372
224 36042 221 1373
225 36031 212 1393
226 36032 212 1392
227 36022 219 1395
228 36023 216 1397
229 36005 229 1402
230 36003 222 1411
231 35996 222 1418
232 35994 214 1428
233 35994 209 1433
234 35991 222 1423
235 35980 234 1422
236 35963 236 1437
237 35954 242 1440
238 35934 266 1436
239 35925 260 1451
240 35918 252 1466
241 35911 258 1467
242 35892 267 1477
243 35892 252 1492
244 35889 257 1490
245 35883 251 1502
246 35860 259 1517
247 35849 266 1521
248 35858 261 1517
249 35845 278 1513
250 35834 276 1526
251 35819 269 1548
252 35797 270 1569
253 35798 263 1575
254 35801 259 1576
255 35791 270 1575
256 35784 278 1574
257 35788 275 1573
258 35775 291 1570
259 35776 288 1572
260 35763 285 1588
261 35753 284 1599
262 35749 283 1604
263 35739 290 1607
264 35721 287 1628
265 35711 280 1645
266 35704 277 1655
267 35712 267 1657
268 35709 268 1659
269 35696 275 1665
270 35689 281 1666
271 35686 289 1661
272 35667 299 1670
273 35665 291 1680
274 35660 288 1688
275 35650 295 1691
276 35639 303 1694
277 35627 302 1707
278 35594 313 1729
279 35563 315 1758
280 35554 304 1778
281 35547 305 1784
282 35543 312 1781
283 35532 311 1793
284 35521 311 1804
285 35522 291 1823
286 35519 289 1828
287 35523 287 1826
288 35506 279 1851
289 35504 282 1850
290 35495 290 1851
291 35486 291 1859
292 35480 284 1872
293 35466 291 1879
294 35457 292 1887
295 35464 284 1888
296 35453 283 1900
297 35444 286 1906
298 35444 288 1904
299 35437 285 1914
300 35433 287 1916
301 35430 289 1917
302 35438 287 1911
303 35425 285 1926
304 35433 276 1927
305 35428 271 1937
306 35440 276 1920
307 35445 264 1927
308 35434 259 1943
309 35447 257 1932
310 35459 256 1921
311 35453 255 1928
312 35453 254 1929
313 35456 263 1917
314 35462 264 1910
315 35469 253 1914
316 35452 268 1916
317 35447 277 1912
318 35462 270 1904
319 35461 270 1905
320 35437 284 1915
321 35436 279 1921
322 35417 287 1932
323 35409 287 1940
324 35410 287 1939
325 35409 293 1934
326 35403 305 1928
327 35406 309 1921
328 35402 312 1922
329 35393 309 1934
330 35381 296 1959
331 35386 296 1954
332 35377 294 1965
333 35365 299 1972
334 35359 275 2002
335 35364 275 1997
336 35351 277 2008
337 35351 274 2011
338 35368 272 1996
339 35373 254 2009
340 35378 258 2000
341 35373 263 2000
342 35370 268 1998
343 35377 255 2004
344 35374 256 2006
345 35385 267 1984
346 35387 277 1972
347 35382 263 1991
348 35384 270 1982
349 35368 271 1997
350 35346 287 2003
351 35341 275 2020
352 35336 271 2029
353 35340 259 2037
354 35334 264 2038
355 35325 274 2037
356 35332 273 2031
357 35352 273 2011
358 35337 291 2008
359 35350 293 1993
360 35356 305 1975
361 35338 323 1975
362 35324 316 1996
363 35308 326 2002
364 35298 326 2012
365 35318 312 2006
366 35295 322 2019
367 35289 328 2019
368 35272 333 2031
369 35262 326 2048
370 35271 316 2049
371 35264 312 2060
372 35254 317 2065
373 35252 301 2083
374 35257 308 2071
375 35256 308 2072
376 35245 311 2080
377 35250 308 2078
378 35231 308 2097
379 35231 311 2094
380 35226 318 2092
381 35219 316 2101
382 35204 317 2115
383 35200 318 2118
384 35200 324 2112
385 35207 320 2109
386 35188 340 2108
387 35177 341 2118
388 35167 351 2118
389 35133 378 2125
390 35107 382 2147
391 35093 387 2156
392 35074 402 2160
393 35054 411 2171
394 35029 413 2194
395 35012 401 2223
396 34987 414 2235
397 34968 421 2247
398 34952 424 2260
399 34909 435 2292
400 34907 434 2295
401 34898 435 2303
402 34885 451 2300
403 34853 479 2304
404 34829 465 2342
405 34793 473 2370
406 34769 466 2401
407 34723 491 2422
408 34677 518 2441
409 34646 527 2463
410 34633 509 2494
411 34619 516 2501
412 34592 521 2523
413 34574 506 2556
414 34554 518 2564
415 34532 535 2569
416 34491 533 2612
417 34455 533 2648
418 34435 549 2652
419 34408 538 2690
420 34386 517 2733
421 34368 517 2751
422 34357 511 2768
423 34331 493 2812
424 34319 489 2828
425 34306 496 2834
426 34293 477 2866
427 34283 458 2895
428 34256 468 2912
429 34259 449 2928
430 34258 453 2925
431 34269 447 2920
432 34271 452 2913
433 34277 435 2924
434 34266 442 2928
435 34241 458 2937
436 34246 454 2936
437 34231 457 2948
438 34228 455 2953
439 34216 452 2968
440 34205 461 2970
441 34183 465 2988
442 34175 457 3004
443 34166 466 3004
444 34168 466 3002
445 34160 476 3000
446 34154 478 3004
447 34139 473 3024
448 34120 472 3044
449 34125 470 3041
450 34132 455 3049
451 34133 444 3059
452 34145 448 3043
453 34122 458 3056
454 34128 453 3055
455 34116 462 3058
456 34099 482 3055
457 34082 493 3061
458 34088 487 3061
459 34068 491 3077
460 34051 490 3095
461 34033 484 3119
462 34007 485 3144
463 34002 482 3152
464 33981 489 3166
465 33962 480 3194
466 33955 484 3197
467 33946 485 3205
468 33950 485 3201
469 33944 491 3201
470 33935 473 3228
471 33925 462 3249
472 33923 460 3253
473 33911 461 3264
474 33893 462 3281
475 33893 462 3281
476 33898 461 3277
477 33883 469 3284
478 33888 457 3291
479 33873 467 3296
480 33871 463 3302
481 33886 457 3293
482 33890 453 3293
483 33875 454 3307
484 33860 469 3307
485 33845 463 3328
486 33856 459 3321
487 33870 447 3319
488 33885 437 3314
489 33872 448 3316
490 33868 462 3306
491 33880 455 3301
492 33862 456 3318
493 33855 476 3305
494 33849 497 3290
495 33825 517 3294
496 33819 529 3288
497 33810 527 3299
498 33808 516 3312
499 33812 513 3311
500 33805 529 3302
501 33778 517 3341
502 33765 515 3356
503 33748 521 3367
504 33750 513 3373
505 33727 514 3395
506 33720 510 3406
507 33697 511 3428
508 33661 515 3460
509 33648 527 3461
510 33627 527 3482
511 33632 519 3485
512 33600 524 3512
513 33586 523 3527
514 33565 518 3553
515 33554 532 3550
516 33532 552 3552
517 33552 527 3557
518 33545 512 3579
519 33541 500 3595
520 33551 488 3597
521 33573 476 3587
522 33575 469 3592
523 33566 482 3588
524 33569 483 3584
525 33584 470 3582
526 33592 467 3577
527 33591 458 3587
528 33571 455 3610
529 33588 461 3587
530 33587 483 3566
531 33560 499 3577
532 33565 502 3569
533 33553 506 3577
534 33540 515 3581
535 33528 507 3601
536 33524 510 3602
537 33532 503 3601
538 33524 504 3608
539 33516 506 3614
540 33498 517 3621
541 33475 539 3622
542 33442 545 3649
543 33429 546 3661
544 33408 541 3687
545 33412 537 3687
546 33415 538 3683
547 33400 541 3695
548 33395 546 3695
549 33383 527 3726
550 33383 528 3725
551 33382 534 3720
552 33373 533 3730
553 33375 546 3715
554 33353 566 3717
555 33351 561 3724
556 33331 552 3753
557 33321 555 3760
558 33280 577 3779
559 33274 580 3782
560 33262 571 3803
561 33257 556 3823
562 33254 544 3838
563 33237 528 3871
564 33231 529 3876
565 33231 538 3867
566 33222 542 3872
567 33213 534 3889
568 33192 535 3909
569 33214 499 3923
570 33231 506 3899
571 33211 516 3909
572 33219 511 3906
573 33219 516 3901
574 33236 505 3895
575 33238 498 3900
576 33244 501 3891
577 33266 502 3868
578 33257 507 3872
579 33298 504 3834
580 33304 485 3847
581 33292 492 3852
582 33324 494 3818
583 33325 481 3830
584 33331 480 3825
585 33330 475 3831
586 33324 484 3828
587 33337 476 3823
588 33346 476 3814
589 33353 469 3814
590 33374 466 3796
591 33375 472 3789
592 33379 464 3793
593 33378 449 3809
594 33383 454 3799
595 33365 467 3804
596 33353 491 3792
597 33355 490 3791
598 33337 500 3799
599 33338 496 3802
600 33334 498 3804
601 33351 496 3789
602 33353 491 3792
603 33355 508 3773
604 33345 517 3774
605 33368 514 3754
606 33362 526 3748
607 33353 525 3758
608 33380 518 3738
609 33384 528 3724
610 33368 523 3745
611 33363 513 3760
612 33345 522 3769
613 33338 531 3767
614 33329 523 3784
615 33315 525 3796
616 33304 523 3809
617 33283 544 3809
618 33290 547 3799
619 33276 565 3795
620 33267 573 3796
621 33249 567 3820
622 33229 576 3831
623 33232 587 3817
624 33206 590 3840
625 33210 593 3833
626 33218 596 3822
627 33208 592 3836
628 33203 577 3856
629 33194 571 3871
630 33207 568 3861
631 33216 564 3856
632 33185 586 3865
633 33181 599 3856
634 33174 603 3859
635 33185 592 3859
636 33168 616 3852
637 33123 627 3886
638 33132 618 3886
639 33093 645 3898
640 33084 621 3931
641 33081 612 3943
642 33068 611 3957
643 33057 603 3976
644 33029 608 3999
645 33031 603 4002
646 33021 592 4023
647 33034 592 4010
648 33016 607 4013
649 33009 623 4004
650 32976 646 4014
651 32949 646 4041
652 32926 658 4052
653 32923 666 4047
654 32909 658 4069
655 32898 657 4081
656 32874 655 4107
657 32867 656 4113
658 32851 664 4121
659 32836 667 4133
660 32812 678 4146
661 32784 675 4177
662 32772 677 4187
663 32744 679 4213
664 32702 678 4256
665 32688 694 4254
666 32655 699 4282
667 32627 727 4282
668 32620 718 4298
669 32600 719 4317
670 32587 712 4337
671 32571 709 4356
672 32559 704 4373
673 32531 720 4385
674 32507 734 4395
675 32494 740 4402
676 32468 747 4421
677 32445 746 4445
678 32434 748 4454
679 32423 744 4469
680 32405 722 4509
681 32378 720 4538
682 32352 732 4552
683 32332 727 4577
684 32317 722 4597
685 32294 724 4618
686 32303 714 4619
687 32271 725 4640
688 32233 740 4663
689 32195 737 4704
690 32158 762 4716
691 32139 792 4705
692 32110 780 4746
693 32071 793 4772
694 32038 820 4778
695 31992 842 4802
696 31950 851 4835
697 31914 855 4867
698 31858 855 4923
699 31826 851 4959
700 31807 853 4976
701 31792 839 5005
702 31791 830 5015
703 31758 818 5060
704 31742 825 5069
705 31707 824 5105
706 31687 782 5167
707 31690 779 5167
708 31664 782 5190
709 31657 788 5191
710 31634 775 5227
711 31606 801 5229
712 31576 807 5253
713 31553 804 5279
714 31542 767 5327
715 31538 790 5308
716 31541 783 5312
717 31535 778 5323
718 31506 790 5340
719 31488 768 5380
720 31499 756 5381
721 31479 783 5374
722 31473 776 5387
723 31462 767 5407
724 31458 776 5402
725 31455 775 5406
726 31431 763 5442
727 31424 748 5464
728 31426 736 5474
729 31422 744 5470
730 31429 740 5467
731 31439 736 5461
732 31422 742 5472
733 31431 738 5467
734 31434 714 5488
735 31431 716 5489
736 31442 719 5475
737 31462 710 5464
738 31440 709 5487
739 31470 702 5464
740 31456 698 5482
741 31467 686 5483
742 31498 677 5461
743 31516 681 5439
744 31535 670 5431
745 31522 683 5431
746 31519 695 5422
747 31503 705 5428
748 31525 698 5413
749 31575 677 5384
750 31583 672 5381
751 31620 654 5362
752 31634 645 5357
753 31636 662 5338
754 31628 677 5331
755 31622 688 5326
756 31632 671 5333
757 31628 673 5335
758 31652 680 5304
759 31688 680 5268
760 31714 659 5263
761 31705 668 5263
762 31718 657 5261
763 31730 654 5252
764 31747 662 5227
765 31737 654 5245
766 31763 623 5250
767 31818 618 5200
768 31847 598 5191
769 31867 584 5185
770 31884 576 5176
771 31906 563 5167
772 31918 552 5166
773 31953 551 5132
774 31955 546 5135
775 31975 556 5105
776 31992 555 5089
777 32019 553 5064
778 32023 573 5040
779 32030 592 5014
780 32042 588 5006
781 32031 631 4974
782 32037 634 4965
783 32052 650 4934
784 32054 655 4927
785 32030 662 4944
786 32019 676 4941
787 32030 669 4937
788 32031 649 4956
789 32016 675 4945
790 32005 685 4946
791 32008 705 4923
792 31995 696 4945
793 31987 692 4957
794 31970 678 4988
795 31955 676 5005
796 31950 679 5007
797 31952 683 5001
798 31928 714 4994
799 31932 706 4998
800 31918 700 5018
801 31937 689 5010
802 31935 687 5014
803 31943 680 5013
804 31920 672 5044
805 31927 655 5054
806 31955 653 5028
807 31992 636 5008
808 31987 646 5003
809 31991 654 4991
810 31997 641 4998
811 32006 659 4971
812 32025 645 4966
813 32000 648 4988
814 32019 660 4957
815 32026 642 4968
816 32033 635 4968
817 32026 633 4977
818 32018 629 4989
819 32026 640 4970
820 32014 646 4976
821 31996 668 4972
822 32001 661 4974
823 32016 658 4962
824 31997 675 4964
825 32004 664 4968
826 32004 691 4941
827 32006 672 4958
828 31991 709 4936
829 31973 711 4952
830 31945 721 4970
831 31954 724 4958
832 31941 718 4977
833 31925 721 4990
834 31929 697 5010
835 31926 689 5021
836 31922 685 5029
837 31909 709 5018
838 31900 699 5037
839 31897 693 5046
840 31882 686 5068
841 31877 695 5064
842 31862 708 5066
843 31862 710 5064
844 31861 718 5057
845 31870 696 5070
846 31866 693 5077
847 31843 680 5113
848 31835 707 5094
849 31816 721 5099
850 31803 726 5107
851 31803 746 5087
852 31794 751 5091
853 31784 747 5105
854 31781 725 5130
855 31772 702 5162
856 31760 711 5165
857 31768 699 5169
858 31766 704 5166
859 31744 698 5194
860 31732 712 5192
861 31699 734 5203
862 31718 734 5184
863 31695 721 5220
864 31699 722 5215
865 31653 753 5230
866 31610 781 5245
867 31608 752 5276
868 31590 752 5294
869 31577 761 5298
870 31547 773 5316
871 31559 759 5318
872 31540 786 5310
873 31494 793 5349
874 31481 806 5349
875 31473 794 5369
876 31492 778 5366
877 31481 788 5367
878 31444 805 5387
879 31445 811 5380
880 31432 798 5406
881 31428 786 5422
882 31411 798 5427
883 31400 786 5450
884 31389 790 5457
885 31379 796 5461
886 31363 816 5457
887 31342 807 5487
888 31303 829 5504
889 31301 837 5498
890 31280 860 5496
891 31250 867 5519
892 31227 880 5529
893 31207 867 5562
894 31171 866 5599
895 31152 859 5625
896 31131 868 5637
897 31086 891 5659
898 31080 889 5667
899 31062 892 5682
900 31020 894 5722
901 30955 936 5745
902 30914 926 5796
903 30882 939 5815
904 30860 938 5838
905 30827 952 5857
906 30828 958 5850
907 30817 964 5855
908 30799 970 5867
909 30777 972 5887
910 30724 998 5914
911 30708 1006 5922
912 30690 994 5952
913 30632 998 6006
914 30618 979 6039
915 30593 984 6059
916 30569 978 6089
917 30532 976 6128
918 30519 958 6159
919 30505 954 6177
920 30464 944 6228
921 30458 940 6238
922 30436 930 6270
923 30403 950 6283
924 30377 965 6294
925 30383 949 6304
926 30322 990 6324
927 30327 998 6311
928 30290 995 6351
929 30254 1028 6354
930 30223 1050 6363
931 30243 1032 6361
932 30238 1018 6380
933 30191 1041 6404
934 30189 1058 6389
935 30122 1090 6424
936 30109 1085 6442
937 30060 1114 6462
938 30022 1119 6495
939 29993 1103 6540
940 29945 1105 6586
941 29902 1080 6654
942 29847 1092 6697
943 29833 1075 6728
944 29804 1064 6768
945 29751 1061 6824
946 29739 1067 6830
947 29682 1084 6870
948 29675 1105 6856
949 29612 1104 6920
950 29546 1128 6962
951 29479 1149 7008
952 29451 1161 7024
953 29435 1139 7062
954 29396 1162 7078
955 29352 1170 7114
956 29329 1165 7142
957 29274 1189 7173
958 29220 1198 7218
959 29196 1188 7252
960 29173 1186 7277
961 29142 1192 7302
962 29081 1200 7355
963 29037 1197 7402
964 28995 1201 7440
965 28972 1182 7482
966 28925 1200 7511
967 28870 1235 7531
968 28850 1235 7551
969 28796 1239 7601
970 28760 1254 7622
971 28752 1276 7608
972 28747 1271 7618
973 28696 1314 7626
974 28624 1336 7676
975 28576 1343 7717
976 28495 1380 7761
977 28438 1381 7817
978 28379 1364 7893
979 28331 1368 7937
980 28286 1386 7964
981 28257 1381 7998
982 28239 1407 7990
983 28181 1383 8072
984 28151 1384 8101
985 28115 1399 8122
986 28082 1392 8162
987 28067 1362 8207
988 28029 1370 8237
989 27954 1418 8264
990 27903 1442 8291
991 27857 1451 8328
992 27803 1439 8394
993 27733 1444 8459
994 27686 1470 8480
995 27671 1459 8506
996 27632 1456 8548
997 27598 1470 8568
998 27548 1468 8620
999 27516 1464 8656
1000 27474 1456 8706
1001 27419 1452 8765
1002 27402 1437 8797
1003 27368 1438 8830
1004 27328 1427 8881
1005 27261 1466 8909
1006 27214 1458 8964
1007 27171 1463 9002
1008 27138 1479 9019
1009 27091 1474 9071
1010 27083 1468 9085
1011 27072 1452 9112
1012 27032 1437 9167
1013 27027 1435 9174
1014 27010 1419 9207
1015 26991 1423 9222
1016 26983 1422 9231
1017 26936 1428 9272
1018 26882 1452 9302
1019 26862 1460 9314
1020 26821 1463 9352
1021 26819 1466 9351
1022 26789 1458 9389
1023 26781 1447 9408
1024 26756 1467 9413
1025 26704 1503 9429
1026 26604 1532 9500
1027 26554 1529 9553
1028 26492 1550 9594
1029 26451 1558 9627
1030 26455 1567 9614
1031 26461 1536 9639
1032 26447 1501 9688
1033 26451 1508 9677
1034 26406 1542 9688
1035 26357 1534 9745
1036 26288 1513 9835
1037 26286 1507 9843
1038 26245 1479 9912
1039 26217 1485 9934
1040 26222 1477 9937
1041 26199 1477 9960
1042 26176 1460 10000
1043 26135 1488 10013
1044 26140 1488 10008
1045 26140 1496 10000
1046 26123 1470 10043
1047 26117 1463 10056
1048 26096 1489 10051
1049 26096 1476 10064
1050 26086 1479 10071
1051 26048 1480 10108
1052 26050 1493 10093
1053 26025 1486 10125
1054 26020 1497 10119
1055 26017 1488 10131
1056 25976 1513 10147
1057 25945 1502 10189
1058 25956 1503 10177
1059 25905 1539 10192
1060 25895 1541 10200
1061 25855 1548 10233
1062 25906 1518 10212
1063 25878 1505 10253
1064 25906 1488 10242
1065 25859 1513 10264
1066 25839 1520 10277
1067 25818 1509 10309
1068 25808 1486 10342
1069 25788 1519 10329
1070 25810 1485 10341
1071 25835 1474 10327
1072 25815 1482 10339
1073 25796 1492 10348
1074 25845 1469 10322
1075 25829 1478 10329
1076 25803 1469 10364
1077 25799 1465 10372
1078 25764 1474 10398
1079 25715 1497 10424
1080 25726 1487 10423
1081 25730 1437 10469
1082 25740 1438 10458
1083 25716 1446 10474
1084 25746 1427 10463
1085 25744 1431 10461
1086 25740 1423 10473
1087 25765 1393 10478
1088 25786 1392 10458
1089 25832 1368 10436
1090 25828 1368 10440
1091 25865 1356 10415
1092 25881 1353 10402
1093 25850 1343 10443
1094 25859 1323 10454
1095 25875 1325 10436
1096 25894 1317 10425
1097 25881 1303 10452
1098 25920 1302 10414
1099 25931 1310 10395
1100 25951 1275 10410
1101 25962 1289 10385
1102 25979 1318 10339
1103 25991 1317 10328
1104 26024 1309 10303
1105 26045 1276 10315
1106 26058 1310 10268
1107 26052 1322 10262
1108 26076 1320 10240
1109 26089 1332 10215
1110 26141 1319 10176
1111 26108 1346 10182
1112 26146 1335 10155
1113 26159 1335 10142
1114 26172 1317 10147
1115 26187 1315 10134
1116 26188 1331 10117
1117 26192 1345 10099
1118 26204 1352 10080
1119 26197 1377 10062
1120 26160 1397 10079
1121 26158 1388 10090
1122 26136 1386 10114
1123 26165 1360 10111
1124 26145 1382 10109
1125 26168 1373 10095
1126 26171 1386 10079
1127 26167 1385 10084
1128 26126 1387 10123
1129 26099 1395 10142
1130 26092 1419 10125
1131 26077 1433 10126
1132 26062 1409 10165
1133 26069 1419 10148
1134 26094 1395 10147
1135 26104 1384 10148
1136 26095 1379 10162
1137 26101 1367 10168
1138 26138 1365 10133
1139 26163 1348 10125
1140 26165 1365 10106
1141 26132 1383 10121
1142 26111 1401 10124
1143 26103 1404 10129
1144 26115 1379 10142
1145 26062 1390 10184
1146 26063 1380 10193
1147 26087 1371 10178
1148 26115 1357 10164
1149 26097 1389 10150
1150 26086 1412 10138
1151 26062 1437 10137
1152 26057 1404 10175
1153 26029 1433 10174
1154 26022 1427 10187
1155 26015 1420 10201
1156 26038 1389 10209
1157 26047 1408 10181
1158 26050 1403 10183
1159 26065 1385 10186
1160 26050 1393 10193
1161 26027 1407 10202
1162 26001 1423 10212
1163 25951 1433 10252
1164 25904 1441 10291
1165 25876 1445 10315
1166 25884 1422 10330
1167 25868 1415 10353
1168 25858 1387 10391
1169 25843 1396 10397
1170 25773 1454 10409
1171 25794 1440 10402
1172 25824 1428 10384
1173 25833 1402 10401
1174 25802 1399 10435
1175 25790 1425 10421
1176 25773 1430 10433
1177 25745 1443 10448
1178 25722 1466 10448
1179 25707 1457 10472
1180 25683 1467 10486
1181 25655 1482 10499
1182 25649 1458 10529
1183 25667 1446 10523
1184 25629 1470 10537
1185 25669 1452 10515
1186 25670 1427 10539
1187 25645 1454 10537
1188 25643 1453 10540
1189 25663 1433 10540
1190 25625 1435 10576
1191 25613 1456 10567
1192 25595 1461 10580
1193 25599 1443 10594
1194 25576 1464 10596
1195 25596 1436 10604
1196 25610 1440 10586
1197 25613 1432 10591
1198 25566 1414 10656
1199 25560 1445 10631
1200 25545 1477 10614
1201 25568 1452 10616
1202 25585 1455 10596
1203 25618 1442 10576
1204 25625 1411 10600
1205 25646 1366 10624
1206 25643 1370 10623
1207 25640 1388 10608
1208 25647 1389 10600
1209 25696 1372 10568
1210 25689 1398 10549
1211 25712 1396 10528
1212 25735 1396 10505
1213 25723 1381 10532
1214 25748 1377 10511
1215 25715 1408 10513
1216 25698 1450 10488
1217 25678 1449 10509
1218 25629 1455 10552
1219 25628 1452 10556
1220 25630 1444 10562
1221 25647 1435 10554
1222 25629 1432 10575
1223 25632 1442 10562
1224 25624 1440 10572
1225 25619 1401 10616
1226 25668 1400 10568
1227 25667 1383 10586
1228 25661 1384 10591
1229 25664 1389 10583
1230 25652 1418 10566
1231 25645 1441 10550
1232 25671 1420 10545
1233 25700 1446 10490
1234 25736 1445 10455
1235 25746 1452 10438
1236 25751 1455 10430
1237 25701 1475 10460
1238 25708 1463 10465
1239 25717 1446 10473
1240 25684 1457 10495
1241 25664 1461 10511
1242 25667 1465 10504
1243 25705 1441 10490
1244 25752 1428 10456
1245 25714 1459 10463
1246 25709 1479 10448
1247 25684 1480 10472
1248 25728 1438 10470
1249 25722 1450 10464
1250 25694 1453 10489
1251 25669 1466 10501
1252 25636 1509 10491
1253 25612 1537 10487
1254 25549 1598 10489
1255 25502 1594 10540
1256 25495 1577 10564
1257 25489 1561 10586
1258 25466 1563 10607
1259 25422 1583 10631
1260 25395 1573 10668
1261 25411 1569 10656
1262 25423 1580 10633
1263 25390 1595 10651
1264 25357 1636 10643
1265 25307 1622 10707
1266 25285 1644 10707
1267 25267 1650 10719
1268 25253 1622 10761
1269 25246 1629 10761
1270 25180 1666 10790
1271 25158 1684 10794
1272 25107 1690 10839
1273 25035 1709 10892
1274 24995 1706 10935
1275 24980 1721 10935
1276 24963 1709 10964
1277 24932 1735 10969
1278 24881 1719 11036
1279 24864 1704 11068
1280 24841 1674 11121
1281 24842 1646 11148
1282 24822 1644 11170
1283 24830 1632 11174
1284 24825 1631 11180
1285 24797 1644 11195
1286 24795 1646 11195
1287 24744 1669 11223
1288 24749 1658 11229
1289 24695 1684 11257
1290 24703 1699 11234
1291 24678 1702 11256
1292 24648 1692 11296
1293 24649 1688 11299
1294 24616 1716 11304
1295 24583 1697 11356
1296 24517 1721 11398
1297 24528 1697 11411
1298 24472 1728 11436
1299 24429 1739 11468
1300 24416 1760 11460
1301 24413 1725 11498
1302 24407 1687 11542
1303 24429 1661 11546
1304 24425 1635 11576
1305 24423 1623 11590
1306 24427 1660 11549
1307 24411 1646 11579
1308 24435 1670 11531
1309 24445 1638 11553
1310 24457 1656 11523
1311 24449 1653 11534
1312 24438 1660 11538
1313 24445 1654 11537
1314 24445 1626 11565
1315 24465 1606 11565
1316 24448 1609 11579
1317 24466 1598 11572
1318 24463 1578 11595
1319 24497 1544 11595
1320 24523 1511 11602
1321 24533 1541 11562
1322 24558 1531 11547
1323 24624 1539 11473
1324 24608 1560 11468
1325 24625 1539 11472
1326 24607 1548 11481
1327 24612 1542 11482
1328 24625 1532 11479
1329 24650 1506 11480
1330 24649 1489 11498
1331 24630 1511 11495
1332 24584 1521 11531
1333 24611 1527 11498
1334 24668 1508 11460
1335 24696 1471 11469
1336 24694 1484 11458
1337 24718 1470 11448
1338 24719 1465 11452
1339 24746 1466 11424
1340 24743 1463 11430
1341 24794 1461 11381
1342 24842 1419 11375
1343 24895 1421 11320
1344 24907 1439 11290
1345 24927 1435 11274
1346 24929 1455 11252
1347 24935 1473 11228
1348 24922 1476 11238
1349 24954 1453 11229
1350 24969 1451 11216
1351 24959 1485 11192
1352 24959 1463 11214
1353 24992 1458 11186
1354 24973 1431 11232
1355 24990 1416 11230
1356 25035 1395 11206
1357 25049 1406 11181
1358 25080 1389 11167
1359 25065 1408 11163
1360 25076 1393 11167
1361 25078 1420 11138
1362 25100 1419 11117
1363 25096 1450 11090
1364 25109 1444 11083
1365 25119 1446 11071
1366 25115 1423 11098
1367 25161 1417 11058
1368 25141 1428 11067
1369 25122 1462 11052
1370 25100 1479 11057
1371 25114 1483 11039
1372 25132 1521 10983
1373 25120 1541 10975
1374 25138 1527 10971
1375 25167 1518 10951
1376 25148 1550 10938
1377 25166 1512 10958
1378 25178 1520 10938
1379 25159 1542 10935
1380 25148 1534 10954
1381 25098 1544 10994
1382 25063 1558 11015
1383 25057 1565 11014
1384 25026 1552 11058
1385 25018 1546 11072
1386 25033 1558 11045
1387 25045 1557 11034
1388 25047 1559 11030
1389 25069 1554 11013
1390 25049 1531 11056
1391 25025 1568 11043
1392 25052 1558 11026
1393 25037 1557 11042
1394 25044 1534 11058
1395 25021 1540 11075
1396 25015 1538 11083
1397 25038 1525 11073
1398 25074 1504 11058
1399 25072 1530 11034
1400 25045 1542 11049
1401 25023 1554 11059
1402 25022 1548 11066
1403 25006 1568 11062
1404 24996 1553 11087
1405 25030 1547 11059
1406 25039 1532 11065
1407 25029 1528 11079
1408 25039 1516 11081
1409 25026 1525 11085
1410 25033 1532 11071
1411 24975 1543 11118
1412 24978 1550 11108
1413 24935 1586 11115
1414 24906 1602 11128
1415 24875 1615 11146
1416 24867 1591 11178
1417 24794 1605 11237
1418 24788 1609 11239
1419 24821 1592 11223
1420 24809 1614 11213
1421 24784 1618 11234
1422 24767 1601 11268
1423 24778 1611 11247
1424 24777 1599 11260
1425 24775 1631 11230
1426 24732 1622 11282
1427 24675 1647 11314
1428 24658 1650 11328
1429 24677 1617 11342
1430 24667 1622 11347
1431 24644 1618 11374
1432 24596 1679 11361
1433 24556 1647 11433
1434 24560 1644 11432
1435 24541 1602 11493
1436 24524 1603 11509
1437 24526 1580 11530
1438 24514 1602 11520
1439 24554 1591 11491
1440 24576 1543 11517
1441 24594 1572 11470
1442 24601 1587 11448
1443 24627 1594 11415
1444 24650 1588 11398
1445 24621 1594 11421
1446 24633 1592 11411
1447 24613 1603 11420
1448 24567 1628 11441
1449 24574 1613 11449
1450 24596 1567 11473
1451 24590 1564 11482
1452 24598 1569 11469
1453 24634 1568 11434
1454 24674 1554 11408
1455 24662 1556 11418
1456 24689 1550 11397
1457 24696 1522 11418
1458 24699 1532 11405
1459 24716 1515 11405
1460 24751 1514 11371
1461 24749 1513 11374
1462 24748 1498 11390
1463 24779 1484 11373
1464 24781 1477 11378
1465 24743 1526 11367
1466 24755 1502 11379
1467 24783 1488 11365
1468 24766 1493 11377
1469 24787 1487 11362
1470 24806 1493 11337
1471 24817 1489 11330
1472 24831 1495 11310
1473 24856 1486 11294
1474 24876 1506 11254
1475 24898 1521 11217
1476 24942 1493 11201
1477 24995 1463 11178
1478 25023 1454 11159
1479 25023 1458 11155
1480 25054 1417 11165
1481 25084 1397 11155
1482 25107 1418 11111
1483 25117 1418 11101
1484 25103 1431 11102
1485 25140 1413 11083
1486 25140 1412 11084
1487 25143 1406 11087
1488 25174 1369 11093
1489 25208 1381 11047
1490 25220 1404 11012
1491 25237 1390 11009
1492 25227 1400 11009
1493 25257 1396 10983
1494 25303 1372 10961
1495 25311 1358 10967
1496 25328 1396 10912
1497 25308 1404 10924
1498 25306 1388 10942
1499 25314 1390 10932
1500 25369 1379 10888
1501 25349 1434 10853
1502 25395 1431 10810
1503 25422 1426 10788
1504 25437 1450 10749
1505 25423 1458 10755
1506 25429 1459 10748
1507 25406 1511 10719
1508 25446 1491 10699
1509 25431 1496 10709
1510 25409 1527 10700
1511 25395 1536 10705
1512 25405 1522 10709
1513 25378 1529 10729
1514 25377 1516 10743
1515 25357 1510 10769
1516 25338 1506 10792
1517 25328 1515 10793
1518 25338 1496 10802
1519 25325 1477 10834
1520 25356 1473 10807
1521 25338 1505 10793
1522 25334 1514 10788
1523 25325 1504 10807
1524 25349 1519 10768
1525 25342 1509 10785
1526 25319 1546 10771
1527 25286 1553 10797
1528 25291 1536 10809
1529 25273 1534 10829
1530 25252 1524 10860
1531 25244 1537 10855
1532 25253 1515 10868
1533 25262 1532 10842
1534 25272 1500 10864
1535 25270 1472 10894
1536 25283 1464 10889
1537 25314 1426 10896
1538 25341 1385 10910
1539 25348 1402 10886
1540 25318 1458 10860
1541 25321 1457 10858
1542 25368 1463 10805
1543 25341 1455 10840
1544 25326 1451 10859
1545 25340 1454 10842
1546 25331 1463 10842
1547 25304 1480 10852
1548 25319 1456 10861
1549 25347 1469 10820
1550 25311 1506 10819
1551 25312 1447 10877
1552 25350 1445 10841
1553 25351 1400 10885
1554 25343 1386 10907
1555 25349 1393 10894
1556 25367 1383 10886
1557 25399 1388 10849
1558 25426 1352 10858
1559 25444 1375 10817
1560 25464 1390 10782
1561 25475 1381 10780
1562 25456 1376 10804
1563 25437 1375 10824
1564 25445 1386 10805
1565 25487 1365 10784
1566 25482 1368 10786
1567 25496 1353 10787
1568 25541 1342 10753
1569 25560 1319 10757
1570 25536 1307 10793
1571 25532 1336 10768
1572 25552 1324 10760
1573 25565 1333 10738
1574 25598 1340 10698
1575 25629 1325 10682
1576 25658 1314 10664
1577 25673 1324 10639
1578 25677 1341 10618
1579 25720 1346 10570
1580 25711 1367 10558
1581 25712 1403 10521
1582 25718 1387 10531
1583 25715 1382 10539
1584 25700 1409 10527
1585 25691 1406 10539
1586 25700 1427 10509
1587 25716 1418 10502
1588 25699 1418 10519
1589 25700 1371 10565
1590 25697 1367 10572
1591 25685 1405 10546
1592 25647 1440 10549
1593 25665 1421 10550
1594 25659 1443 10534
1595 25623 1459 10554
1596 25622 1461 10553
1597 25631 1461 10544
1598 25588 1509 10539
1599 25588 1497 10551
1600 25567 1487 10582
1601 25550 1478 10608
1602 25537 1482 10617
1603 25503 1487 10646
1604 25479 1513 10644
1605 25451 1523 10662
1606 25463 1541 10632
1607 25427 1562 10647
1608 25383 1595 10658
1609 25368 1625 10643
1610 25351 1615 10670
1611 25300 1637 10699
1612 25261 1633 10742
1613 25219 1646 10771
1614 25170 1666 10800
1615 25154 1652 10830
1616 25148 1639 10849
1617 25137 1614 10885
1618 25128 1595 10913
1619 25133 1589 10914
1620 25084 1622 10930
1621 25121 1580 10935
1622 25113 1569 10954
1623 25073 1575 10988
1624 25077 1556 11003
1625 25047 1558 11031
1626 25038 1542 11056
1627 25029 1536 11071
1628 25014 1541 11081
1629 25042 1522 11072
1630 25006 1537 11093
1631 25018 1504 11114
1632 24965 1521 11150
1633 24990 1483 11163
1634 25032 1470 11134
1635 25001 1498 11137
1636 24988 1506 11142
1637 24944 1516 11176
1638 24918 1546 11172
1639 24921 1526 11189
1640 24941 1500 11195
1641 24945 1477 11214
1642 24958 1469 11209
1643 24997 1471 11168
1644 25011 1476 11149
1645 24977 1492 11167
1646 24968 1463 11205
1647 24984 1447 11205
1648 24987 1455 11194
1649 25006 1448 11182
1650 24992 1423 11221
1651 25015 1396 11225
1652 25030 1364 11242
1653 25057 1361 11218
1654 25092 1354 11190
1655 25116 1363 11157
1656 25137 1365 11134
1657 25159 1374 11103
1658 25195 1363 11078
1659 25198 1368 11070
1660 25221 1371 11044
1661 25242 1385 11009
1662 25275 1414 10947
1663 25267 1434 10935
1664 25289 1435 10912
1665 25277 1458 10901
1666 25227 1453 10956
1667 25278 1451 10907
1668 25345 1437 10854
1669 25364 1448 10824
1670 25346 1456 10834
1671 25383 1422 10831
1672 25391 1438 10807
1673 25396 1452 10788
1674 25395 1463 10778
1675 25452 1413 10771
1676 25451 1386 10799
1677 25476 1381 10779
1678 25510 1385 10741
1679 25549 1380 10707
1680 25544 1392 10700
1681 25560 1395 10681
1682 25529 1384 10723
1683 25575 1360 10701
1684 25558 1363 10715
1685 25544 1385 10707
1686 25583 1372 10681
1687 25592 1383 10661
1688 25589 1371 10676
1689 25592 1371 10673
1690 25583 1408 10645
1691 25601 1407 10628
1692 25624 1405 10607
1693 25609 1441 10586
1694 25608 1445 10583
1695 25646 1442 10548
1696 25636 1444 10556
1697 25618 1458 10560
1698 25613 1461 10562
1699 25598 1470 10568
1700 25579 1438 10619
1701 25596 1416 10624
1702 25577 1434 10625
1703 25567 1428 10641
1704 25568 1430 10638
1705 25559 1438 10639
1706 25540 1426 10670
1707 25494 1466 10676
1708 25515 1442 10679
1709 25511 1445 10680
1710 25512 1454 10670
1711 25475 1488 10673
1712 25471 1483 10682
1713 25491 1465 10680
1714 25504 1452 10680
1715 25484 1468 10684
1716 25490 1457 10689
1717 25473 1451 10712
1718 25460 1427 10749
1719 25440 1438 10758
1720 25429 1463 10744
1721 25442 1475 10719
1722 25427 1505 10704
1723 25402 1512 10722
1724 25393 1533 10710
1725 25335 1554 10747
1726 25289 1574 10773
1727 25253 1581 10802
1728 25218 1569 10849
1729 25194 1558 10884
1730 25223 1548 10865
1731 25207 1535 10894
1732 25162 1556 10918
1733 25170 1579 10887
1734 25143 1603 10890
1735 25153 1577 10906
1736 25166 1555 10915
1737 25163 1536 10937
1738 25146 1532 10958
1739 25103 1546 10987
1740 25097 1549 10990
1741 25103 1542 10991
1742 25065 1562 11009
1743 25076 1560 11000
1744 25089 1553 10994
1745 25075 1560 11001
1746 25044 1558 11034
1747 25010 1568 11058
1748 24994 1573 11069
1749 24969 1583 11084
1750 24983 1560 11093
1751 24951 1563 11122
1752 24899 1604 11133
1753 24883 1619 11134
1754 24877 1595 11164
1755 24879 1610 11147
1756 24841 1603 11192
1757 24855 1619 11162
1758 24850 1616 11170
1759 24858 1566 11212
1760 24821 1583 11232
1761 24808 1577 11251
1762 24821 1581 11234
1763 24801 1573 11262
1764 24770 1599 11267
1765 24738 1627 11271
1766 24685 1632 11319
1767 24640 1662 11334
1768 24656 1641 11339
1769 24583 1668 11385
1770 24557 1663 11416
1771 24514 1675 11447
1772 24494 1645 11497
1773 24463 1638 11535
1774 24458 1655 11523
1775 24462 1618 11556
1776 24477 1631 11528
1777 24463 1612 11561
1778 24484 1572 11580
1779 24497 1580 11559
1780 24474 1587 11575
1781 24486 1571 11579
1782 24491 1558 11587
1783 24492 1558 11586
1784 24545 1535 11556
1785 24579 1503 11554
1786 24561 1520 11555
1787 24564 1530 11542
1788 24576 1543 11517
1789 24556 1575 11505
1790 24568 1573 11495
1791 24566 1576 11494
1792 24582 1539 11515
1793 24602 1533 11501
1794 24620 1513 11503
1795 24645 1518 11473
1796 24663 1526 11447
1797 24701 1519 11416
1798 24718 1485 11433
1799 24732 1505 11399
1800 24758 1498 11380
1801 24752 1501 11383
1802 24768 1483 11385
1803 24789 1467 11380
1804 24784 1466 11386
1805 24755 1490 11391
1806 24758 1494 11384
1807 24740 1498 11398
1808 24790 1475 11371
1809 24816 1463 11357
1810 24814 1485 11337
1811 24817 1516 11303
1812 24804 1540 11292
1813 24806 1521 11309
1814 24804 1523 11309
1815 24831 1525 11280
1816 24820 1530 11286
1817 24824 1537 11275
1818 24870 1531 11235
1819 24895 1510 11231
1820 24856 1523 11257
1821 24872 1510 11254
1822 24890 1483 11263
1823 24841 1512 11283
1824 24867 1509 11260
1825 24883 1491 11262
1826 24896 1451 11289
1827 24901 1438 11297
1828 24922 1425 11289
1829 24982 1391 11263
1830 24980 1413 11243
1831 24985 1414 11237
1832 25001 1415 11220
1833 25030 1403 11203
1834 25020 1376 11240
1835 25066 1386 11184
1836 25119 1362 11155
1837 25139 1343 11154
1838 25206 1321 11109
1839 25224 1325 11087
1840 25240 1353 11043
1841 25258 1365 11013
1842 25270 1377 10989
1843 25295 1370 10971
1844 25307 1368 10961
1845 25326 1362 10948
1846 25327 1363 10946
1847 25327 1373 10936
1848 25327 1377 10932
1849 25328 1349 10959
1850 25363 1332 10941
1851 25364 1339 10933
1852 25369 1343 10924
1853 25371 1344 10921
1854 25393 1360 10883
1855 25408 1367 10861
1856 25424 1368 10844
1857 25415 1382 10839
1858 25430 1385 10821
1859 25448 1410 10778
1860 25469 1405 10762
1861 25472 1395 10769
1862 25485 1400 10751
1863 25507 1417 10712
1864 25498 1403 10735
1865 25511 1390 10735
1866 25541 1403 10692
1867 25579 1398 10659
1868 25589 1398 10649
1869 25612 1391 10633
1870 25638 1403 10595
1871 25633 1430 10573
1872 25626 1452 10558
1873 25603 1487 10546
1874 25591 1487 10558
1875 25584 1521 10531
1876 25561 1471 10604
1877 25569 1468 10599
1878 25572 1490 10574
1879 25596 1440 10600
1880 25606 1401 10629
1881 25633 1410 10593
1882 25640 1425 10571
1883 25629 1413 10594
1884 25639 1382 10615
1885 25700 1349 10587
1886 25732 1334 10570
1887 25738 1356 10542
1888 25723 1378 10535
1889 25743 1381 10512
1890 25763 1380 10493
1891 25734 1391 10511
1892 25753 1375 10508
1893 25752 1405 10479
1894 25761 1384 10491
1895 25739 1378 10519
1896 25766 1364 10506
1897 25756 1366 10514
1898 25764 1385 10487
1899 25810 1338 10488
1900 25797 1353 10486
1901 25805 1329 10502
1902 25808 1324 10504
1903 25831 1308 10497
1904 25847 1344 10445
1905 25875 1344 10417
1906 25899 1335 10402
1907 25900 1355 10381
1908 25883 1373 10380
1909 25854 1361 10421
1910 25863 1357 10416
1911 25883 1347 10406
1912 25913 1325 10398
1913 25947 1318 10371
1914 25972 1305 10359
1915 25993 1309 10334
1916 26008 1313 10315
1917 25997 1313 10326
1918 26031 1303 10302
1919 26061 1297 10278
1920 26086 1282 10268
1921 26099 1268 10269
1922 26115 1283 10238
1923 26113 1276 10247
1924 26149 1248 10239
1925 26162 1280 10194
1926 26161 1272 10203
1927 26166 1266 10204
1928 26188 1266 10182
1929 26202 1257 10177
1930 26264 1274 10098
1931 26267 1277 10092
1932 26275 1275 10086
1933 26305 1265 10066
1934 26285 1287 10064
1935 26294 1299 10043
1936 26303 1290 10043
1937 26328 1269 10039
1938 26311 1309 10016
1939 26301 1328 10007
1940 26316 1325 9995
1941 26316 1356 9964
1942 26348 1332 9956
1943 26367 1335 9934
1944 26371 1333 9932
1945 26401 1338 9897
1946 26366 1352 9918
1947 26350 1340 9946
1948 26338 1328 9970
1949 26382 1317 9937
1950 26349 1353 9934
1951 26374 1304 9958
1952 26354 1293 9989
1953 26374 1264 9998
1954 26390 1271 9975
1955 26452 1253 9931
1956 26504 1235 9897
1957 26518 1229 9889
1958 26521 1217 9898
1959 26535 1229 9872
1960 26548 1227 9861
1961 26581 1227 9828
1962 26581 1239 9816
1963 26619 1248 9769
1964 26629 1254 9753
1965 26626 1272 9738
1966 26673 1230 9733
1967 26657 1269 9710
1968 26672 1260 9704
1969 26714 1239 9683
1970 26718 1241 9677
1971 26701 1234 9701
1972 26746 1247 9643
1973 26733 1270 9633
1974 26711 1322 9603
1975 26689 1350 9597
1976 26684 1358 9594
1977 26663 1370 9603
1978 26658 1354 9624
1979 26624 1384 9628
1980 26640 1365 9631
1981 26612 1356 9668
1982 26612 1371 9653
1983 26598 1351 9687
1984 26569 1366 9701
1985 26544 1393 9699
1986 26524 1390 9722
1987 26504 1400 9732
1988 26511 1373 9752
1989 26523 1369 9744
1990 26513 1389 9734
1991 26483 1416 9737
1992 26472 1425 9739
1993 26489 1413 9734
1994 26496 1445 9695
1995 26491 1455 9690
1996 26432 1469 9735
1997 26395 1459 9782
1998 26374 1481 9781
1999 26316 1503 9817
2000 26277 1531 9828
2001 26253 1562 9821
2002 26244 1552 9840
2003 26192 1546 9898
2004 26171 1538 9927
2005 26190 1495 9951
2006 26150 1494 9992
2007 26122 1502 10012
2008 26124 1493 10019
2009 26121 1501 10014
2010 26080 1506 10050
2011 26080 1508 10048
2012 26071 1494 10071
2013 26012 1527 10097
2014 25993 1532 10111
2015 26000 1519 10117
2016 25959 1530 10147
2017 25930 1544 10162
2018 25891 1551 10194
2019 25862 1541 10233
2020 25909 1553 10174
2021 25861 1590 10185
2022 25865 1546 10225
2023 25861 1527 10248
2024 25864 1547 10225
2025 25827 1564 10245
2026 25787 1535 10314
2027 25779 1525 10332
2028 25791 1566 10279
2029 25758 1554 10324
2030 25747 1531 10358
2031 25712 1551 10373
2032 25686 1538 10412
2033 25674 1543 10419
2034 25613 1555 10468
2035 25608 1578 10450
2036 25570 1578 10488
2037 25519 1603 10514
2038 25476 1600 10560
2039 25477 1594 10565
2040 25470 1592 10574
2041 25435 1608 10593
2042 25392 1592 10652
2043 25393 1568 10675
2044 25403 1541 10692
2045 25411 1509 10716
2046 25410 1500 10726
2047 25390 1494 10752
2048 25392 1498 10746
2049 25422 1477 10737
2050 25411 1470 10755
2051 25414 1480 10742
2052 25377 1495 10764
2053 25371 1500 10765
2054 25350 1525 10761
2055 25315 1555 10766
2056 25305 1538 10793
2057 25304 1517 10815
2058 25229 1565 10842
2059 25251 1545 10840
2060 25206 1547 10883
2061 25127 1575 10934
2062 25098 1591 10947
2063 25109 1588 10939
2064 25110 1575 10951
2065 25138 1545 10953
2066 25123 1580 10933
2067 25115 1570 10951
2068 25054 1626 10956
2069 25068 1619 10949
2070 25019 1633 10984
2071 25018 1622 10996
2072 25027 1597 11012
2073 24996 1615 11025
2074 24964 1630 11042
2075 24930 1643 11063
2076 24900 1636 11100
2077 24900 1650 11086
2078 24863 1656 11117
2079 24887 1623 11126
2080 24886 1618 11132
2081 24849 1655 11132
2082 24801 1663 11172
2083 24816 1624 11196
2084 24775 1637 11224
2085 24733 1593 11310
2086 24717 1588 11331
2087 24693 1598 11345
2088 24674 1603 11359
2089 24696 1597 11343
2090 24690 1584 11362
2091 24655 1588 11393
2092 24659 1575 11402
2093 24685 1565 11386
2094 24670 1545 11421
2095 24655 1554 11427
2096 24630 1537 11469
2097 24657 1525 11454
2098 24659 1501 11476
2099 24662 1512 11462
2100 24664 1497 11475
2101 24686 1514 11436
2102 24700 1522 11414
2103 24744 1507 11385
2104 24714 1540 11382
2105 24694 1560 11382
2106 24694 1557 11385
2107 24706 1516 11414
2108 24753 1515 11368
2109 24760 1524 11352
2110 24802 1497 11337
2111 24786 1508 11342
2112 24761 1525 11350
2113 24765 1510 11361
2114 24797 1504 11335
2115 24809 1490 11337
2116 24825 1475 11336
2117 24863 1461 11312
2118 24907 1430 11299
2119 24948 1401 11287
2120 24963 1386 11287
2121 24947 1428 11261
2122 24971 1408 11257
2123 24988 1415 11233
2124 24985 1433 11218
2125 24973 1440 11223
2126 24984 1407 11245
2127 25018 1390 11228
2128 25037 1410 11189
2129 25040 1413 11183
2130 25029 1436 11171
2131 25023 1431 11182
2132 25048 1428 11160
2133 25034 1429 11173
2134 25074 1413 11149
2135 25072 1432 11132
2136 25096 1427 11113
2137 25102 1423 11111
2138 25143 1427 11066
2139 25167 1408 11061
2140 25223 1377 11036
2141 25232 1354 11050
2142 25281 1358 10997
2143 25301 1353 10982
2144 25335 1368 10933
2145 25372 1371 10893
2146 25400 1379 10857
2147 25421 1371 10844
2148 25423 1353 10860
2149 25452 1317 10867
2150 25476 1298 10862
2151 25507 1291 10838
2152 25552 1279 10805
2153 25557 1310 10769
2154 25593 1312 10731
2155 25605 1295 10736
2156 25638 1286 10712
2157 25674 1288 10674
2158 25694 1280 10662
2159 25729 1293 10614
2160 25793 1263 10580
2161 25807 1288 10541
2162 25874 1278 10484
2163 25919 1247 10470
2164 25939 1244 10453
2165 25932 1254 10450
2166 25930 1290 10416
2167 25996 1269 10371
2168 26006 1280 10350
2169 26022 1266 10348
2170 26020 1304 10312
2171 25999 1302 10335
2172 25988 1312 10336
2173 25968 1319 10349
2174 25991 1311 10334
2175 25985 1322 10329
2176 26011 1319 10306
2177 26022 1315 10299
2178 26012 1338 10286
2179 26020 1357 10259
2180 25988 1382 10266
2181 26004 1366 10266
2182 25993 1393 10250
2183 25991 1404 10241
2184 25986 1402 10248
2185 26025 1383 10228
2186 26060 1348 10228
2187 26043 1376 10217
2188 26025 1419 10192
2189 26020 1406 10210
2190 26012 1407 10217
2191 26026 1382 10228
2192 26028 1373 10235
2193 26053 1376 10207
2194 25987 1421 10228
2195 26000 1421 10215
2196 26032 1424 10180
2197 26014 1432 10190
2198 25988 1443 10205
2199 25987 1438 10211
2200 25982 1408 10246
2201 25963 1413 10260
2202 25957 1422 10257
2203 25909 1434 10293
2204 25906 1447 10283
2205 25883 1448 10305
2206 25854 1475 10307
2207 25876 1480 10280
2208 25864 1480 10292
2209 25829 1501 10306
2210 25823 1520 10293
2211 25816 1486 10334
2212 25834 1480 10322
2213 25805 1495 10336
2214 25805 1467 10364
2215 25827 1430 10379
2216 25826 1417 10393
2217 25838 1418 10380
2218 25849 1401 10386
2219 25833 1397 10406
2220 25822 1392 10422
2221 25817 1381 10438
2222 25802 1382 10452
2223 25808 1359 10469
2224 25784 1371 10481
2225 25811 1323 10502
2226 25811 1354 10471
2227 25819 1367 10450
2228 25805 1377 10454
2229 25785 1400 10451
2230 25815 1388 10433
2231 25807 1411 10418
2232 25767 1431 10438
2233 25789 1425 10422
2234 25790 1432 10414
2235 25761 1445 10430
2236 25791 1434 10411
2237 25776 1440 10420
2238 25753 1417 10466
2239 25771 1394 10471
2240 25814 1372 10450
2241 25815 1366 10455
2242 25827 1359 10450
2243 25851 1372 10413
2244 25852 1361 10423
2245 25858 1383 10395
2246 25891 1369 10376
2247 25871 1373 10392
2248 25867 1367 10402
2249 25883 1351 10402
2250 25920 1304 10412
2251 25944 1305 10387
2252 25991 1311 10334
2253 26011 1319 10306
2254 25987 1323 10326
2255 25984 1323 10329
2256 26005 1320 10311
2257 26008 1333 10295
2258 25993 1350 10293
2259 25975 1360 10301
2260 25990 1350 10296
2261 25967 1368 10301
2262 25975 1371 10290
2263 25981 1370 10285
2264 26006 1377 10253
2265 26016 1369 10251
2266 26025 1393 10218
2267 26005 1397 10234
2268 25992 1416 10228
2269 25998 1426 10212
2270 25971 1432 10233
2271 25957 1413 10266
2272 25941 1411 10284
2273 25920 1426 10290
2274 25902 1404 10330
2275 25875 1408 10353
2276 25887 1419 10330
2277 25885 1442 10309
2278 25866 1450 10320
2279 25839 1448 10349
2280 25815 1499 10322
2281 25800 1530 10306
2282 25787 1522 10327
2283 25773 1512 10351
2284 25736 1525 10375
2285 25725 1487 10424
2286 25723 1523 10390
2287 25707 1533 10396
2288 25679 1553 10404
2289 25684 1547 10405
2290 25673 1539 10424
2291 25626 1565 10445
2292 25628 1542 10466
2293 25583 1586 10467
2294 25564 1603 10469
2295 25549 1586 10501
2296 25552 1540 10544
2297 25514 1527 10595
2298 25521 1496 10619
2299 25500 1512 10624
2300 25497 1500 10639
2301 25465 1508 10663
2302 25454 1517 10665
2303 25448 1524 10664
2304 25436 1512 10688
2305 25428 1517 10691
2306 25401 1469 10766
2307 25403 1470 10763
2308 25403 1471 10762
2309 25419 1455 10762
2310 25454 1428 10754
2311 25470 1405 10761
2312 25453 1410 10773
2313 25448 1436 10752
2314 25464 1439 10733
2315 25455 1466 10715
2316 25475 1478 10683
2317 25438 1488 10710
2318 25424 1517 10695
2319 25445 1513 10678
2320 25472 1479 10685
2321 25493 1497 10646
2322 25513 1497 10626
2323 25524 1477 10635
2324 25539 1456 10641
2325 25506 1461 10669
2326 25521 1459 10656
2327 25553 1440 10643
2328 25553 1437 10646
2329 25561 1433 10642
2330 25557 1413 10666
2331 25524 1429 10683
2332 25541 1437 10658
2333 25539 1446 10651
2334 25552 1448 10636
2335 25538 1447 10651
2336 25515 1439 10682
2337 25523 1461 10652
2338 25527 1459 10650
2339 25517 1462 10657
2340 25516 1420 10700
2341 25535 1395 10706
2342 25508 1403 10725
2343 25545 1381 10710
2344 25572 1402 10662
2345 25559 1407 10670
2346 25599 1407 10630
2347 25611 1423 10602
2348 25630 1434 10572
2349 25658 1415 10563
2350 25616 1410 10610
2351 25577 1443 10616
2352 25551 1433 10652
2353 25534 1455 10647
2354 25548 1460 10628
2355 25531 1474 10631
2356 25514 1480 10642
2357 25483 1459 10694
2358 25461 1460 10715
2359 25432 1477 10727
2360 25443 1483 10710
2361 25421 1483 10732
2362 25426 1479 10731
2363 25409 1489 10738
2364 25449 1495 10692
2365 25449 1486 10701
2366 25480 1460 10696
2367 25519 1428 10689
2368 25503 1452 10681
2369 25489 1453 10694
2370 25500 1471 10665
2371 25507 1451 10678
2372 25510 1434 10692
2373 25503 1432 10701
2374 25443 1480 10713
2375 25406 1501 10729
2376 25419 1507 10710
2377 25411 1477 10748
2378 25408 1459 10769
2379 25430 1445 10761
2380 25467 1407 10762
2381 25492 1426 10718
2382 25515 1419 10702
2383 25527 1403 10706
2384 25521 1422 10693
2385 25506 1435 10695
2386 25512 1453 10671
2387 25488 1447 10701
2388 25545 1412 10679
2389 25537 1441 10658
2390 25571 1434 10631
2391 25586 1419 10631
2392 25632 1375 10629
2393 25642 1377 10617
2394 25670 1380 10586
2395 25654 1436 10546
2396 25651 1452 10533
2397 25651 1469 10516
2398 25648 1447 10541
2399 25634 1444 10558
2400 25596 1466 10574
2401 25592 1463 10581
2402 25616 1466 10554
2403 25629 1447 10560
2404 25616 1437 10583
2405 25615 1436 10585
2406 25590 1405 10641
2407 25598 1421 10617
2408 25652 1374 10610
2409 25658 1368 10610
2410 25711 1368 10557
2411 25719 1353 10564
2412 25743 1380 10513
2413 25732 1386 10518
2414 25768 1343 10525
2415 25778 1356 10502
2416 25831 1344 10461
2417 25853 1333 10450
2418 25834 1349 10453
2419 25859 1347 10430
2420 25882 1345 10409
2421 25897 1332 10407
2422 25902 1340 10394
2423 25887 1372 10377
2424 25878 1366 10392
2425 25864 1375 10397
2426 25852 1394 10390
2427 25870 1383 10383
2428 25898 1377 10361
2429 25884 1408 10344
2430 25872 1429 10335
2431 25838 1435 10363
2432 25825 1442 10369
2433 25814 1454 10368
2434 25848 1443 10345
2435 25817 1431 10388
2436 25829 1429 10378
2437 25811 1448 10377
2438 25788 1466 10382
2439 25786 1461 10389
2440 25735 1487 10414
2441 25675 1492 10469
2442 25638 1469 10529
2443 25596 1454 10586
2444 25557 1492 10587
2445 25550 1492 10594
2446 25584 1469 10583
2447 25593 1490 10553
2448 25579 1529 10528
2449 25538 1524 10574
2450 25500 1566 10570
2451 25501 1559 10576
2452 25462 1579 10595
2453 25412 1578 10646
2454 25388 1607 10641
2455 25359 1616 10661
2456 25385 1595 10656
2457 25399 1585 10652
2458 25349 1572 10715
2459 25360 1556 10720
2460 25354 1513 10769
2461 25350 1511 10775
2462 25306 1503 10827
2463 25319 1489 10828
2464 25286 1493 10857
2465 25243 1532 10861
2466 25224 1511 10901
2467 25215 1466 10955
2468 25196 1476 10964
2469 25197 1460 10979
2470 25203 1483 10950
2471 25127 1540 10969
2472 25110 1537 10989
2473 25063 1568 11005
2474 25056 1570 11010
2475 25030 1583 11023
2476 25004 1582 11050
2477 24983 1585 11068
2478 24969 1552 11115
2479 24966 1540 11130
2480 24957 1552 11127
2481 24964 1534 11138
2482 25004 1531 11101
2483 24988 1554 11094
2484 24979 1553 11104
2485 24969 1552 11115
2486 24973 1533 11130
2487 24971 1534 11131
2488 24993 1518 11125
2489 24982 1529 11125
2490 24997 1529 11110
2491 24988 1557 11091
2492 24964 1554 11118
2493 24968 1539 11129
2494 24994 1539 11103
2495 25006 1533 11097
2496 24958 1559 11119
2497 24970 1538 11128
2498 24977 1509 11150
2499 25009 1520 11107
2500 24982 1551 11103
2501 25005 1542 11089
2502 25017 1535 11084
2503 25011 1494 11131
2504 25034 1468 11134
2505 24975 1498 11163
2506 24997 1507 11132
2507 25027 1484 11125
2508 25018 1449 11169
2509 25041 1450 11145
2510 25035 1478 11123
2511 25047 1442 11147
2512 25076 1456 11104
2513 25063 1431 11142
2514 25094 1435 11107
2515 25099 1412 11125
2516 25134 1399 11103
2517 25163 1370 11103
2518 25235 1350 11051
2519 25262 1353 11021
2520 25300 1345 10991
2521 25273 1382 10981
2522 25289 1370 10977
2523 25324 1357 10955
2524 25351 1351 10934
2525 25338 1352 10946
2526 25366 1338 10932
2527 25371 1369 10896
2528 25388 1378 10870
2529 25386 1394 10856
2530 25401 1379 10856
2531 25409 1367 10860
2532 25433 1393 10810
2533 25440 1404 10792
2534 25413 1413 10810
2535 25433 1396 10807
2536 25420 1422 10794
2537 25421 1434 10781
2538 25360 1500 10776
2539 25349 1483 10804
2540 25338 1496 10802
2541 25335 1486 10815
2542 25329 1461 10846
2543 25353 1446 10837
2544 25358 1435 10843
2545 25383 1418 10835
2546 25404 1397 10835
2547 25398 1388 10850
2548 25476 1359 10801
2549 25448 1396 10792
2550 25448 1419 10769
2551 25448 1420 10768
2552 25460 1399 10777
2553 25464 1430 10742
2554 25485 1405 10746
2555 25504 1404 10728
2556 25479 1412 10745
2557 25498 1409 10729
2558 25546 1365 10725
2559 25556 1379 10701
2560 25602 1380 10654
2561 25642 1339 10655
2562 25670 1322 10644
2563 25671 1322 10643
2564 25737 1290 10609
2565 25743 1303 10590
2566 25763 1292 10581
2567 25802 1273 10561
2568 25833 1274 10529
2569 25849 1313 10474
2570 25831 1338 10467
2571 25815 1307 10514
2572 25845 1291 10500
2573 25841 1316 10479
2574 25835 1329 10472
2575 25856 1321 10459
2576 25914 1279 10443
2577 25953 1273 10410
2578 25937 1282 10417
2579 25961 1298 10377
2580 25977 1283 10376
2581 25989 1301 10346
2582 26006 1305 10325
2583 25996 1317 10323
2584 25983 1326 10327
2585 25999 1292 10345
2586 26012 1310 10314
2587 26010 1324 10302
2588 26021 1317 10298
2589 26029 1319 10288
2590 26003 1374 10259
2591 25998 1375 10263
2592 26020 1349 10267
2593 25992 1368 10276
2594 25987 1323 10326
2595 25970 1323 10343
2596 25972 1339 10325
2597 26006 1307 10323
2598 26004 1302 10330
2599 26020 1279 10337
2600 26052 1254 10330
2601 26043 1273 10320
2602 26017 1295 10324
2603 26051 1294 10291
2604 26081 1285 10270
2605 26125 1266 10245
2606 26125 1292 10219
2607 26135 1322 10179
2608 26095 1356 10185
2609 26082 1374 10180
2610 26098 1366 10172
2611 26090 1364 10182
2612 26093 1386 10157
2613 26096 1385 10155
2614 26075 1375 10186
2615 26051 1399 10186
2616 26009 1445 10182
2617 25987 1448 10201
2618 26002 1429 10205
2619 26001 1454 10181
2620 25980 1469 10187
2621 25953 1447 10236
2622 25946 1444 10246
2623 25931 1440 10265
2624 25887 1452 10297
2625 25849 1476 10311
2626 25831 1454 10351
2627 25787 1462 10387
2628 25755 1456 10425
2629 25748 1482 10406
2630 25759 1491 10386
2631 25785 1491 10360
2632 25802 1462 10372
2633 25832 1446 10358
2634 25804 1426 10406
2635 25763 1462 10411
2636 25736 1486 10414
2637 25714 1508 10414
2638 25738 1536 10362
2639 25722 1550 10364
2640 25701 1550 10385
2641 25683 1522 10431
2642 25669 1514 10453
2643 25637 1546 10453
2644 25621 1550 10465
2645 25586 1554 10496
2646 25512 1557 10567
2647 25511 1566 10559
2648 25493 1548 10595
2649 25481 1550 10605
2650 25452 1578 10606
2651 25432 1539 10665
2652 25437 1532 10667
2653 25447 1515 10674
2654 25422 1523 10691
2655 25441 1486 10709
2656 25439 1514 10683
2657 25449 1520 10667
2658 25423 1514 10699
2659 25410 1534 10692
2660 25431 1518 10687
2661 25403 1480 10753
2662 25389 1474 10773
2663 25372 1482 10782
2664 25358 1489 10789
2665 25334 1489 10813
2666 25344 1469 10823
2667 25321 1472 10843
2668 25294 1497 10845
2669 25302 1464 10870
2670 25300 1458 10878
2671 25301 1435 10900
2672 25293 1441 10902
2673 25292 1448 10896
2674 25300 1425 10911
2675 25280 1454 10902
2676 25309 1480 10847
2677 25286 1499 10851
2678 25269 1526 10841
2679 25276 1513 10847
2680 25288 1494 10854
2681 25290 1465 10881
2682 25299 1473 10864
2683 25288 1490 10858
2684 25287 1505 10844
2685 25338 1478 10820
2686 25325 1477 10834
2687 25302 1484 10850
2688 25300 1463 10873
2689 25282 1449 10905
2690 25296 1437 10903
2691 25308 1439 10889
2692 25278 1462 10896
2693 25279 1472 10885
2694 25271 1497 10868
2695 25252 1525 10859
2696 25243 1540 10853
2697 25216 1549 10871
2698 25175 1567 10894
2699 25180 1558 10898
2700 25144 1557 10935
2701 25110 1551 10975
2702 25114 1535 10987
2703 25112 1526 10998
2704 25073 1529 11034
2705 25045 1561 11030
2706 25068 1550 11018
2707 25067 1524 11045
2708 25089 1504 11043
2709 25069 1526 11041
2710 25083 1518 11035
2711 25079 1519 11038
2712 25118 1506 11012
2713 25084 1505 11047
2714 25097 1472 11067
2715 25112 1469 11055
2716 25156 1456 11024
2717 25147 1476 11013
2718 25176 1475 10985
2719 25131 1476 11029
2720 25122 1471 11043
2721 25085 1513 11038
2722 25073 1504 11059
2723 25117 1488 11031
2724 25126 1496 11014
2725 25128 1488 11020
2726 25121 1491 11024
2727 25167 1484 10985
2728 25171 1489 10976
2729 25178 1500 10958
2730 25214 1490 10932
2731 25198 1514 10924
2732 25198 1502 10936
2733 25201 1496 10939
2734 25231 1482 10923
2735 25264 1471 10901
2736 25237 1462 10937
2737 25230 1487 10919
2738 25235 1510 10891
2739 25243 1516 10877
2740 25274 1489 10873
2741 25256 1499 10881
2742 25256 1527 10853
2743 25254 1543 10839
2744 25266 1539 10831
2745 25265 1529 10842
2746 25252 1526 10858
2747 25261 1502 10873
2748 25270 1501 10865
2749 25286 1491 10859
2750 25293 1488 10855
2751 25321 1447 10868
2752 25352 1425 10859
2753 25366 1432 10838
2754 25366 1468 10802
2755 25400 1446 10790
2756 25421 1430 10785
2757 25420 1450 10766
2758 25434 1433 10769
2759 25380 1478 10778
2760 25374 1489 10773
2761 25363 1517 10756
2762 25356 1512 10768
2763 25345 1526 10765
2764 25341 1525 10770
2765 25326 1536 10774
2766 25312 1539 10785
2767 25296 1519 10821
2768 25295 1503 10838
2769 25291 1500 10845
2770 25282 1493 10861
2771 25259 1495 10882
2772 25269 1491 10876
2773 25260 1499 10877
2774 25247 1493 10896
2775 25219 1518 10899
2776 25204 1521 10911
2777 25220 1499 10917
2778 25230 1503 10903
2779 25276 1492 10868
2780 25278 1492 10866
2781 25259 1519 10858
2782 25226 1539 10871
2783 25221 1565 10850
2784 25186 1569 10881
2785 25163 1600 10873
2786 25153 1595 10888
2787 25109 1586 10941
2788 25113 1560 10963
2789 25096 1552 10988
2790 25088 1540 11008
2791 25099 1550 10987
2792 25074 1551 11011
2793 25079 1571 10986
2794 25106 1552 10978
2795 25125 1543 10968
2796 25114 1544 10978
2797 25132 1556 10948
2798 25148 1562 10926
2799 25173 1552 10911
2800 25173 1520 10943
2801 25167 1518 10951
2802 25144 1552 10940
2803 25150 1559 10927
2804 25119 1589 10928
2805 25102 1575 10959
2806 25102 1560 10974
2807 25089 1540 11007
2808 25076 1548 11012
2809 25046 1563 11027
2810 25018 1584 11034
2811 24986 1590 11060
2812 25019 1560 11057
2813 24990 1534 11112
2814 24964 1575 11097
2815 24973 1583 11080
2816 24978 1582 11076
2817 24940 1580 11116
2818 24958 1550 11128
2819 24949 1548 11139
2820 24940 1536 11160
2821 24934 1533 11169
2822 24918 1549 11169
2823 24937 1541 11158
2824 24934 1537 11165
2825 24925 1562 11149
2826 24934 1555 11147
2827 24930 1535 11171
2828 24941 1518 11177
2829 24910 1532 11194
2830 24893 1544 11199
2831 24900 1555 11181
2832 24873 1567 11196
2833 24880 1568 11188
2834 24847 1593 11196
2835 24833 1602 11201
2836 24837 1576 11223
2837 24814 1569 11253
2838 24829 1551 11256
2839 24827 1546 11263
2840 24833 1528 11275
2841 24819 1592 11225
2842 24799 1572 11265
2843 24766 1586 11284
2844 24798 1569 11269
2845 24788 1560 11288
2846 24775 1562 11299
2847 24773 1559 11304
2848 24721 1604 11311
2849 24679 1623 11334
2850 24651 1608 11377
2851 24669 1597 11370
2852 24664 1620 11352
2853 24682 1598 11356
2854 24678 1596 11362
2855 24719 1575 11342
2856 24728 1555 11353
2857 24786 1515 11335
2858 24768 1512 11356
2859 24779 1535 11322
2860 24738 1564 11334
2861 24721 1543 11372
2862 24747 1532 11357
2863 24732 1530 11374
2864 24714 1554 11368
2865 24741 1528 11367
2866 24782 1491 11363
2867 24791 1472 11373
2868 24799 1466 11371
2869 24802 1461 11373
2870 24838 1428 11370
2871 24850 1439 11347
2872 24910 1380 11346
2873 24938 1383 11315
2874 25001 1370 11265
2875 25032 1387 11217
2876 25061 1370 11205
2877 25112 1338 11186
2878 25178 1312 11146
2879 25226 1276 11134
2880 25278 1265 11093
2881 25348 1247 11041
2882 25405 1208 11023
2883 25459 1208 10969
2884 25520 1196 10920
2885 25558 1197 10881
2886 25611 1184 10841
2887 25684 1177 10775
2888 25688 1187 10761
2889 25756 1184 10696
2890 25801 1190 10645
2891 25847 1196 10593
2892 25871 1186 10579
2893 25889 1199 10548
2894 25968 1207 10461
2895 26011 1212 10413
2896 26011 1205 10420
2897 26030 1211 10395
2898 26073 1192 10371
2899 26105 1172 10359
2900 26167 1155 10314
2901 26175 1167 10294
2902 26237 1147 10252
2903 26273 1139 10224
2904 26331 1131 10174
2905 26369 1133 10134
2906 26426 1131 10079
2907 26462 1125 10049
2908 26488 1137 10011
2909 26510 1146 9980
2910 26543 1127 9966
2911 26587 1109 9940
2912 26634 1120 9882
2913 26668 1139 9829
2914 26692 1158 9786
2915 26709 1174 9753
2916 26740 1149 9747
2917 26771 1140 9725
2918 26801 1136 9699
2919 26807 1137 9692
2920 26810 1132 9694
2921 26811 1142 9683
2922 26834 1155 9647
2923 26856 1130 9650
2924 26884 1134 9618
2925 26899 1154 9583
2926 26931 1156 9549
2927 26941 1184 9511
2928 26962 1189 9485
2929 26963 1194 9479
2930 26936 1218 9482
2931 26919 1258 9459
2932 26918 1256 9462
2933 26895 1280 9461
2934 26862 1314 9460
2935 26842 1314 9480
2936 26839 1292 9505
2937 26830 1290 9516
2938 26853 1289 9494
2939 26821 1315 9500
2940 26801 1305 9530
2941 26797 1285 9554
2942 26818 1284 9534
2943 26799 1296 9541
2944 26813 1287 9536
2945 26786 1285 9565
2946 26786 1267 9583
2947 26817 1225 9594
2948 26777 1230 9629
2949 26764 1249 9623
2950 26780 1252 9604
2951 26789 1247 9600
2952 26800 1247 9589
2953 26784 1287 9565
2954 26772 1299 9565
2955 26790 1271 9575
2956 26784 1254 9598
2957 26803 1269 9564
2958 26851 1249 9536
2959 26841 1241 9554
2960 26852 1219 9565
2961 26869 1217 9550
2962 26864 1219 9553
2963 26863 1233 9540
2964 26848 1245 9543
2965 26873 1260 9503
2966 26885 1252 9499
2967 26880 1272 9484
2968 26868 1273 9495
2969 26845 1255 9536
2970 26871 1257 9508
2971 26863 1255 9518
2972 26866 1249 9521
2973 26899 1250 9487
2974 26909 1244 9483
2975 26892 1228 9516
2976 26892 1249 9495
2977 26906 1282 9448
2978 26893 1274 9469
2979 26855 1293 9488
2980 26837 1312 9487
2981 26830 1336 9470
2982 26834 1328 9474
2983 26834 1319 9483
2984 26844 1306 9486
2985 26831 1328 9477
2986 26806 1369 9461
2987 26799 1379 9458
2988 26777 1381 9478
2989 26768 1384 9484
2990 26747 1405 9484
2991 26723 1412 9501
2992 26699 1396 9541
2993 26668 1423 9545
2994 26663 1409 9564
2995 26621 1400 9615
2996 26618 1399 9619
2997 26611 1382 9643
2998 26622 1384 9630
2999 26635 1404 9597
