0 37635 1 0
1 37635 1 0
2 37634 1 1
3 37634 1 1
4 37633 2 1
5 37632 2 2
6 37632 2 2
7 37631 3 2
8 37630 3 3
9 37629 4 3
10 37628 4 4
11 37627 5 4
12 37626 6 4
13 37625 6 5
14 37625 6 5
15 37622 6 8
16 37621 6 9
17 37619 7 10
18 37618 8 10
19 37616 8 12
20 37610 13 13
21 37602 18 16
22 37594 21 21
23 37590 23 23
24 37590 21 25
25 37585 22 29
26 37582 21 33
27 37582 21 33
28 37578 26 32
29 37576 27 33
30 37571 28 37
31 37567 29 40
32 37564 32 40
33 37557 30 49
34 37548 33 55
35 37542 36 58
36 37535 36 65
37 37531 35 70
38 37528 34 74
39 37522 36 78
40 37518 39 79
41 37511 44 81
42 37507 42 87
43 37503 40 93
44 37498 40 98
45 37496 37 103
46 37493 40 103
47 37486 41 109
48 37481 45 110
49 37477 48 111
50 37474 48 114
51 37473 42 121
52 37468 44 124
53 37461 45 130
54 37459 46 131
55 37453 52 131
56 37447 54 135
57 37440 54 142
58 37425 63 148
59 37419 65 152
60 37412 66 158
61 37405 65 166
62 37399 66 171
63 37392 67 177
64 37385 62 189
65 37382 59 195
66 37384 54 198
67 37378 54 204
68 37368 54 214
69 37361 60 215
70 37358 60 218
71 37354 60 222
72 37347 55 234
73 37346 57 233
74 37338 59 239
75 37336 60 240
76 37328 64 244
77 37331 53 252
78 37327 56 253
79 37322 54 260
80 37332 50 254
81 37326 52 258
82 37330 50 256
83 37329 51 256
84 37326 52 258
85 37319 52 265
86 37324 48 264
87 37325 49 262
88 37321 48 267
89 37321 50 265
90 37323 48 265
91 37322 48 266
92 37327 46 263
93 37322 48 266
94 37318 52 266
95 37308 59 269
96 37315 56 265
97 37312 60 264
98 37311 62 263
99 37304 62 270
100 37297 64 275
101 37294 69 273
102 37283 71 282
103 37279 71 286
104 37273 67 296
105 37267 65 304
106 37262 61 313
107 37263 59 314
108 37254 68 314
109 37248 75 313
110 37246 75 315
111 37232 81 323
112 37226 87 323
113 37215 91 330
114 37198 107 331
115 37196 100 340
116 37191 102 343
117 37190 100 346
118 37182 98 356
119 37179 100 357
120 37159 110 367
121 37150 105 381
122 37141 106 389
123 37137 101 398
124 37126 108 402
125 37115 111 410
126 37111 111 414
127 37110 113 413
128 37108 104 424
129 37097 102 437
130 37093 99 444
131 37094 91 451
132 37102 91 443
133 37105 85 446
134 37098 87 451
135 37093 89 454
136 37084 95 457
137 37071 103 462
138 37068 101 467
139 37069 100 467
140 37063 101 472
141 37054 96 486
142 37053 101 482
143 37049 92 495
144 37043 92 501
145 37034 89 513
146 37032 92 512
147 37036 82 518
148 37039 82 515
149 37043 84 509
150 37041 79 516
151 37037 80 519
152 37039 87 510
153 37037 90 509
154 37034 92 510
155 37032 92 512
156 37036 90 510
157 37034 93 509
158 37034 88 514
159 37022 97 517
160 37013 101 522
161 37002 103 531
162 37002 99 535
163 37002 96 538
164 37003 91 542
165 37001 87 548
166 37005 83 548
167 36997 84 555
168 36998 74 564
169 37001 77 558
170 36989 83 564
171 36982 81 573
172 36988 77 571
173 36993 72 571
174 37001 78 557
175 37004 75 557
176 37005 77 554
177 37001 80 555
178 37002 78 556
179 36994 83 559
180 36990 85 561
181 36991 81 564
182 36995 74 567
183 36993 77 566
184 36991 78 567
185 36997 73 566
186 37005 70 561
187 37002 77 557
188 36992 81 563
189 36985 84 567
190 36980 88 568
191 36978 86 572
192 36981 85 570
193 36983 80 573
194 36975 85 576
195 36980 86 570
196 36980 82 574
197 36977 82 577
198 36971 85 580
199 36972 80 584
200 36972 79 585
201 36977 82 577
202 36976 82 578
203 36974 84 578
204 36971 82 583
205 36978 84 574
206 36973 91 572
207 36976 93 567
208 36979 93 564
209 36986 87 563
210 36992 81 563
211 36999 83 554
212 36993 82 561
213 36998 79 559
214 37002 78 556
215 36999 80 557
216 37003 74 559
217 36998 76 562
218 36997 75 564
219 36995 81 560
220 36991 84 561
221 36995 86 555
222 37001 76 559
223 37004 74 558
224 37003 71 562
225 37002 76 558
226 36997 74 565
227 36998 76 562
228 37001 75 560
229 37002 74 560
230 37005 76 555
231 37010 70 556
232 37009 71 556
233 37009 79 548
234 37004 79 553
235 37004 76 556
236 36999 80 557
237 36997 80 559
238 36998 79 559
239 37009 82 545
240 37004 77 555
241 37003 72 561
242 37002 78 556
243 37006 78 552
244 37010 86 540
245 37003 86 547
246 37008 89 539
247 37001 94 541
248 37009 90 537
249 37012 82 542
250 37010 82 544
251 36993 97 546
252 36981 103 552
253 36974 110 552
254 36971 106 559
255 36969 103 564
256 36973 105 558
257 36969 103 564
258 36960 101 575
259 36956 100 580
260 36950 107 579
261 36950 102 584
262 36938 99 599
263 36936 106 594
264 36937 105 594
265 36936 104 596
266 36933 109 594
267 36921 108 607
268 36921 107 608
269 36914 108 614
270 36908 112 616
271 36910 98 628
272 36919 91 626
273 36922 83 631
274 36935 81 620
275 36940 79 617
276 36937 78 621
277 36936 80 620
278 36947 77 612
279 36943 79 614
280 36943 72 621
281 36944 73 619
282 36959 74 603
283 36959 71 606
284 36955 74 607
285 36962 69 605
286 36968 66 602
287 36968 65 603
288 36965 71 600
289 36967 69 600
290 36965 72 599
291 36968 76 592
292 36967 69 600
293 36971 64 601
294 36966 62 608
295 36978 57 601
296 36976 68 592
297 36984 73 579
298 36973 82 581
299 36981 78 577
300 36973 81 582
301 36974 77 585
302 36974 76 586
303 36978 76 582
304 36976 76 584
305 36983 76 577
306 36991 80 565
307 36992 82 562
308 36986 86 564
309 36978 88 570
310 36973 90 573
311 36975 91 570
312 36968 91 577
313 36967 83 586
314 36971 87 578
315 36968 83 585
316 36974 78 584
317 36972 73 591
318 36974 69 593
319 36972 72 592
320 36978 74 584
321 36981 71 584
322 36988 63 585
323 36986 63 587
324 36984 60 592
325 36993 53 590
326 36999 53 584
327 36997 51 588
328 37000 51 585
329 37002 51 583
330 37008 50 578
331 37023 49 564
332 37025 51 560
333 37031 53 552
334 37031 52 553
335 37039 51 546
336 37041 52 543
337 37042 53 541
338 37047 57 532
339 37050 52 534
340 37053 50 533
341 37061 50 525
342 37066 45 525
343 37075 41 520
344 37073 41 522
345 37086 33 517
346 37091 33 512
347 37101 27 508
348 37113 25 498
349 37116 27 493
350 37125 28 483
351 37129 30 477
352 37140 29 467
353 37144 24 468
354 37152 22 462
355 37155 23 458
356 37163 22 451
357 37172 20 444
358 37183 17 436
359 37191 20 425
360 37197 20 419
361 37196 18 422
362 37199 18 419
363 37207 16 413
364 37214 14 408
365 37216 17 403
366 37219 19 398
367 37220 18 398
368 37226 20 390
369 37232 18 386
370 37239 17 380
371 37244 15 377
372 37252 18 366
373 37257 16 363
374 37265 16 355
375 37269 18 349
376 37268 21 347
377 37269 20 347
378 37267 22 347
379 37263 23 350
380 37269 25 342
381 37273 28 335
382 37273 30 333
383 37274 25 337
384 37283 24 329
385 37289 22 325
386 37297 21 318
387 37300 21 315
388 37304 19 313
389 37304 23 309
390 37309 23 304
391 37307 23 306
392 37305 24 307
393 37299 30 307
394 37296 30 310
395 37300 28 308
396 37304 28 304
397 37303 28 305
398 37297 32 307
399 37299 35 302
400 37301 32 303
401 37300 33 303
402 37308 34 294
403 37309 34 293
404 37313 35 288
405 37314 33 289
406 37313 34 289
407 37312 34 290
408 37313 33 290
409 37314 34 288
410 37311 36 289
411 37311 40 285
412 37313 44 279
413 37309 49 278
414 37303 51 282
415 37298 52 286
416 37302 49 285
417 37297 45 294
418 37299 48 289
419 37295 49 292
420 37296 51 289
421 37292 54 290
422 37294 52 290
423 37294 44 298
424 37287 49 300
425 37281 49 306
426 37280 46 310
427 37285 44 307
428 37281 47 308
429 37275 55 306
430 37272 56 308
431 37262 65 309
432 37258 63 315
433 37256 59 321
434 37249 58 329
435 37253 54 329
436 37252 52 332
437 37255 48 333
438 37256 49 331
439 37260 52 324
440 37258 54 324
441 37248 62 326
442 37249 61 326
443 37254 56 326
444 37258 50 328
445 37254 50 332
446 37250 50 336
447 37246 48 342
448 37248 38 350
449 37252 40 344
450 37249 46 341
451 37251 44 341
452 37258 46 332
453 37260 46 330
454 37263 39 334
455 37265 38 333
456 37263 39 334
457 37264 39 333
458 37269 37 330
459 37267 38 331
460 37267 38 331
461 37266 38 332
462 37259 43 334
463 37260 38 338
464 37261 37 338
465 37261 41 334
466 37264 41 331
467 37269 39 328
468 37275 40 321
469 37278 38 320
470 37280 37 319
471 37285 36 315
472 37287 33 316
473 37297 31 308
474 37297 31 308
475 37297 33 306
476 37298 33 305
477 37299 35 302
478 37303 31 302
479 37297 37 302
480 37298 42 296
481 37296 46 294
482 37291 51 294
483 37286 52 298
484 37278 56 302
485 37274 61 301
486 37270 65 301
487 37267 64 305
488 37255 70 311
489 37248 73 315
490 37245 68 323
491 37236 73 327
492 37229 74 333
493 37232 74 330
494 37226 67 343
495 37219 63 354
496 37218 68 350
497 37220 66 350
498 37218 60 358
499 37216 61 359
500 37216 62 358
501 37215 60 361
502 37218 54 364
503 37222 55 359
504 37224 51 361
505 37225 49 362
506 37226 47 363
507 37234 47 355
508 37243 41 352
509 37242 44 350
510 37246 40 350
511 37252 38 346
512 37257 38 341
513 37264 41 331
514 37261 43 332
515 37262 42 332
516 37263 47 326
517 37265 43 328
518 37271 44 321
519 37276 40 320
520 37277 45 314
521 37283 42 311
522 37288 39 309
523 37286 44 306
524 37287 44 305
525 37282 49 305
526 37283 46 307
527 37281 42 313
528 37277 43 316
529 37277 45 314
530 37274 47 315
531 37276 42 318
532 37278 43 315
533 37276 35 325
534 37280 36 320
535 37283 36 317
536 37288 35 313
537 37292 30 314
538 37295 29 312
539 37296 30 310
540 37298 27 311
541 37305 24 307
542 37312 23 301
543 37312 26 298
544 37320 30 286
545 37317 34 285
546 37323 34 279
547 37322 35 279
548 37324 34 278
549 37321 35 280
550 37321 31 284
551 37315 35 286
552 37317 30 289
553 37320 31 285
554 37322 35 279
555 37324 37 275
556 37328 37 271
557 37332 36 268
558 37331 33 272
559 37332 34 270
560 37336 36 264
561 37338 38 260
562 37342 38 256
563 37342 35 259
564 37343 36 257
565 37341 41 254
566 37344 39 253
567 37344 36 256
568 37340 36 260
569 37334 39 263
570 37334 43 259
571 37329 40 267
572 37327 43 266
573 37332 44 260
574 37333 44 259
575 37327 48 261
576 37324 47 265
577 37323 44 269
578 37324 36 276
579 37331 35 270
580 37326 37 273
581 37327 40 269
582 37320 47 269
583 37315 47 274
584 37312 41 283
585 37308 45 283
586 37306 44 286
587 37307 45 284
588 37307 45 284
589 37305 45 286
590 37302 45 289
591 37298 43 295
592 37299 45 292
593 37296 43 297
594 37290 42 304
595 37289 47 300
596 37278 53 305
597 37265 64 307
598 37259 69 308
599 37255 62 319
600 37251 64 321
601 37246 66 324
602 37240 65 331
603 37242 64 330
604 37231 73 332
605 37222 78 336
606 37209 79 348
607 37209 75 352
608 37213 75 348
609 37210 74 352
610 37203 78 355
611 37196 77 363
612 37195 73 368
613 37184 69 383
614 37181 62 393
615 37179 60 397
616 37174 65 397
617 37170 65 401
618 37163 66 407
619 37165 62 409
620 37167 57 412
621 37169 50 417
622 37172 50 414
623 37167 51 418
624 37169 44 423
625 37178 45 413
626 37181 41 414
627 37171 50 415
628 37174 44 418
629 37177 47 412
630 37175 51 410
631 37173 53 410
632 37173 54 409
633 37163 64 409
634 37159 70 407
635 37165 72 399
636 37161 72 403
637 37159 69 408
638 37164 67 405
639 37159 69 408
640 37158 70 408
641 37155 74 407
642 37152 68 416
643 37154 67 415
644 37157 66 413
645 37158 64 414
646 37162 65 409
647 37156 67 413
648 37151 69 416
649 37147 68 421
650 37147 69 420
651 37145 71 420
652 37141 72 423
653 37142 71 423
654 37140 67 429
655 37133 71 432
656 37126 81 429
657 37133 75 428
658 37135 78 423
659 37139 74 423
660 37127 78 431
661 37134 73 429
662 37138 69 429
663 37142 67 427
664 37139 74 423
665 37136 72 428
666 37134 67 435
667 37135 63 438
668 37139 59 438
669 37138 55 443
670 37145 51 440
671 37147 50 439
672 37149 48 439
673 37151 47 438
674 37152 48 436
675 37155 45 436
676 37162 41 433
677 37169 43 424
678 37173 39 424
679 37175 34 427
680 37175 34 427
681 37176 38 422
682 37180 34 422
683 37174 36 426
684 37178 31 427
685 37180 31 425
686 37184 32 420
687 37183 35 418
688 37183 34 419
689 37184 37 415
690 37187 37 412
691 37190 38 408
692 37192 45 399
693 37199 43 394
694 37197 41 398
695 37203 42 391
696 37208 36 392
697 37205 38 393
698 37203 43 390
699 37197 45 394
700 37194 53 389
701 37186 60 390
702 37187 55 394
703 37192 51 393
704 37196 52 388
705 37195 52 389
706 37184 60 392
707 37186 60 390
708 37185 62 389
709 37185 58 393
710 37183 58 395
711 37180 59 397
712 37179 55 402
713 37177 53 406
714 37178 55 403
715 37184 50 402
716 37183 47 406
717 37187 41 408
718 37193 37 406
719 37195 37 404
720 37198 35 403
721 37199 34 403
722 37197 36 403
723 37197 32 407
724 37200 32 404
725 37201 27 408
726 37210 27 399
727 37210 35 391
728 37205 38 393
729 37205 42 389
730 37213 42 381
731 37207 48 381
732 37209 49 378
733 37213 49 374
734 37211 47 378
735 37203 48 385
736 37207 48 381
737 37209 48 379
738 37212 50 374
739 37212 49 375
740 37217 47 372
741 37221 47 368
742 37219 49 368
743 37220 50 366
744 37224 46 366
745 37229 41 366
746 37229 39 368
747 37227 42 367
748 37226 43 367
749 37228 38 370
750 37238 35 363
751 37242 34 360
752 37238 38 360
753 37239 39 358
754 37240 38 358
755 37243 38 355
756 37247 40 349
757 37249 34 353
758 37245 35 356
759 37251 26 359
760 37258 25 353
761 37254 25 357
762 37252 28 356
763 37254 29 353
764 37257 29 350
765 37263 24 349
766 37269 19 348
767 37272 14 350
768 37280 13 343
769 37282 14 340
770 37281 14 341
771 37286 11 339
772 37290 11 335
773 37301 10 325
774 37305 8 323
775 37308 9 319
776 37313 10 313
777 37318 10 308
778 37324 10 302
779 37321 12 303
780 37327 10 299
781 37328 10 298
782 37331 9 296
783 37332 9 295
784 37332 12 292
785 37341 13 282
786 37346 12 278
787 37350 9 277
788 37354 6 276
789 37357 5 274
790 37360 5 271
791 37366 4 266
792 37370 5 261
793 37375 5 256
794 37378 5 253
795 37388 4 244
796 37390 4 242
797 37397 4 235
798 37399 3 234
799 37401 1 234
800 37404 1 231
801 37405 1 230
802 37408 2 226
803 37413 3 220
804 37416 3 217
805 37423 2 211
806 37426 2 208
807 37429 2 205
808 37437 1 198
809 37442 1 193
810 37442 1 193
810 37444 0 192
811 37444 0 192
811 37446 0 190
812 37446 0 190
812 37450 0 186
813 37450 0 186
813 37452 0 184
814 37452 0 184
814 37457 0 179
815 37457 0 179
815 37457 0 179
816 37457 0 179
816 37459 0 177
817 37459 0 177
817 37460 0 176
818 37460 0 176
818 37463 0 173
819 37463 0 173
819 37466 0 170
820 37466 0 170
820 37467 0 169
821 37467 0 169
821 37468 0 168
822 37468 0 168
822 37473 0 163
823 37473 0 163
823 37475 0 161
824 37475 0 161
824 37478 0 158
825 37478 0 158
825 37480 0 156
826 37480 0 156
826 37485 0 151
827 37485 0 151
827 37487 0 149
828 37487 0 149
828 37490 0 146
829 37490 0 146
829 37492 0 144
830 37492 0 144
830 37495 0 141
831 37495 0 141
831 37496 0 140
832 37496 0 140
832 37496 0 140
833 37496 0 140
833 37499 0 137
834 37499 0 137
834 37501 0 135
835 37501 0 135
835 37503 0 133
836 37503 0 133
836 37505 0 131
837 37505 0 131
837 37506 0 130
838 37506 0 130
838 37510 0 126
839 37510 0 126
839 37512 0 124
840 37512 0 124
840 37516 0 120
841 37516 0 120
841 37518 0 118
842 37518 0 118
842 37523 0 113
843 37523 0 113
843 37524 0 112
844 37524 0 112
844 37529 0 107
845 37529 0 107
845 37531 0 105
846 37531 0 105
846 37531 0 105
847 37531 0 105
847 37532 0 104
848 37532 0 104
848 37537 0 99
849 37537 0 99
849 37538 0 98
850 37538 0 98
850 37538 0 98
851 37538 0 98
851 37541 0 95
852 37541 0 95
852 37545 0 91
853 37545 0 91
853 37547 0 89
854 37547 0 89
854 37548 0 88
855 37548 0 88
855 37549 0 87
856 37549 0 87
856 37552 0 84
857 37552 0 84
857 37552 0 84
858 37552 0 84
858 37552 0 84
859 37552 0 84
859 37554 0 82
860 37554 0 82
860 37555 0 81
861 37555 0 81
861 37555 0 81
862 37555 0 81
862 37557 0 79
863 37557 0 79
863 37558 0 78
864 37558 0 78
864 37558 0 78
865 37558 0 78
865 37559 0 77
866 37559 0 77
866 37561 0 75
867 37561 0 75
867 37562 0 74
868 37562 0 74
868 37563 0 73
869 37563 0 73
869 37566 0 70
870 37566 0 70
870 37568 0 68
871 37568 0 68
871 37570 0 66
872 37570 0 66
872 37572 0 64
873 37572 0 64
873 37573 0 63
874 37573 0 63
874 37574 0 62
875 37574 0 62
875 37577 0 59
876 37577 0 59
876 37578 0 58
877 37578 0 58
877 37580 0 56
878 37580 0 56
878 37580 0 56
879 37580 0 56
879 37580 0 56
880 37580 0 56
880 37581 0 55
881 37581 0 55
881 37582 0 54
882 37582 0 54
882 37585 0 51
883 37585 0 51
883 37587 0 49
884 37587 0 49
884 37587 0 49
885 37587 0 49
885 37587 0 49
886 37587 0 49
886 37589 0 47
887 37589 0 47
887 37590 0 46
888 37590 0 46
888 37590 0 46
889 37590 0 46
889 37590 0 46
890 37590 0 46
890 37592 0 44
891 37592 0 44
891 37592 0 44
892 37592 0 44
892 37593 0 43
893 37593 0 43
893 37593 0 43
894 37593 0 43
894 37594 0 42
895 37594 0 42
895 37595 0 41
896 37595 0 41
896 37595 0 41
897 37595 0 41
897 37595 0 41
898 37595 0 41
898 37595 0 41
899 37595 0 41
899 37595 0 41
900 37595 0 41
900 37595 0 41
901 37595 0 41
901 37597 0 39
902 37597 0 39
902 37599 0 37
903 37599 0 37
903 37599 0 37
904 37599 0 37
904 37599 0 37
905 37599 0 37
905 37599 0 37
906 37599 0 37
906 37599 0 37
907 37599 0 37
907 37600 0 36
908 37600 0 36
908 37601 0 35
909 37601 0 35
909 37601 0 35
910 37601 0 35
910 37601 0 35
911 37601 0 35
911 37602 0 34
912 37602 0 34
912 37602 0 34
913 37602 0 34
913 37602 0 34
914 37602 0 34
914 37602 0 34
915 37602 0 34
915 37602 0 34
916 37602 0 34
916 37602 0 34
917 37602 0 34
917 37602 0 34
918 37602 0 34
918 37603 0 33
919 37603 0 33
919 37604 0 32
920 37604 0 32
920 37605 0 31
921 37605 0 31
921 37606 0 30
922 37606 0 30
922 37607 0 29
923 37607 0 29
923 37609 0 27
924 37609 0 27
924 37610 0 26
925 37610 0 26
925 37610 0 26
926 37610 0 26
926 37610 0 26
927 37610 0 26
927 37610 0 26
928 37610 0 26
928 37610 0 26
929 37610 0 26
929 37610 0 26
930 37610 0 26
930 37610 0 26
931 37610 0 26
931 37610 0 26
932 37610 0 26
932 37610 0 26
933 37610 0 26
933 37610 0 26
934 37610 0 26
934 37610 0 26
935 37610 0 26
935 37611 0 25
936 37611 0 25
936 37611 0 25
937 37611 0 25
937 37611 0 25
938 37611 0 25
938 37611 0 25
939 37611 0 25
939 37611 0 25
940 37611 0 25
940 37612 0 24
941 37612 0 24
941 37613 0 23
942 37613 0 23
942 37614 0 22
943 37614 0 22
943 37614 0 22
944 37614 0 22
944 37614 0 22
945 37614 0 22
945 37614 0 22
946 37614 0 22
946 37615 0 21
947 37615 0 21
947 37615 0 21
948 37615 0 21
948 37615 0 21
949 37615 0 21
949 37615 0 21
950 37615 0 21
950 37617 0 19
951 37617 0 19
951 37617 0 19
952 37617 0 19
952 37617 0 19
953 37617 0 19
953 37619 0 17
954 37619 0 17
954 37619 0 17
955 37619 0 17
955 37619 0 17
956 37619 0 17
956 37619 0 17
957 37619 0 17
957 37620 0 16
958 37620 0 16
958 37621 0 15
959 37621 0 15
959 37621 0 15
960 37621 0 15
960 37621 0 15
961 37621 0 15
961 37621 0 15
962 37621 0 15
962 37621 0 15
963 37621 0 15
963 37621 0 15
964 37621 0 15
964 37622 0 14
965 37622 0 14
965 37622 0 14
966 37622 0 14
966 37622 0 14
967 37622 0 14
967 37622 0 14
968 37622 0 14
968 37622 0 14
969 37622 0 14
969 37622 0 14
970 37622 0 14
970 37623 0 13
971 37623 0 13
971 37623 0 13
972 37623 0 13
972 37623 0 13
973 37623 0 13
973 37623 0 13
974 37623 0 13
974 37623 0 13
975 37623 0 13
975 37623 0 13
976 37623 0 13
976 37624 0 12
977 37624 0 12
977 37624 0 12
978 37624 0 12
978 37624 0 12
979 37624 0 12
979 37624 0 12
980 37624 0 12
980 37624 0 12
981 37624 0 12
981 37625 0 11
982 37625 0 11
982 37626 0 10
983 37626 0 10
983 37626 0 10
984 37626 0 10
984 37626 0 10
985 37626 0 10
985 37626 0 10
986 37626 0 10
986 37626 0 10
987 37626 0 10
987 37627 0 9
988 37627 0 9
988 37628 0 8
989 37628 0 8
989 37628 0 8
990 37628 0 8
990 37629 0 7
991 37629 0 7
991 37629 0 7
992 37629 0 7
992 37629 0 7
993 37629 0 7
993 37629 0 7
994 37629 0 7
994 37629 0 7
995 37629 0 7
995 37629 0 7
996 37629 0 7
996 37629 0 7
997 37629 0 7
997 37629 0 7
998 37629 0 7
998 37629 0 7
999 37629 0 7
999 37629 0 7
1000 37629 0 7
1000 37629 0 7
1001 37629 0 7
1001 37629 0 7
1002 37629 0 7
1002 37629 0 7
1003 37629 0 7
1003 37629 0 7
1004 37629 0 7
1004 37629 0 7
1005 37629 0 7
1005 37629 0 7
1006 37629 0 7
1006 37629 0 7
1007 37629 0 7
1007 37629 0 7
1008 37629 0 7
1008 37629 0 7
1009 37629 0 7
1009 37630 0 6
1010 37630 0 6
1010 37630 0 6
1011 37630 0 6
1011 37630 0 6
1012 37630 0 6
1012 37630 0 6
1013 37630 0 6
1013 37630 0 6
1014 37630 0 6
1014 37631 0 5
1015 37631 0 5
1015 37631 0 5
1016 37631 0 5
1016 37631 0 5
1017 37631 0 5
1017 37631 0 5
1018 37631 0 5
1018 37632 0 4
1019 37632 0 4
1019 37632 0 4
1020 37632 0 4
1020 37632 0 4
1021 37632 0 4
1021 37632 0 4
1022 37632 0 4
1022 37632 0 4
1023 37632 0 4
1023 37632 0 4
1024 37632 0 4
1024 37632 0 4
1025 37632 0 4
1025 37632 0 4
1026 37632 0 4
1026 37632 0 4
1027 37632 0 4
1027 37632 0 4
1028 37632 0 4
1028 37632 0 4
1029 37632 0 4
1029 37632 0 4
1030 37632 0 4
1030 37632 0 4
1031 37632 0 4
1031 37632 0 4
1032 37632 0 4
1032 37632 0 4
1033 37632 0 4
1033 37632 0 4
1034 37632 0 4
1034 37632 0 4
1035 37632 0 4
1035 37632 0 4
1036 37632 0 4
1036 37632 0 4
1037 37632 0 4
1037 37632 0 4
1038 37632 0 4
1038 37632 0 4
1039 37632 0 4
1039 37632 0 4
1040 37632 0 4
1040 37632 0 4
1041 37632 0 4
1041 37632 0 4
1042 37632 0 4
1042 37632 0 4
1043 37632 0 4
1043 37632 0 4
1044 37632 0 4
1044 37632 0 4
1045 37632 0 4
1045 37632 0 4
1046 37632 0 4
1046 37632 0 4
1047 37632 0 4
1047 37632 0 4
1048 37632 0 4
1048 37632 0 4
1049 37632 0 4
1049 37632 0 4
1050 37632 0 4
1050 37632 0 4
1051 37632 0 4
1051 37633 0 3
1052 37633 0 3
1052 37634 0 2
1053 37634 0 2
1053 37635 0 1
1054 37635 0 1
1054 37635 0 1
1055 37635 0 1
1055 37635 0 1
1056 37635 0 1
1056 37635 0 1
1057 37635 0 1
1057 37635 0 1
1058 37635 0 1
1058 37635 0 1
1059 37635 0 1
1059 37635 0 1
1060 37635 0 1
1060 37635 0 1
1061 37635 0 1
1061 37635 0 1
1062 37635 0 1
1062 37635 0 1
1063 37635 0 1
1063 37635 0 1
1064 37635 0 1
1064 37635 0 1
1065 37635 0 1
1065 37635 0 1
1066 37635 0 1
1066 37635 0 1
1067 37635 0 1
1067 37635 0 1
1068 37635 0 1
1068 37635 0 1
1069 37635 0 1
1069 37635 0 1
1070 37635 0 1
1070 37635 0 1
1071 37635 0 1
1071 37635 0 1
1072 37635 0 1
1072 37635 0 1
1073 37635 0 1
1073 37635 0 1
1074 37635 0 1
1074 37635 0 1
1075 37635 0 1
1075 37635 0 1
1076 37635 0 1
1076 37635 0 1
1077 37635 0 1
1077 37635 0 1
1078 37635 0 1
1078 37635 0 1
1079 37635 0 1
1079 37635 0 1
1080 37635 0 1
1080 37635 0 1
1081 37635 0 1
1081 37635 0 1
1082 37635 0 1
1082 37635 0 1
1083 37635 0 1
1083 37635 0 1
1084 37635 0 1
1084 37635 0 1
1085 37635 0 1
1085 37635 0 1
1086 37635 0 1
1086 37635 0 1
1087 37635 0 1
1087 37636 0 0
1088 37636 0 0
1088 37636 0 0
1089 37636 0 0
1089 37636 0 0
1090 37636 0 0
1090 37636 0 0
1091 37636 0 0
1091 37636 0 0
1092 37636 0 0
1092 37636 0 0
1093 37636 0 0
1093 37636 0 0
1094 37636 0 0
1094 37636 0 0
1095 37636 0 0
1095 37636 0 0
1096 37636 0 0
1096 37636 0 0
1097 37636 0 0
1097 37636 0 0
1098 37636 0 0
1098 37636 0 0
1099 37636 0 0
1099 37636 0 0
1100 37636 0 0
1100 37636 0 0
1101 37636 0 0
1101 37636 0 0
1102 37636 0 0
1102 37636 0 0
1103 37636 0 0
1103 37636 0 0
1104 37636 0 0
1104 37636 0 0
1105 37636 0 0
1105 37636 0 0
1106 37636 0 0
1106 37636 0 0
1107 37636 0 0
1107 37636 0 0
1108 37636 0 0
1108 37636 0 0
1109 37636 0 0
1109 37636 0 0
1110 37636 0 0
1110 37636 0 0
1111 37636 0 0
1111 37636 0 0
1112 37636 0 0
1112 37636 0 0
1113 37636 0 0
1113 37636 0 0
1114 37636 0 0
1114 37636 0 0
1115 37636 0 0
1115 37636 0 0
1116 37636 0 0
1116 37636 0 0
1117 37636 0 0
1117 37636 0 0
1118 37636 0 0
1118 37636 0 0
1119 37636 0 0
1119 37636 0 0
1120 37636 0 0
1120 37636 0 0
1121 37636 0 0
1121 37636 0 0
1122 37636 0 0
1122 37636 0 0
1123 37636 0 0
1123 37636 0 0
1124 37636 0 0
1124 37636 0 0
1125 37636 0 0
1125 37636 0 0
1126 37636 0 0
1126 37636 0 0
1127 37636 0 0
1127 37636 0 0
1128 37636 0 0
1128 37636 0 0
1129 37636 0 0
1129 37636 0 0
1130 37636 0 0
1130 37636 0 0
1131 37636 0 0
1131 37636 0 0
1132 37636 0 0
1132 37636 0 0
1133 37636 0 0
1133 37636 0 0
1134 37636 0 0
1134 37636 0 0
1135 37636 0 0
1135 37636 0 0
1136 37636 0 0
1136 37636 0 0
1137 37636 0 0
1137 37636 0 0
1138 37636 0 0
1138 37636 0 0
1139 37636 0 0
1139 37636 0 0
1140 37636 0 0
1140 37636 0 0
1141 37636 0 0
1141 37636 0 0
1142 37636 0 0
1142 37636 0 0
1143 37636 0 0
1143 37636 0 0
1144 37636 0 0
1144 37636 0 0
1145 37636 0 0
1145 37636 0 0
1146 37636 0 0
1146 37636 0 0
1147 37636 0 0
1147 37636 0 0
1148 37636 0 0
1148 37636 0 0
1149 37636 0 0
1149 37636 0 0
1150 37636 0 0
1150 37636 0 0
1151 37636 0 0
1151 37636 0 0
1152 37636 0 0
1152 37636 0 0
1153 37636 0 0
1153 37636 0 0
1154 37636 0 0
1154 37636 0 0
1155 37636 0 0
1155 37636 0 0
1156 37636 0 0
1156 37636 0 0
1157 37636 0 0
1157 37636 0 0
1158 37636 0 0
1158 37636 0 0
1159 37636 0 0
1159 37636 0 0
1160 37636 0 0
1160 37636 0 0
1161 37636 0 0
1161 37636 0 0
1162 37636 0 0
1162 37636 0 0
1163 37636 0 0
1163 37636 0 0
1164 37636 0 0
1164 37636 0 0
1165 37636 0 0
1165 37636 0 0
1166 37636 0 0
1166 37636 0 0
1167 37636 0 0
1167 37636 0 0
1168 37636 0 0
1168 37636 0 0
1169 37636 0 0
1169 37636 0 0
1170 37636 0 0
1170 37636 0 0
1171 37636 0 0
1171 37636 0 0
1172 37636 0 0
1172 37636 0 0
1173 37636 0 0
1173 37636 0 0
1174 37636 0 0
1174 37636 0 0
1175 37636 0 0
1175 37636 0 0
1176 37636 0 0
1176 37636 0 0
1177 37636 0 0
1177 37636 0 0
1178 37636 0 0
1178 37636 0 0
1179 37636 0 0
1179 37636 0 0
1180 37636 0 0
1180 37636 0 0
1181 37636 0 0
1181 37636 0 0
1182 37636 0 0
1182 37636 0 0
1183 37636 0 0
1183 37636 0 0
1184 37636 0 0
1184 37636 0 0
1185 37636 0 0
1185 37636 0 0
1186 37636 0 0
1186 37636 0 0
1187 37636 0 0
1187 37636 0 0
1188 37636 0 0
1188 37636 0 0
1189 37636 0 0
1189 37636 0 0
1190 37636 0 0
1190 37636 0 0
1191 37636 0 0
1191 37636 0 0
1192 37636 0 0
1192 37636 0 0
1193 37636 0 0
1193 37636 0 0
1194 37636 0 0
1194 37636 0 0
1195 37636 0 0
1195 37636 0 0
1196 37636 0 0
1196 37636 0 0
1197 37636 0 0
1197 37636 0 0
1198 37636 0 0
1198 37636 0 0
1199 37636 0 0
1199 37636 0 0
1200 37636 0 0
1200 37636 0 0
1201 37636 0 0
1201 37636 0 0
1202 37636 0 0
1202 37636 0 0
1203 37636 0 0
1203 37636 0 0
1204 37636 0 0
1204 37636 0 0
1205 37636 0 0
1205 37636 0 0
1206 37636 0 0
1206 37636 0 0
1207 37636 0 0
1207 37636 0 0
1208 37636 0 0
1208 37636 0 0
1209 37636 0 0
1209 37636 0 0
1210 37636 0 0
1210 37636 0 0
1211 37636 0 0
1211 37636 0 0
1212 37636 0 0
1212 37636 0 0
1213 37636 0 0
1213 37636 0 0
1214 37636 0 0
1214 37636 0 0
1215 37636 0 0
1215 37636 0 0
1216 37636 0 0
1216 37636 0 0
1217 37636 0 0
1217 37636 0 0
1218 37636 0 0
1218 37636 0 0
1219 37636 0 0
1219 37636 0 0
1220 37636 0 0
1220 37636 0 0
1221 37636 0 0
1221 37636 0 0
1222 37636 0 0
1222 37636 0 0
1223 37636 0 0
1223 37636 0 0
1224 37636 0 0
1224 37636 0 0
1225 37636 0 0
1225 37636 0 0
1226 37636 0 0
1226 37636 0 0
1227 37636 0 0
1227 37636 0 0
1228 37636 0 0
1228 37636 0 0
1229 37636 0 0
1229 37636 0 0
1230 37636 0 0
1230 37636 0 0
1231 37636 0 0
1231 37636 0 0
1232 37636 0 0
1232 37636 0 0
1233 37636 0 0
1233 37636 0 0
1234 37636 0 0
1234 37636 0 0
1235 37636 0 0
1235 37636 0 0
1236 37636 0 0
1236 37636 0 0
1237 37636 0 0
1237 37636 0 0
1238 37636 0 0
1238 37636 0 0
1239 37636 0 0
1239 37636 0 0
1240 37636 0 0
1240 37636 0 0
1241 37636 0 0
1241 37636 0 0
1242 37636 0 0
1242 37636 0 0
1243 37636 0 0
1243 37636 0 0
1244 37636 0 0
1244 37636 0 0
1245 37636 0 0
1245 37636 0 0
1246 37636 0 0
1246 37636 0 0
1247 37636 0 0
1247 37636 0 0
1248 37636 0 0
1248 37636 0 0
1249 37636 0 0
1249 37636 0 0
1250 37636 0 0
1250 37636 0 0
1251 37636 0 0
1251 37636 0 0
1252 37636 0 0
1252 37636 0 0
1253 37636 0 0
1253 37636 0 0
1254 37636 0 0
1254 37636 0 0
1255 37636 0 0
1255 37636 0 0
1256 37636 0 0
1256 37636 0 0
1257 37636 0 0
1257 37636 0 0
1258 37636 0 0
1258 37636 0 0
1259 37636 0 0
1259 37636 0 0
1260 37636 0 0
1260 37636 0 0
1261 37636 0 0
1261 37636 0 0
1262 37636 0 0
1262 37636 0 0
1263 37636 0 0
1263 37636 0 0
1264 37636 0 0
1264 37636 0 0
1265 37636 0 0
1265 37636 0 0
1266 37636 0 0
1266 37636 0 0
1267 37636 0 0
1267 37636 0 0
1268 37636 0 0
1268 37636 0 0
1269 37636 0 0
1269 37636 0 0
1270 37636 0 0
1270 37636 0 0
1271 37636 0 0
1271 37636 0 0
1272 37636 0 0
1272 37636 0 0
1273 37636 0 0
1273 37636 0 0
1274 37636 0 0
1274 37636 0 0
1275 37636 0 0
1275 37636 0 0
1276 37636 0 0
1276 37636 0 0
1277 37636 0 0
1277 37636 0 0
1278 37636 0 0
1278 37636 0 0
1279 37636 0 0
1279 37636 0 0
1280 37636 0 0
1280 37636 0 0
1281 37636 0 0
1281 37636 0 0
1282 37636 0 0
1282 37636 0 0
1283 37636 0 0
1283 37636 0 0
1284 37636 0 0
1284 37636 0 0
1285 37636 0 0
1285 37636 0 0
1286 37636 0 0
1286 37636 0 0
1287 37636 0 0
1287 37636 0 0
1288 37636 0 0
1288 37636 0 0
1289 37636 0 0
1289 37636 0 0
1290 37636 0 0
1290 37636 0 0
1291 37636 0 0
1291 37636 0 0
1292 37636 0 0
1292 37636 0 0
1293 37636 0 0
1293 37636 0 0
1294 37636 0 0
1294 37636 0 0
1295 37636 0 0
1295 37636 0 0
1296 37636 0 0
1296 37636 0 0
1297 37636 0 0
1297 37636 0 0
1298 37636 0 0
1298 37636 0 0
1299 37636 0 0
1299 37636 0 0
1300 37636 0 0
1300 37636 0 0
1301 37636 0 0
1301 37636 0 0
1302 37636 0 0
1302 37636 0 0
1303 37636 0 0
1303 37636 0 0
1304 37636 0 0
1304 37636 0 0
1305 37636 0 0
1305 37636 0 0
1306 37636 0 0
1306 37636 0 0
1307 37636 0 0
1307 37636 0 0
1308 37636 0 0
1308 37636 0 0
1309 37636 0 0
1309 37636 0 0
1310 37636 0 0
1310 37636 0 0
1311 37636 0 0
1311 37636 0 0
1312 37636 0 0
1312 37636 0 0
1313 37636 0 0
1313 37636 0 0
1314 37636 0 0
1314 37636 0 0
1315 37636 0 0
1315 37636 0 0
1316 37636 0 0
1316 37636 0 0
1317 37636 0 0
1317 37636 0 0
1318 37636 0 0
1318 37636 0 0
1319 37636 0 0
1319 37636 0 0
1320 37636 0 0
1320 37636 0 0
1321 37636 0 0
1321 37636 0 0
1322 37636 0 0
1322 37636 0 0
1323 37636 0 0
1323 37636 0 0
1324 37636 0 0
1324 37636 0 0
1325 37636 0 0
1325 37636 0 0
1326 37636 0 0
1326 37636 0 0
1327 37636 0 0
1327 37636 0 0
1328 37636 0 0
1328 37636 0 0
1329 37636 0 0
1329 37636 0 0
1330 37636 0 0
1330 37636 0 0
1331 37636 0 0
1331 37636 0 0
1332 37636 0 0
1332 37636 0 0
1333 37636 0 0
1333 37636 0 0
1334 37636 0 0
1334 37636 0 0
1335 37636 0 0
1335 37636 0 0
1336 37636 0 0
1336 37636 0 0
1337 37636 0 0
1337 37636 0 0
1338 37636 0 0
1338 37636 0 0
1339 37636 0 0
1339 37636 0 0
1340 37636 0 0
1340 37636 0 0
1341 37636 0 0
1341 37636 0 0
1342 37636 0 0
1342 37636 0 0
1343 37636 0 0
1343 37636 0 0
1344 37636 0 0
1344 37636 0 0
1345 37636 0 0
1345 37636 0 0
1346 37636 0 0
1346 37636 0 0
1347 37636 0 0
1347 37636 0 0
1348 37636 0 0
1348 37636 0 0
1349 37636 0 0
1349 37636 0 0
1350 37636 0 0
1350 37636 0 0
1351 37636 0 0
1351 37636 0 0
1352 37636 0 0
1352 37636 0 0
1353 37636 0 0
1353 37636 0 0
1354 37636 0 0
1354 37636 0 0
1355 37636 0 0
1355 37636 0 0
1356 37636 0 0
1356 37636 0 0
1357 37636 0 0
1357 37636 0 0
1358 37636 0 0
1358 37636 0 0
1359 37636 0 0
1359 37636 0 0
1360 37636 0 0
1360 37636 0 0
1361 37636 0 0
1361 37636 0 0
1362 37636 0 0
1362 37636 0 0
1363 37636 0 0
1363 37636 0 0
1364 37636 0 0
1364 37636 0 0
1365 37636 0 0
1365 37636 0 0
1366 37636 0 0
1366 37636 0 0
1367 37636 0 0
1367 37636 0 0
1368 37636 0 0
1368 37636 0 0
1369 37636 0 0
1369 37636 0 0
1370 37636 0 0
1370 37636 0 0
1371 37636 0 0
1371 37636 0 0
1372 37636 0 0
1372 37636 0 0
1373 37636 0 0
1373 37636 0 0
1374 37636 0 0
1374 37636 0 0
1375 37636 0 0
1375 37636 0 0
1376 37636 0 0
1376 37636 0 0
1377 37636 0 0
1377 37636 0 0
1378 37636 0 0
1378 37636 0 0
1379 37636 0 0
1379 37636 0 0
1380 37636 0 0
1380 37636 0 0
1381 37636 0 0
1381 37636 0 0
1382 37636 0 0
1382 37636 0 0
1383 37636 0 0
1383 37636 0 0
1384 37636 0 0
1384 37636 0 0
1385 37636 0 0
1385 37636 0 0
1386 37636 0 0
1386 37636 0 0
1387 37636 0 0
1387 37636 0 0
1388 37636 0 0
1388 37636 0 0
1389 37636 0 0
1389 37636 0 0
1390 37636 0 0
1390 37636 0 0
1391 37636 0 0
1391 37636 0 0
1392 37636 0 0
1392 37636 0 0
1393 37636 0 0
1393 37636 0 0
1394 37636 0 0
1394 37636 0 0
1395 37636 0 0
1395 37636 0 0
1396 37636 0 0
1396 37636 0 0
1397 37636 0 0
1397 37636 0 0
1398 37636 0 0
1398 37636 0 0
1399 37636 0 0
1399 37636 0 0
1400 37636 0 0
1400 37636 0 0
1401 37636 0 0
1401 37636 0 0
1402 37636 0 0
1402 37636 0 0
1403 37636 0 0
1403 37636 0 0
1404 37636 0 0
1404 37636 0 0
1405 37636 0 0
1405 37636 0 0
1406 37636 0 0
1406 37636 0 0
1407 37636 0 0
1407 37636 0 0
1408 37636 0 0
1408 37636 0 0
1409 37636 0 0
1409 37636 0 0
1410 37636 0 0
1410 37636 0 0
1411 37636 0 0
1411 37636 0 0
1412 37636 0 0
1412 37636 0 0
1413 37636 0 0
1413 37636 0 0
1414 37636 0 0
1414 37636 0 0
1415 37636 0 0
1415 37636 0 0
1416 37636 0 0
1416 37636 0 0
1417 37636 0 0
1417 37636 0 0
1418 37636 0 0
1418 37636 0 0
1419 37636 0 0
1419 37636 0 0
1420 37636 0 0
1420 37636 0 0
1421 37636 0 0
1421 37636 0 0
1422 37636 0 0
1422 37636 0 0
1423 37636 0 0
1423 37636 0 0
1424 37636 0 0
1424 37636 0 0
1425 37636 0 0
1425 37636 0 0
1426 37636 0 0
1426 37636 0 0
1427 37636 0 0
1427 37636 0 0
1428 37636 0 0
1428 37636 0 0
1429 37636 0 0
1429 37636 0 0
1430 37636 0 0
1430 37636 0 0
1431 37636 0 0
1431 37636 0 0
1432 37636 0 0
1432 37636 0 0
1433 37636 0 0
1433 37636 0 0
1434 37636 0 0
1434 37636 0 0
1435 37636 0 0
1435 37636 0 0
1436 37636 0 0
1436 37636 0 0
1437 37636 0 0
1437 37636 0 0
1438 37636 0 0
1438 37636 0 0
1439 37636 0 0
1439 37636 0 0
1440 37636 0 0
1440 37636 0 0
1441 37636 0 0
1441 37636 0 0
1442 37636 0 0
1442 37636 0 0
1443 37636 0 0
1443 37636 0 0
1444 37636 0 0
1444 37636 0 0
1445 37636 0 0
1445 37636 0 0
1446 37636 0 0
1446 37636 0 0
1447 37636 0 0
1447 37636 0 0
1448 37636 0 0
1448 37636 0 0
1449 37636 0 0
1449 37636 0 0
1450 37636 0 0
1450 37636 0 0
1451 37636 0 0
1451 37636 0 0
1452 37636 0 0
1452 37636 0 0
1453 37636 0 0
1453 37636 0 0
1454 37636 0 0
1454 37636 0 0
1455 37636 0 0
1455 37636 0 0
1456 37636 0 0
1456 37636 0 0
1457 37636 0 0
1457 37636 0 0
1458 37636 0 0
1458 37636 0 0
1459 37636 0 0
1459 37636 0 0
1460 37636 0 0
1460 37636 0 0
1461 37636 0 0
1461 37636 0 0
1462 37636 0 0
1462 37636 0 0
1463 37636 0 0
1463 37636 0 0
1464 37636 0 0
1464 37636 0 0
1465 37636 0 0
1465 37636 0 0
1466 37636 0 0
1466 37636 0 0
1467 37636 0 0
1467 37636 0 0
1468 37636 0 0
1468 37636 0 0
1469 37636 0 0
1469 37636 0 0
1470 37636 0 0
1470 37636 0 0
1471 37636 0 0
1471 37636 0 0
1472 37636 0 0
1472 37636 0 0
1473 37636 0 0
1473 37636 0 0
1474 37636 0 0
1474 37636 0 0
1475 37636 0 0
1475 37636 0 0
1476 37636 0 0
1476 37636 0 0
1477 37636 0 0
1477 37636 0 0
1478 37636 0 0
1478 37636 0 0
1479 37636 0 0
1479 37636 0 0
1480 37636 0 0
1480 37636 0 0
1481 37636 0 0
1481 37636 0 0
1482 37636 0 0
1482 37636 0 0
1483 37636 0 0
1483 37636 0 0
1484 37636 0 0
1484 37636 0 0
1485 37636 0 0
1485 37636 0 0
1486 37636 0 0
1486 37636 0 0
1487 37636 0 0
1487 37636 0 0
1488 37636 0 0
1488 37636 0 0
1489 37636 0 0
1489 37636 0 0
1490 37636 0 0
1490 37636 0 0
1491 37636 0 0
1491 37636 0 0
1492 37636 0 0
1492 37636 0 0
1493 37636 0 0
1493 37636 0 0
1494 37636 0 0
1494 37636 0 0
1495 37636 0 0
1495 37636 0 0
1496 37636 0 0
1496 37636 0 0
1497 37636 0 0
1497 37636 0 0
1498 37636 0 0
1498 37636 0 0
1499 37636 0 0
1499 37636 0 0
1500 37636 0 0
1500 37636 0 0
1501 37636 0 0
1501 37636 0 0
1502 37636 0 0
1502 37636 0 0
1503 37636 0 0
1503 37636 0 0
1504 37636 0 0
1504 37636 0 0
1505 37636 0 0
1505 37636 0 0
1506 37636 0 0
1506 37636 0 0
1507 37636 0 0
1507 37636 0 0
1508 37636 0 0
1508 37636 0 0
1509 37636 0 0
1509 37636 0 0
1510 37636 0 0
1510 37636 0 0
1511 37636 0 0
1511 37636 0 0
1512 37636 0 0
1512 37636 0 0
1513 37636 0 0
1513 37636 0 0
1514 37636 0 0
1514 37636 0 0
1515 37636 0 0
1515 37636 0 0
1516 37636 0 0
1516 37636 0 0
1517 37636 0 0
1517 37636 0 0
1518 37636 0 0
1518 37636 0 0
1519 37636 0 0
1519 37636 0 0
1520 37636 0 0
1520 37636 0 0
1521 37636 0 0
1521 37636 0 0
1522 37636 0 0
1522 37636 0 0
1523 37636 0 0
1523 37636 0 0
1524 37636 0 0
1524 37636 0 0
1525 37636 0 0
1525 37636 0 0
1526 37636 0 0
1526 37636 0 0
1527 37636 0 0
1527 37636 0 0
1528 37636 0 0
1528 37636 0 0
1529 37636 0 0
1529 37636 0 0
1530 37636 0 0
1530 37636 0 0
1531 37636 0 0
1531 37636 0 0
1532 37636 0 0
1532 37636 0 0
1533 37636 0 0
1533 37636 0 0
1534 37636 0 0
1534 37636 0 0
1535 37636 0 0
1535 37636 0 0
1536 37636 0 0
1536 37636 0 0
1537 37636 0 0
1537 37636 0 0
1538 37636 0 0
1538 37636 0 0
1539 37636 0 0
1539 37636 0 0
1540 37636 0 0
1540 37636 0 0
1541 37636 0 0
1541 37636 0 0
1542 37636 0 0
1542 37636 0 0
1543 37636 0 0
1543 37636 0 0
1544 37636 0 0
1544 37636 0 0
1545 37636 0 0
1545 37636 0 0
1546 37636 0 0
1546 37636 0 0
1547 37636 0 0
1547 37636 0 0
1548 37636 0 0
1548 37636 0 0
1549 37636 0 0
1549 37636 0 0
1550 37636 0 0
1550 37636 0 0
1551 37636 0 0
1551 37636 0 0
1552 37636 0 0
1552 37636 0 0
1553 37636 0 0
1553 37636 0 0
1554 37636 0 0
1554 37636 0 0
1555 37636 0 0
1555 37636 0 0
1556 37636 0 0
1556 37636 0 0
1557 37636 0 0
1557 37636 0 0
1558 37636 0 0
1558 37636 0 0
1559 37636 0 0
1559 37636 0 0
1560 37636 0 0
1560 37636 0 0
1561 37636 0 0
1561 37636 0 0
1562 37636 0 0
1562 37636 0 0
1563 37636 0 0
1563 37636 0 0
1564 37636 0 0
1564 37636 0 0
1565 37636 0 0
1565 37636 0 0
1566 37636 0 0
1566 37636 0 0
1567 37636 0 0
1567 37636 0 0
1568 37636 0 0
1568 37636 0 0
1569 37636 0 0
1569 37636 0 0
1570 37636 0 0
1570 37636 0 0
1571 37636 0 0
1571 37636 0 0
1572 37636 0 0
1572 37636 0 0
1573 37636 0 0
1573 37636 0 0
1574 37636 0 0
1574 37636 0 0
1575 37636 0 0
1575 37636 0 0
1576 37636 0 0
1576 37636 0 0
1577 37636 0 0
1577 37636 0 0
1578 37636 0 0
1578 37636 0 0
1579 37636 0 0
1579 37636 0 0
1580 37636 0 0
1580 37636 0 0
1581 37636 0 0
1581 37636 0 0
1582 37636 0 0
1582 37636 0 0
1583 37636 0 0
1583 37636 0 0
1584 37636 0 0
1584 37636 0 0
1585 37636 0 0
1585 37636 0 0
1586 37636 0 0
1586 37636 0 0
1587 37636 0 0
1587 37636 0 0
1588 37636 0 0
1588 37636 0 0
1589 37636 0 0
1589 37636 0 0
1590 37636 0 0
1590 37636 0 0
1591 37636 0 0
1591 37636 0 0
1592 37636 0 0
1592 37636 0 0
1593 37636 0 0
1593 37636 0 0
1594 37636 0 0
1594 37636 0 0
1595 37636 0 0
1595 37636 0 0
1596 37636 0 0
1596 37636 0 0
1597 37636 0 0
1597 37636 0 0
1598 37636 0 0
1598 37636 0 0
1599 37636 0 0
1599 37636 0 0
1600 37636 0 0
1600 37636 0 0
1601 37636 0 0
1601 37636 0 0
1602 37636 0 0
1602 37636 0 0
1603 37636 0 0
1603 37636 0 0
1604 37636 0 0
1604 37636 0 0
1605 37636 0 0
1605 37636 0 0
1606 37636 0 0
1606 37636 0 0
1607 37636 0 0
1607 37636 0 0
1608 37636 0 0
1608 37636 0 0
1609 37636 0 0
1609 37636 0 0
1610 37636 0 0
1610 37636 0 0
1611 37636 0 0
1611 37636 0 0
1612 37636 0 0
1612 37636 0 0
1613 37636 0 0
1613 37636 0 0
1614 37636 0 0
1614 37636 0 0
1615 37636 0 0
1615 37636 0 0
1616 37636 0 0
1616 37636 0 0
1617 37636 0 0
1617 37636 0 0
1618 37636 0 0
1618 37636 0 0
1619 37636 0 0
1619 37636 0 0
1620 37636 0 0
1620 37636 0 0
1621 37636 0 0
1621 37636 0 0
1622 37636 0 0
1622 37636 0 0
1623 37636 0 0
1623 37636 0 0
1624 37636 0 0
1624 37636 0 0
1625 37636 0 0
1625 37636 0 0
1626 37636 0 0
1626 37636 0 0
1627 37636 0 0
1627 37636 0 0
1628 37636 0 0
1628 37636 0 0
1629 37636 0 0
1629 37636 0 0
1630 37636 0 0
1630 37636 0 0
1631 37636 0 0
1631 37636 0 0
1632 37636 0 0
1632 37636 0 0
1633 37636 0 0
1633 37636 0 0
1634 37636 0 0
1634 37636 0 0
1635 37636 0 0
1635 37636 0 0
1636 37636 0 0
1636 37636 0 0
1637 37636 0 0
1637 37636 0 0
1638 37636 0 0
1638 37636 0 0
1639 37636 0 0
1639 37636 0 0
1640 37636 0 0
1640 37636 0 0
1641 37636 0 0
1641 37636 0 0
1642 37636 0 0
1642 37636 0 0
1643 37636 0 0
1643 37636 0 0
1644 37636 0 0
1644 37636 0 0
1645 37636 0 0
1645 37636 0 0
1646 37636 0 0
1646 37636 0 0
1647 37636 0 0
1647 37636 0 0
1648 37636 0 0
1648 37636 0 0
1649 37636 0 0
1649 37636 0 0
1650 37636 0 0
1650 37636 0 0
1651 37636 0 0
1651 37636 0 0
1652 37636 0 0
1652 37636 0 0
1653 37636 0 0
1653 37636 0 0
1654 37636 0 0
1654 37636 0 0
1655 37636 0 0
1655 37636 0 0
1656 37636 0 0
1656 37636 0 0
1657 37636 0 0
1657 37636 0 0
1658 37636 0 0
1658 37636 0 0
1659 37636 0 0
1659 37636 0 0
1660 37636 0 0
1660 37636 0 0
1661 37636 0 0
1661 37636 0 0
1662 37636 0 0
1662 37636 0 0
1663 37636 0 0
1663 37636 0 0
1664 37636 0 0
1664 37636 0 0
1665 37636 0 0
1665 37636 0 0
1666 37636 0 0
1666 37636 0 0
1667 37636 0 0
1667 37636 0 0
1668 37636 0 0
1668 37636 0 0
1669 37636 0 0
1669 37636 0 0
1670 37636 0 0
1670 37636 0 0
1671 37636 0 0
1671 37636 0 0
1672 37636 0 0
1672 37636 0 0
1673 37636 0 0
1673 37636 0 0
1674 37636 0 0
1674 37636 0 0
1675 37636 0 0
1675 37636 0 0
1676 37636 0 0
1676 37636 0 0
1677 37636 0 0
1677 37636 0 0
1678 37636 0 0
1678 37636 0 0
1679 37636 0 0
1679 37636 0 0
1680 37636 0 0
1680 37636 0 0
1681 37636 0 0
1681 37636 0 0
1682 37636 0 0
1682 37636 0 0
1683 37636 0 0
1683 37636 0 0
1684 37636 0 0
1684 37636 0 0
1685 37636 0 0
1685 37636 0 0
1686 37636 0 0
1686 37636 0 0
1687 37636 0 0
1687 37636 0 0
1688 37636 0 0
1688 37636 0 0
1689 37636 0 0
1689 37636 0 0
1690 37636 0 0
1690 37636 0 0
1691 37636 0 0
1691 37636 0 0
1692 37636 0 0
1692 37636 0 0
1693 37636 0 0
1693 37636 0 0
1694 37636 0 0
1694 37636 0 0
1695 37636 0 0
1695 37636 0 0
1696 37636 0 0
1696 37636 0 0
1697 37636 0 0
1697 37636 0 0
1698 37636 0 0
1698 37636 0 0
1699 37636 0 0
1699 37636 0 0
1700 37636 0 0
1700 37636 0 0
1701 37636 0 0
1701 37636 0 0
1702 37636 0 0
1702 37636 0 0
1703 37636 0 0
1703 37636 0 0
1704 37636 0 0
1704 37636 0 0
1705 37636 0 0
1705 37636 0 0
1706 37636 0 0
1706 37636 0 0
1707 37636 0 0
1707 37636 0 0
1708 37636 0 0
1708 37636 0 0
1709 37636 0 0
1709 37636 0 0
1710 37636 0 0
1710 37636 0 0
1711 37636 0 0
1711 37636 0 0
1712 37636 0 0
1712 37636 0 0
1713 37636 0 0
1713 37636 0 0
1714 37636 0 0
1714 37636 0 0
1715 37636 0 0
1715 37636 0 0
1716 37636 0 0
1716 37636 0 0
1717 37636 0 0
1717 37636 0 0
1718 37636 0 0
1718 37636 0 0
1719 37636 0 0
1719 37636 0 0
1720 37636 0 0
1720 37636 0 0
1721 37636 0 0
1721 37636 0 0
1722 37636 0 0
1722 37636 0 0
1723 37636 0 0
1723 37636 0 0
1724 37636 0 0
1724 37636 0 0
1725 37636 0 0
1725 37636 0 0
1726 37636 0 0
1726 37636 0 0
1727 37636 0 0
1727 37636 0 0
1728 37636 0 0
1728 37636 0 0
1729 37636 0 0
1729 37636 0 0
1730 37636 0 0
1730 37636 0 0
1731 37636 0 0
1731 37636 0 0
1732 37636 0 0
1732 37636 0 0
1733 37636 0 0
1733 37636 0 0
1734 37636 0 0
1734 37636 0 0
1735 37636 0 0
1735 37636 0 0
1736 37636 0 0
1736 37636 0 0
1737 37636 0 0
1737 37636 0 0
1738 37636 0 0
1738 37636 0 0
1739 37636 0 0
1739 37636 0 0
1740 37636 0 0
1740 37636 0 0
1741 37636 0 0
1741 37636 0 0
1742 37636 0 0
1742 37636 0 0
1743 37636 0 0
1743 37636 0 0
1744 37636 0 0
1744 37636 0 0
1745 37636 0 0
1745 37636 0 0
1746 37636 0 0
1746 37636 0 0
1747 37636 0 0
1747 37636 0 0
1748 37636 0 0
1748 37636 0 0
1749 37636 0 0
1749 37636 0 0
1750 37636 0 0
1750 37636 0 0
1751 37636 0 0
1751 37636 0 0
1752 37636 0 0
1752 37636 0 0
1753 37636 0 0
1753 37636 0 0
1754 37636 0 0
1754 37636 0 0
1755 37636 0 0
1755 37636 0 0
1756 37636 0 0
1756 37636 0 0
1757 37636 0 0
1757 37636 0 0
1758 37636 0 0
1758 37636 0 0
1759 37636 0 0
1759 37636 0 0
1760 37636 0 0
1760 37636 0 0
1761 37636 0 0
1761 37636 0 0
1762 37636 0 0
1762 37636 0 0
1763 37636 0 0
1763 37636 0 0
1764 37636 0 0
1764 37636 0 0
1765 37636 0 0
1765 37636 0 0
1766 37636 0 0
1766 37636 0 0
1767 37636 0 0
1767 37636 0 0
1768 37636 0 0
1768 37636 0 0
1769 37636 0 0
1769 37636 0 0
1770 37636 0 0
1770 37636 0 0
1771 37636 0 0
1771 37636 0 0
1772 37636 0 0
1772 37636 0 0
1773 37636 0 0
1773 37636 0 0
1774 37636 0 0
1774 37636 0 0
1775 37636 0 0
1775 37636 0 0
1776 37636 0 0
1776 37636 0 0
1777 37636 0 0
1777 37636 0 0
1778 37636 0 0
1778 37636 0 0
1779 37636 0 0
1779 37636 0 0
1780 37636 0 0
1780 37636 0 0
1781 37636 0 0
1781 37636 0 0
1782 37636 0 0
1782 37636 0 0
1783 37636 0 0
1783 37636 0 0
1784 37636 0 0
1784 37636 0 0
1785 37636 0 0
1785 37636 0 0
1786 37636 0 0
1786 37636 0 0
1787 37636 0 0
1787 37636 0 0
1788 37636 0 0
1788 37636 0 0
1789 37636 0 0
1789 37636 0 0
1790 37636 0 0
1790 37636 0 0
1791 37636 0 0
1791 37636 0 0
1792 37636 0 0
1792 37636 0 0
1793 37636 0 0
1793 37636 0 0
1794 37636 0 0
1794 37636 0 0
1795 37636 0 0
1795 37636 0 0
1796 37636 0 0
1796 37636 0 0
1797 37636 0 0
1797 37636 0 0
1798 37636 0 0
1798 37636 0 0
1799 37636 0 0
1799 37636 0 0
1800 37636 0 0
1800 37636 0 0
1801 37636 0 0
1801 37636 0 0
1802 37636 0 0
1802 37636 0 0
1803 37636 0 0
1803 37636 0 0
1804 37636 0 0
1804 37636 0 0
1805 37636 0 0
1805 37636 0 0
1806 37636 0 0
1806 37636 0 0
1807 37636 0 0
1807 37636 0 0
1808 37636 0 0
1808 37636 0 0
1809 37636 0 0
1809 37636 0 0
1810 37636 0 0
1810 37636 0 0
1811 37636 0 0
1811 37636 0 0
1812 37636 0 0
1812 37636 0 0
1813 37636 0 0
1813 37636 0 0
1814 37636 0 0
1814 37636 0 0
1815 37636 0 0
1815 37636 0 0
1816 37636 0 0
1816 37636 0 0
1817 37636 0 0
1817 37636 0 0
1818 37636 0 0
1818 37636 0 0
1819 37636 0 0
1819 37636 0 0
1820 37636 0 0
1820 37636 0 0
1821 37636 0 0
1821 37636 0 0
1822 37636 0 0
1822 37636 0 0
1823 37636 0 0
1823 37636 0 0
1824 37636 0 0
1824 37636 0 0
1825 37636 0 0
1825 37636 0 0
1826 37636 0 0
1826 37636 0 0
1827 37636 0 0
1827 37636 0 0
1828 37636 0 0
1828 37636 0 0
1829 37636 0 0
1829 37636 0 0
1830 37636 0 0
1830 37636 0 0
1831 37636 0 0
1831 37636 0 0
1832 37636 0 0
1832 37636 0 0
1833 37636 0 0
1833 37636 0 0
1834 37636 0 0
1834 37636 0 0
1835 37636 0 0
1835 37636 0 0
1836 37636 0 0
1836 37636 0 0
1837 37636 0 0
1837 37636 0 0
1838 37636 0 0
1838 37636 0 0
1839 37636 0 0
1839 37636 0 0
1840 37636 0 0
1840 37636 0 0
1841 37636 0 0
1841 37636 0 0
1842 37636 0 0
1842 37636 0 0
1843 37636 0 0
1843 37636 0 0
1844 37636 0 0
1844 37636 0 0
1845 37636 0 0
1845 37636 0 0
1846 37636 0 0
1846 37636 0 0
1847 37636 0 0
1847 37636 0 0
1848 37636 0 0
1848 37636 0 0
1849 37636 0 0
1849 37636 0 0
1850 37636 0 0
1850 37636 0 0
1851 37636 0 0
1851 37636 0 0
1852 37636 0 0
1852 37636 0 0
1853 37636 0 0
1853 37636 0 0
1854 37636 0 0
1854 37636 0 0
1855 37636 0 0
1855 37636 0 0
1856 37636 0 0
1856 37636 0 0
1857 37636 0 0
1857 37636 0 0
1858 37636 0 0
1858 37636 0 0
1859 37636 0 0
1859 37636 0 0
1860 37636 0 0
1860 37636 0 0
1861 37636 0 0
1861 37636 0 0
1862 37636 0 0
1862 37636 0 0
1863 37636 0 0
1863 37636 0 0
1864 37636 0 0
1864 37636 0 0
1865 37636 0 0
1865 37636 0 0
1866 37636 0 0
1866 37636 0 0
1867 37636 0 0
1867 37636 0 0
1868 37636 0 0
1868 37636 0 0
1869 37636 0 0
1869 37636 0 0
1870 37636 0 0
1870 37636 0 0
1871 37636 0 0
1871 37636 0 0
1872 37636 0 0
1872 37636 0 0
1873 37636 0 0
1873 37636 0 0
1874 37636 0 0
1874 37636 0 0
1875 37636 0 0
1875 37636 0 0
1876 37636 0 0
1876 37636 0 0
1877 37636 0 0
1877 37636 0 0
1878 37636 0 0
1878 37636 0 0
1879 37636 0 0
1879 37636 0 0
1880 37636 0 0
1880 37636 0 0
1881 37636 0 0
1881 37636 0 0
1882 37636 0 0
1882 37636 0 0
1883 37636 0 0
1883 37636 0 0
1884 37636 0 0
1884 37636 0 0
1885 37636 0 0
1885 37636 0 0
1886 37636 0 0
1886 37636 0 0
1887 37636 0 0
1887 37636 0 0
1888 37636 0 0
1888 37636 0 0
1889 37636 0 0
1889 37636 0 0
1890 37636 0 0
1890 37636 0 0
1891 37636 0 0
1891 37636 0 0
1892 37636 0 0
1892 37636 0 0
1893 37636 0 0
1893 37636 0 0
1894 37636 0 0
1894 37636 0 0
1895 37636 0 0
1895 37636 0 0
1896 37636 0 0
1896 37636 0 0
1897 37636 0 0
1897 37636 0 0
1898 37636 0 0
1898 37636 0 0
1899 37636 0 0
1899 37636 0 0
1900 37636 0 0
1900 37636 0 0
1901 37636 0 0
1901 37636 0 0
1902 37636 0 0
1902 37636 0 0
1903 37636 0 0
1903 37636 0 0
1904 37636 0 0
1904 37636 0 0
1905 37636 0 0
1905 37636 0 0
1906 37636 0 0
1906 37636 0 0
1907 37636 0 0
1907 37636 0 0
1908 37636 0 0
1908 37636 0 0
1909 37636 0 0
1909 37636 0 0
1910 37636 0 0
1910 37636 0 0
1911 37636 0 0
1911 37636 0 0
1912 37636 0 0
1912 37636 0 0
1913 37636 0 0
1913 37636 0 0
1914 37636 0 0
1914 37636 0 0
1915 37636 0 0
1915 37636 0 0
1916 37636 0 0
1916 37636 0 0
1917 37636 0 0
1917 37636 0 0
1918 37636 0 0
1918 37636 0 0
1919 37636 0 0
1919 37636 0 0
1920 37636 0 0
1920 37636 0 0
1921 37636 0 0
1921 37636 0 0
1922 37636 0 0
1922 37636 0 0
1923 37636 0 0
1923 37636 0 0
1924 37636 0 0
1924 37636 0 0
1925 37636 0 0
1925 37636 0 0
1926 37636 0 0
1926 37636 0 0
1927 37636 0 0
1927 37636 0 0
1928 37636 0 0
1928 37636 0 0
1929 37636 0 0
1929 37636 0 0
1930 37636 0 0
1930 37636 0 0
1931 37636 0 0
1931 37636 0 0
1932 37636 0 0
1932 37636 0 0
1933 37636 0 0
1933 37636 0 0
1934 37636 0 0
1934 37636 0 0
1935 37636 0 0
1935 37636 0 0
1936 37636 0 0
1936 37636 0 0
1937 37636 0 0
1937 37636 0 0
1938 37636 0 0
1938 37636 0 0
1939 37636 0 0
1939 37636 0 0
1940 37636 0 0
1940 37636 0 0
1941 37636 0 0
1941 37636 0 0
1942 37636 0 0
1942 37636 0 0
1943 37636 0 0
1943 37636 0 0
1944 37636 0 0
1944 37636 0 0
1945 37636 0 0
1945 37636 0 0
1946 37636 0 0
1946 37636 0 0
1947 37636 0 0
1947 37636 0 0
1948 37636 0 0
1948 37636 0 0
1949 37636 0 0
1949 37636 0 0
1950 37636 0 0
1950 37636 0 0
1951 37636 0 0
1951 37636 0 0
1952 37636 0 0
1952 37636 0 0
1953 37636 0 0
1953 37636 0 0
1954 37636 0 0
1954 37636 0 0
1955 37636 0 0
1955 37636 0 0
1956 37636 0 0
1956 37636 0 0
1957 37636 0 0
1957 37636 0 0
1958 37636 0 0
1958 37636 0 0
1959 37636 0 0
1959 37636 0 0
1960 37636 0 0
1960 37636 0 0
1961 37636 0 0
1961 37636 0 0
1962 37636 0 0
1962 37636 0 0
1963 37636 0 0
1963 37636 0 0
1964 37636 0 0
1964 37636 0 0
1965 37636 0 0
1965 37636 0 0
1966 37636 0 0
1966 37636 0 0
1967 37636 0 0
1967 37636 0 0
1968 37636 0 0
1968 37636 0 0
1969 37636 0 0
1969 37636 0 0
1970 37636 0 0
1970 37636 0 0
1971 37636 0 0
1971 37636 0 0
1972 37636 0 0
1972 37636 0 0
1973 37636 0 0
1973 37636 0 0
1974 37636 0 0
1974 37636 0 0
1975 37636 0 0
1975 37636 0 0
1976 37636 0 0
1976 37636 0 0
1977 37636 0 0
1977 37636 0 0
1978 37636 0 0
1978 37636 0 0
1979 37636 0 0
1979 37636 0 0
1980 37636 0 0
1980 37636 0 0
1981 37636 0 0
1981 37636 0 0
1982 37636 0 0
1982 37636 0 0
1983 37636 0 0
1983 37636 0 0
1984 37636 0 0
1984 37636 0 0
1985 37636 0 0
1985 37636 0 0
1986 37636 0 0
1986 37636 0 0
1987 37636 0 0
1987 37636 0 0
1988 37636 0 0
1988 37636 0 0
1989 37636 0 0
1989 37636 0 0
1990 37636 0 0
1990 37636 0 0
1991 37636 0 0
1991 37636 0 0
1992 37636 0 0
1992 37636 0 0
1993 37636 0 0
1993 37636 0 0
1994 37636 0 0
1994 37636 0 0
1995 37636 0 0
1995 37636 0 0
1996 37636 0 0
1996 37636 0 0
1997 37636 0 0
1997 37636 0 0
1998 37636 0 0
1998 37636 0 0
1999 37636 0 0
1999 37636 0 0
2000 37636 0 0
2000 37636 0 0
2001 37636 0 0
2001 37636 0 0
2002 37636 0 0
2002 37636 0 0
2003 37636 0 0
2003 37636 0 0
2004 37636 0 0
2004 37636 0 0
2005 37636 0 0
2005 37636 0 0
2006 37636 0 0
2006 37636 0 0
2007 37636 0 0
2007 37636 0 0
2008 37636 0 0
2008 37636 0 0
2009 37636 0 0
2009 37636 0 0
2010 37636 0 0
2010 37636 0 0
2011 37636 0 0
2011 37636 0 0
2012 37636 0 0
2012 37636 0 0
2013 37636 0 0
2013 37636 0 0
2014 37636 0 0
2014 37636 0 0
2015 37636 0 0
2015 37636 0 0
2016 37636 0 0
2016 37636 0 0
2017 37636 0 0
2017 37636 0 0
2018 37636 0 0
2018 37636 0 0
2019 37636 0 0
2019 37636 0 0
2020 37636 0 0
2020 37636 0 0
2021 37636 0 0
2021 37636 0 0
2022 37636 0 0
2022 37636 0 0
2023 37636 0 0
2023 37636 0 0
2024 37636 0 0
2024 37636 0 0
2025 37636 0 0
2025 37636 0 0
2026 37636 0 0
2026 37636 0 0
2027 37636 0 0
2027 37636 0 0
2028 37636 0 0
2028 37636 0 0
2029 37636 0 0
2029 37636 0 0
2030 37636 0 0
2030 37636 0 0
2031 37636 0 0
2031 37636 0 0
2032 37636 0 0
2032 37636 0 0
2033 37636 0 0
2033 37636 0 0
2034 37636 0 0
2034 37636 0 0
2035 37636 0 0
2035 37636 0 0
2036 37636 0 0
2036 37636 0 0
2037 37636 0 0
2037 37636 0 0
2038 37636 0 0
2038 37636 0 0
2039 37636 0 0
2039 37636 0 0
2040 37636 0 0
2040 37636 0 0
2041 37636 0 0
2041 37636 0 0
2042 37636 0 0
2042 37636 0 0
2043 37636 0 0
2043 37636 0 0
2044 37636 0 0
2044 37636 0 0
2045 37636 0 0
2045 37636 0 0
2046 37636 0 0
2046 37636 0 0
2047 37636 0 0
2047 37636 0 0
2048 37636 0 0
2048 37636 0 0
2049 37636 0 0
2049 37636 0 0
2050 37636 0 0
2050 37636 0 0
2051 37636 0 0
2051 37636 0 0
2052 37636 0 0
2052 37636 0 0
2053 37636 0 0
2053 37636 0 0
2054 37636 0 0
2054 37636 0 0
2055 37636 0 0
2055 37636 0 0
2056 37636 0 0
2056 37636 0 0
2057 37636 0 0
2057 37636 0 0
2058 37636 0 0
2058 37636 0 0
2059 37636 0 0
2059 37636 0 0
2060 37636 0 0
2060 37636 0 0
2061 37636 0 0
2061 37636 0 0
2062 37636 0 0
2062 37636 0 0
2063 37636 0 0
2063 37636 0 0
2064 37636 0 0
2064 37636 0 0
2065 37636 0 0
2065 37636 0 0
2066 37636 0 0
2066 37636 0 0
2067 37636 0 0
2067 37636 0 0
2068 37636 0 0
2068 37636 0 0
2069 37636 0 0
2069 37636 0 0
2070 37636 0 0
2070 37636 0 0
2071 37636 0 0
2071 37636 0 0
2072 37636 0 0
2072 37636 0 0
2073 37636 0 0
2073 37636 0 0
2074 37636 0 0
2074 37636 0 0
2075 37636 0 0
2075 37636 0 0
2076 37636 0 0
2076 37636 0 0
2077 37636 0 0
2077 37636 0 0
2078 37636 0 0
2078 37636 0 0
2079 37636 0 0
2079 37636 0 0
2080 37636 0 0
2080 37636 0 0
2081 37636 0 0
2081 37636 0 0
2082 37636 0 0
2082 37636 0 0
2083 37636 0 0
2083 37636 0 0
2084 37636 0 0
2084 37636 0 0
2085 37636 0 0
2085 37636 0 0
2086 37636 0 0
2086 37636 0 0
2087 37636 0 0
2087 37636 0 0
2088 37636 0 0
2088 37636 0 0
2089 37636 0 0
2089 37636 0 0
2090 37636 0 0
2090 37636 0 0
2091 37636 0 0
2091 37636 0 0
2092 37636 0 0
2092 37636 0 0
2093 37636 0 0
2093 37636 0 0
2094 37636 0 0
2094 37636 0 0
2095 37636 0 0
2095 37636 0 0
2096 37636 0 0
2096 37636 0 0
2097 37636 0 0
2097 37636 0 0
2098 37636 0 0
2098 37636 0 0
2099 37636 0 0
2099 37636 0 0
2100 37636 0 0
2100 37636 0 0
2101 37636 0 0
2101 37636 0 0
2102 37636 0 0
2102 37636 0 0
2103 37636 0 0
2103 37636 0 0
2104 37636 0 0
2104 37636 0 0
2105 37636 0 0
2105 37636 0 0
2106 37636 0 0
2106 37636 0 0
2107 37636 0 0
2107 37636 0 0
2108 37636 0 0
2108 37636 0 0
2109 37636 0 0
2109 37636 0 0
2110 37636 0 0
2110 37636 0 0
2111 37636 0 0
2111 37636 0 0
2112 37636 0 0
2112 37636 0 0
2113 37636 0 0
2113 37636 0 0
2114 37636 0 0
2114 37636 0 0
2115 37636 0 0
2115 37636 0 0
2116 37636 0 0
2116 37636 0 0
2117 37636 0 0
2117 37636 0 0
2118 37636 0 0
2118 37636 0 0
2119 37636 0 0
2119 37636 0 0
2120 37636 0 0
2120 37636 0 0
2121 37636 0 0
2121 37636 0 0
2122 37636 0 0
2122 37636 0 0
2123 37636 0 0
2123 37636 0 0
2124 37636 0 0
2124 37636 0 0
2125 37636 0 0
2125 37636 0 0
2126 37636 0 0
2126 37636 0 0
2127 37636 0 0
2127 37636 0 0
2128 37636 0 0
2128 37636 0 0
2129 37636 0 0
2129 37636 0 0
2130 37636 0 0
2130 37636 0 0
2131 37636 0 0
2131 37636 0 0
2132 37636 0 0
2132 37636 0 0
2133 37636 0 0
2133 37636 0 0
2134 37636 0 0
2134 37636 0 0
2135 37636 0 0
2135 37636 0 0
2136 37636 0 0
2136 37636 0 0
2137 37636 0 0
2137 37636 0 0
2138 37636 0 0
2138 37636 0 0
2139 37636 0 0
2139 37636 0 0
2140 37636 0 0
2140 37636 0 0
2141 37636 0 0
2141 37636 0 0
2142 37636 0 0
2142 37636 0 0
2143 37636 0 0
2143 37636 0 0
2144 37636 0 0
2144 37636 0 0
2145 37636 0 0
2145 37636 0 0
2146 37636 0 0
2146 37636 0 0
2147 37636 0 0
2147 37636 0 0
2148 37636 0 0
2148 37636 0 0
2149 37636 0 0
2149 37636 0 0
2150 37636 0 0
2150 37636 0 0
2151 37636 0 0
2151 37636 0 0
2152 37636 0 0
2152 37636 0 0
2153 37636 0 0
2153 37636 0 0
2154 37636 0 0
2154 37636 0 0
2155 37636 0 0
2155 37636 0 0
2156 37636 0 0
2156 37636 0 0
2157 37636 0 0
2157 37636 0 0
2158 37636 0 0
2158 37636 0 0
2159 37636 0 0
2159 37636 0 0
2160 37636 0 0
2160 37636 0 0
2161 37636 0 0
2161 37636 0 0
2162 37636 0 0
2162 37636 0 0
2163 37636 0 0
2163 37636 0 0
2164 37636 0 0
2164 37636 0 0
2165 37636 0 0
2165 37636 0 0
2166 37636 0 0
2166 37636 0 0
2167 37636 0 0
2167 37636 0 0
2168 37636 0 0
2168 37636 0 0
2169 37636 0 0
2169 37636 0 0
2170 37636 0 0
2170 37636 0 0
2171 37636 0 0
2171 37636 0 0
2172 37636 0 0
2172 37636 0 0
2173 37636 0 0
2173 37636 0 0
2174 37636 0 0
2174 37636 0 0
2175 37636 0 0
2175 37636 0 0
2176 37636 0 0
2176 37636 0 0
2177 37636 0 0
2177 37636 0 0
2178 37636 0 0
2178 37636 0 0
2179 37636 0 0
2179 37636 0 0
2180 37636 0 0
2180 37636 0 0
2181 37636 0 0
2181 37636 0 0
2182 37636 0 0
2182 37636 0 0
2183 37636 0 0
2183 37636 0 0
2184 37636 0 0
2184 37636 0 0
2185 37636 0 0
2185 37636 0 0
2186 37636 0 0
2186 37636 0 0
2187 37636 0 0
2187 37636 0 0
2188 37636 0 0
2188 37636 0 0
2189 37636 0 0
2189 37636 0 0
2190 37636 0 0
2190 37636 0 0
2191 37636 0 0
2191 37636 0 0
2192 37636 0 0
2192 37636 0 0
2193 37636 0 0
2193 37636 0 0
2194 37636 0 0
2194 37636 0 0
2195 37636 0 0
2195 37636 0 0
2196 37636 0 0
2196 37636 0 0
2197 37636 0 0
2197 37636 0 0
2198 37636 0 0
2198 37636 0 0
2199 37636 0 0
2199 37636 0 0
2200 37636 0 0
2200 37636 0 0
2201 37636 0 0
2201 37636 0 0
2202 37636 0 0
2202 37636 0 0
2203 37636 0 0
2203 37636 0 0
2204 37636 0 0
2204 37636 0 0
2205 37636 0 0
2205 37636 0 0
2206 37636 0 0
2206 37636 0 0
2207 37636 0 0
2207 37636 0 0
2208 37636 0 0
2208 37636 0 0
2209 37636 0 0
2209 37636 0 0
2210 37636 0 0
2210 37636 0 0
2211 37636 0 0
2211 37636 0 0
2212 37636 0 0
2212 37636 0 0
2213 37636 0 0
2213 37636 0 0
2214 37636 0 0
2214 37636 0 0
2215 37636 0 0
2215 37636 0 0
2216 37636 0 0
2216 37636 0 0
2217 37636 0 0
2217 37636 0 0
2218 37636 0 0
2218 37636 0 0
2219 37636 0 0
2219 37636 0 0
2220 37636 0 0
2220 37636 0 0
2221 37636 0 0
2221 37636 0 0
2222 37636 0 0
2222 37636 0 0
2223 37636 0 0
2223 37636 0 0
2224 37636 0 0
2224 37636 0 0
2225 37636 0 0
2225 37636 0 0
2226 37636 0 0
2226 37636 0 0
2227 37636 0 0
2227 37636 0 0
2228 37636 0 0
2228 37636 0 0
2229 37636 0 0
2229 37636 0 0
2230 37636 0 0
2230 37636 0 0
2231 37636 0 0
2231 37636 0 0
2232 37636 0 0
2232 37636 0 0
2233 37636 0 0
2233 37636 0 0
2234 37636 0 0
2234 37636 0 0
2235 37636 0 0
2235 37636 0 0
2236 37636 0 0
2236 37636 0 0
2237 37636 0 0
2237 37636 0 0
2238 37636 0 0
2238 37636 0 0
2239 37636 0 0
2239 37636 0 0
2240 37636 0 0
2240 37636 0 0
2241 37636 0 0
2241 37636 0 0
2242 37636 0 0
2242 37636 0 0
2243 37636 0 0
2243 37636 0 0
2244 37636 0 0
2244 37636 0 0
2245 37636 0 0
2245 37636 0 0
2246 37636 0 0
2246 37636 0 0
2247 37636 0 0
2247 37636 0 0
2248 37636 0 0
2248 37636 0 0
2249 37636 0 0
2249 37636 0 0
2250 37636 0 0
2250 37636 0 0
2251 37636 0 0
2251 37636 0 0
2252 37636 0 0
2252 37636 0 0
2253 37636 0 0
2253 37636 0 0
2254 37636 0 0
2254 37636 0 0
2255 37636 0 0
2255 37636 0 0
2256 37636 0 0
2256 37636 0 0
2257 37636 0 0
2257 37636 0 0
2258 37636 0 0
2258 37636 0 0
2259 37636 0 0
2259 37636 0 0
2260 37636 0 0
2260 37636 0 0
2261 37636 0 0
2261 37636 0 0
2262 37636 0 0
2262 37636 0 0
2263 37636 0 0
2263 37636 0 0
2264 37636 0 0
2264 37636 0 0
2265 37636 0 0
2265 37636 0 0
2266 37636 0 0
2266 37636 0 0
2267 37636 0 0
2267 37636 0 0
2268 37636 0 0
2268 37636 0 0
2269 37636 0 0
2269 37636 0 0
2270 37636 0 0
2270 37636 0 0
2271 37636 0 0
2271 37636 0 0
2272 37636 0 0
2272 37636 0 0
2273 37636 0 0
2273 37636 0 0
2274 37636 0 0
2274 37636 0 0
2275 37636 0 0
2275 37636 0 0
2276 37636 0 0
2276 37636 0 0
2277 37636 0 0
2277 37636 0 0
2278 37636 0 0
2278 37636 0 0
2279 37636 0 0
2279 37636 0 0
2280 37636 0 0
2280 37636 0 0
2281 37636 0 0
2281 37636 0 0
2282 37636 0 0
2282 37636 0 0
2283 37636 0 0
2283 37636 0 0
2284 37636 0 0
2284 37636 0 0
2285 37636 0 0
2285 37636 0 0
2286 37636 0 0
2286 37636 0 0
2287 37636 0 0
2287 37636 0 0
2288 37636 0 0
2288 37636 0 0
2289 37636 0 0
2289 37636 0 0
2290 37636 0 0
2290 37636 0 0
2291 37636 0 0
2291 37636 0 0
2292 37636 0 0
2292 37636 0 0
2293 37636 0 0
2293 37636 0 0
2294 37636 0 0
2294 37636 0 0
2295 37636 0 0
2295 37636 0 0
2296 37636 0 0
2296 37636 0 0
2297 37636 0 0
2297 37636 0 0
2298 37636 0 0
2298 37636 0 0
2299 37636 0 0
2299 37636 0 0
2300 37636 0 0
2300 37636 0 0
2301 37636 0 0
2301 37636 0 0
2302 37636 0 0
2302 37636 0 0
2303 37636 0 0
2303 37636 0 0
2304 37636 0 0
2304 37636 0 0
2305 37636 0 0
2305 37636 0 0
2306 37636 0 0
2306 37636 0 0
2307 37636 0 0
2307 37636 0 0
2308 37636 0 0
2308 37636 0 0
2309 37636 0 0
2309 37636 0 0
2310 37636 0 0
2310 37636 0 0
2311 37636 0 0
2311 37636 0 0
2312 37636 0 0
2312 37636 0 0
2313 37636 0 0
2313 37636 0 0
2314 37636 0 0
2314 37636 0 0
2315 37636 0 0
2315 37636 0 0
2316 37636 0 0
2316 37636 0 0
2317 37636 0 0
2317 37636 0 0
2318 37636 0 0
2318 37636 0 0
2319 37636 0 0
2319 37636 0 0
2320 37636 0 0
2320 37636 0 0
2321 37636 0 0
2321 37636 0 0
2322 37636 0 0
2322 37636 0 0
2323 37636 0 0
2323 37636 0 0
2324 37636 0 0
2324 37636 0 0
2325 37636 0 0
2325 37636 0 0
2326 37636 0 0
2326 37636 0 0
2327 37636 0 0
2327 37636 0 0
2328 37636 0 0
2328 37636 0 0
2329 37636 0 0
2329 37636 0 0
2330 37636 0 0
2330 37636 0 0
2331 37636 0 0
2331 37636 0 0
2332 37636 0 0
2332 37636 0 0
2333 37636 0 0
2333 37636 0 0
2334 37636 0 0
2334 37636 0 0
2335 37636 0 0
2335 37636 0 0
2336 37636 0 0
2336 37636 0 0
2337 37636 0 0
2337 37636 0 0
2338 37636 0 0
2338 37636 0 0
2339 37636 0 0
2339 37636 0 0
2340 37636 0 0
2340 37636 0 0
2341 37636 0 0
2341 37636 0 0
2342 37636 0 0
2342 37636 0 0
2343 37636 0 0
2343 37636 0 0
2344 37636 0 0
2344 37636 0 0
2345 37636 0 0
2345 37636 0 0
2346 37636 0 0
2346 37636 0 0
2347 37636 0 0
2347 37636 0 0
2348 37636 0 0
2348 37636 0 0
2349 37636 0 0
2349 37636 0 0
2350 37636 0 0
2350 37636 0 0
2351 37636 0 0
2351 37636 0 0
2352 37636 0 0
2352 37636 0 0
2353 37636 0 0
2353 37636 0 0
2354 37636 0 0
2354 37636 0 0
2355 37636 0 0
2355 37636 0 0
2356 37636 0 0
2356 37636 0 0
2357 37636 0 0
2357 37636 0 0
2358 37636 0 0
2358 37636 0 0
2359 37636 0 0
2359 37636 0 0
2360 37636 0 0
2360 37636 0 0
2361 37636 0 0
2361 37636 0 0
2362 37636 0 0
2362 37636 0 0
2363 37636 0 0
2363 37636 0 0
2364 37636 0 0
2364 37636 0 0
2365 37636 0 0
2365 37636 0 0
2366 37636 0 0
2366 37636 0 0
2367 37636 0 0
2367 37636 0 0
2368 37636 0 0
2368 37636 0 0
2369 37636 0 0
2369 37636 0 0
2370 37636 0 0
2370 37636 0 0
2371 37636 0 0
2371 37636 0 0
2372 37636 0 0
2372 37636 0 0
2373 37636 0 0
2373 37636 0 0
2374 37636 0 0
2374 37636 0 0
2375 37636 0 0
2375 37636 0 0
2376 37636 0 0
2376 37636 0 0
2377 37636 0 0
2377 37636 0 0
2378 37636 0 0
2378 37636 0 0
2379 37636 0 0
2379 37636 0 0
2380 37636 0 0
2380 37636 0 0
2381 37636 0 0
2381 37636 0 0
2382 37636 0 0
2382 37636 0 0
2383 37636 0 0
2383 37636 0 0
2384 37636 0 0
2384 37636 0 0
2385 37636 0 0
2385 37636 0 0
2386 37636 0 0
2386 37636 0 0
2387 37636 0 0
2387 37636 0 0
2388 37636 0 0
2388 37636 0 0
2389 37636 0 0
2389 37636 0 0
2390 37636 0 0
2390 37636 0 0
2391 37636 0 0
2391 37636 0 0
2392 37636 0 0
2392 37636 0 0
2393 37636 0 0
2393 37636 0 0
2394 37636 0 0
2394 37636 0 0
2395 37636 0 0
2395 37636 0 0
2396 37636 0 0
2396 37636 0 0
2397 37636 0 0
2397 37636 0 0
2398 37636 0 0
2398 37636 0 0
2399 37636 0 0
2399 37636 0 0
2400 37636 0 0
2400 37636 0 0
2401 37636 0 0
2401 37636 0 0
2402 37636 0 0
2402 37636 0 0
2403 37636 0 0
2403 37636 0 0
2404 37636 0 0
2404 37636 0 0
2405 37636 0 0
2405 37636 0 0
2406 37636 0 0
2406 37636 0 0
2407 37636 0 0
2407 37636 0 0
2408 37636 0 0
2408 37636 0 0
2409 37636 0 0
2409 37636 0 0
2410 37636 0 0
2410 37636 0 0
2411 37636 0 0
2411 37636 0 0
2412 37636 0 0
2412 37636 0 0
2413 37636 0 0
2413 37636 0 0
2414 37636 0 0
2414 37636 0 0
2415 37636 0 0
2415 37636 0 0
2416 37636 0 0
2416 37636 0 0
2417 37636 0 0
2417 37636 0 0
2418 37636 0 0
2418 37636 0 0
2419 37636 0 0
2419 37636 0 0
2420 37636 0 0
2420 37636 0 0
2421 37636 0 0
2421 37636 0 0
2422 37636 0 0
2422 37636 0 0
2423 37636 0 0
2423 37636 0 0
2424 37636 0 0
2424 37636 0 0
2425 37636 0 0
2425 37636 0 0
2426 37636 0 0
2426 37636 0 0
2427 37636 0 0
2427 37636 0 0
2428 37636 0 0
2428 37636 0 0
2429 37636 0 0
2429 37636 0 0
2430 37636 0 0
2430 37636 0 0
2431 37636 0 0
2431 37636 0 0
2432 37636 0 0
2432 37636 0 0
2433 37636 0 0
2433 37636 0 0
2434 37636 0 0
2434 37636 0 0
2435 37636 0 0
2435 37636 0 0
2436 37636 0 0
2436 37636 0 0
2437 37636 0 0
2437 37636 0 0
2438 37636 0 0
2438 37636 0 0
2439 37636 0 0
2439 37636 0 0
2440 37636 0 0
2440 37636 0 0
2441 37636 0 0
2441 37636 0 0
2442 37636 0 0
2442 37636 0 0
2443 37636 0 0
2443 37636 0 0
2444 37636 0 0
2444 37636 0 0
2445 37636 0 0
2445 37636 0 0
2446 37636 0 0
2446 37636 0 0
2447 37636 0 0
2447 37636 0 0
2448 37636 0 0
2448 37636 0 0
2449 37636 0 0
2449 37636 0 0
2450 37636 0 0
2450 37636 0 0
2451 37636 0 0
2451 37636 0 0
2452 37636 0 0
2452 37636 0 0
2453 37636 0 0
2453 37636 0 0
2454 37636 0 0
2454 37636 0 0
2455 37636 0 0
2455 37636 0 0
2456 37636 0 0
2456 37636 0 0
2457 37636 0 0
2457 37636 0 0
2458 37636 0 0
2458 37636 0 0
2459 37636 0 0
2459 37636 0 0
2460 37636 0 0
2460 37636 0 0
2461 37636 0 0
2461 37636 0 0
2462 37636 0 0
2462 37636 0 0
2463 37636 0 0
2463 37636 0 0
2464 37636 0 0
2464 37636 0 0
2465 37636 0 0
2465 37636 0 0
2466 37636 0 0
2466 37636 0 0
2467 37636 0 0
2467 37636 0 0
2468 37636 0 0
2468 37636 0 0
2469 37636 0 0
2469 37636 0 0
2470 37636 0 0
2470 37636 0 0
2471 37636 0 0
2471 37636 0 0
2472 37636 0 0
2472 37636 0 0
2473 37636 0 0
2473 37636 0 0
2474 37636 0 0
2474 37636 0 0
2475 37636 0 0
2475 37636 0 0
2476 37636 0 0
2476 37636 0 0
2477 37636 0 0
2477 37636 0 0
2478 37636 0 0
2478 37636 0 0
2479 37636 0 0
2479 37636 0 0
2480 37636 0 0
2480 37636 0 0
2481 37636 0 0
2481 37636 0 0
2482 37636 0 0
2482 37636 0 0
2483 37636 0 0
2483 37636 0 0
2484 37636 0 0
2484 37636 0 0
2485 37636 0 0
2485 37636 0 0
2486 37636 0 0
2486 37636 0 0
2487 37636 0 0
2487 37636 0 0
2488 37636 0 0
2488 37636 0 0
2489 37636 0 0
2489 37636 0 0
2490 37636 0 0
2490 37636 0 0
2491 37636 0 0
2491 37636 0 0
2492 37636 0 0
2492 37636 0 0
2493 37636 0 0
2493 37636 0 0
2494 37636 0 0
2494 37636 0 0
2495 37636 0 0
2495 37636 0 0
2496 37636 0 0
2496 37636 0 0
2497 37636 0 0
2497 37636 0 0
2498 37636 0 0
2498 37636 0 0
2499 37636 0 0
2499 37636 0 0
2500 37636 0 0
2500 37636 0 0
2501 37636 0 0
2501 37636 0 0
2502 37636 0 0
2502 37636 0 0
2503 37636 0 0
2503 37636 0 0
2504 37636 0 0
2504 37636 0 0
2505 37636 0 0
2505 37636 0 0
2506 37636 0 0
2506 37636 0 0
2507 37636 0 0
2507 37636 0 0
2508 37636 0 0
2508 37636 0 0
2509 37636 0 0
2509 37636 0 0
2510 37636 0 0
2510 37636 0 0
2511 37636 0 0
2511 37636 0 0
2512 37636 0 0
2512 37636 0 0
2513 37636 0 0
2513 37636 0 0
2514 37636 0 0
2514 37636 0 0
2515 37636 0 0
2515 37636 0 0
2516 37636 0 0
2516 37636 0 0
2517 37636 0 0
2517 37636 0 0
2518 37636 0 0
2518 37636 0 0
2519 37636 0 0
2519 37636 0 0
2520 37636 0 0
2520 37636 0 0
2521 37636 0 0
2521 37636 0 0
2522 37636 0 0
2522 37636 0 0
2523 37636 0 0
2523 37636 0 0
2524 37636 0 0
2524 37636 0 0
2525 37636 0 0
2525 37636 0 0
2526 37636 0 0
2526 37636 0 0
2527 37636 0 0
2527 37636 0 0
2528 37636 0 0
2528 37636 0 0
2529 37636 0 0
2529 37636 0 0
2530 37636 0 0
2530 37636 0 0
2531 37636 0 0
2531 37636 0 0
2532 37636 0 0
2532 37636 0 0
2533 37636 0 0
2533 37636 0 0
2534 37636 0 0
2534 37636 0 0
2535 37636 0 0
2535 37636 0 0
2536 37636 0 0
2536 37636 0 0
2537 37636 0 0
2537 37636 0 0
2538 37636 0 0
2538 37636 0 0
2539 37636 0 0
2539 37636 0 0
2540 37636 0 0
2540 37636 0 0
2541 37636 0 0
2541 37636 0 0
2542 37636 0 0
2542 37636 0 0
2543 37636 0 0
2543 37636 0 0
2544 37636 0 0
2544 37636 0 0
2545 37636 0 0
2545 37636 0 0
2546 37636 0 0
2546 37636 0 0
2547 37636 0 0
2547 37636 0 0
2548 37636 0 0
2548 37636 0 0
2549 37636 0 0
2549 37636 0 0
2550 37636 0 0
2550 37636 0 0
2551 37636 0 0
2551 37636 0 0
2552 37636 0 0
2552 37636 0 0
2553 37636 0 0
2553 37636 0 0
2554 37636 0 0
2554 37636 0 0
2555 37636 0 0
2555 37636 0 0
2556 37636 0 0
2556 37636 0 0
2557 37636 0 0
2557 37636 0 0
2558 37636 0 0
2558 37636 0 0
2559 37636 0 0
2559 37636 0 0
2560 37636 0 0
2560 37636 0 0
2561 37636 0 0
2561 37636 0 0
2562 37636 0 0
2562 37636 0 0
2563 37636 0 0
2563 37636 0 0
2564 37636 0 0
2564 37636 0 0
2565 37636 0 0
2565 37636 0 0
2566 37636 0 0
2566 37636 0 0
2567 37636 0 0
2567 37636 0 0
2568 37636 0 0
2568 37636 0 0
2569 37636 0 0
2569 37636 0 0
2570 37636 0 0
2570 37636 0 0
2571 37636 0 0
2571 37636 0 0
2572 37636 0 0
2572 37636 0 0
2573 37636 0 0
2573 37636 0 0
2574 37636 0 0
2574 37636 0 0
2575 37636 0 0
2575 37636 0 0
2576 37636 0 0
2576 37636 0 0
2577 37636 0 0
2577 37636 0 0
2578 37636 0 0
2578 37636 0 0
2579 37636 0 0
2579 37636 0 0
2580 37636 0 0
2580 37636 0 0
2581 37636 0 0
2581 37636 0 0
2582 37636 0 0
2582 37636 0 0
2583 37636 0 0
2583 37636 0 0
2584 37636 0 0
2584 37636 0 0
2585 37636 0 0
2585 37636 0 0
2586 37636 0 0
2586 37636 0 0
2587 37636 0 0
2587 37636 0 0
2588 37636 0 0
2588 37636 0 0
2589 37636 0 0
2589 37636 0 0
2590 37636 0 0
2590 37636 0 0
2591 37636 0 0
2591 37636 0 0
2592 37636 0 0
2592 37636 0 0
2593 37636 0 0
2593 37636 0 0
2594 37636 0 0
2594 37636 0 0
2595 37636 0 0
2595 37636 0 0
2596 37636 0 0
2596 37636 0 0
2597 37636 0 0
2597 37636 0 0
2598 37636 0 0
2598 37636 0 0
2599 37636 0 0
2599 37636 0 0
2600 37636 0 0
2600 37636 0 0
2601 37636 0 0
2601 37636 0 0
2602 37636 0 0
2602 37636 0 0
2603 37636 0 0
2603 37636 0 0
2604 37636 0 0
2604 37636 0 0
2605 37636 0 0
2605 37636 0 0
2606 37636 0 0
2606 37636 0 0
2607 37636 0 0
2607 37636 0 0
2608 37636 0 0
2608 37636 0 0
2609 37636 0 0
2609 37636 0 0
2610 37636 0 0
2610 37636 0 0
2611 37636 0 0
2611 37636 0 0
2612 37636 0 0
2612 37636 0 0
2613 37636 0 0
2613 37636 0 0
2614 37636 0 0
2614 37636 0 0
2615 37636 0 0
2615 37636 0 0
2616 37636 0 0
2616 37636 0 0
2617 37636 0 0
2617 37636 0 0
2618 37636 0 0
2618 37636 0 0
2619 37636 0 0
2619 37636 0 0
2620 37636 0 0
2620 37636 0 0
2621 37636 0 0
2621 37636 0 0
2622 37636 0 0
2622 37636 0 0
2623 37636 0 0
2623 37636 0 0
2624 37636 0 0
2624 37636 0 0
2625 37636 0 0
2625 37636 0 0
2626 37636 0 0
2626 37636 0 0
2627 37636 0 0
2627 37636 0 0
2628 37636 0 0
2628 37636 0 0
2629 37636 0 0
2629 37636 0 0
2630 37636 0 0
2630 37636 0 0
2631 37636 0 0
2631 37636 0 0
2632 37636 0 0
2632 37636 0 0
2633 37636 0 0
2633 37636 0 0
2634 37636 0 0
2634 37636 0 0
2635 37636 0 0
2635 37636 0 0
2636 37636 0 0
2636 37636 0 0
2637 37636 0 0
2637 37636 0 0
2638 37636 0 0
2638 37636 0 0
2639 37636 0 0
2639 37636 0 0
2640 37636 0 0
2640 37636 0 0
2641 37636 0 0
2641 37636 0 0
2642 37636 0 0
2642 37636 0 0
2643 37636 0 0
2643 37636 0 0
2644 37636 0 0
2644 37636 0 0
2645 37636 0 0
2645 37636 0 0
2646 37636 0 0
2646 37636 0 0
2647 37636 0 0
2647 37636 0 0
2648 37636 0 0
2648 37636 0 0
2649 37636 0 0
2649 37636 0 0
2650 37636 0 0
2650 37636 0 0
2651 37636 0 0
2651 37636 0 0
2652 37636 0 0
2652 37636 0 0
2653 37636 0 0
2653 37636 0 0
2654 37636 0 0
2654 37636 0 0
2655 37636 0 0
2655 37636 0 0
2656 37636 0 0
2656 37636 0 0
2657 37636 0 0
2657 37636 0 0
2658 37636 0 0
2658 37636 0 0
2659 37636 0 0
2659 37636 0 0
2660 37636 0 0
2660 37636 0 0
2661 37636 0 0
2661 37636 0 0
2662 37636 0 0
2662 37636 0 0
2663 37636 0 0
2663 37636 0 0
2664 37636 0 0
2664 37636 0 0
2665 37636 0 0
2665 37636 0 0
2666 37636 0 0
2666 37636 0 0
2667 37636 0 0
2667 37636 0 0
2668 37636 0 0
2668 37636 0 0
2669 37636 0 0
2669 37636 0 0
2670 37636 0 0
2670 37636 0 0
2671 37636 0 0
2671 37636 0 0
2672 37636 0 0
2672 37636 0 0
2673 37636 0 0
2673 37636 0 0
2674 37636 0 0
2674 37636 0 0
2675 37636 0 0
2675 37636 0 0
2676 37636 0 0
2676 37636 0 0
2677 37636 0 0
2677 37636 0 0
2678 37636 0 0
2678 37636 0 0
2679 37636 0 0
2679 37636 0 0
2680 37636 0 0
2680 37636 0 0
2681 37636 0 0
2681 37636 0 0
2682 37636 0 0
2682 37636 0 0
2683 37636 0 0
2683 37636 0 0
2684 37636 0 0
2684 37636 0 0
2685 37636 0 0
2685 37636 0 0
2686 37636 0 0
2686 37636 0 0
2687 37636 0 0
2687 37636 0 0
2688 37636 0 0
2688 37636 0 0
2689 37636 0 0
2689 37636 0 0
2690 37636 0 0
2690 37636 0 0
2691 37636 0 0
2691 37636 0 0
2692 37636 0 0
2692 37636 0 0
2693 37636 0 0
2693 37636 0 0
2694 37636 0 0
2694 37636 0 0
2695 37636 0 0
2695 37636 0 0
2696 37636 0 0
2696 37636 0 0
2697 37636 0 0
2697 37636 0 0
2698 37636 0 0
2698 37636 0 0
2699 37636 0 0
2699 37636 0 0
2700 37636 0 0
2700 37636 0 0
2701 37636 0 0
2701 37636 0 0
2702 37636 0 0
2702 37636 0 0
2703 37636 0 0
2703 37636 0 0
2704 37636 0 0
2704 37636 0 0
2705 37636 0 0
2705 37636 0 0
2706 37636 0 0
2706 37636 0 0
2707 37636 0 0
2707 37636 0 0
2708 37636 0 0
2708 37636 0 0
2709 37636 0 0
2709 37636 0 0
2710 37636 0 0
2710 37636 0 0
2711 37636 0 0
2711 37636 0 0
2712 37636 0 0
2712 37636 0 0
2713 37636 0 0
2713 37636 0 0
2714 37636 0 0
2714 37636 0 0
2715 37636 0 0
2715 37636 0 0
2716 37636 0 0
2716 37636 0 0
2717 37636 0 0
2717 37636 0 0
2718 37636 0 0
2718 37636 0 0
2719 37636 0 0
2719 37636 0 0
2720 37636 0 0
2720 37636 0 0
2721 37636 0 0
2721 37636 0 0
2722 37636 0 0
2722 37636 0 0
2723 37636 0 0
2723 37636 0 0
2724 37636 0 0
2724 37636 0 0
2725 37636 0 0
2725 37636 0 0
2726 37636 0 0
2726 37636 0 0
2727 37636 0 0
2727 37636 0 0
2728 37636 0 0
2728 37636 0 0
2729 37636 0 0
2729 37636 0 0
2730 37636 0 0
2730 37636 0 0
2731 37636 0 0
2731 37636 0 0
2732 37636 0 0
2732 37636 0 0
2733 37636 0 0
2733 37636 0 0
2734 37636 0 0
2734 37636 0 0
2735 37636 0 0
2735 37636 0 0
2736 37636 0 0
2736 37636 0 0
2737 37636 0 0
2737 37636 0 0
2738 37636 0 0
2738 37636 0 0
2739 37636 0 0
2739 37636 0 0
2740 37636 0 0
2740 37636 0 0
2741 37636 0 0
2741 37636 0 0
2742 37636 0 0
2742 37636 0 0
2743 37636 0 0
2743 37636 0 0
2744 37636 0 0
2744 37636 0 0
2745 37636 0 0
2745 37636 0 0
2746 37636 0 0
2746 37636 0 0
2747 37636 0 0
2747 37636 0 0
2748 37636 0 0
2748 37636 0 0
2749 37636 0 0
2749 37636 0 0
2750 37636 0 0
2750 37636 0 0
2751 37636 0 0
2751 37636 0 0
2752 37636 0 0
2752 37636 0 0
2753 37636 0 0
2753 37636 0 0
2754 37636 0 0
2754 37636 0 0
2755 37636 0 0
2755 37636 0 0
2756 37636 0 0
2756 37636 0 0
2757 37636 0 0
2757 37636 0 0
2758 37636 0 0
2758 37636 0 0
2759 37636 0 0
2759 37636 0 0
2760 37636 0 0
2760 37636 0 0
2761 37636 0 0
2761 37636 0 0
2762 37636 0 0
2762 37636 0 0
2763 37636 0 0
2763 37636 0 0
2764 37636 0 0
2764 37636 0 0
2765 37636 0 0
2765 37636 0 0
2766 37636 0 0
2766 37636 0 0
2767 37636 0 0
2767 37636 0 0
2768 37636 0 0
2768 37636 0 0
2769 37636 0 0
2769 37636 0 0
2770 37636 0 0
2770 37636 0 0
2771 37636 0 0
2771 37636 0 0
2772 37636 0 0
2772 37636 0 0
2773 37636 0 0
2773 37636 0 0
2774 37636 0 0
2774 37636 0 0
2775 37636 0 0
2775 37636 0 0
2776 37636 0 0
2776 37636 0 0
2777 37636 0 0
2777 37636 0 0
2778 37636 0 0
2778 37636 0 0
2779 37636 0 0
2779 37636 0 0
2780 37636 0 0
2780 37636 0 0
2781 37636 0 0
2781 37636 0 0
2782 37636 0 0
2782 37636 0 0
2783 37636 0 0
2783 37636 0 0
2784 37636 0 0
2784 37636 0 0
2785 37636 0 0
2785 37636 0 0
2786 37636 0 0
2786 37636 0 0
2787 37636 0 0
2787 37636 0 0
2788 37636 0 0
2788 37636 0 0
2789 37636 0 0
2789 37636 0 0
2790 37636 0 0
2790 37636 0 0
2791 37636 0 0
2791 37636 0 0
2792 37636 0 0
2792 37636 0 0
2793 37636 0 0
2793 37636 0 0
2794 37636 0 0
2794 37636 0 0
2795 37636 0 0
2795 37636 0 0
2796 37636 0 0
2796 37636 0 0
2797 37636 0 0
2797 37636 0 0
2798 37636 0 0
2798 37636 0 0
2799 37636 0 0
2799 37636 0 0
2800 37636 0 0
2800 37636 0 0
2801 37636 0 0
2801 37636 0 0
2802 37636 0 0
2802 37636 0 0
2803 37636 0 0
2803 37636 0 0
2804 37636 0 0
2804 37636 0 0
2805 37636 0 0
2805 37636 0 0
2806 37636 0 0
2806 37636 0 0
2807 37636 0 0
2807 37636 0 0
2808 37636 0 0
2808 37636 0 0
2809 37636 0 0
2809 37636 0 0
2810 37636 0 0
2810 37636 0 0
2811 37636 0 0
2811 37636 0 0
2812 37636 0 0
2812 37636 0 0
2813 37636 0 0
2813 37636 0 0
2814 37636 0 0
2814 37636 0 0
2815 37636 0 0
2815 37636 0 0
2816 37636 0 0
2816 37636 0 0
2817 37636 0 0
2817 37636 0 0
2818 37636 0 0
2818 37636 0 0
2819 37636 0 0
2819 37636 0 0
2820 37636 0 0
2820 37636 0 0
2821 37636 0 0
2821 37636 0 0
2822 37636 0 0
2822 37636 0 0
2823 37636 0 0
2823 37636 0 0
2824 37636 0 0
2824 37636 0 0
2825 37636 0 0
2825 37636 0 0
2826 37636 0 0
2826 37636 0 0
2827 37636 0 0
2827 37636 0 0
2828 37636 0 0
2828 37636 0 0
2829 37636 0 0
2829 37636 0 0
2830 37636 0 0
2830 37636 0 0
2831 37636 0 0
2831 37636 0 0
2832 37636 0 0
2832 37636 0 0
2833 37636 0 0
2833 37636 0 0
2834 37636 0 0
2834 37636 0 0
2835 37636 0 0
2835 37636 0 0
2836 37636 0 0
2836 37636 0 0
2837 37636 0 0
2837 37636 0 0
2838 37636 0 0
2838 37636 0 0
2839 37636 0 0
2839 37636 0 0
2840 37636 0 0
2840 37636 0 0
2841 37636 0 0
2841 37636 0 0
2842 37636 0 0
2842 37636 0 0
2843 37636 0 0
2843 37636 0 0
2844 37636 0 0
2844 37636 0 0
2845 37636 0 0
2845 37636 0 0
2846 37636 0 0
2846 37636 0 0
2847 37636 0 0
2847 37636 0 0
2848 37636 0 0
2848 37636 0 0
2849 37636 0 0
2849 37636 0 0
2850 37636 0 0
2850 37636 0 0
2851 37636 0 0
2851 37636 0 0
2852 37636 0 0
2852 37636 0 0
2853 37636 0 0
2853 37636 0 0
2854 37636 0 0
2854 37636 0 0
2855 37636 0 0
2855 37636 0 0
2856 37636 0 0
2856 37636 0 0
2857 37636 0 0
2857 37636 0 0
2858 37636 0 0
2858 37636 0 0
2859 37636 0 0
2859 37636 0 0
2860 37636 0 0
2860 37636 0 0
2861 37636 0 0
2861 37636 0 0
2862 37636 0 0
2862 37636 0 0
2863 37636 0 0
2863 37636 0 0
2864 37636 0 0
2864 37636 0 0
2865 37636 0 0
2865 37636 0 0
2866 37636 0 0
2866 37636 0 0
2867 37636 0 0
2867 37636 0 0
2868 37636 0 0
2868 37636 0 0
2869 37636 0 0
2869 37636 0 0
2870 37636 0 0
2870 37636 0 0
2871 37636 0 0
2871 37636 0 0
2872 37636 0 0
2872 37636 0 0
2873 37636 0 0
2873 37636 0 0
2874 37636 0 0
2874 37636 0 0
2875 37636 0 0
2875 37636 0 0
2876 37636 0 0
2876 37636 0 0
2877 37636 0 0
2877 37636 0 0
2878 37636 0 0
2878 37636 0 0
2879 37636 0 0
2879 37636 0 0
2880 37636 0 0
2880 37636 0 0
2881 37636 0 0
2881 37636 0 0
2882 37636 0 0
2882 37636 0 0
2883 37636 0 0
2883 37636 0 0
2884 37636 0 0
2884 37636 0 0
2885 37636 0 0
2885 37636 0 0
2886 37636 0 0
2886 37636 0 0
2887 37636 0 0
2887 37636 0 0
2888 37636 0 0
2888 37636 0 0
2889 37636 0 0
2889 37636 0 0
2890 37636 0 0
2890 37636 0 0
2891 37636 0 0
2891 37636 0 0
2892 37636 0 0
2892 37636 0 0
2893 37636 0 0
2893 37636 0 0
2894 37636 0 0
2894 37636 0 0
2895 37636 0 0
2895 37636 0 0
2896 37636 0 0
2896 37636 0 0
2897 37636 0 0
2897 37636 0 0
2898 37636 0 0
2898 37636 0 0
2899 37636 0 0
2899 37636 0 0
2900 37636 0 0
2900 37636 0 0
2901 37636 0 0
2901 37636 0 0
2902 37636 0 0
2902 37636 0 0
2903 37636 0 0
2903 37636 0 0
2904 37636 0 0
2904 37636 0 0
2905 37636 0 0
2905 37636 0 0
2906 37636 0 0
2906 37636 0 0
2907 37636 0 0
2907 37636 0 0
2908 37636 0 0
2908 37636 0 0
2909 37636 0 0
2909 37636 0 0
2910 37636 0 0
2910 37636 0 0
2911 37636 0 0
2911 37636 0 0
2912 37636 0 0
2912 37636 0 0
2913 37636 0 0
2913 37636 0 0
2914 37636 0 0
2914 37636 0 0
2915 37636 0 0
2915 37636 0 0
2916 37636 0 0
2916 37636 0 0
2917 37636 0 0
2917 37636 0 0
2918 37636 0 0
2918 37636 0 0
2919 37636 0 0
2919 37636 0 0
2920 37636 0 0
2920 37636 0 0
2921 37636 0 0
2921 37636 0 0
2922 37636 0 0
2922 37636 0 0
2923 37636 0 0
2923 37636 0 0
2924 37636 0 0
2924 37636 0 0
2925 37636 0 0
2925 37636 0 0
2926 37636 0 0
2926 37636 0 0
2927 37636 0 0
2927 37636 0 0
2928 37636 0 0
2928 37636 0 0
2929 37636 0 0
2929 37636 0 0
2930 37636 0 0
2930 37636 0 0
2931 37636 0 0
2931 37636 0 0
2932 37636 0 0
2932 37636 0 0
2933 37636 0 0
2933 37636 0 0
2934 37636 0 0
2934 37636 0 0
2935 37636 0 0
2935 37636 0 0
2936 37636 0 0
2936 37636 0 0
2937 37636 0 0
2937 37636 0 0
2938 37636 0 0
2938 37636 0 0
2939 37636 0 0
2939 37636 0 0
2940 37636 0 0
2940 37636 0 0
2941 37636 0 0
2941 37636 0 0
2942 37636 0 0
2942 37636 0 0
2943 37636 0 0
2943 37636 0 0
2944 37636 0 0
2944 37636 0 0
2945 37636 0 0
2945 37636 0 0
2946 37636 0 0
2946 37636 0 0
2947 37636 0 0
2947 37636 0 0
2948 37636 0 0
2948 37636 0 0
2949 37636 0 0
2949 37636 0 0
2950 37636 0 0
2950 37636 0 0
2951 37636 0 0
2951 37636 0 0
2952 37636 0 0
2952 37636 0 0
2953 37636 0 0
2953 37636 0 0
2954 37636 0 0
2954 37636 0 0
2955 37636 0 0
2955 37636 0 0
2956 37636 0 0
2956 37636 0 0
2957 37636 0 0
2957 37636 0 0
2958 37636 0 0
2958 37636 0 0
2959 37636 0 0
2959 37636 0 0
2960 37636 0 0
2960 37636 0 0
2961 37636 0 0
2961 37636 0 0
2962 37636 0 0
2962 37636 0 0
2963 37636 0 0
2963 37636 0 0
2964 37636 0 0
2964 37636 0 0
2965 37636 0 0
2965 37636 0 0
2966 37636 0 0
2966 37636 0 0
2967 37636 0 0
2967 37636 0 0
2968 37636 0 0
2968 37636 0 0
2969 37636 0 0
2969 37636 0 0
2970 37636 0 0
2970 37636 0 0
2971 37636 0 0
2971 37636 0 0
2972 37636 0 0
2972 37636 0 0
2973 37636 0 0
2973 37636 0 0
2974 37636 0 0
2974 37636 0 0
2975 37636 0 0
2975 37636 0 0
2976 37636 0 0
2976 37636 0 0
2977 37636 0 0
2977 37636 0 0
2978 37636 0 0
2978 37636 0 0
2979 37636 0 0
2979 37636 0 0
2980 37636 0 0
2980 37636 0 0
2981 37636 0 0
2981 37636 0 0
2982 37636 0 0
2982 37636 0 0
2983 37636 0 0
2983 37636 0 0
2984 37636 0 0
2984 37636 0 0
2985 37636 0 0
2985 37636 0 0
2986 37636 0 0
2986 37636 0 0
2987 37636 0 0
2987 37636 0 0
2988 37636 0 0
2988 37636 0 0
2989 37636 0 0
2989 37636 0 0
2990 37636 0 0
2990 37636 0 0
2991 37636 0 0
2991 37636 0 0
2992 37636 0 0
2992 37636 0 0
2993 37636 0 0
2993 37636 0 0
2994 37636 0 0
2994 37636 0 0
2995 37636 0 0
2995 37636 0 0
2996 37636 0 0
2996 37636 0 0
2997 37636 0 0
2997 37636 0 0
2998 37636 0 0
2998 37636 0 0
2999 37636 0 0
2999 37636 0 0
3000 37636 0 0
