0 9999 1 0
1 9999 1 0
2 9994 6 0
3 9990 9 1
4 9985 11 4
5 9982 12 6
6 9978 13 9
7 9969 21 10
8 9965 21 14
9 9961 24 15
10 9958 24 18
11 9955 21 24
12 9954 18 28
13 9949 20 31
14 9950 17 33
15 9948 16 36
16 9941 21 38
17 9940 22 38
18 9936 23 41
19 9932 25 43
20 9927 28 45
21 9920 29 51
22 9913 28 59
23 9911 27 62
24 9908 23 69
25 9897 30 73
26 9892 27 81
27 9887 30 83
28 9874 34 92
29 9873 33 94
30 9868 31 101
31 9868 30 102
32 9861 33 106
33 9858 33 109
34 9856 35 109
35 9844 45 111
36 9829 53 118
37 9815 59 126
38 9808 60 132
39 9796 65 139
40 9785 63 152
41 9781 62 157
42 9767 67 166
43 9757 69 174
44 9738 66 196
45 9726 65 209
46 9723 56 221
47 9721 52 227
48 9720 45 235
49 9721 39 240
50 9720 34 246
51 9717 31 252
52 9715 30 255
53 9707 34 259
54 9700 35 265
55 9691 39 270
56 9692 40 268
57 9690 37 273
58 9683 41 276
59 9678 39 283
60 9676 38 286
61 9665 45 290
62 9658 48 294
63 9654 45 301
64 9643 47 310
65 9637 53 310
66 9627 58 315
67 9626 58 316
68 9620 54 326
69 9618 52 330
70 9620 52 328
71 9616 52 332
72 9607 53 340
73 9607 55 338
74 9597 58 345
75 9598 49 353
76 9593 53 354
77 9576 65 359
78 9563 66 371
79 9557 68 375
80 9548 73 379
81 9531 76 393
82 9523 71 406
83 9517 68 415
84 9516 66 418
85 9504 70 426
86 9496 70 434
87 9488 70 442
88 9487 63 450
89 9486 56 458
90 9476 57 467
91 9467 61 472
92 9463 57 480
93 9460 54 486
94 9462 51 487
95 9457 55 488
96 9454 56 490
97 9447 55 498
98 9442 58 500
99 9431 58 511
100 9423 60 517
101 9410 67 523
102 9406 72 522
103 9400 70 530
104 9390 69 541
105 9374 77 549
106 9367 71 562
107 9357 69 574
108 9351 78 571
109 9346 82 572
110 9331 89 580
111 9321 95 584
112 9305 97 598
113 9292 102 606
114 9272 104 624
115 9251 116 633
116 9233 112 655
117 9211 121 668
118 9177 142 681
119 9156 145 699
120 9130 152 718
121 9096 162 742
122 9065 179 756
123 9042 177 781
124 9018 179 803
125 8993 193 814
126 8959 200 841
127 8932 206 862
128 8900 206 894
129 8886 195 919
130 8857 189 954
131 8822 211 967
132 8804 208 988
133 8779 199 1022
134 8759 185 1056
135 8736 183 1081
136 8702 200 1098
137 8673 206 1121
138 8651 197 1152
139 8631 195 1174
140 8600 205 1195
141 8584 198 1218
142 8558 209 1233
143 8547 204 1249
144 8530 193 1277
145 8513 184 1303
146 8502 168 1330
147 8483 165 1352
148 8464 169 1367
149 8440 170 1390
150 8415 174 1411
151 8404 167 1429
152 8396 159 1445
153 8382 157 1461
154 8368 151 1481
155 8364 154 1482
156 8347 159 1494
157 8341 145 1514
158 8334 148 1518
159 8317 151 1532
160 8319 138 1543
161 8315 121 1564
162 8301 129 1570
163 8292 130 1578
164 8284 134 1582
165 8272 142 1586
166 8272 145 1583
167 8270 139 1591
168 8265 145 1590
169 8241 159 1600
170 8228 151 1621
171 8218 159 1623
172 8194 167 1639
173 8175 175 1650
174 8171 166 1663
175 8164 152 1684
176 8152 151 1697
177 8145 156 1699
178 8137 158 1705
179 8124 158 1718
180 8110 154 1736
181 8099 149 1752
182 8093 152 1755
183 8087 153 1760
184 8077 163 1760
185 8081 143 1776
186 8064 153 1783
187 8056 151 1793
188 8060 143 1797
189 8052 134 1814
190 8043 137 1820
191 8031 147 1822
192 8028 154 1818
193 8023 150 1827
194 8016 145 1839
195 8001 150 1849
196 7985 151 1864
197 7963 150 1887
198 7963 147 1890
199 7960 142 1898
200 7945 143 1912
201 7934 151 1915
202 7927 153 1920
203 7919 165 1916
204 7900 171 1929
205 7893 161 1946
206 7886 154 1960
207 7880 147 1973
208 7869 157 1974
209 7870 156 1974
210 7862 158 1980
211 7854 163 1983
212 7838 169 1993
213 7836 156 2008
214 7844 139 2017
215 7845 140 2015
216 7824 151 2025
217 7816 152 2032
218 7822 146 2032
219 7822 128 2050
220 7812 136 2052
221 7809 136 2055
222 7817 133 2050
223 7810 131 2059
224 7806 128 2066
225 7803 123 2074
226 7801 126 2073
227 7778 136 2086
228 7775 140 2085
229 7776 145 2079
230 7765 147 2088
231 7767 147 2086
232 7764 157 2079
233 7763 146 2091
234 7748 149 2103
235 7736 146 2118
236 7730 138 2132
237 7728 142 2130
238 7728 138 2134
239 7728 142 2130
240 7731 142 2127
241 7719 147 2134
242 7727 130 2143
243 7722 135 2143
244 7718 136 2146
245 7711 142 2147
246 7712 139 2149
247 7718 132 2150
248 7704 139 2157
249 7712 131 2157
250 7701 124 2175
251 7710 112 2178
252 7707 117 2176
253 7713 113 2174
254 7705 123 2172
255 7689 138 2173
256 7684 133 2183
257 7697 128 2175
258 7700 118 2182
259 7700 113 2187
260 7706 105 2189
261 7712 96 2192
262 7721 91 2188
263 7724 104 2172
264 7731 99 2170
265 7732 101 2167
266 7733 103 2164
267 7737 109 2154
268 7738 114 2148
269 7725 118 2157
270 7716 124 2160
271 7712 126 2162
272 7697 143 2160
273 7684 161 2155
274 7673 161 2166
275 7666 150 2184
276 7659 146 2195
277 7655 145 2200
278 7648 143 2209
279 7639 145 2216
280 7644 145 2211
281 7623 161 2216
282 7613 164 2223
283 7601 160 2239
284 7608 143 2249
285 7603 141 2256
286 7599 145 2256
287 7583 154 2263
288 7594 146 2260
289 7593 145 2262
290 7590 146 2264
291 7579 150 2271
292 7566 158 2276
293 7560 156 2284
294 7579 148 2273
295 7579 154 2267
296 7574 154 2272
297 7570 148 2282
298 7561 153 2286
299 7565 140 2295
300 7572 139 2289
301 7568 132 2300
302 7573 124 2303
303 7564 130 2306
304 7564 133 2303
305 7586 131 2283
306 7590 117 2293
307 7589 117 2294
308 7595 114 2291
309 7597 115 2288
310 7606 116 2278
311 7611 123 2266
312 7604 123 2273
313 7608 119 2273
314 7611 118 2271
315 7614 124 2262
316 7612 122 2266
317 7612 128 2260
318 7611 130 2259
319 7605 125 2270
320 7606 135 2259
321 7604 141 2255
322 7597 145 2258
323 7597 153 2250
324 7592 144 2264
325 7582 154 2264
326 7583 151 2266
327 7579 147 2274
328 7579 148 2273
329 7582 143 2275
330 7581 140 2279
331 7592 143 2265
332 7582 143 2275
333 7570 140 2290
334 7574 136 2290
335 7573 130 2297
336 7590 123 2287
337 7601 119 2280
338 7607 114 2279
339 7608 101 2291
340 7608 110 2282
341 7605 113 2282
342 7605 114 2281
343 7617 105 2278
344 7624 107 2269
345 7619 114 2267
346 7631 109 2260
347 7641 110 2249
348 7642 111 2247
349 7647 111 2242
350 7641 113 2246
351 7649 109 2242
352 7659 107 2234
353 7664 107 2229
354 7664 115 2221
355 7676 118 2206
356 7680 126 2194
357 7676 133 2191
358 7679 129 2192
359 7670 126 2204
360 7672 117 2211
361 7674 122 2204
362 7686 118 2196
363 7702 109 2189
364 7701 107 2192
365 7714 101 2185
366 7721 99 2180
367 7724 100 2176
368 7723 102 2175
369 7723 98 2179
370 7727 97 2176
371 7733 102 2165
372 7741 96 2163
373 7753 98 2149
374 7760 95 2145
375 7758 96 2146
376 7772 82 2146
377 7766 93 2141
378 7767 91 2142
379 7773 102 2125
380 7775 104 2121
381 7774 104 2122
382 7783 99 2118
383 7797 96 2107
384 7801 100 2099
385 7802 97 2101
386 7818 89 2093
387 7829 82 2089
388 7829 85 2086
389 7841 78 2081
390 7853 80 2067
391 7863 77 2060
392 7870 70 2060
393 7885 63 2052
394 7891 69 2040
395 7897 73 2030
396 7913 60 2027
397 7923 64 2013
398 7942 64 1994
399 7944 67 1989
400 7953 68 1979
401 7965 66 1969
402 7971 68 1961
403 7987 61 1952
404 7996 63 1941
405 8004 69 1927
406 8015 68 1917
407 8030 62 1908
408 8032 67 1901
409 8047 65 1888
410 8059 60 1881
411 8072 51 1877
412 8074 59 1867
413 8086 63 1851
414 8092 66 1842
415 8101 60 1839
416 8108 62 1830
417 8111 61 1828
418 8113 63 1824
419 8117 62 1821
420 8121 65 1814
421 8130 57 1813
422 8130 66 1804
423 8127 70 1803
424 8123 83 1794
425 8119 77 1804
426 8123 79 1798
427 8128 79 1793
428 8120 87 1793
429 8119 87 1794
430 8122 76 1802
431 8134 71 1795
432 8149 67 1784
433 8160 62 1778
434 8175 54 1771
435 8175 57 1768
436 8179 62 1759
437 8178 67 1755
438 8179 72 1749
439 8195 75 1730
440 8209 71 1720
441 8217 68 1715
442 8213 68 1719
443 8217 63 1720
444 8222 64 1714
445 8230 64 1706
446 8239 64 1697
447 8246 63 1691
448 8242 66 1692
449 8231 76 1693
450 8243 68 1689
451 8245 65 1690
452 8255 64 1681
453 8263 56 1681
454 8271 47 1682
455 8264 49 1687
456 8271 50 1679
457 8279 49 1672
458 8285 58 1657
459 8286 59 1655
460 8291 52 1657
461 8295 50 1655
462 8305 46 1649
463 8314 41 1645
464 8323 45 1632
465 8334 42 1624
466 8348 45 1607
467 8350 48 1602
468 8353 56 1591
469 8353 58 1589
470 8356 63 1581
471 8353 64 1583
472 8354 67 1579
473 8353 70 1577
474 8362 64 1574
475 8368 64 1568
476 8377 62 1561
477 8386 63 1551
478 8392 68 1540
479 8406 55 1539
480 8401 62 1537
481 8408 58 1534
482 8421 56 1523
483 8434 54 1512
484 8433 54 1513
485 8438 55 1507
486 8445 49 1506
487 8449 48 1503
488 8448 54 1498
489 8455 56 1489
490 8458 52 1490
491 8463 56 1481
492 8465 61 1474
493 8470 66 1464
494 8465 72 1463
495 8463 75 1462
496 8470 66 1464
497 8473 68 1459
498 8482 65 1453
499 8487 68 1445
500 8494 66 1440
501 8493 62 1445
502 8497 55 1448
503 8508 49 1443
504 8517 51 1432
505 8520 53 1427
506 8521 48 1431
507 8523 49 1428
508 8526 51 1423
509 8533 43 1424
510 8538 38 1424
511 8545 41 1414
512 8565 39 1396
513 8558 44 1398
514 8568 44 1388
515 8564 47 1389
516 8569 44 1387
517 8576 41 1383
518 8590 39 1371
519 8603 33 1364
520 8611 30 1359
521 8626 30 1344
522 8639 28 1333
523 8638 32 1330
524 8649 27 1324
525 8652 28 1320
526 8661 27 1312
527 8678 30 1292
528 8680 37 1283
529 8691 41 1268
530 8698 41 1261
531 8705 38 1257
532 8708 39 1253
533 8717 37 1246
534 8721 38 1241
535 8725 41 1234
536 8730 44 1226
537 8728 46 1226
538 8732 48 1220
539 8737 51 1212
540 8742 52 1206
541 8742 49 1209
542 8743 50 1207
543 8736 59 1205
544 8734 57 1209
545 8730 62 1208
546 8725 69 1206
547 8723 62 1215
548 8717 69 1214
549 8713 74 1213
550 8712 80 1208
551 8710 86 1204
552 8715 79 1206
553 8712 80 1208
554 8717 77 1206
555 8721 79 1200
556 8714 78 1208
557 8708 80 1212
558 8713 80 1207
559 8706 78 1216
560 8712 78 1210
561 8705 82 1213
562 8704 75 1221
563 8694 75 1231
564 8701 66 1233
565 8704 67 1229
566 8713 59 1228
567 8715 64 1221
568 8708 73 1219
569 8713 62 1225
570 8723 54 1223
571 8718 55 1227
572 8729 53 1218
573 8738 49 1213
574 8740 52 1208
575 8746 54 1200
576 8747 53 1200
577 8758 51 1191
578 8756 53 1191
579 8760 47 1193
580 8763 49 1188
581 8766 49 1185
582 8761 55 1184
583 8766 45 1189
584 8780 40 1180
585 8788 40 1172
586 8796 34 1170
587 8802 30 1168
588 8800 29 1171
589 8807 28 1165
590 8813 26 1161
591 8824 23 1153
592 8826 24 1150
593 8837 24 1139
594 8842 26 1132
595 8851 27 1122
596 8849 31 1120
597 8856 31 1113
598 8857 30 1113
599 8859 29 1112
600 8863 28 1109
601 8872 25 1103
602 8881 21 1098
603 8887 20 1093
604 8894 18 1088
605 8907 18 1075
606 8916 18 1066
607 8920 22 1058
608 8925 21 1054
609 8931 23 1046
610 8935 23 1042
611 8938 28 1034
612 8951 28 1021
613 8952 32 1016
614 8954 35 1011
615 8950 40 1010
616 8951 44 1005
617 8954 44 1002
618 8963 45 992
619 8961 47 992
620 8961 46 993
621 8960 46 994
622 8963 42 995
623 8959 46 995
624 8966 48 986
625 8972 50 978
626 8976 54 970
627 8974 48 978
628 8983 46 971
629 8980 47 973
630 8978 51 971
631 8970 54 976
632 8965 59 976
633 8964 63 973
634 8964 62 974
635 8957 59 984
636 8952 65 983
637 8949 65 986
638 8945 67 988
639 8953 60 987
640 8961 61 978
641 8956 63 981
642 8955 60 985
643 8950 63 987
644 8952 58 990
645 8942 66 992
646 8945 56 999
647 8949 54 997
648 8954 51 995
649 8955 46 999
650 8958 44 998
651 8957 46 997
652 8962 44 994
653 8962 51 987
654 8966 48 986
655 8964 46 990
656 8966 48 986
657 8966 48 986
658 8972 43 985
659 8979 42 979
660 8977 47 976
661 8978 49 973
662 8981 44 975
663 8974 44 982
664 8974 42 984
665 8970 45 985
666 8965 54 981
667 8955 57 988
668 8949 59 992
669 8940 63 997
670 8937 66 997
671 8939 66 995
672 8938 65 997
673 8932 62 1006
674 8928 65 1007
675 8929 66 1005
676 8921 66 1013
677 8915 75 1010
678 8911 64 1025
679 8913 56 1031
680 8912 60 1028
681 8911 62 1027
682 8917 63 1020
683 8913 70 1017
684 8907 72 1021
685 8901 76 1023
686 8900 73 1027
687 8903 72 1025
688 8900 79 1021
689 8898 79 1023
690 8907 79 1014
691 8903 79 1018
692 8895 81 1024
693 8893 74 1033
694 8886 79 1035
695 8888 77 1035
696 8888 75 1037
697 8882 73 1045
698 8884 68 1048
699 8879 72 1049
700 8870 79 1051
701 8871 82 1047
702 8859 89 1052
703 8853 98 1049
704 8848 90 1062
705 8840 95 1065
706 8842 93 1065
707 8831 91 1078
708 8824 101 1075
709 8811 103 1086
710 8801 114 1085
711 8788 116 1096
712 8773 124 1103
713 8764 122 1114
714 8747 127 1126
715 8744 122 1134
716 8744 114 1142
717 8733 112 1155
718 8720 104 1176
719 8718 96 1186
720 8714 102 1184
721 8707 104 1189
722 8702 108 1190
723 8690 113 1197
724 8686 111 1203
725 8674 114 1212
726 8665 114 1221
727 8645 123 1232
728 8621 132 1247
729 8594 148 1258
730 8575 155 1270
731 8560 151 1289
732 8547 160 1293
733 8528 154 1318
734 8524 150 1326
735 8510 152 1338
736 8484 156 1360
737 8463 165 1372
738 8449 163 1388
739 8436 157 1407
740 8414 165 1421
741 8394 170 1436
742 8367 176 1457
743 8346 185 1469
744 8322 190 1488
745 8285 200 1515
746 8266 190 1544
747 8234 205 1561
748 8222 193 1585
749 8202 194 1604
750 8189 194 1617
751 8171 199 1630
752 8149 199 1652
753 8139 205 1656
754 8103 217 1680
755 8067 235 1698
756 8051 238 1711
757 8028 231 1741
758 8014 219 1767
759 7986 223 1791
760 7956 239 1805
761 7937 241 1822
762 7900 252 1848
763 7880 260 1860
764 7864 256 1880
765 7834 265 1901
766 7809 262 1929
767 7781 268 1951
768 7746 285 1969
769 7710 281 2009
770 7688 268 2044
771 7664 275 2061
772 7638 265 2097
773 7612 256 2132
774 7591 251 2158
775 7589 249 2162
776 7561 247 2192
777 7538 236 2226
778 7525 226 2249
779 7493 237 2270
780 7490 224 2286
781 7472 220 2308
782 7447 235 2318
783 7437 228 2335
784 7428 224 2348
785 7426 222 2352
786 7419 215 2366
787 7411 203 2386
788 7413 185 2402
789 7403 187 2410
790 7386 189 2425
791 7370 179 2451
792 7362 177 2461
793 7359 166 2475
794 7351 160 2489
795 7352 155 2493
796 7364 140 2496
797 7352 151 2497
798 7356 152 2492
799 7355 156 2489
800 7366 154 2480
801 7364 152 2484
802 7367 147 2486
803 7371 146 2483
804 7362 144 2494
805 7372 141 2487
806 7366 143 2491
807 7355 149 2496
808 7360 149 2491
809 7359 144 2497
810 7363 144 2493
811 7369 135 2496
812 7358 150 2492
813 7367 145 2488
814 7364 153 2483
815 7369 150 2481
816 7369 149 2482
817 7358 169 2473
818 7347 187 2466
819 7329 191 2480
820 7319 189 2492
821 7310 196 2494
822 7299 193 2508
823 7291 188 2521
824 7296 181 2523
825 7281 180 2539
826 7268 177 2555
827 7252 173 2575
828 7258 165 2577
829 7249 175 2576
830 7252 169 2579
831 7235 168 2597
832 7219 176 2605
833 7221 179 2600
834 7212 189 2599
835 7188 205 2607
836 7183 199 2618
837 7177 190 2633
838 7163 192 2645
839 7168 187 2645
840 7172 178 2650
841 7169 188 2643
842 7148 201 2651
843 7149 200 2651
844 7138 200 2662
845 7131 192 2677
846 7145 178 2677
847 7153 176 2671
848 7157 184 2659
849 7147 188 2665
850 7139 180 2681
851 7127 181 2692
852 7134 170 2696
853 7158 159 2683
854 7161 151 2688
855 7166 154 2680
856 7166 156 2678
857 7170 155 2675
858 7164 167 2669
859 7167 177 2656
860 7153 177 2670
861 7164 164 2672
862 7176 156 2668
863 7169 155 2676
864 7175 150 2675
865 7178 143 2679
866 7179 142 2679
867 7178 132 2690
868 7194 131 2675
869 7210 123 2667
870 7222 130 2648
871 7232 127 2641
872 7225 131 2644
873 7237 126 2637
874 7246 125 2629
875 7253 129 2618
876 7271 121 2608
877 7281 112 2607
878 7293 106 2601
879 7296 101 2603
880 7301 98 2601
881 7320 100 2580
882 7329 86 2585
883 7343 89 2568
884 7350 88 2562
885 7365 80 2555
886 7378 73 2549
887 7388 71 2541
888 7409 72 2519
889 7422 72 2506
890 7433 72 2495
891 7446 70 2484
892 7452 74 2474
893 7464 74 2462
894 7473 76 2451
895 7484 83 2433
896 7495 83 2422
897 7497 98 2405
898 7502 93 2405
899 7511 94 2395
900 7525 76 2399
901 7536 76 2388
902 7546 73 2381
903 7561 80 2359
904 7568 88 2344
905 7574 88 2338
906 7584 89 2327
907 7592 92 2316
908 7605 91 2304
909 7608 91 2301
910 7626 86 2288
911 7639 88 2273
912 7643 93 2264
913 7659 90 2251
914 7668 88 2244
915 7676 88 2236
916 7684 85 2231
917 7700 87 2213
918 7705 83 2212
919 7717 79 2204
920 7734 75 2191
921 7740 76 2184
922 7747 79 2174
923 7752 82 2166
924 7765 76 2159
925 7781 77 2142
926 7791 75 2134
927 7814 67 2119
928 7829 72 2099
929 7846 67 2087
930 7863 69 2068
931 7883 60 2057
932 7891 58 2051
933 7898 64 2038
934 7909 60 2031
935 7926 56 2018
936 7931 67 2002
937 7931 73 1996
938 7938 76 1986
939 7937 74 1989
940 7948 75 1977
941 7952 76 1972
942 7962 77 1961
943 7966 73 1961
944 7973 74 1953
945 7974 74 1952
946 7989 69 1942
947 8002 64 1934
948 8013 58 1929
949 8028 52 1920
950 8037 52 1911
951 8044 55 1901
952 8051 59 1890
953 8061 60 1879
954 8066 61 1873
955 8072 61 1867
956 8086 64 1850
957 8094 63 1843
958 8095 64 1841
959 8109 68 1823
960 8115 75 1810
961 8114 75 1811
962 8115 79 1806
963 8128 76 1796
964 8131 78 1791
965 8133 72 1795
966 8131 77 1792
967 8141 73 1786
968 8141 71 1788
969 8143 71 1786
970 8144 78 1778
971 8144 80 1776
972 8144 82 1774
973 8160 73 1767
974 8163 67 1770
975 8178 67 1755
976 8184 65 1751
977 8193 64 1743
978 8202 68 1730
979 8208 64 1728
980 8206 73 1721
981 8208 78 1714
982 8213 79 1708
983 8212 81 1707
984 8206 84 1710
985 8210 80 1710
986 8209 79 1712
987 8214 84 1702
988 8214 85 1701
989 8219 82 1699
990 8221 83 1696
991 8232 71 1697
992 8230 73 1697
993 8231 73 1696
994 8236 77 1687
995 8245 79 1676
996 8247 83 1670
997 8242 88 1670
998 8249 86 1665
999 8242 87 1671
