0 9999 1 0
1 9998 2 0
2 9996 4 0
3 9995 4 1
4 9993 6 1
5 9992 7 1
6 9990 8 2
7 9987 10 3
8 9984 12 4
9 9981 13 6
10 9971 19 10
11 9961 24 15
12 9950 30 20
13 9938 38 24
14 9933 37 30
15 9928 33 39
16 9916 40 44
17 9910 36 54
18 9893 45 62
19 9889 44 67
20 9884 48 68
21 9872 50 78
22 9868 46 86
23 9866 41 93
24 9857 44 99
25 9849 41 110
26 9840 47 113
27 9836 45 119
28 9827 43 130
29 9827 39 134
30 9827 38 135
31 9818 37 145
32 9814 33 153
33 9813 30 157
34 9808 34 158
35 9802 34 164
36 9790 39 171
37 9780 48 172
38 9774 49 177
39 9765 51 184
40 9758 47 195
41 9752 56 192
42 9744 54 202
43 9727 60 213
44 9716 63 221
45 9702 72 226
46 9694 74 232
47 9690 64 246
48 9677 72 251
49 9663 69 268
50 9645 72 283
51 9628 77 295
52 9614 84 302
53 9602 80 318
54 9589 76 335
55 9579 79 342
56 9566 78 356
57 9555 77 368
58 9531 96 373
59 9515 94 391
60 9500 96 404
61 9471 105 424
62 9457 109 434
63 9440 119 441
64 9416 125 459
65 9412 106 482
66 9396 106 498
67 9376 116 508
68 9363 104 533
69 9346 101 553
70 9331 91 578
71 9324 89 587
72 9316 90 594
73 9305 90 605
74 9298 86 616
75 9283 94 623
76 9274 89 637
77 9266 87 647
78 9258 95 647
79 9247 94 659
80 9241 89 670
81 9226 98 676
82 9211 105 684
83 9198 104 698
84 9193 102 705
85 9186 95 719
86 9171 104 725
87 9153 104 743
88 9150 103 747
89 9141 101 758
90 9139 90 771
91 9128 90 782
92 9129 84 787
93 9124 83 793
94 9122 79 799
95 9116 80 804
96 9100 90 810
97 9082 98 820
98 9065 107 828
99 9056 106 838
100 9048 114 838
101 9019 132 849
102 9008 124 868
103 8993 119 888
104 8983 115 902
105 8967 113 920
106 8954 113 933
107 8938 113 949
108 8921 116 963
109 8914 104 982
110 8910 104 986
111 8903 101 996
112 8897 103 1000
113 8877 109 1014
114 8864 110 1026
115 8856 108 1036
116 8845 113 1042
117 8835 119 1046
118 8821 120 1059
119 8813 125 1062
120 8796 130 1074
121 8777 144 1079
122 8754 150 1096
123 8743 148 1109
124 8730 141 1129
125 8729 139 1132
126 8698 163 1139
127 8681 152 1167
128 8666 155 1179
129 8659 144 1197
130 8642 155 1203
131 8624 167 1209
132 8603 167 1230
133 8587 167 1246
134 8567 162 1271
135 8543 172 1285
136 8516 178 1306
137 8495 186 1319
138 8473 192 1335
139 8457 196 1347
140 8441 193 1366
141 8420 197 1383
142 8402 192 1406
143 8385 179 1436
144 8359 181 1460
145 8338 183 1479
146 8312 188 1500
147 8286 191 1523
148 8282 174 1544
149 8270 169 1561
150 8245 174 1581
151 8223 184 1593
152 8210 173 1617
153 8201 169 1630
154 8200 164 1636
155 8190 163 1647
156 8166 176 1658
157 8169 161 1670
158 8157 161 1682
159 8146 157 1697
160 8128 161 1711
161 8126 151 1723
162 8117 151 1732
163 8095 176 1729
164 8084 175 1741
165 8072 181 1747
166 8064 178 1758
167 8045 185 1770
168 8031 182 1787
169 8023 184 1793
170 8006 188 1806
171 8001 182 1817
172 8007 168 1825
173 7997 170 1833
174 7985 159 1856
175 7963 171 1866
176 7956 164 1880
177 7946 167 1887
178 7926 181 1893
179 7906 190 1904
180 7897 194 1909
181 7877 204 1919
182 7858 210 1932
183 7836 210 1954
184 7814 222 1964
185 7801 219 1980
186 7785 218 1997
187 7774 214 2012
188 7762 196 2042
189 7735 214 2051
190 7715 210 2075
191 7701 207 2092
192 7695 200 2105
193 7690 200 2110
194 7673 206 2121
195 7655 202 2143
196 7640 204 2156
197 7621 207 2172
198 7605 218 2177
199 7572 227 2201
200 7544 243 2213
201 7534 224 2242
202 7517 225 2258
203 7492 227 2281
204 7478 226 2296
205 7453 236 2311
206 7431 242 2327
207 7429 222 2349
208 7399 238 2363
209 7387 247 2366
210 7377 247 2376
211 7360 231 2409
212 7342 230 2428
213 7327 237 2436
214 7304 244 2452
215 7289 235 2476
216 7285 222 2493
217 7264 232 2504
218 7242 224 2534
219 7203 235 2562
220 7189 241 2570
221 7184 230 2586
222 7154 249 2597
223 7122 268 2610
224 7086 292 2622
225 7065 286 2649
226 7055 288 2657
227 7019 293 2688
228 6998 296 2706
229 6955 312 2733
230 6911 344 2745
231 6875 347 2778
232 6828 361 2811
233 6794 363 2843
234 6756 381 2863
235 6710 376 2914
236 6689 375 2936
237 6658 362 2980
238 6633 354 3013
239 6592 372 3036
240 6553 366 3081
241 6507 371 3122
242 6475 363 3162
243 6438 363 3199
244 6411 368 3221
245 6373 377 3250
246 6328 384 3288
247 6307 368 3325
248 6288 349 3363
249 6293 313 3394
250 6286 293 3421
251 6281 287 3432
252 6268 278 3454
253 6270 252 3478
254 6268 247 3485
255 6271 232 3497
256 6273 221 3506
257 6278 203 3519
258 6285 205 3510
259 6297 193 3510
260 6320 188 3492
261 6324 192 3484
262 6342 179 3479
263 6354 163 3483
264 6373 156 3471
265 6400 147 3453
266 6416 140 3444
267 6436 143 3421
268 6450 151 3399
269 6449 155 3396
270 6457 157 3386
271 6469 164 3367
272 6453 179 3368
273 6457 178 3365
274 6458 171 3371
275 6454 170 3376
276 6462 159 3379
277 6467 167 3366
278 6460 179 3361
279 6443 198 3359
280 6435 184 3381
281 6440 181 3379
282 6442 178 3380
283 6449 167 3384
284 6460 173 3367
285 6471 160 3369
286 6469 161 3370
287 6477 166 3357
288 6474 161 3365
289 6482 153 3365
290 6493 143 3364
291 6501 148 3351
292 6499 150 3351
293 6511 143 3346
294 6523 138 3339
295 6549 132 3319
296 6561 131 3308
297 6573 129 3298
298 6560 143 3297
299 6573 141 3286
300 6582 136 3282
301 6595 128 3277
302 6606 127 3267
303 6624 124 3252
304 6638 127 3235
305 6651 122 3227
306 6682 117 3201
307 6703 105 3192
308 6725 96 3179
309 6727 97 3176
310 6747 88 3165
311 6763 93 3144
312 6770 95 3135
313 6782 93 3125
314 6799 92 3109
315 6814 89 3097
316 6832 89 3079
317 6862 88 3050
318 6879 85 3036
319 6889 83 3028
320 6904 81 3015
321 6922 77 3001
322 6935 82 2983
323 6955 81 2964
324 6984 81 2935
325 7007 71 2922
326 7030 71 2899
327 7049 62 2889
328 7071 63 2866
329 7094 56 2850
330 7115 53 2832
331 7138 50 2812
332 7160 47 2793
333 7178 47 2775
334 7194 47 2759
335 7213 54 2733
336 7230 63 2707
337 7245 58 2697
338 7260 56 2684
339 7276 53 2671
340 7297 51 2652
341 7312 52 2636
342 7311 55 2634
343 7332 54 2614
344 7352 47 2601
345 7384 44 2572
346 7406 40 2554
347 7434 35 2531
348 7457 36 2507
349 7471 34 2495
350 7499 33 2468
351 7511 34 2455
352 7526 38 2436
353 7552 38 2410
354 7574 34 2392
355 7592 34 2374
356 7615 36 2349
357 7635 40 2325
358 7650 44 2306
359 7658 43 2299
360 7670 44 2286
361 7687 50 2263
362 7694 58 2248
363 7703 60 2237
364 7714 59 2227
365 7729 64 2207
366 7744 57 2199
367 7759 58 2183
368 7777 60 2163
369 7773 70 2157
370 7771 71 2158
371 7762 78 2160
372 7774 69 2157
373 7783 65 2152
374 7794 69 2137
375 7799 69 2132
376 7807 70 2123
377 7816 72 2112
378 7836 72 2092
379 7839 71 2090
380 7847 73 2080
381 7860 68 2072
382 7883 63 2054
383 7897 59 2044
384 7912 62 2026
385 7905 72 2023
386 7914 72 2014
387 7926 63 2011
388 7937 59 2004
389 7940 58 2002
390 7945 64 1991
391 7946 71 1983
392 7958 70 1972
393 7962 76 1962
394 7966 84 1950
395 7977 85 1938
396 7981 83 1936
397 7993 80 1927
398 8009 79 1912
399 8008 82 1910
400 8015 74 1911
401 8021 71 1908
402 8031 71 1898
403 8034 69 1897
404 8041 65 1894
405 8052 64 1884
406 8055 61 1884
407 8054 63 1883
408 8065 64 1871
409 8062 67 1871
410 8069 70 1861
411 8076 68 1856
412 8082 70 1848
413 8090 73 1837
414 8106 77 1817
415 8119 75 1806
416 8122 81 1797
417 8133 67 1800
418 8149 63 1788
419 8160 65 1775
420 8168 63 1769
421 8176 59 1765
422 8179 61 1760
423 8192 59 1749
424 8189 63 1748
425 8188 70 1742
426 8186 67 1747
427 8188 69 1743
428 8191 72 1737
429 8194 69 1737
430 8192 77 1731
431 8189 84 1727
432 8203 80 1717
433 8197 83 1720
434 8199 81 1720
435 8199 83 1718
436 8207 82 1711
437 8210 80 1710
438 8221 71 1708
439 8232 69 1699
440 8239 61 1700
441 8227 80 1693
442 8225 84 1691
443 8219 87 1694
444 8224 90 1686
445 8218 98 1684
446 8221 94 1685
447 8223 87 1690
448 8223 92 1685
449 8225 90 1685
450 8221 85 1694
451 8227 83 1690
452 8239 75 1686
453 8242 74 1684
454 8248 66 1686
455 8245 71 1684
456 8251 62 1687
457 8258 63 1679
458 8269 53 1678
459 8278 52 1670
460 8291 45 1664
461 8305 45 1650
462 8305 49 1646
463 8309 52 1639
464 8326 50 1624
465 8345 48 1607
466 8361 44 1595
467 8377 42 1581
468 8382 47 1571
469 8389 51 1560
470 8384 62 1554
471 8391 59 1550
472 8388 69 1543
473 8399 70 1531
474 8402 70 1528
475 8389 90 1521
476 8387 86 1527
477 8387 86 1527
478 8390 87 1523
479 8395 87 1518
480 8398 88 1514
481 8403 90 1507
482 8402 94 1504
483 8401 89 1510
484 8409 83 1508
485 8408 81 1511
486 8412 83 1505
487 8421 86 1493
488 8420 90 1490
489 8416 104 1480
490 8415 102 1483
491 8406 106 1488
492 8404 108 1488
493 8407 98 1495
494 8411 106 1483
495 8418 93 1489
496 8404 107 1489
497 8407 106 1487
498 8400 110 1490
499 8409 105 1486
500 8410 98 1492
501 8412 93 1495
502 8408 100 1492
503 8415 103 1482
504 8417 91 1492
505 8416 96 1488
506 8413 97 1490
507 8426 81 1493
508 8433 84 1483
509 8435 90 1475
510 8433 96 1471
511 8437 96 1467
512 8441 94 1465
513 8450 92 1458
514 8448 92 1460
515 8454 88 1458
516 8449 90 1461
517 8443 92 1465
518 8440 88 1472
519 8439 91 1470
520 8441 89 1470
521 8453 89 1458
522 8447 87 1466
523 8447 87 1466
524 8451 78 1471
525 8450 79 1471
526 8452 79 1469
527 8444 82 1474
528 8450 77 1473
529 8448 85 1467
530 8438 88 1474
531 8435 91 1474
532 8427 103 1470
533 8420 106 1474
534 8426 105 1469
535 8421 116 1463
536 8425 107 1468
537 8423 114 1463
538 8410 124 1466
539 8398 130 1472
540 8387 136 1477
541 8381 131 1488
542 8383 125 1492
543 8383 118 1499
544 8378 113 1509
545 8379 115 1506
546 8368 113 1519
547 8372 116 1512
548 8371 116 1513
549 8377 105 1518
550 8383 100 1517
551 8386 89 1525
552 8388 84 1528
553 8385 98 1517
554 8387 94 1519
555 8380 101 1519
556 8382 86 1532
557 8381 80 1539
558 8384 80 1536
559 8376 88 1536
560 8372 97 1531
561 8378 93 1529
562 8378 86 1536
563 8378 79 1543
564 8376 84 1540
565 8380 73 1547
566 8383 69 1548
567 8388 68 1544
568 8397 73 1530
569 8399 75 1526
570 8383 84 1533
571 8389 78 1533
572 8383 83 1534
573 8384 89 1527
574 8391 78 1531
575 8397 74 1529
576 8394 78 1528
577 8402 74 1524
578 8399 73 1528
579 8401 69 1530
580 8410 65 1525
581 8409 66 1525
582 8413 69 1518
583 8418 67 1515
584 8422 64 1514
585 8428 61 1511
586 8432 62 1506
587 8428 69 1503
588 8425 72 1503
589 8423 77 1500
590 8423 78 1499
591 8424 74 1502
592 8415 79 1506
593 8415 77 1508
594 8414 77 1509
595 8411 85 1504
596 8406 81 1513
597 8407 84 1509
598 8403 81 1516
599 8413 82 1505
600 8413 85 1502
601 8408 91 1501
602 8420 86 1494
603 8418 95 1487
604 8410 96 1494
605 8404 104 1492
606 8407 110 1483
607 8395 126 1479
608 8377 135 1488
609 8362 138 1500
610 8353 130 1517
611 8354 125 1521
612 8364 121 1515
613 8358 114 1528
614 8356 123 1521
615 8342 123 1535
616 8333 118 1549
617 8322 121 1557
618 8316 118 1566
619 8312 123 1565
620 8299 128 1573
621 8300 119 1581
622 8299 105 1596
623 8296 109 1595
624 8295 103 1602
625 8303 97 1600
626 8308 96 1596
627 8301 105 1594
628 8303 114 1583
629 8307 112 1581
630 8296 116 1588
631 8291 115 1594
632 8293 108 1599
633 8298 108 1594
634 8289 114 1597
635 8279 124 1597
636 8271 124 1605
637 8272 128 1600
638 8264 138 1598
639 8268 125 1607
640 8259 130 1611
641 8252 121 1627
642 8255 113 1632
643 8251 115 1634
644 8242 119 1639
645 8240 127 1633
646 8237 117 1646
647 8231 124 1645
648 8223 133 1644
649 8210 141 1649
650 8196 138 1666
651 8185 142 1673
652 8171 141 1688
653 8152 137 1711
654 8144 137 1719
655 8140 135 1725
656 8143 131 1726
657 8136 133 1731
658 8132 134 1734
659 8129 128 1743
660 8114 127 1759
661 8106 134 1760
662 8097 132 1771
663 8093 134 1773
664 8088 136 1776
665 8078 138 1784
666 8076 133 1791
667 8067 135 1798
668 8066 134 1800
669 8060 125 1815
670 8055 133 1812
671 8043 133 1824
672 8037 137 1826
673 8025 144 1831
674 8023 137 1840
675 8011 138 1851
676 8011 133 1856
677 8011 136 1853
678 7999 145 1856
679 7998 145 1857
680 7993 143 1864
681 7989 139 1872
682 7976 144 1880
683 7978 149 1873
684 7956 161 1883
685 7934 172 1894
686 7907 185 1908
687 7899 176 1925
688 7883 162 1955
689 7873 171 1956
690 7869 161 1970
691 7885 147 1968
692 7884 141 1975
693 7879 136 1985
694 7878 129 1993
695 7875 131 1994
696 7880 129 1991
697 7875 133 1992
698 7881 124 1995
699 7877 123 2000
700 7880 116 2004
701 7886 120 1994
702 7894 115 1991
703 7891 119 1990
704 7893 125 1982
705 7900 118 1982
706 7906 113 1981
707 7907 115 1978
708 7906 115 1979
709 7906 116 1978
710 7909 115 1976
711 7896 112 1992
712 7903 102 1995
713 7895 106 1999
714 7895 106 1999
715 7899 107 1994
716 7901 98 2001
717 7911 99 1990
718 7905 90 2005
719 7909 94 1997
720 7905 93 2002
721 7893 103 2004
722 7893 111 1996
723 7894 107 1999
724 7888 116 1996
725 7901 109 1990
726 7896 114 1990
727 7893 108 1999
728 7896 107 1997
729 7890 114 1996
730 7899 103 1998
731 7912 102 1986
732 7913 96 1991
733 7919 93 1988
734 7918 94 1988
735 7923 92 1985
736 7926 96 1978
737 7933 93 1974
738 7942 87 1971
739 7945 90 1965
740 7947 97 1956
741 7954 98 1948
742 7955 100 1945
743 7947 108 1945
744 7941 107 1952
745 7937 120 1943
746 7938 125 1937
747 7937 121 1942
748 7938 128 1934
749 7945 124 1931
750 7938 126 1936
751 7939 121 1940
752 7925 133 1942
753 7916 147 1937
754 7908 145 1947
755 7908 139 1953
756 7901 135 1964
757 7900 119 1981
758 7898 116 1986
759 7904 116 1980
760 7903 119 1978
761 7897 121 1982
762 7894 114 1992
763 7899 103 1998
764 7911 93 1996
765 7924 85 1991
766 7931 83 1986
767 7942 83 1975
768 7958 84 1958
769 7961 86 1953
770 7966 87 1947
771 7969 89 1942
772 7969 89 1942
773 7972 85 1943
774 7971 88 1941
775 7974 91 1935
776 7983 82 1935
777 7987 83 1930
778 8000 74 1926
779 7999 77 1924
780 8010 76 1914
781 8029 70 1901
782 8039 71 1890
783 8044 76 1880
784 8042 78 1880
785 8043 77 1880
786 8054 77 1869
787 8059 75 1866
788 8065 74 1861
789 8072 75 1853
790 8081 74 1845
791 8085 75 1840
792 8090 74 1836
793 8091 72 1837
794 8102 69 1829
795 8107 74 1819
796 8106 85 1809
797 8113 85 1802
798 8117 84 1799
799 8127 80 1793
800 8134 78 1788
801 8137 75 1788
802 8148 71 1781
803 8154 71 1775
804 8148 71 1781
805 8155 69 1776
806 8168 62 1770
807 8180 59 1761
808 8192 56 1752
809 8190 64 1746
810 8199 60 1741
811 8205 62 1733
812 8225 59 1716
813 8237 64 1699
814 8238 61 1701
815 8246 69 1685
816 8245 72 1683
817 8242 75 1683
818 8251 74 1675
819 8253 72 1675
820 8263 71 1666
821 8269 67 1664
822 8275 74 1651
823 8275 76 1649
824 8275 75 1650
825 8278 76 1646
826 8282 80 1638
827 8283 76 1641
828 8294 78 1628
829 8300 81 1619
830 8302 77 1621
831 8305 77 1618
832 8307 74 1619
833 8300 85 1615
834 8306 79 1615
835 8309 84 1607
836 8299 94 1607
837 8299 96 1605
838 8300 90 1610
839 8298 94 1608
840 8289 97 1614
841 8288 96 1616
842 8285 95 1620
843 8280 93 1627
844 8278 88 1634
845 8276 85 1639
846 8278 85 1637
847 8283 86 1631
848 8283 80 1637
849 8282 90 1628
850 8279 86 1635
851 8284 88 1628
852 8269 94 1637
853 8274 88 1638
854 8282 93 1625
855 8285 93 1622
856 8282 82 1636
857 8281 75 1644
858 8284 78 1638
859 8281 78 1641
860 8274 91 1635
861 8274 96 1630
862 8273 89 1638
863 8271 82 1647
864 8266 87 1647
865 8264 92 1644
866 8261 88 1651
867 8266 90 1644
868 8254 101 1645
869 8251 110 1639
870 8249 112 1639
871 8227 129 1644
872 8212 136 1652
873 8196 134 1670
874 8181 138 1681
875 8162 143 1695
876 8140 155 1705
877 8134 158 1708
878 8118 168 1714
879 8111 160 1729
880 8103 152 1745
881 8082 165 1753
882 8070 161 1769
883 8072 151 1777
884 8059 160 1781
885 8039 152 1809
886 8044 144 1812
887 8046 135 1819
888 8039 133 1828
889 8025 139 1836
890 8023 144 1833
891 8021 138 1841
892 8021 136 1843
893 8011 140 1849
894 8007 141 1852
895 8014 136 1850
896 8018 126 1856
897 8011 130 1859
898 8003 133 1864
899 8000 126 1874
900 8003 112 1885
901 8014 110 1876
902 8016 109 1875
903 8029 93 1878
904 8032 87 1881
905 8047 71 1882
906 8055 68 1877
907 8065 59 1876
908 8075 56 1869
909 8086 54 1860
910 8104 50 1846
911 8128 45 1827
912 8143 39 1818
913 8162 38 1800
914 8176 32 1792
915 8180 36 1784
916 8188 34 1778
917 8202 31 1767
918 8221 26 1753
919 8234 19 1747
920 8254 18 1728
921 8264 21 1715
922 8281 21 1698
923 8293 20 1687
924 8306 20 1674
925 8320 20 1660
926 8323 17 1660
927 8333 21 1646
928 8344 20 1636
929 8347 24 1629
930 8352 31 1617
931 8367 27 1606
932 8382 28 1590
933 8397 26 1577
934 8415 26 1559
935 8432 24 1544
936 8448 26 1526
937 8462 27 1511
938 8473 27 1500
939 8484 26 1490
940 8489 25 1486
941 8496 28 1476
942 8497 31 1472
943 8504 29 1467
944 8518 31 1451
945 8526 29 1445
946 8530 32 1438
947 8542 26 1432
948 8555 28 1417
949 8575 25 1400
950 8583 27 1390
951 8592 25 1383
952 8606 23 1371
953 8625 21 1354
954 8641 14 1345
955 8652 14 1334
956 8667 13 1320
957 8678 11 1311
958 8694 10 1296
959 8707 8 1285
960 8717 9 1274
961 8725 8 1267
962 8737 9 1254
963 8748 10 1242
964 8760 7 1233
965 8769 5 1226
966 8779 4 1217
967 8795 4 1201
968 8814 4 1182
969 8821 5 1174
970 8831 4 1165
971 8842 4 1154
972 8848 4 1148
973 8856 4 1140
974 8866 4 1130
975 8881 5 1114
976 8889 5 1106
977 8908 3 1089
978 8918 2 1080
979 8928 2 1070
980 8941 2 1057
981 8947 1 1052
982 8963 1 1036
983 8972 1 1027
984 8980 1 1019
985 8989 0 1011
986 8997 0 1003
987 9011 0 989
988 9021 0 979
989 9028 0 972
990 9041 0 959
991 9056 0 944
992 9062 0 938
993 9071 0 929
994 9080 0 920
995 9086 0 914
996 9100 0 900
997 9111 0 889
998 9120 0 880
999 9127 0 873
