0 9999 1 0
1 9997 3 0
2 9995 4 1
3 9995 3 2
4 9995 3 2
5 9994 4 2
6 9993 4 3
7 9989 8 3
8 9988 7 5
9 9985 8 7
10 9984 8 8
11 9980 11 9
12 9976 13 11
13 9970 18 12
14 9966 16 18
15 9961 20 19
16 9951 28 21
17 9940 32 28
18 9927 40 33
19 9920 38 42
20 9911 41 48
21 9901 39 60
22 9894 41 65
23 9883 44 73
24 9874 47 79
25 9872 45 83
26 9863 47 90
27 9846 54 100
28 9841 49 110
29 9832 53 115
30 9822 54 124
31 9809 64 127
32 9795 67 138
33 9793 60 147
34 9788 56 156
35 9783 53 164
36 9772 50 178
37 9765 52 183
38 9756 55 189
39 9743 54 203
40 9742 48 210
41 9736 49 215
42 9715 68 217
43 9704 76 220
44 9687 86 227
45 9680 80 240
46 9661 90 249
47 9657 75 268
48 9648 75 277
49 9641 73 286
50 9631 72 297
51 9619 74 307
52 9606 80 314
53 9601 76 323
54 9581 87 332
55 9569 92 339
56 9557 97 346
57 9550 91 359
58 9538 87 375
59 9536 79 385
60 9522 83 395
61 9507 88 405
62 9502 84 414
63 9493 85 422
64 9479 89 432
65 9470 86 444
66 9452 98 450
67 9446 92 462
68 9436 89 475
69 9414 101 485
70 9399 111 490
71 9372 129 499
72 9353 129 518
73 9340 123 537
74 9322 120 558
75 9300 124 576
76 9276 140 584
77 9255 152 593
78 9241 148 611
79 9230 146 624
80 9216 131 653
81 9211 119 670
82 9197 120 683
83 9168 131 701
84 9157 122 721
85 9143 125 732
86 9121 126 753
87 9101 130 769
88 9092 122 786
89 9082 121 797
90 9067 130 803
91 9050 131 819
92 9033 130 837
93 9015 129 856
94 8999 131 870
95 8980 124 896
96 8972 129 899
97 8956 136 908
98 8944 130 926
99 8932 135 933
100 8911 149 940
101 8889 153 958
102 8867 154 979
103 8845 161 994
104 8831 174 995
105 8805 178 1017
106 8778 176 1046
107 8755 166 1079
108 8733 164 1103
109 8705 170 1125
110 8674 173 1153
111 8657 173 1170
112 8636 171 1193
113 8618 174 1208
114 8595 182 1223
115 8577 187 1236
116 8558 181 1261
117 8533 184 1283
118 8521 182 1297
119 8508 170 1322
120 8500 165 1335
121 8477 163 1360
122 8457 167 1376
123 8446 162 1392
124 8424 164 1412
125 8410 166 1424
126 8386 168 1446
127 8362 172 1466
128 8347 178 1475
129 8345 162 1493
130 8330 172 1498
131 8317 178 1505
132 8310 178 1512
133 8276 207 1517
134 8256 198 1546
135 8223 211 1566
136 8195 206 1599
137 8195 207 1598
138 8180 195 1625
139 8172 199 1629
140 8148 199 1653
141 8151 179 1670
142 8129 178 1693
143 8124 185 1691
144 8113 176 1711
145 8102 180 1718
146 8082 190 1728
147 8063 200 1737
148 8058 197 1745
149 8043 205 1752
150 8040 197 1763
151 8025 191 1784
152 8012 190 1798
153 7995 178 1827
154 7978 180 1842
155 7949 205 1846
156 7936 200 1864
157 7924 201 1875
158 7898 202 1900
159 7878 202 1920
160 7865 191 1944
161 7848 194 1958
162 7819 210 1971
163 7820 191 1989
164 7801 193 2006
165 7788 190 2022
166 7780 169 2051
167 7763 170 2067
168 7746 183 2071
169 7729 189 2082
170 7715 192 2093
171 7696 193 2111
172 7685 197 2118
173 7659 201 2140
174 7632 213 2155
175 7608 214 2178
176 7600 211 2189
177 7586 216 2198
178 7586 202 2212
179 7575 196 2229
180 7569 191 2240
181 7552 197 2251
182 7542 195 2263
183 7523 197 2280
184 7512 198 2290
185 7503 196 2301
186 7490 189 2321
187 7495 179 2326
188 7498 176 2326
189 7479 189 2332
190 7454 212 2334
191 7445 228 2327
192 7436 214 2350
193 7417 214 2369
194 7408 219 2373
195 7392 219 2389
196 7376 216 2408
197 7351 223 2426
198 7342 219 2439
199 7311 218 2471
200 7290 226 2484
201 7275 220 2505
202 7275 205 2520
203 7267 201 2532
204 7258 185 2557
205 7271 178 2551
206 7273 167 2560
207 7278 157 2565
208 7279 154 2567
209 7288 153 2559
210 7279 146 2575
211 7284 144 2572
212 7290 150 2560
213 7288 159 2553
214 7287 153 2560
215 7277 157 2566
216 7255 166 2579
217 7235 175 2590
218 7237 179 2584
219 7234 170 2596
220 7226 174 2600
221 7219 170 2611
222 7220 168 2612
223 7216 167 2617
224 7194 178 2628
225 7194 181 2625
226 7195 181 2624
227 7190 184 2626
228 7189 172 2639
229 7188 166 2646
230 7192 155 2653
231 7186 151 2663
232 7173 161 2666
233 7171 166 2663
234 7164 179 2657
235 7145 189 2666
236 7131 196 2673
237 7101 210 2689
238 7095 203 2702
239 7097 197 2706
240 7100 173 2727
241 7091 181 2728
242 7079 184 2737
243 7073 189 2738
244 7073 178 2749
245 7060 178 2762
246 7059 170 2771
247 7054 176 2770
248 7056 176 2768
249 7051 178 2771
250 7035 195 2770
251 7031 192 2777
252 7010 202 2788
253 7003 213 2784
254 6997 210 2793
255 6991 208 2801
256 6978 217 2805
257 6971 222 2807
258 6977 207 2816
259 6960 198 2842
260 6956 199 2845
261 6947 197 2856
262 6944 193 2863
263 6950 174 2876
264 6952 174 2874
265 6956 154 2890
266 6957 150 2893
267 6963 145 2892
268 6960 145 2895
269 6964 139 2897
270 6970 127 2903
271 6974 129 2897
272 6974 129 2897
273 6981 119 2900
274 6989 108 2903
275 7005 109 2886
276 7010 117 2873
277 7026 117 2857
278 7031 122 2847
279 7039 118 2843
280 7051 120 2829
281 7056 124 2820
282 7057 122 2821
283 7063 127 2810
284 7057 131 2812
285 7063 133 2804
286 7076 129 2795
287 7078 124 2798
288 7087 127 2786
289 7103 118 2779
290 7102 120 2778
291 7102 118 2780
292 7112 117 2771
293 7128 105 2767
294 7133 106 2761
295 7132 110 2758
296 7146 113 2741
297 7156 113 2731
298 7162 113 2725
299 7170 117 2713
300 7188 116 2696
301 7198 116 2686
302 7209 115 2676
303 7227 111 2662
304 7232 114 2654
305 7232 117 2651
306 7245 120 2635
307 7252 122 2626
308 7268 114 2618
309 7268 120 2612
310 7269 133 2598
311 7276 132 2592
312 7274 130 2596
313 7275 133 2592
314 7276 132 2592
315 7283 141 2576
316 7264 163 2573
317 7269 169 2562
318 7256 174 2570
319 7242 176 2582
320 7247 181 2572
321 7233 188 2579
322 7231 189 2580
323 7228 181 2591
324 7227 172 2601
325 7220 163 2617
326 7221 169 2610
327 7221 157 2622
328 7217 149 2634
329 7209 153 2638
330 7214 142 2644
331 7226 141 2633
332 7236 147 2617
333 7246 134 2620
334 7252 131 2617
335 7255 126 2619
336 7268 113 2619
337 7273 119 2608
338 7269 130 2601
339 7272 119 2609
340 7290 114 2596
341 7293 111 2596
342 7296 116 2588
343 7308 111 2581
344 7323 103 2574
345 7336 95 2569
346 7350 99 2551
347 7360 95 2545
348 7366 94 2540
349 7386 96 2518
350 7392 98 2510
351 7393 92 2515
352 7406 85 2509
353 7428 76 2496
354 7445 69 2486
355 7455 70 2475
356 7470 68 2462
357 7481 73 2446
358 7493 73 2434
359 7519 61 2420
360 7535 54 2411
361 7554 50 2396
362 7574 47 2379
363 7584 50 2366
364 7614 47 2339
365 7626 51 2323
366 7641 49 2310
367 7652 49 2299
368 7671 52 2277
369 7687 57 2256
370 7701 58 2241
371 7721 53 2226
372 7734 48 2218
373 7740 56 2204
374 7759 45 2196
375 7773 47 2180
376 7785 44 2171
377 7793 47 2160
378 7811 49 2140
379 7830 50 2120
380 7836 57 2107
381 7852 52 2096
382 7853 62 2085
383 7860 55 2085
384 7874 52 2074
385 7886 53 2061
386 7892 55 2053
387 7896 53 2051
388 7919 46 2035
389 7943 38 2019
390 7956 41 2003
391 7984 32 1984
392 7987 35 1978
393 7998 34 1968
394 8006 37 1957
395 8017 36 1947
396 8036 32 1932
397 8051 31 1918
398 8066 29 1905
399 8079 30 1891
400 8097 31 1872
401 8112 27 1861
402 8122 33 1845
403 8141 35 1824
404 8153 33 1814
405 8171 31 1798
406 8177 31 1792
407 8184 35 1781
408 8196 32 1772
409 8210 24 1766
410 8228 18 1754
411 8244 16 1740
412 8260 13 1727
413 8276 13 1711
414 8290 11 1699
415 8308 7 1685
416 8320 7 1673
417 8335 9 1656
418 8348 9 1643
419 8366 8 1626
420 8382 6 1612
421 8397 2 1601
422 8407 2 1591
423 8422 3 1575
424 8431 4 1565
425 8447 4 1549
426 8456 4 1540
427 8464 4 1532
428 8476 4 1520
429 8488 4 1508
430 8499 4 1497
431 8522 3 1475
432 8533 3 1464
433 8547 2 1451
434 8560 2 1438
435 8573 2 1425
436 8589 1 1410
437 8599 0 1401
438 8612 0 1388
439 8629 0 1371
440 8644 0 1356
441 8654 0 1346
442 8670 0 1330
443 8684 0 1316
444 8701 0 1299
445 8719 0 1281
446 8726 0 1274
447 8737 0 1263
448 8751 0 1249
449 8770 0 1230
450 8777 0 1223
451 8786 0 1214
452 8798 0 1202
453 8810 0 1190
454 8819 0 1181
455 8837 0 1163
456 8848 0 1152
457 8854 0 1146
458 8863 0 1137
459 8877 0 1123
460 8886 0 1114
461 8893 0 1107
462 8903 0 1097
463 8910 0 1090
464 8914 0 1086
465 8927 0 1073
466 8938 0 1062
467 8945 0 1055
468 8959 0 1041
469 8970 0 1030
470 8982 0 1018
471 8993 0 1007
472 9002 0 998
473 9009 0 991
474 9023 0 977
475 9036 0 964
476 9047 0 953
477 9059 0 941
478 9069 0 931
479 9079 0 921
480 9090 0 910
481 9101 0 899
482 9108 0 892
483 9112 0 888
484 9121 0 879
485 9125 0 875
486 9134 0 866
487 9144 0 856
488 9152 0 848
489 9159 0 841
490 9164 0 836
491 9170 0 830
492 9174 0 826
493 9184 0 816
494 9197 0 803
495 9207 0 793
496 9214 0 786
497 9220 0 780
498 9226 0 774
499 9237 0 763
500 9247 0 753
501 9255 0 745
502 9257 0 743
503 9266 0 734
504 9268 0 732
505 9277 0 723
506 9285 0 715
507 9291 0 709
508 9296 0 704
509 9304 0 696
510 9313 0 687
511 9319 0 681
512 9322 0 678
513 9327 0 673
514 9334 0 666
515 9339 0 661
516 9346 0 654
517 9356 0 644
518 9358 0 642
519 9363 0 637
520 9370 0 630
521 9379 0 621
522 9388 0 612
523 9394 0 606
524 9398 0 602
525 9405 0 595
526 9411 0 589
527 9415 0 585
528 9420 0 580
529 9425 0 575
530 9431 0 569
531 9438 0 562
532 9443 0 557
533 9447 0 553
534 9453 0 547
535 9462 0 538
536 9467 0 533
537 9474 0 526
538 9480 0 520
539 9489 0 511
540 9493 0 507
541 9495 0 505
542 9506 0 494
543 9511 0 489
544 9516 0 484
545 9524 0 476
546 9526 0 474
547 9532 0 468
548 9536 0 464
549 9542 0 458
550 9547 0 453
551 9552 0 448
552 9558 0 442
553 9561 0 439
554 9566 0 434
555 9566 0 434
556 9568 0 432
557 9572 0 428
558 9576 0 424
559 9580 0 420
560 9584 0 416
561 9587 0 413
562 9588 0 412
563 9592 0 408
564 9598 0 402
565 9600 0 400
566 9607 0 393
567 9607 0 393
568 9613 0 387
569 9618 0 382
570 9625 0 375
571 9629 0 371
572 9631 0 369
573 9637 0 363
574 9641 0 359
575 9644 0 356
576 9650 0 350
577 9651 0 349
578 9655 0 345
579 9660 0 340
580 9667 0 333
581 9674 0 326
582 9675 0 325
583 9675 0 325
584 9678 0 322
585 9683 0 317
586 9686 0 314
587 9690 0 310
588 9695 0 305
589 9699 0 301
590 9701 0 299
591 9703 0 297
592 9704 0 296
593 9707 0 293
594 9713 0 287
595 9715 0 285
596 9719 0 281
597 9719 0 281
598 9725 0 275
599 9727 0 273
600 9731 0 269
601 9733 0 267
602 9736 0 264
603 9739 0 261
604 9741 0 259
605 9743 0 257
606 9745 0 255
607 9748 0 252
608 9749 0 251
609 9749 0 251
610 9749 0 251
611 9751 0 249
612 9755 0 245
613 9757 0 243
614 9759 0 241
615 9762 0 238
616 9765 0 235
617 9770 0 230
618 9772 0 228
619 9775 0 225
620 9775 0 225
621 9777 0 223
622 9779 0 221
623 9780 0 220
624 9785 0 215
625 9788 0 212
626 9790 0 210
627 9792 0 208
628 9795 0 205
629 9796 0 204
630 9799 0 201
631 9802 0 198
632 9803 0 197
633 9803 0 197
634 9803 0 197
635 9805 0 195
636 9806 0 194
637 9811 0 189
638 9812 0 188
639 9816 0 184
640 9818 0 182
641 9819 0 181
642 9819 0 181
643 9821 0 179
644 9823 0 177
645 9826 0 174
646 9828 0 172
647 9829 0 171
648 9833 0 167
649 9835 0 165
650 9837 0 163
651 9838 0 162
652 9839 0 161
653 9841 0 159
654 9841 0 159
655 9842 0 158
656 9845 0 155
657 9846 0 154
658 9850 0 150
659 9851 0 149
660 9851 0 149
661 9852 0 148
662 9853 0 147
663 9853 0 147
664 9857 0 143
665 9859 0 141
666 9860 0 140
667 9862 0 138
668 9863 0 137
669 9865 0 135
670 9866 0 134
671 9867 0 133
672 9868 0 132
673 9871 0 129
674 9873 0 127
675 9874 0 126
676 9878 0 122
677 9878 0 122
678 9878 0 122
679 9879 0 121
680 9880 0 120
681 9881 0 119
682 9882 0 118
683 9883 0 117
684 9883 0 117
685 9883 0 117
686 9885 0 115
687 9886 0 114
688 9887 0 113
689 9889 0 111
690 9890 0 110
691 9891 0 109
692 9893 0 107
693 9893 0 107
694 9895 0 105
695 9897 0 103
696 9899 0 101
697 9899 0 101
698 9900 0 100
699 9901 0 99
700 9901 0 99
701 9902 0 98
702 9903 0 97
703 9903 0 97
704 9904 0 96
705 9904 0 96
706 9905 0 95
707 9906 0 94
708 9906 0 94
709 9907 0 93
710 9909 0 91
711 9909 0 91
712 9909 0 91
713 9909 0 91
714 9911 0 89
715 9911 0 89
716 9911 0 89
717 9912 0 88
718 9913 0 87
719 9914 0 86
720 9916 0 84
721 9916 0 84
722 9916 0 84
723 9917 0 83
724 9917 0 83
725 9917 0 83
726 9917 0 83
727 9918 0 82
728 9920 0 80
729 9920 0 80
730 9920 0 80
731 9922 0 78
732 9923 0 77
733 9923 0 77
734 9924 0 76
735 9924 0 76
736 9924 0 76
737 9924 0 76
738 9925 0 75
739 9925 0 75
740 9925 0 75
741 9925 0 75
742 9927 0 73
743 9929 0 71
744 9930 0 70
745 9931 0 69
746 9931 0 69
747 9931 0 69
748 9931 0 69
749 9933 0 67
750 9934 0 66
751 9936 0 64
752 9938 0 62
753 9939 0 61
754 9940 0 60
755 9941 0 59
756 9941 0 59
757 9944 0 56
758 9944 0 56
759 9947 0 53
760 9948 0 52
761 9948 0 52
762 9949 0 51
763 9949 0 51
764 9949 0 51
765 9949 0 51
766 9949 0 51
767 9951 0 49
768 9951 0 49
769 9952 0 48
770 9953 0 47
771 9953 0 47
772 9953 0 47
773 9953 0 47
774 9953 0 47
775 9953 0 47
776 9954 0 46
777 9954 0 46
778 9954 0 46
779 9954 0 46
780 9954 0 46
781 9954 0 46
782 9954 0 46
783 9955 0 45
784 9955 0 45
785 9956 0 44
786 9956 0 44
787 9956 0 44
788 9956 0 44
789 9956 0 44
790 9956 0 44
791 9956 0 44
792 9956 0 44
793 9956 0 44
794 9956 0 44
795 9956 0 44
796 9956 0 44
797 9956 0 44
798 9956 0 44
799 9957 0 43
800 9957 0 43
801 9957 0 43
802 9957 0 43
803 9957 0 43
804 9957 0 43
805 9957 0 43
806 9960 0 40
807 9961 0 39
808 9961 0 39
809 9961 0 39
810 9961 0 39
811 9961 0 39
812 9961 0 39
813 9961 0 39
814 9962 0 38
815 9963 0 37
816 9964 0 36
817 9964 0 36
818 9965 0 35
819 9965 0 35
820 9965 0 35
821 9965 0 35
822 9965 0 35
823 9967 0 33
824 9967 0 33
825 9968 0 32
826 9968 0 32
827 9969 0 31
828 9969 0 31
829 9969 0 31
830 9969 0 31
831 9969 0 31
832 9970 0 30
833 9973 0 27
834 9973 0 27
835 9973 0 27
836 9973 0 27
837 9973 0 27
838 9973 0 27
839 9973 0 27
840 9974 0 26
841 9974 0 26
842 9975 0 25
843 9975 0 25
844 9975 0 25
845 9975 0 25
846 9976 0 24
847 9976 0 24
848 9977 0 23
849 9977 0 23
850 9977 0 23
851 9977 0 23
852 9977 0 23
853 9978 0 22
854 9979 0 21
855 9979 0 21
856 9979 0 21
857 9979 0 21
858 9979 0 21
859 9979 0 21
860 9980 0 20
861 9980 0 20
862 9980 0 20
863 9980 0 20
864 9981 0 19
865 9981 0 19
866 9981 0 19
867 9981 0 19
868 9981 0 19
869 9981 0 19
870 9981 0 19
871 9982 0 18
872 9982 0 18
873 9982 0 18
874 9983 0 17
875 9983 0 17
876 9983 0 17
877 9983 0 17
878 9983 0 17
879 9983 0 17
880 9983 0 17
881 9983 0 17
882 9983 0 17
883 9983 0 17
884 9983 0 17
885 9983 0 17
886 9983 0 17
887 9983 0 17
888 9984 0 16
889 9984 0 16
890 9984 0 16
891 9984 0 16
892 9984 0 16
893 9984 0 16
894 9985 0 15
895 9985 0 15
896 9985 0 15
897 9985 0 15
898 9985 0 15
899 9985 0 15
900 9985 0 15
901 9985 0 15
902 9985 0 15
903 9985 0 15
904 9985 0 15
905 9985 0 15
906 9985 0 15
907 9985 0 15
908 9985 0 15
909 9985 0 15
910 9985 0 15
911 9985 0 15
912 9985 0 15
913 9985 0 15
914 9985 0 15
915 9985 0 15
916 9986 0 14
917 9986 0 14
918 9986 0 14
919 9987 0 13
920 9987 0 13
921 9987 0 13
922 9987 0 13
923 9987 0 13
924 9987 0 13
925 9987 0 13
926 9988 0 12
927 9988 0 12
928 9988 0 12
929 9989 0 11
930 9989 0 11
931 9989 0 11
932 9989 0 11
933 9989 0 11
934 9989 0 11
935 9989 0 11
936 9989 0 11
937 9990 0 10
938 9991 0 9
939 9991 0 9
940 9991 0 9
941 9991 0 9
942 9991 0 9
943 9991 0 9
944 9991 0 9
945 9991 0 9
946 9991 0 9
947 9991 0 9
948 9991 0 9
949 9991 0 9
950 9991 0 9
951 9991 0 9
952 9991 0 9
953 9991 0 9
954 9991 0 9
955 9991 0 9
956 9991 0 9
957 9991 0 9
958 9991 0 9
959 9991 0 9
960 9991 0 9
961 9991 0 9
962 9991 0 9
963 9991 0 9
964 9991 0 9
965 9991 0 9
966 9991 0 9
967 9991 0 9
968 9991 0 9
969 9992 0 8
970 9992 0 8
971 9992 0 8
972 9992 0 8
973 9992 0 8
974 9992 0 8
975 9992 0 8
976 9992 0 8
977 9992 0 8
978 9993 0 7
979 9993 0 7
980 9993 0 7
981 9994 0 6
982 9994 0 6
983 9994 0 6
984 9994 0 6
985 9994 0 6
986 9994 0 6
987 9994 0 6
988 9994 0 6
989 9994 0 6
990 9994 0 6
991 9994 0 6
992 9994 0 6
993 9994 0 6
994 9994 0 6
995 9994 0 6
996 9994 0 6
997 9994 0 6
998 9994 0 6
999 9994 0 6
