1 9.991880e-01 7.320000e-04 8.000000e-05
2 9.984280e-01 1.320000e-03 2.520000e-04
3 9.971520e-01 2.264000e-03 5.840000e-04
4 9.947920e-01 4.028000e-03 1.180000e-03
5 9.907200e-01 7.132000e-03 2.148000e-03
6 9.840240e-01 1.223600e-02 3.740000e-03
7 9.740640e-01 1.933600e-02 6.600000e-03
8 9.592200e-01 2.984800e-02 1.093200e-02
9 9.384040e-01 4.430000e-02 1.729600e-02
10 9.110000e-01 6.231200e-02 2.668800e-02
11 8.772800e-01 8.320800e-02 3.951200e-02
12 8.368320e-01 1.067280e-01 5.644000e-02
13 7.902120e-01 1.320360e-01 7.775200e-02
14 7.381160e-01 1.585640e-01 1.033200e-01
15 6.828080e-01 1.838000e-01 1.333920e-01
16 6.229640e-01 2.094600e-01 1.675760e-01
17 5.617720e-01 2.320720e-01 2.061560e-01
18 5.006680e-01 2.513160e-01 2.480160e-01
19 4.388480e-01 2.674520e-01 2.937000e-01
20 3.790960e-01 2.788720e-01 3.420320e-01
21 3.222800e-01 2.865040e-01 3.912160e-01
22 2.698360e-01 2.888200e-01 4.413440e-01
23 2.224520e-01 2.860320e-01 4.915160e-01
24 1.807600e-01 2.783800e-01 5.408600e-01
25 1.450880e-01 2.661560e-01 5.887560e-01
26 1.155320e-01 2.515800e-01 6.328880e-01
27 9.140800e-02 2.333520e-01 6.752400e-01
28 7.189200e-02 2.141560e-01 7.139520e-01
29 5.655600e-02 1.941360e-01 7.493080e-01
30 4.426800e-02 1.743760e-01 7.813560e-01
31 3.521600e-02 1.542360e-01 8.105480e-01
32 2.859200e-02 1.352080e-01 8.362000e-01
33 2.380400e-02 1.175240e-01 8.586720e-01
34 2.041600e-02 1.018800e-01 8.777040e-01
35 1.809200e-02 8.760000e-02 8.943080e-01
36 1.633600e-02 7.543600e-02 9.082280e-01
37 1.502800e-02 6.436000e-02 9.206120e-01
38 1.401600e-02 5.488400e-02 9.311000e-01
39 1.320800e-02 4.707600e-02 9.397160e-01
40 1.266000e-02 4.022400e-02 9.471160e-01
41 1.225600e-02 3.433200e-02 9.534120e-01
42 1.193600e-02 2.908000e-02 9.589840e-01
43 1.169200e-02 2.474000e-02 9.635680e-01
44 1.146800e-02 2.092000e-02 9.676120e-01
45 1.128800e-02 1.755200e-02 9.711600e-01
46 1.116800e-02 1.477600e-02 9.740560e-01
47 1.107600e-02 1.247200e-02 9.764520e-01
48 1.097600e-02 1.052400e-02 9.785000e-01
49 1.090000e-02 9.020000e-03 9.800800e-01
50 1.081200e-02 7.656000e-03 9.815320e-01
51 1.075600e-02 6.476000e-03 9.827680e-01
52 1.072400e-02 5.532000e-03 9.837440e-01
53 1.068000e-02 4.644000e-03 9.846760e-01
54 1.062000e-02 3.952000e-03 9.854280e-01
55 1.058400e-02 3.428000e-03 9.859880e-01
56 1.056800e-02 2.892000e-03 9.865400e-01
57 1.053600e-02 2.424000e-03 9.870400e-01
58 1.050400e-02 2.052000e-03 9.874440e-01
59 1.050000e-02 1.760000e-03 9.877400e-01
60 1.048000e-02 1.508000e-03 9.880120e-01
61 1.046800e-02 1.248000e-03 9.882840e-01
62 1.046800e-02 1.012000e-03 9.885200e-01
63 1.045200e-02 8.600000e-04 9.886880e-01
64 1.044800e-02 7.200000e-04 9.888320e-01
65 1.044000e-02 6.280000e-04 9.889320e-01
66 1.043600e-02 4.720000e-04 9.890920e-01
67 1.042400e-02 4.080000e-04 9.891680e-01
68 1.041600e-02 3.520000e-04 9.892320e-01
69 1.041200e-02 3.080000e-04 9.892800e-01
70 1.041200e-02 2.480000e-04 9.893400e-01
71 1.041200e-02 2.120000e-04 9.893760e-01
72 1.041200e-02 1.720000e-04 9.894160e-01
73 1.040800e-02 1.600000e-04 9.894320e-01
74 1.040800e-02 1.440000e-04 9.894480e-01
75 1.040800e-02 9.600000e-05 9.894960e-01
76 1.040800e-02 9.200000e-05 9.895000e-01
77 1.040800e-02 7.600000e-05 9.895160e-01
78 1.040800e-02 7.600000e-05 9.895160e-01
79 1.040800e-02 7.200000e-05 9.895200e-01
80 1.040800e-02 6.000000e-05 9.895320e-01
81 1.040800e-02 5.200000e-05 9.895400e-01
82 1.040800e-02 4.000000e-05 9.895520e-01
83 1.040800e-02 3.600000e-05 9.895560e-01
84 1.040800e-02 3.200000e-05 9.895600e-01
85 1.040800e-02 2.400000e-05 9.895680e-01
86 1.040800e-02 1.600000e-05 9.895760e-01
87 1.040800e-02 1.200000e-05 9.895800e-01
88 1.040800e-02 8.000000e-06 9.895840e-01
89 1.040800e-02 8.000000e-06 9.895840e-01
90 1.040800e-02 4.000000e-06 9.895880e-01
91 1.040800e-02 4.000000e-06 9.895880e-01
92 1.040800e-02 4.000000e-06 9.895880e-01
93 1.040800e-02 4.000000e-06 9.895880e-01
94 1.040800e-02 4.000000e-06 9.895880e-01
95 1.040800e-02 4.000000e-06 9.895880e-01
96 1.040800e-02 4.000000e-06 9.895880e-01
97 1.040800e-02 4.000000e-06 9.895880e-01
98 1.040800e-02 4.000000e-06 9.895880e-01
99 1.040800e-02 4.000000e-06 9.895880e-01
100 1.040800e-02 0.000000e+00 9.895920e-01
101 1.040800e-02 0.000000e+00 9.895920e-01
102 1.040800e-02 0.000000e+00 9.895920e-01
103 1.040800e-02 0.000000e+00 9.895920e-01
104 1.040800e-02 0.000000e+00 9.895920e-01
105 1.040800e-02 0.000000e+00 9.895920e-01
106 1.040800e-02 0.000000e+00 9.895920e-01
107 1.040800e-02 0.000000e+00 9.895920e-01
108 1.040800e-02 0.000000e+00 9.895920e-01
109 1.040800e-02 0.000000e+00 9.895920e-01
110 1.040800e-02 0.000000e+00 9.895920e-01
111 1.040800e-02 0.000000e+00 9.895920e-01
112 1.040800e-02 0.000000e+00 9.895920e-01
113 1.040800e-02 0.000000e+00 9.895920e-01
114 1.040800e-02 0.000000e+00 9.895920e-01
115 1.040800e-02 0.000000e+00 9.895920e-01
116 1.040800e-02 0.000000e+00 9.895920e-01
117 1.040800e-02 0.000000e+00 9.895920e-01
118 1.040800e-02 0.000000e+00 9.895920e-01
119 1.040800e-02 0.000000e+00 9.895920e-01
120 1.040800e-02 0.000000e+00 9.895920e-01
121 1.040800e-02 0.000000e+00 9.895920e-01
122 1.040800e-02 0.000000e+00 9.895920e-01
123 1.040800e-02 0.000000e+00 9.895920e-01
124 1.040800e-02 0.000000e+00 9.895920e-01
125 1.040800e-02 0.000000e+00 9.895920e-01
126 1.040800e-02 0.000000e+00 9.895920e-01
127 1.040800e-02 0.000000e+00 9.895920e-01
128 1.040800e-02 0.000000e+00 9.895920e-01
129 1.040800e-02 0.000000e+00 9.895920e-01
130 1.040800e-02 0.000000e+00 9.895920e-01
131 1.040800e-02 0.000000e+00 9.895920e-01
132 1.040800e-02 0.000000e+00 9.895920e-01
133 1.040800e-02 0.000000e+00 9.895920e-01
134 1.040800e-02 0.000000e+00 9.895920e-01
135 1.040800e-02 0.000000e+00 9.895920e-01
136 1.040800e-02 0.000000e+00 9.895920e-01
137 1.040800e-02 0.000000e+00 9.895920e-01
138 1.040800e-02 0.000000e+00 9.895920e-01
139 1.040800e-02 0.000000e+00 9.895920e-01
140 1.040800e-02 0.000000e+00 9.895920e-01
141 1.040800e-02 0.000000e+00 9.895920e-01
142 1.040800e-02 0.000000e+00 9.895920e-01
143 1.040800e-02 0.000000e+00 9.895920e-01
144 1.040800e-02 0.000000e+00 9.895920e-01
145 1.040800e-02 0.000000e+00 9.895920e-01
146 1.040800e-02 0.000000e+00 9.895920e-01
147 1.040800e-02 0.000000e+00 9.895920e-01
148 1.040800e-02 0.000000e+00 9.895920e-01
149 1.040800e-02 0.000000e+00 9.895920e-01
150 1.040800e-02 0.000000e+00 9.895920e-01
151 1.040800e-02 0.000000e+00 9.895920e-01
152 1.040800e-02 0.000000e+00 9.895920e-01
153 1.040800e-02 0.000000e+00 9.895920e-01
154 1.040800e-02 0.000000e+00 9.895920e-01
155 1.040800e-02 0.000000e+00 9.895920e-01
156 1.040800e-02 0.000000e+00 9.895920e-01
157 1.040800e-02 0.000000e+00 9.895920e-01
158 1.040800e-02 0.000000e+00 9.895920e-01
159 1.040800e-02 0.000000e+00 9.895920e-01
160 1.040800e-02 0.000000e+00 9.895920e-01
161 1.040800e-02 0.000000e+00 9.895920e-01
162 1.040800e-02 0.000000e+00 9.895920e-01
163 1.040800e-02 0.000000e+00 9.895920e-01
164 1.040800e-02 0.000000e+00 9.895920e-01
165 1.040800e-02 0.000000e+00 9.895920e-01
166 1.040800e-02 0.000000e+00 9.895920e-01
167 1.040800e-02 0.000000e+00 9.895920e-01
168 1.040800e-02 0.000000e+00 9.895920e-01
169 1.040800e-02 0.000000e+00 9.895920e-01
170 1.040800e-02 0.000000e+00 9.895920e-01
171 1.040800e-02 0.000000e+00 9.895920e-01
172 1.040800e-02 0.000000e+00 9.895920e-01
173 1.040800e-02 0.000000e+00 9.895920e-01
174 1.040800e-02 0.000000e+00 9.895920e-01
175 1.040800e-02 0.000000e+00 9.895920e-01
176 1.040800e-02 0.000000e+00 9.895920e-01
177 1.040800e-02 0.000000e+00 9.895920e-01
178 1.040800e-02 0.000000e+00 9.895920e-01
179 1.040800e-02 0.000000e+00 9.895920e-01
180 1.040800e-02 0.000000e+00 9.895920e-01
181 1.040800e-02 0.000000e+00 9.895920e-01
182 1.040800e-02 0.000000e+00 9.895920e-01
183 1.040800e-02 0.000000e+00 9.895920e-01
184 1.040800e-02 0.000000e+00 9.895920e-01
185 1.040800e-02 0.000000e+00 9.895920e-01
186 1.040800e-02 0.000000e+00 9.895920e-01
187 1.040800e-02 0.000000e+00 9.895920e-01
188 1.040800e-02 0.000000e+00 9.895920e-01
189 1.040800e-02 0.000000e+00 9.895920e-01
190 1.040800e-02 0.000000e+00 9.895920e-01
191 1.040800e-02 0.000000e+00 9.895920e-01
192 1.040800e-02 0.000000e+00 9.895920e-01
193 1.040800e-02 0.000000e+00 9.895920e-01
194 1.040800e-02 0.000000e+00 9.895920e-01
195 1.040800e-02 0.000000e+00 9.895920e-01
196 1.040800e-02 0.000000e+00 9.895920e-01
197 1.040800e-02 0.000000e+00 9.895920e-01
198 1.040800e-02 0.000000e+00 9.895920e-01
199 1.040800e-02 0.000000e+00 9.895920e-01
200 1.040800e-02 0.000000e+00 9.895920e-01
201 1.040800e-02 0.000000e+00 9.895920e-01
202 1.040800e-02 0.000000e+00 9.895920e-01
203 1.040800e-02 0.000000e+00 9.895920e-01
204 1.040800e-02 0.000000e+00 9.895920e-01
205 1.040800e-02 0.000000e+00 9.895920e-01
206 1.040800e-02 0.000000e+00 9.895920e-01
207 1.040800e-02 0.000000e+00 9.895920e-01
208 1.040800e-02 0.000000e+00 9.895920e-01
209 1.040800e-02 0.000000e+00 9.895920e-01
210 1.040800e-02 0.000000e+00 9.895920e-01
211 1.040800e-02 0.000000e+00 9.895920e-01
212 1.040800e-02 0.000000e+00 9.895920e-01
213 1.040800e-02 0.000000e+00 9.895920e-01
214 1.040800e-02 0.000000e+00 9.895920e-01
215 1.040800e-02 0.000000e+00 9.895920e-01
216 1.040800e-02 0.000000e+00 9.895920e-01
217 1.040800e-02 0.000000e+00 9.895920e-01
218 1.040800e-02 0.000000e+00 9.895920e-01
219 1.040800e-02 0.000000e+00 9.895920e-01
220 1.040800e-02 0.000000e+00 9.895920e-01
221 1.040800e-02 0.000000e+00 9.895920e-01
222 1.040800e-02 0.000000e+00 9.895920e-01
223 1.040800e-02 0.000000e+00 9.895920e-01
224 1.040800e-02 0.000000e+00 9.895920e-01
225 1.040800e-02 0.000000e+00 9.895920e-01
226 1.040800e-02 0.000000e+00 9.895920e-01
227 1.040800e-02 0.000000e+00 9.895920e-01
228 1.040800e-02 0.000000e+00 9.895920e-01
229 1.040800e-02 0.000000e+00 9.895920e-01
230 1.040800e-02 0.000000e+00 9.895920e-01
231 1.040800e-02 0.000000e+00 9.895920e-01
232 1.040800e-02 0.000000e+00 9.895920e-01
233 1.040800e-02 0.000000e+00 9.895920e-01
234 1.040800e-02 0.000000e+00 9.895920e-01
235 1.040800e-02 0.000000e+00 9.895920e-01
236 1.040800e-02 0.000000e+00 9.895920e-01
237 1.040800e-02 0.000000e+00 9.895920e-01
238 1.040800e-02 0.000000e+00 9.895920e-01
239 1.040800e-02 0.000000e+00 9.895920e-01
240 1.040800e-02 0.000000e+00 9.895920e-01
241 1.040800e-02 0.000000e+00 9.895920e-01
242 1.040800e-02 0.000000e+00 9.895920e-01
243 1.040800e-02 0.000000e+00 9.895920e-01
244 1.040800e-02 0.000000e+00 9.895920e-01
245 1.040800e-02 0.000000e+00 9.895920e-01
246 1.040800e-02 0.000000e+00 9.895920e-01
247 1.040800e-02 0.000000e+00 9.895920e-01
248 1.040800e-02 0.000000e+00 9.895920e-01
249 1.040800e-02 0.000000e+00 9.895920e-01
250 1.040800e-02 0.000000e+00 9.895920e-01
251 1.040800e-02 0.000000e+00 9.895920e-01
252 1.040800e-02 0.000000e+00 9.895920e-01
253 1.040800e-02 0.000000e+00 9.895920e-01
254 1.040800e-02 0.000000e+00 9.895920e-01
255 1.040800e-02 0.000000e+00 9.895920e-01
256 1.040800e-02 0.000000e+00 9.895920e-01
257 1.040800e-02 0.000000e+00 9.895920e-01
258 1.040800e-02 0.000000e+00 9.895920e-01
259 1.040800e-02 0.000000e+00 9.895920e-01
260 1.040800e-02 0.000000e+00 9.895920e-01
261 1.040800e-02 0.000000e+00 9.895920e-01
262 1.040800e-02 0.000000e+00 9.895920e-01
263 1.040800e-02 0.000000e+00 9.895920e-01
264 1.040800e-02 0.000000e+00 9.895920e-01
265 1.040800e-02 0.000000e+00 9.895920e-01
266 1.040800e-02 0.000000e+00 9.895920e-01
267 1.040800e-02 0.000000e+00 9.895920e-01
268 1.040800e-02 0.000000e+00 9.895920e-01
269 1.040800e-02 0.000000e+00 9.895920e-01
270 1.040800e-02 0.000000e+00 9.895920e-01
271 1.040800e-02 0.000000e+00 9.895920e-01
272 1.040800e-02 0.000000e+00 9.895920e-01
273 1.040800e-02 0.000000e+00 9.895920e-01
274 1.040800e-02 0.000000e+00 9.895920e-01
275 1.040800e-02 0.000000e+00 9.895920e-01
276 1.040800e-02 0.000000e+00 9.895920e-01
277 1.040800e-02 0.000000e+00 9.895920e-01
278 1.040800e-02 0.000000e+00 9.895920e-01
279 1.040800e-02 0.000000e+00 9.895920e-01
280 1.040800e-02 0.000000e+00 9.895920e-01
281 1.040800e-02 0.000000e+00 9.895920e-01
282 1.040800e-02 0.000000e+00 9.895920e-01
283 1.040800e-02 0.000000e+00 9.895920e-01
284 1.040800e-02 0.000000e+00 9.895920e-01
285 1.040800e-02 0.000000e+00 9.895920e-01
286 1.040800e-02 0.000000e+00 9.895920e-01
287 1.040800e-02 0.000000e+00 9.895920e-01
288 1.040800e-02 0.000000e+00 9.895920e-01
289 1.040800e-02 0.000000e+00 9.895920e-01
290 1.040800e-02 0.000000e+00 9.895920e-01
291 1.040800e-02 0.000000e+00 9.895920e-01
292 1.040800e-02 0.000000e+00 9.895920e-01
293 1.040800e-02 0.000000e+00 9.895920e-01
294 1.040800e-02 0.000000e+00 9.895920e-01
295 1.040800e-02 0.000000e+00 9.895920e-01
296 1.040800e-02 0.000000e+00 9.895920e-01
297 1.040800e-02 0.000000e+00 9.895920e-01
298 1.040800e-02 0.000000e+00 9.895920e-01
299 1.040800e-02 0.000000e+00 9.895920e-01
300 1.040800e-02 0.000000e+00 9.895920e-01
301 1.040800e-02 0.000000e+00 9.895920e-01
302 1.040800e-02 0.000000e+00 9.895920e-01
303 1.040800e-02 0.000000e+00 9.895920e-01
304 1.040800e-02 0.000000e+00 9.895920e-01
305 1.040800e-02 0.000000e+00 9.895920e-01
306 1.040800e-02 0.000000e+00 9.895920e-01
307 1.040800e-02 0.000000e+00 9.895920e-01
308 1.040800e-02 0.000000e+00 9.895920e-01
309 1.040800e-02 0.000000e+00 9.895920e-01
310 1.040800e-02 0.000000e+00 9.895920e-01
311 1.040800e-02 0.000000e+00 9.895920e-01
312 1.040800e-02 0.000000e+00 9.895920e-01
313 1.040800e-02 0.000000e+00 9.895920e-01
314 1.040800e-02 0.000000e+00 9.895920e-01
315 1.040800e-02 0.000000e+00 9.895920e-01
316 1.040800e-02 0.000000e+00 9.895920e-01
317 1.040800e-02 0.000000e+00 9.895920e-01
318 1.040800e-02 0.000000e+00 9.895920e-01
319 1.040800e-02 0.000000e+00 9.895920e-01
320 1.040800e-02 0.000000e+00 9.895920e-01
321 1.040800e-02 0.000000e+00 9.895920e-01
322 1.040800e-02 0.000000e+00 9.895920e-01
323 1.040800e-02 0.000000e+00 9.895920e-01
324 1.040800e-02 0.000000e+00 9.895920e-01
325 1.040800e-02 0.000000e+00 9.895920e-01
326 1.040800e-02 0.000000e+00 9.895920e-01
327 1.040800e-02 0.000000e+00 9.895920e-01
328 1.040800e-02 0.000000e+00 9.895920e-01
329 1.040800e-02 0.000000e+00 9.895920e-01
330 1.040800e-02 0.000000e+00 9.895920e-01
331 1.040800e-02 0.000000e+00 9.895920e-01
332 1.040800e-02 0.000000e+00 9.895920e-01
333 1.040800e-02 0.000000e+00 9.895920e-01
334 1.040800e-02 0.000000e+00 9.895920e-01
335 1.040800e-02 0.000000e+00 9.895920e-01
336 1.040800e-02 0.000000e+00 9.895920e-01
337 1.040800e-02 0.000000e+00 9.895920e-01
338 1.040800e-02 0.000000e+00 9.895920e-01
339 1.040800e-02 0.000000e+00 9.895920e-01
340 1.040800e-02 0.000000e+00 9.895920e-01
341 1.040800e-02 0.000000e+00 9.895920e-01
342 1.040800e-02 0.000000e+00 9.895920e-01
343 1.040800e-02 0.000000e+00 9.895920e-01
344 1.040800e-02 0.000000e+00 9.895920e-01
345 1.040800e-02 0.000000e+00 9.895920e-01
346 1.040800e-02 0.000000e+00 9.895920e-01
347 1.040800e-02 0.000000e+00 9.895920e-01
348 1.040800e-02 0.000000e+00 9.895920e-01
349 1.040800e-02 0.000000e+00 9.895920e-01
350 1.040800e-02 0.000000e+00 9.895920e-01
351 1.040800e-02 0.000000e+00 9.895920e-01
352 1.040800e-02 0.000000e+00 9.895920e-01
353 1.040800e-02 0.000000e+00 9.895920e-01
354 1.040800e-02 0.000000e+00 9.895920e-01
355 1.040800e-02 0.000000e+00 9.895920e-01
356 1.040800e-02 0.000000e+00 9.895920e-01
357 1.040800e-02 0.000000e+00 9.895920e-01
358 1.040800e-02 0.000000e+00 9.895920e-01
359 1.040800e-02 0.000000e+00 9.895920e-01
360 1.040800e-02 0.000000e+00 9.895920e-01
361 1.040800e-02 0.000000e+00 9.895920e-01
362 1.040800e-02 0.000000e+00 9.895920e-01
363 1.040800e-02 0.000000e+00 9.895920e-01
364 1.040800e-02 0.000000e+00 9.895920e-01
365 1.040800e-02 0.000000e+00 9.895920e-01
366 1.040800e-02 0.000000e+00 9.895920e-01
367 1.040800e-02 0.000000e+00 9.895920e-01
368 1.040800e-02 0.000000e+00 9.895920e-01
369 1.040800e-02 0.000000e+00 9.895920e-01
370 1.040800e-02 0.000000e+00 9.895920e-01
371 1.040800e-02 0.000000e+00 9.895920e-01
372 1.040800e-02 0.000000e+00 9.895920e-01
373 1.040800e-02 0.000000e+00 9.895920e-01
374 1.040800e-02 0.000000e+00 9.895920e-01
375 1.040800e-02 0.000000e+00 9.895920e-01
376 1.040800e-02 0.000000e+00 9.895920e-01
377 1.040800e-02 0.000000e+00 9.895920e-01
378 1.040800e-02 0.000000e+00 9.895920e-01
379 1.040800e-02 0.000000e+00 9.895920e-01
380 1.040800e-02 0.000000e+00 9.895920e-01
381 1.040800e-02 0.000000e+00 9.895920e-01
382 1.040800e-02 0.000000e+00 9.895920e-01
383 1.040800e-02 0.000000e+00 9.895920e-01
384 1.040800e-02 0.000000e+00 9.895920e-01
385 1.040800e-02 0.000000e+00 9.895920e-01
386 1.040800e-02 0.000000e+00 9.895920e-01
387 1.040800e-02 0.000000e+00 9.895920e-01
388 1.040800e-02 0.000000e+00 9.895920e-01
389 1.040800e-02 0.000000e+00 9.895920e-01
390 1.040800e-02 0.000000e+00 9.895920e-01
391 1.040800e-02 0.000000e+00 9.895920e-01
392 1.040800e-02 0.000000e+00 9.895920e-01
393 1.040800e-02 0.000000e+00 9.895920e-01
394 1.040800e-02 0.000000e+00 9.895920e-01
395 1.040800e-02 0.000000e+00 9.895920e-01
396 1.040800e-02 0.000000e+00 9.895920e-01
397 1.040800e-02 0.000000e+00 9.895920e-01
398 1.040800e-02 0.000000e+00 9.895920e-01
399 1.040800e-02 0.000000e+00 9.895920e-01
400 1.040800e-02 0.000000e+00 9.895920e-01
401 1.040800e-02 0.000000e+00 9.895920e-01
402 1.040800e-02 0.000000e+00 9.895920e-01
403 1.040800e-02 0.000000e+00 9.895920e-01
404 1.040800e-02 0.000000e+00 9.895920e-01
405 1.040800e-02 0.000000e+00 9.895920e-01
406 1.040800e-02 0.000000e+00 9.895920e-01
407 1.040800e-02 0.000000e+00 9.895920e-01
408 1.040800e-02 0.000000e+00 9.895920e-01
409 1.040800e-02 0.000000e+00 9.895920e-01
410 1.040800e-02 0.000000e+00 9.895920e-01
411 1.040800e-02 0.000000e+00 9.895920e-01
412 1.040800e-02 0.000000e+00 9.895920e-01
413 1.040800e-02 0.000000e+00 9.895920e-01
414 1.040800e-02 0.000000e+00 9.895920e-01
415 1.040800e-02 0.000000e+00 9.895920e-01
416 1.040800e-02 0.000000e+00 9.895920e-01
417 1.040800e-02 0.000000e+00 9.895920e-01
418 1.040800e-02 0.000000e+00 9.895920e-01
419 1.040800e-02 0.000000e+00 9.895920e-01
420 1.040800e-02 0.000000e+00 9.895920e-01
421 1.040800e-02 0.000000e+00 9.895920e-01
422 1.040800e-02 0.000000e+00 9.895920e-01
423 1.040800e-02 0.000000e+00 9.895920e-01
424 1.040800e-02 0.000000e+00 9.895920e-01
425 1.040800e-02 0.000000e+00 9.895920e-01
426 1.040800e-02 0.000000e+00 9.895920e-01
427 1.040800e-02 0.000000e+00 9.895920e-01
428 1.040800e-02 0.000000e+00 9.895920e-01
429 1.040800e-02 0.000000e+00 9.895920e-01
430 1.040800e-02 0.000000e+00 9.895920e-01
431 1.040800e-02 0.000000e+00 9.895920e-01
432 1.040800e-02 0.000000e+00 9.895920e-01
433 1.040800e-02 0.000000e+00 9.895920e-01
434 1.040800e-02 0.000000e+00 9.895920e-01
435 1.040800e-02 0.000000e+00 9.895920e-01
436 1.040800e-02 0.000000e+00 9.895920e-01
437 1.040800e-02 0.000000e+00 9.895920e-01
438 1.040800e-02 0.000000e+00 9.895920e-01
439 1.040800e-02 0.000000e+00 9.895920e-01
440 1.040800e-02 0.000000e+00 9.895920e-01
441 1.040800e-02 0.000000e+00 9.895920e-01
442 1.040800e-02 0.000000e+00 9.895920e-01
443 1.040800e-02 0.000000e+00 9.895920e-01
444 1.040800e-02 0.000000e+00 9.895920e-01
445 1.040800e-02 0.000000e+00 9.895920e-01
446 1.040800e-02 0.000000e+00 9.895920e-01
447 1.040800e-02 0.000000e+00 9.895920e-01
448 1.040800e-02 0.000000e+00 9.895920e-01
449 1.040800e-02 0.000000e+00 9.895920e-01
450 1.040800e-02 0.000000e+00 9.895920e-01
451 1.040800e-02 0.000000e+00 9.895920e-01
452 1.040800e-02 0.000000e+00 9.895920e-01
453 1.040800e-02 0.000000e+00 9.895920e-01
454 1.040800e-02 0.000000e+00 9.895920e-01
455 1.040800e-02 0.000000e+00 9.895920e-01
456 1.040800e-02 0.000000e+00 9.895920e-01
457 1.040800e-02 0.000000e+00 9.895920e-01
458 1.040800e-02 0.000000e+00 9.895920e-01
459 1.040800e-02 0.000000e+00 9.895920e-01
460 1.040800e-02 0.000000e+00 9.895920e-01
461 1.040800e-02 0.000000e+00 9.895920e-01
462 1.040800e-02 0.000000e+00 9.895920e-01
463 1.040800e-02 0.000000e+00 9.895920e-01
464 1.040800e-02 0.000000e+00 9.895920e-01
465 1.040800e-02 0.000000e+00 9.895920e-01
466 1.040800e-02 0.000000e+00 9.895920e-01
467 1.040800e-02 0.000000e+00 9.895920e-01
468 1.040800e-02 0.000000e+00 9.895920e-01
469 1.040800e-02 0.000000e+00 9.895920e-01
470 1.040800e-02 0.000000e+00 9.895920e-01
471 1.040800e-02 0.000000e+00 9.895920e-01
472 1.040800e-02 0.000000e+00 9.895920e-01
473 1.040800e-02 0.000000e+00 9.895920e-01
474 1.040800e-02 0.000000e+00 9.895920e-01
475 1.040800e-02 0.000000e+00 9.895920e-01
476 1.040800e-02 0.000000e+00 9.895920e-01
477 1.040800e-02 0.000000e+00 9.895920e-01
478 1.040800e-02 0.000000e+00 9.895920e-01
479 1.040800e-02 0.000000e+00 9.895920e-01
480 1.040800e-02 0.000000e+00 9.895920e-01
481 1.040800e-02 0.000000e+00 9.895920e-01
482 1.040800e-02 0.000000e+00 9.895920e-01
483 1.040800e-02 0.000000e+00 9.895920e-01
484 1.040800e-02 0.000000e+00 9.895920e-01
485 1.040800e-02 0.000000e+00 9.895920e-01
486 1.040800e-02 0.000000e+00 9.895920e-01
487 1.040800e-02 0.000000e+00 9.895920e-01
488 1.040800e-02 0.000000e+00 9.895920e-01
489 1.040800e-02 0.000000e+00 9.895920e-01
490 1.040800e-02 0.000000e+00 9.895920e-01
491 1.040800e-02 0.000000e+00 9.895920e-01
492 1.040800e-02 0.000000e+00 9.895920e-01
493 1.040800e-02 0.000000e+00 9.895920e-01
494 1.040800e-02 0.000000e+00 9.895920e-01
495 1.040800e-02 0.000000e+00 9.895920e-01
496 1.040800e-02 0.000000e+00 9.895920e-01
497 1.040800e-02 0.000000e+00 9.895920e-01
498 1.040800e-02 0.000000e+00 9.895920e-01
499 1.040800e-02 0.000000e+00 9.895920e-01
500 1.040800e-02 0.000000e+00 9.895920e-01
