1 9.992320e-01 6.840000e-04 8.400000e-05
2 9.984720e-01 1.344000e-03 1.840000e-04
3 9.969200e-01 2.564000e-03 5.160000e-04
4 9.940920e-01 4.760000e-03 1.148000e-03
5 9.893480e-01 8.480000e-03 2.172000e-03
6 9.820080e-01 1.396800e-02 4.024000e-03
7 9.707440e-01 2.228800e-02 6.968000e-03
8 9.542080e-01 3.393600e-02 1.185600e-02
9 9.313480e-01 4.967200e-02 1.898000e-02
10 9.011640e-01 6.964800e-02 2.918800e-02
11 8.644880e-01 9.214000e-02 4.337200e-02
12 8.220560e-01 1.157120e-01 6.223200e-02
13 7.725240e-01 1.426600e-01 8.481600e-02
14 7.178040e-01 1.700720e-01 1.121240e-01
15 6.601120e-01 1.953720e-01 1.445160e-01
16 6.002440e-01 2.185400e-01 1.812160e-01
17 5.398400e-01 2.387040e-01 2.214560e-01
18 4.800760e-01 2.552080e-01 2.647160e-01
19 4.222240e-01 2.666640e-01 3.111120e-01
20 3.675000e-01 2.746400e-01 3.578600e-01
21 3.173200e-01 2.767320e-01 4.059480e-01
22 2.707560e-01 2.753080e-01 4.539360e-01
23 2.287000e-01 2.697840e-01 5.015160e-01
24 1.917920e-01 2.596200e-01 5.485880e-01
25 1.600000e-01 2.468040e-01 5.931960e-01
26 1.325080e-01 2.325840e-01 6.349080e-01
27 1.097280e-01 2.161360e-01 6.741360e-01
28 8.989600e-02 1.994280e-01 7.106760e-01
29 7.346000e-02 1.823920e-01 7.441480e-01
30 5.953600e-02 1.656520e-01 7.748120e-01
31 4.808800e-02 1.495480e-01 8.023640e-01
32 3.892000e-02 1.340840e-01 8.269960e-01
33 3.174400e-02 1.190080e-01 8.492480e-01
34 2.624800e-02 1.043880e-01 8.693640e-01
35 2.213200e-02 9.168400e-02 8.861840e-01
36 1.910400e-02 7.982000e-02 9.010760e-01
37 1.693200e-02 6.903600e-02 9.140320e-01
38 1.542400e-02 5.944000e-02 9.251360e-01
39 1.434000e-02 5.070400e-02 9.349560e-01
40 1.352800e-02 4.330800e-02 9.431640e-01
41 1.293600e-02 3.650800e-02 9.505560e-01
42 1.254000e-02 3.100000e-02 9.564600e-01
43 1.222800e-02 2.625200e-02 9.615200e-01
44 1.198800e-02 2.223600e-02 9.657760e-01
45 1.176800e-02 1.907600e-02 9.691560e-01
46 1.155600e-02 1.629600e-02 9.721480e-01
47 1.141200e-02 1.391600e-02 9.746720e-01
48 1.129600e-02 1.176400e-02 9.769400e-01
49 1.122000e-02 9.924000e-03 9.788560e-01
50 1.115200e-02 8.296000e-03 9.805520e-01
51 1.108800e-02 7.096000e-03 9.818160e-01
52 1.104800e-02 6.036000e-03 9.829160e-01
53 1.099600e-02 5.096000e-03 9.839080e-01
54 1.096000e-02 4.256000e-03 9.847840e-01
55 1.092400e-02 3.640000e-03 9.854360e-01
56 1.090800e-02 3.072000e-03 9.860200e-01
57 1.088000e-02 2.572000e-03 9.865480e-01
58 1.086400e-02 2.208000e-03 9.869280e-01
59 1.084400e-02 1.836000e-03 9.873200e-01
60 1.084400e-02 1.508000e-03 9.876480e-01
61 1.084000e-02 1.260000e-03 9.879000e-01
62 1.082800e-02 1.040000e-03 9.881320e-01
63 1.082000e-02 8.760000e-04 9.883040e-01
64 1.080400e-02 7.760000e-04 9.884200e-01
65 1.080000e-02 6.480000e-04 9.885520e-01
66 1.080000e-02 5.560000e-04 9.886440e-01
67 1.079200e-02 4.920000e-04 9.887160e-01
68 1.079200e-02 4.040000e-04 9.888040e-01
69 1.078800e-02 3.680000e-04 9.888440e-01
70 1.078800e-02 3.160000e-04 9.888960e-01
71 1.077200e-02 2.720000e-04 9.889560e-01
72 1.076800e-02 2.120000e-04 9.890200e-01
73 1.076800e-02 1.640000e-04 9.890680e-01
74 1.076400e-02 1.320000e-04 9.891040e-01
75 1.076400e-02 9.600000e-05 9.891400e-01
76 1.076000e-02 8.000000e-05 9.891600e-01
77 1.076000e-02 7.200000e-05 9.891680e-01
78 1.076000e-02 6.000000e-05 9.891800e-01
79 1.075200e-02 6.400000e-05 9.891840e-01
80 1.075200e-02 5.600000e-05 9.891920e-01
81 1.075200e-02 5.200000e-05 9.891960e-01
82 1.075200e-02 4.400000e-05 9.892040e-01
83 1.075200e-02 3.200000e-05 9.892160e-01
84 1.074800e-02 3.600000e-05 9.892160e-01
85 1.074800e-02 2.800000e-05 9.892240e-01
86 1.074800e-02 1.200000e-05 9.892400e-01
87 1.074800e-02 8.000000e-06 9.892440e-01
88 1.074800e-02 8.000000e-06 9.892440e-01
89 1.074800e-02 8.000000e-06 9.892440e-01
90 1.074800e-02 8.000000e-06 9.892440e-01
91 1.074800e-02 8.000000e-06 9.892440e-01
92 1.074800e-02 8.000000e-06 9.892440e-01
93 1.074800e-02 8.000000e-06 9.892440e-01
94 1.074800e-02 8.000000e-06 9.892440e-01
95 1.074800e-02 8.000000e-06 9.892440e-01
96 1.074800e-02 8.000000e-06 9.892440e-01
97 1.074800e-02 8.000000e-06 9.892440e-01
98 1.074800e-02 4.000000e-06 9.892480e-01
99 1.074800e-02 4.000000e-06 9.892480e-01
100 1.074800e-02 4.000000e-06 9.892480e-01
101 1.074800e-02 4.000000e-06 9.892480e-01
102 1.074800e-02 4.000000e-06 9.892480e-01
103 1.074800e-02 4.000000e-06 9.892480e-01
104 1.074800e-02 4.000000e-06 9.892480e-01
105 1.074800e-02 4.000000e-06 9.892480e-01
106 1.074800e-02 4.000000e-06 9.892480e-01
107 1.074800e-02 4.000000e-06 9.892480e-01
108 1.074800e-02 4.000000e-06 9.892480e-01
109 1.074800e-02 4.000000e-06 9.892480e-01
110 1.074800e-02 4.000000e-06 9.892480e-01
111 1.074800e-02 4.000000e-06 9.892480e-01
112 1.074800e-02 4.000000e-06 9.892480e-01
113 1.074800e-02 4.000000e-06 9.892480e-01
114 1.074800e-02 4.000000e-06 9.892480e-01
115 1.074800e-02 4.000000e-06 9.892480e-01
116 1.074800e-02 4.000000e-06 9.892480e-01
117 1.074800e-02 4.000000e-06 9.892480e-01
118 1.074800e-02 4.000000e-06 9.892480e-01
119 1.074800e-02 0.000000e+00 9.892520e-01
120 1.074800e-02 0.000000e+00 9.892520e-01
121 1.074800e-02 0.000000e+00 9.892520e-01
122 1.074800e-02 0.000000e+00 9.892520e-01
123 1.074800e-02 0.000000e+00 9.892520e-01
124 1.074800e-02 0.000000e+00 9.892520e-01
125 1.074800e-02 0.000000e+00 9.892520e-01
126 1.074800e-02 0.000000e+00 9.892520e-01
127 1.074800e-02 0.000000e+00 9.892520e-01
128 1.074800e-02 0.000000e+00 9.892520e-01
129 1.074800e-02 0.000000e+00 9.892520e-01
130 1.074800e-02 0.000000e+00 9.892520e-01
131 1.074800e-02 0.000000e+00 9.892520e-01
132 1.074800e-02 0.000000e+00 9.892520e-01
133 1.074800e-02 0.000000e+00 9.892520e-01
134 1.074800e-02 0.000000e+00 9.892520e-01
135 1.074800e-02 0.000000e+00 9.892520e-01
136 1.074800e-02 0.000000e+00 9.892520e-01
137 1.074800e-02 0.000000e+00 9.892520e-01
138 1.074800e-02 0.000000e+00 9.892520e-01
139 1.074800e-02 0.000000e+00 9.892520e-01
140 1.074800e-02 0.000000e+00 9.892520e-01
141 1.074800e-02 0.000000e+00 9.892520e-01
142 1.074800e-02 0.000000e+00 9.892520e-01
143 1.074800e-02 0.000000e+00 9.892520e-01
144 1.074800e-02 0.000000e+00 9.892520e-01
145 1.074800e-02 0.000000e+00 9.892520e-01
146 1.074800e-02 0.000000e+00 9.892520e-01
147 1.074800e-02 0.000000e+00 9.892520e-01
148 1.074800e-02 0.000000e+00 9.892520e-01
149 1.074800e-02 0.000000e+00 9.892520e-01
150 1.074800e-02 0.000000e+00 9.892520e-01
151 1.074800e-02 0.000000e+00 9.892520e-01
152 1.074800e-02 0.000000e+00 9.892520e-01
153 1.074800e-02 0.000000e+00 9.892520e-01
154 1.074800e-02 0.000000e+00 9.892520e-01
155 1.074800e-02 0.000000e+00 9.892520e-01
156 1.074800e-02 0.000000e+00 9.892520e-01
157 1.074800e-02 0.000000e+00 9.892520e-01
158 1.074800e-02 0.000000e+00 9.892520e-01
159 1.074800e-02 0.000000e+00 9.892520e-01
160 1.074800e-02 0.000000e+00 9.892520e-01
161 1.074800e-02 0.000000e+00 9.892520e-01
162 1.074800e-02 0.000000e+00 9.892520e-01
163 1.074800e-02 0.000000e+00 9.892520e-01
164 1.074800e-02 0.000000e+00 9.892520e-01
165 1.074800e-02 0.000000e+00 9.892520e-01
166 1.074800e-02 0.000000e+00 9.892520e-01
167 1.074800e-02 0.000000e+00 9.892520e-01
168 1.074800e-02 0.000000e+00 9.892520e-01
169 1.074800e-02 0.000000e+00 9.892520e-01
170 1.074800e-02 0.000000e+00 9.892520e-01
171 1.074800e-02 0.000000e+00 9.892520e-01
172 1.074800e-02 0.000000e+00 9.892520e-01
173 1.074800e-02 0.000000e+00 9.892520e-01
174 1.074800e-02 0.000000e+00 9.892520e-01
175 1.074800e-02 0.000000e+00 9.892520e-01
176 1.074800e-02 0.000000e+00 9.892520e-01
177 1.074800e-02 0.000000e+00 9.892520e-01
178 1.074800e-02 0.000000e+00 9.892520e-01
179 1.074800e-02 0.000000e+00 9.892520e-01
180 1.074800e-02 0.000000e+00 9.892520e-01
181 1.074800e-02 0.000000e+00 9.892520e-01
182 1.074800e-02 0.000000e+00 9.892520e-01
183 1.074800e-02 0.000000e+00 9.892520e-01
184 1.074800e-02 0.000000e+00 9.892520e-01
185 1.074800e-02 0.000000e+00 9.892520e-01
186 1.074800e-02 0.000000e+00 9.892520e-01
187 1.074800e-02 0.000000e+00 9.892520e-01
188 1.074800e-02 0.000000e+00 9.892520e-01
189 1.074800e-02 0.000000e+00 9.892520e-01
190 1.074800e-02 0.000000e+00 9.892520e-01
191 1.074800e-02 0.000000e+00 9.892520e-01
192 1.074800e-02 0.000000e+00 9.892520e-01
193 1.074800e-02 0.000000e+00 9.892520e-01
194 1.074800e-02 0.000000e+00 9.892520e-01
195 1.074800e-02 0.000000e+00 9.892520e-01
196 1.074800e-02 0.000000e+00 9.892520e-01
197 1.074800e-02 0.000000e+00 9.892520e-01
198 1.074800e-02 0.000000e+00 9.892520e-01
199 1.074800e-02 0.000000e+00 9.892520e-01
200 1.074800e-02 0.000000e+00 9.892520e-01
201 1.074800e-02 0.000000e+00 9.892520e-01
202 1.074800e-02 0.000000e+00 9.892520e-01
203 1.074800e-02 0.000000e+00 9.892520e-01
204 1.074800e-02 0.000000e+00 9.892520e-01
205 1.074800e-02 0.000000e+00 9.892520e-01
206 1.074800e-02 0.000000e+00 9.892520e-01
207 1.074800e-02 0.000000e+00 9.892520e-01
208 1.074800e-02 0.000000e+00 9.892520e-01
209 1.074800e-02 0.000000e+00 9.892520e-01
210 1.074800e-02 0.000000e+00 9.892520e-01
211 1.074800e-02 0.000000e+00 9.892520e-01
212 1.074800e-02 0.000000e+00 9.892520e-01
213 1.074800e-02 0.000000e+00 9.892520e-01
214 1.074800e-02 0.000000e+00 9.892520e-01
215 1.074800e-02 0.000000e+00 9.892520e-01
216 1.074800e-02 0.000000e+00 9.892520e-01
217 1.074800e-02 0.000000e+00 9.892520e-01
218 1.074800e-02 0.000000e+00 9.892520e-01
219 1.074800e-02 0.000000e+00 9.892520e-01
220 1.074800e-02 0.000000e+00 9.892520e-01
221 1.074800e-02 0.000000e+00 9.892520e-01
222 1.074800e-02 0.000000e+00 9.892520e-01
223 1.074800e-02 0.000000e+00 9.892520e-01
224 1.074800e-02 0.000000e+00 9.892520e-01
225 1.074800e-02 0.000000e+00 9.892520e-01
226 1.074800e-02 0.000000e+00 9.892520e-01
227 1.074800e-02 0.000000e+00 9.892520e-01
228 1.074800e-02 0.000000e+00 9.892520e-01
229 1.074800e-02 0.000000e+00 9.892520e-01
230 1.074800e-02 0.000000e+00 9.892520e-01
231 1.074800e-02 0.000000e+00 9.892520e-01
232 1.074800e-02 0.000000e+00 9.892520e-01
233 1.074800e-02 0.000000e+00 9.892520e-01
234 1.074800e-02 0.000000e+00 9.892520e-01
235 1.074800e-02 0.000000e+00 9.892520e-01
236 1.074800e-02 0.000000e+00 9.892520e-01
237 1.074800e-02 0.000000e+00 9.892520e-01
238 1.074800e-02 0.000000e+00 9.892520e-01
239 1.074800e-02 0.000000e+00 9.892520e-01
240 1.074800e-02 0.000000e+00 9.892520e-01
241 1.074800e-02 0.000000e+00 9.892520e-01
242 1.074800e-02 0.000000e+00 9.892520e-01
243 1.074800e-02 0.000000e+00 9.892520e-01
244 1.074800e-02 0.000000e+00 9.892520e-01
245 1.074800e-02 0.000000e+00 9.892520e-01
246 1.074800e-02 0.000000e+00 9.892520e-01
247 1.074800e-02 0.000000e+00 9.892520e-01
248 1.074800e-02 0.000000e+00 9.892520e-01
249 1.074800e-02 0.000000e+00 9.892520e-01
250 1.074800e-02 0.000000e+00 9.892520e-01
251 1.074800e-02 0.000000e+00 9.892520e-01
252 1.074800e-02 0.000000e+00 9.892520e-01
253 1.074800e-02 0.000000e+00 9.892520e-01
254 1.074800e-02 0.000000e+00 9.892520e-01
255 1.074800e-02 0.000000e+00 9.892520e-01
256 1.074800e-02 0.000000e+00 9.892520e-01
257 1.074800e-02 0.000000e+00 9.892520e-01
258 1.074800e-02 0.000000e+00 9.892520e-01
259 1.074800e-02 0.000000e+00 9.892520e-01
260 1.074800e-02 0.000000e+00 9.892520e-01
261 1.074800e-02 0.000000e+00 9.892520e-01
262 1.074800e-02 0.000000e+00 9.892520e-01
263 1.074800e-02 0.000000e+00 9.892520e-01
264 1.074800e-02 0.000000e+00 9.892520e-01
265 1.074800e-02 0.000000e+00 9.892520e-01
266 1.074800e-02 0.000000e+00 9.892520e-01
267 1.074800e-02 0.000000e+00 9.892520e-01
268 1.074800e-02 0.000000e+00 9.892520e-01
269 1.074800e-02 0.000000e+00 9.892520e-01
270 1.074800e-02 0.000000e+00 9.892520e-01
271 1.074800e-02 0.000000e+00 9.892520e-01
272 1.074800e-02 0.000000e+00 9.892520e-01
273 1.074800e-02 0.000000e+00 9.892520e-01
274 1.074800e-02 0.000000e+00 9.892520e-01
275 1.074800e-02 0.000000e+00 9.892520e-01
276 1.074800e-02 0.000000e+00 9.892520e-01
277 1.074800e-02 0.000000e+00 9.892520e-01
278 1.074800e-02 0.000000e+00 9.892520e-01
279 1.074800e-02 0.000000e+00 9.892520e-01
280 1.074800e-02 0.000000e+00 9.892520e-01
281 1.074800e-02 0.000000e+00 9.892520e-01
282 1.074800e-02 0.000000e+00 9.892520e-01
283 1.074800e-02 0.000000e+00 9.892520e-01
284 1.074800e-02 0.000000e+00 9.892520e-01
285 1.074800e-02 0.000000e+00 9.892520e-01
286 1.074800e-02 0.000000e+00 9.892520e-01
287 1.074800e-02 0.000000e+00 9.892520e-01
288 1.074800e-02 0.000000e+00 9.892520e-01
289 1.074800e-02 0.000000e+00 9.892520e-01
290 1.074800e-02 0.000000e+00 9.892520e-01
291 1.074800e-02 0.000000e+00 9.892520e-01
292 1.074800e-02 0.000000e+00 9.892520e-01
293 1.074800e-02 0.000000e+00 9.892520e-01
294 1.074800e-02 0.000000e+00 9.892520e-01
295 1.074800e-02 0.000000e+00 9.892520e-01
296 1.074800e-02 0.000000e+00 9.892520e-01
297 1.074800e-02 0.000000e+00 9.892520e-01
298 1.074800e-02 0.000000e+00 9.892520e-01
299 1.074800e-02 0.000000e+00 9.892520e-01
300 1.074800e-02 0.000000e+00 9.892520e-01
301 1.074800e-02 0.000000e+00 9.892520e-01
302 1.074800e-02 0.000000e+00 9.892520e-01
303 1.074800e-02 0.000000e+00 9.892520e-01
304 1.074800e-02 0.000000e+00 9.892520e-01
305 1.074800e-02 0.000000e+00 9.892520e-01
306 1.074800e-02 0.000000e+00 9.892520e-01
307 1.074800e-02 0.000000e+00 9.892520e-01
308 1.074800e-02 0.000000e+00 9.892520e-01
309 1.074800e-02 0.000000e+00 9.892520e-01
310 1.074800e-02 0.000000e+00 9.892520e-01
311 1.074800e-02 0.000000e+00 9.892520e-01
312 1.074800e-02 0.000000e+00 9.892520e-01
313 1.074800e-02 0.000000e+00 9.892520e-01
314 1.074800e-02 0.000000e+00 9.892520e-01
315 1.074800e-02 0.000000e+00 9.892520e-01
316 1.074800e-02 0.000000e+00 9.892520e-01
317 1.074800e-02 0.000000e+00 9.892520e-01
318 1.074800e-02 0.000000e+00 9.892520e-01
319 1.074800e-02 0.000000e+00 9.892520e-01
320 1.074800e-02 0.000000e+00 9.892520e-01
321 1.074800e-02 0.000000e+00 9.892520e-01
322 1.074800e-02 0.000000e+00 9.892520e-01
323 1.074800e-02 0.000000e+00 9.892520e-01
324 1.074800e-02 0.000000e+00 9.892520e-01
325 1.074800e-02 0.000000e+00 9.892520e-01
326 1.074800e-02 0.000000e+00 9.892520e-01
327 1.074800e-02 0.000000e+00 9.892520e-01
328 1.074800e-02 0.000000e+00 9.892520e-01
329 1.074800e-02 0.000000e+00 9.892520e-01
330 1.074800e-02 0.000000e+00 9.892520e-01
331 1.074800e-02 0.000000e+00 9.892520e-01
332 1.074800e-02 0.000000e+00 9.892520e-01
333 1.074800e-02 0.000000e+00 9.892520e-01
334 1.074800e-02 0.000000e+00 9.892520e-01
335 1.074800e-02 0.000000e+00 9.892520e-01
336 1.074800e-02 0.000000e+00 9.892520e-01
337 1.074800e-02 0.000000e+00 9.892520e-01
338 1.074800e-02 0.000000e+00 9.892520e-01
339 1.074800e-02 0.000000e+00 9.892520e-01
340 1.074800e-02 0.000000e+00 9.892520e-01
341 1.074800e-02 0.000000e+00 9.892520e-01
342 1.074800e-02 0.000000e+00 9.892520e-01
343 1.074800e-02 0.000000e+00 9.892520e-01
344 1.074800e-02 0.000000e+00 9.892520e-01
345 1.074800e-02 0.000000e+00 9.892520e-01
346 1.074800e-02 0.000000e+00 9.892520e-01
347 1.074800e-02 0.000000e+00 9.892520e-01
348 1.074800e-02 0.000000e+00 9.892520e-01
349 1.074800e-02 0.000000e+00 9.892520e-01
350 1.074800e-02 0.000000e+00 9.892520e-01
351 1.074800e-02 0.000000e+00 9.892520e-01
352 1.074800e-02 0.000000e+00 9.892520e-01
353 1.074800e-02 0.000000e+00 9.892520e-01
354 1.074800e-02 0.000000e+00 9.892520e-01
355 1.074800e-02 0.000000e+00 9.892520e-01
356 1.074800e-02 0.000000e+00 9.892520e-01
357 1.074800e-02 0.000000e+00 9.892520e-01
358 1.074800e-02 0.000000e+00 9.892520e-01
359 1.074800e-02 0.000000e+00 9.892520e-01
360 1.074800e-02 0.000000e+00 9.892520e-01
361 1.074800e-02 0.000000e+00 9.892520e-01
362 1.074800e-02 0.000000e+00 9.892520e-01
363 1.074800e-02 0.000000e+00 9.892520e-01
364 1.074800e-02 0.000000e+00 9.892520e-01
365 1.074800e-02 0.000000e+00 9.892520e-01
366 1.074800e-02 0.000000e+00 9.892520e-01
367 1.074800e-02 0.000000e+00 9.892520e-01
368 1.074800e-02 0.000000e+00 9.892520e-01
369 1.074800e-02 0.000000e+00 9.892520e-01
370 1.074800e-02 0.000000e+00 9.892520e-01
371 1.074800e-02 0.000000e+00 9.892520e-01
372 1.074800e-02 0.000000e+00 9.892520e-01
373 1.074800e-02 0.000000e+00 9.892520e-01
374 1.074800e-02 0.000000e+00 9.892520e-01
375 1.074800e-02 0.000000e+00 9.892520e-01
376 1.074800e-02 0.000000e+00 9.892520e-01
377 1.074800e-02 0.000000e+00 9.892520e-01
378 1.074800e-02 0.000000e+00 9.892520e-01
379 1.074800e-02 0.000000e+00 9.892520e-01
380 1.074800e-02 0.000000e+00 9.892520e-01
381 1.074800e-02 0.000000e+00 9.892520e-01
382 1.074800e-02 0.000000e+00 9.892520e-01
383 1.074800e-02 0.000000e+00 9.892520e-01
384 1.074800e-02 0.000000e+00 9.892520e-01
385 1.074800e-02 0.000000e+00 9.892520e-01
386 1.074800e-02 0.000000e+00 9.892520e-01
387 1.074800e-02 0.000000e+00 9.892520e-01
388 1.074800e-02 0.000000e+00 9.892520e-01
389 1.074800e-02 0.000000e+00 9.892520e-01
390 1.074800e-02 0.000000e+00 9.892520e-01
391 1.074800e-02 0.000000e+00 9.892520e-01
392 1.074800e-02 0.000000e+00 9.892520e-01
393 1.074800e-02 0.000000e+00 9.892520e-01
394 1.074800e-02 0.000000e+00 9.892520e-01
395 1.074800e-02 0.000000e+00 9.892520e-01
396 1.074800e-02 0.000000e+00 9.892520e-01
397 1.074800e-02 0.000000e+00 9.892520e-01
398 1.074800e-02 0.000000e+00 9.892520e-01
399 1.074800e-02 0.000000e+00 9.892520e-01
400 1.074800e-02 0.000000e+00 9.892520e-01
401 1.074800e-02 0.000000e+00 9.892520e-01
402 1.074800e-02 0.000000e+00 9.892520e-01
403 1.074800e-02 0.000000e+00 9.892520e-01
404 1.074800e-02 0.000000e+00 9.892520e-01
405 1.074800e-02 0.000000e+00 9.892520e-01
406 1.074800e-02 0.000000e+00 9.892520e-01
407 1.074800e-02 0.000000e+00 9.892520e-01
408 1.074800e-02 0.000000e+00 9.892520e-01
409 1.074800e-02 0.000000e+00 9.892520e-01
410 1.074800e-02 0.000000e+00 9.892520e-01
411 1.074800e-02 0.000000e+00 9.892520e-01
412 1.074800e-02 0.000000e+00 9.892520e-01
413 1.074800e-02 0.000000e+00 9.892520e-01
414 1.074800e-02 0.000000e+00 9.892520e-01
415 1.074800e-02 0.000000e+00 9.892520e-01
416 1.074800e-02 0.000000e+00 9.892520e-01
417 1.074800e-02 0.000000e+00 9.892520e-01
418 1.074800e-02 0.000000e+00 9.892520e-01
419 1.074800e-02 0.000000e+00 9.892520e-01
420 1.074800e-02 0.000000e+00 9.892520e-01
421 1.074800e-02 0.000000e+00 9.892520e-01
422 1.074800e-02 0.000000e+00 9.892520e-01
423 1.074800e-02 0.000000e+00 9.892520e-01
424 1.074800e-02 0.000000e+00 9.892520e-01
425 1.074800e-02 0.000000e+00 9.892520e-01
426 1.074800e-02 0.000000e+00 9.892520e-01
427 1.074800e-02 0.000000e+00 9.892520e-01
428 1.074800e-02 0.000000e+00 9.892520e-01
429 1.074800e-02 0.000000e+00 9.892520e-01
430 1.074800e-02 0.000000e+00 9.892520e-01
431 1.074800e-02 0.000000e+00 9.892520e-01
432 1.074800e-02 0.000000e+00 9.892520e-01
433 1.074800e-02 0.000000e+00 9.892520e-01
434 1.074800e-02 0.000000e+00 9.892520e-01
435 1.074800e-02 0.000000e+00 9.892520e-01
436 1.074800e-02 0.000000e+00 9.892520e-01
437 1.074800e-02 0.000000e+00 9.892520e-01
438 1.074800e-02 0.000000e+00 9.892520e-01
439 1.074800e-02 0.000000e+00 9.892520e-01
440 1.074800e-02 0.000000e+00 9.892520e-01
441 1.074800e-02 0.000000e+00 9.892520e-01
442 1.074800e-02 0.000000e+00 9.892520e-01
443 1.074800e-02 0.000000e+00 9.892520e-01
444 1.074800e-02 0.000000e+00 9.892520e-01
445 1.074800e-02 0.000000e+00 9.892520e-01
446 1.074800e-02 0.000000e+00 9.892520e-01
447 1.074800e-02 0.000000e+00 9.892520e-01
448 1.074800e-02 0.000000e+00 9.892520e-01
449 1.074800e-02 0.000000e+00 9.892520e-01
450 1.074800e-02 0.000000e+00 9.892520e-01
451 1.074800e-02 0.000000e+00 9.892520e-01
452 1.074800e-02 0.000000e+00 9.892520e-01
453 1.074800e-02 0.000000e+00 9.892520e-01
454 1.074800e-02 0.000000e+00 9.892520e-01
455 1.074800e-02 0.000000e+00 9.892520e-01
456 1.074800e-02 0.000000e+00 9.892520e-01
457 1.074800e-02 0.000000e+00 9.892520e-01
458 1.074800e-02 0.000000e+00 9.892520e-01
459 1.074800e-02 0.000000e+00 9.892520e-01
460 1.074800e-02 0.000000e+00 9.892520e-01
461 1.074800e-02 0.000000e+00 9.892520e-01
462 1.074800e-02 0.000000e+00 9.892520e-01
463 1.074800e-02 0.000000e+00 9.892520e-01
464 1.074800e-02 0.000000e+00 9.892520e-01
465 1.074800e-02 0.000000e+00 9.892520e-01
466 1.074800e-02 0.000000e+00 9.892520e-01
467 1.074800e-02 0.000000e+00 9.892520e-01
468 1.074800e-02 0.000000e+00 9.892520e-01
469 1.074800e-02 0.000000e+00 9.892520e-01
470 1.074800e-02 0.000000e+00 9.892520e-01
471 1.074800e-02 0.000000e+00 9.892520e-01
472 1.074800e-02 0.000000e+00 9.892520e-01
473 1.074800e-02 0.000000e+00 9.892520e-01
474 1.074800e-02 0.000000e+00 9.892520e-01
475 1.074800e-02 0.000000e+00 9.892520e-01
476 1.074800e-02 0.000000e+00 9.892520e-01
477 1.074800e-02 0.000000e+00 9.892520e-01
478 1.074800e-02 0.000000e+00 9.892520e-01
479 1.074800e-02 0.000000e+00 9.892520e-01
480 1.074800e-02 0.000000e+00 9.892520e-01
481 1.074800e-02 0.000000e+00 9.892520e-01
482 1.074800e-02 0.000000e+00 9.892520e-01
483 1.074800e-02 0.000000e+00 9.892520e-01
484 1.074800e-02 0.000000e+00 9.892520e-01
485 1.074800e-02 0.000000e+00 9.892520e-01
486 1.074800e-02 0.000000e+00 9.892520e-01
487 1.074800e-02 0.000000e+00 9.892520e-01
488 1.074800e-02 0.000000e+00 9.892520e-01
489 1.074800e-02 0.000000e+00 9.892520e-01
490 1.074800e-02 0.000000e+00 9.892520e-01
491 1.074800e-02 0.000000e+00 9.892520e-01
492 1.074800e-02 0.000000e+00 9.892520e-01
493 1.074800e-02 0.000000e+00 9.892520e-01
494 1.074800e-02 0.000000e+00 9.892520e-01
495 1.074800e-02 0.000000e+00 9.892520e-01
496 1.074800e-02 0.000000e+00 9.892520e-01
497 1.074800e-02 0.000000e+00 9.892520e-01
498 1.074800e-02 0.000000e+00 9.892520e-01
499 1.074800e-02 0.000000e+00 9.892520e-01
500 1.074800e-02 0.000000e+00 9.892520e-01
