1 9.992000e-01 7.240000e-04 7.600000e-05
2 9.983720e-01 1.416000e-03 2.120000e-04
3 9.969160e-01 2.584000e-03 5.000000e-04
4 9.941760e-01 4.760000e-03 1.064000e-03
5 9.896560e-01 8.104000e-03 2.240000e-03
6 9.825280e-01 1.333600e-02 4.136000e-03
7 9.714560e-01 2.133600e-02 7.208000e-03
8 9.550440e-01 3.291200e-02 1.204400e-02
9 9.322680e-01 4.822400e-02 1.950800e-02
10 9.012880e-01 6.925600e-02 2.945600e-02
11 8.619680e-01 9.433200e-02 4.370000e-02
12 8.152520e-01 1.221080e-01 6.264000e-02
13 7.602920e-01 1.532440e-01 8.646400e-02
14 6.989160e-01 1.847520e-01 1.163320e-01
15 6.332600e-01 2.149520e-01 1.517880e-01
16 5.656040e-01 2.424200e-01 1.919760e-01
17 4.977200e-01 2.661280e-01 2.361520e-01
18 4.312320e-01 2.846560e-01 2.841120e-01
19 3.681480e-01 2.970920e-01 3.347600e-01
20 3.103920e-01 3.029120e-01 3.866960e-01
21 2.586840e-01 3.019080e-01 4.394080e-01
22 2.142680e-01 2.933120e-01 4.924200e-01
23 1.769600e-01 2.806880e-01 5.423520e-01
24 1.455800e-01 2.649160e-01 5.895040e-01
25 1.189840e-01 2.468600e-01 6.341560e-01
26 9.775200e-02 2.266520e-01 6.755960e-01
27 7.934800e-02 2.067600e-01 7.138920e-01
28 6.474400e-02 1.870640e-01 7.481920e-01
29 5.277600e-02 1.677160e-01 7.795080e-01
30 4.347600e-02 1.489400e-01 8.075840e-01
31 3.564400e-02 1.323280e-01 8.320280e-01
32 2.982000e-02 1.161040e-01 8.540760e-01
33 2.522400e-02 1.017120e-01 8.730640e-01
34 2.146000e-02 8.920000e-02 8.893400e-01
35 1.875200e-02 7.746000e-02 9.037880e-01
36 1.674400e-02 6.640800e-02 9.168480e-01
37 1.540000e-02 5.704000e-02 9.275600e-01
38 1.431200e-02 4.876800e-02 9.369200e-01
39 1.360000e-02 4.157200e-02 9.448280e-01
40 1.299600e-02 3.545600e-02 9.515480e-01
41 1.255200e-02 3.020800e-02 9.572400e-01
42 1.219200e-02 2.556400e-02 9.622440e-01
43 1.192000e-02 2.176000e-02 9.663200e-01
44 1.173200e-02 1.852800e-02 9.697400e-01
45 1.148000e-02 1.585200e-02 9.726680e-01
46 1.134400e-02 1.345200e-02 9.752040e-01
47 1.123200e-02 1.149200e-02 9.772760e-01
48 1.112000e-02 9.592000e-03 9.792880e-01
49 1.104400e-02 8.124000e-03 9.808320e-01
50 1.098400e-02 6.864000e-03 9.821520e-01
51 1.091200e-02 5.844000e-03 9.832440e-01
52 1.088000e-02 4.976000e-03 9.841440e-01
53 1.084400e-02 4.224000e-03 9.849320e-01
54 1.081200e-02 3.596000e-03 9.855920e-01
55 1.078400e-02 3.124000e-03 9.860920e-01
56 1.076400e-02 2.640000e-03 9.865960e-01
57 1.075200e-02 2.176000e-03 9.870720e-01
58 1.074400e-02 1.796000e-03 9.874600e-01
59 1.073200e-02 1.532000e-03 9.877360e-01
60 1.072800e-02 1.324000e-03 9.879480e-01
61 1.072400e-02 1.104000e-03 9.881720e-01
62 1.071600e-02 8.960000e-04 9.883880e-01
63 1.070400e-02 7.440000e-04 9.885520e-01
64 1.069200e-02 6.600000e-04 9.886480e-01
65 1.068800e-02 5.480000e-04 9.887640e-01
66 1.068800e-02 4.760000e-04 9.888360e-01
67 1.067200e-02 4.160000e-04 9.889120e-01
68 1.067200e-02 3.520000e-04 9.889760e-01
69 1.065600e-02 3.200000e-04 9.890240e-01
70 1.065600e-02 2.480000e-04 9.890960e-01
71 1.065600e-02 2.240000e-04 9.891200e-01
72 1.065600e-02 1.880000e-04 9.891560e-01
73 1.065200e-02 1.760000e-04 9.891720e-01
74 1.065200e-02 1.480000e-04 9.892000e-01
75 1.065200e-02 1.280000e-04 9.892200e-01
76 1.065200e-02 1.080000e-04 9.892400e-01
77 1.065200e-02 9.600000e-05 9.892520e-01
78 1.064800e-02 9.200000e-05 9.892600e-01
79 1.064800e-02 8.000000e-05 9.892720e-01
80 1.064800e-02 6.800000e-05 9.892840e-01
81 1.064800e-02 4.800000e-05 9.893040e-01
82 1.064800e-02 4.400000e-05 9.893080e-01
83 1.064800e-02 4.000000e-05 9.893120e-01
84 1.064800e-02 2.800000e-05 9.893240e-01
85 1.064800e-02 2.800000e-05 9.893240e-01
86 1.064800e-02 2.400000e-05 9.893280e-01
87 1.064800e-02 1.200000e-05 9.893400e-01
88 1.064800e-02 1.200000e-05 9.893400e-01
89 1.064800e-02 8.000000e-06 9.893440e-01
90 1.064800e-02 8.000000e-06 9.893440e-01
91 1.064800e-02 4.000000e-06 9.893480e-01
92 1.064800e-02 0.000000e+00 9.893520e-01
93 1.064800e-02 0.000000e+00 9.893520e-01
94 1.064800e-02 0.000000e+00 9.893520e-01
95 1.064800e-02 0.000000e+00 9.893520e-01
96 1.064800e-02 0.000000e+00 9.893520e-01
97 1.064800e-02 0.000000e+00 9.893520e-01
98 1.064800e-02 0.000000e+00 9.893520e-01
99 1.064800e-02 0.000000e+00 9.893520e-01
100 1.064800e-02 0.000000e+00 9.893520e-01
101 1.064800e-02 0.000000e+00 9.893520e-01
102 1.064800e-02 0.000000e+00 9.893520e-01
103 1.064800e-02 0.000000e+00 9.893520e-01
104 1.064800e-02 0.000000e+00 9.893520e-01
105 1.064800e-02 0.000000e+00 9.893520e-01
106 1.064800e-02 0.000000e+00 9.893520e-01
107 1.064800e-02 0.000000e+00 9.893520e-01
108 1.064800e-02 0.000000e+00 9.893520e-01
109 1.064800e-02 0.000000e+00 9.893520e-01
110 1.064800e-02 0.000000e+00 9.893520e-01
111 1.064800e-02 0.000000e+00 9.893520e-01
112 1.064800e-02 0.000000e+00 9.893520e-01
113 1.064800e-02 0.000000e+00 9.893520e-01
114 1.064800e-02 0.000000e+00 9.893520e-01
115 1.064800e-02 0.000000e+00 9.893520e-01
116 1.064800e-02 0.000000e+00 9.893520e-01
117 1.064800e-02 0.000000e+00 9.893520e-01
118 1.064800e-02 0.000000e+00 9.893520e-01
119 1.064800e-02 0.000000e+00 9.893520e-01
120 1.064800e-02 0.000000e+00 9.893520e-01
121 1.064800e-02 0.000000e+00 9.893520e-01
122 1.064800e-02 0.000000e+00 9.893520e-01
123 1.064800e-02 0.000000e+00 9.893520e-01
124 1.064800e-02 0.000000e+00 9.893520e-01
125 1.064800e-02 0.000000e+00 9.893520e-01
126 1.064800e-02 0.000000e+00 9.893520e-01
127 1.064800e-02 0.000000e+00 9.893520e-01
128 1.064800e-02 0.000000e+00 9.893520e-01
129 1.064800e-02 0.000000e+00 9.893520e-01
130 1.064800e-02 0.000000e+00 9.893520e-01
131 1.064800e-02 0.000000e+00 9.893520e-01
132 1.064800e-02 0.000000e+00 9.893520e-01
133 1.064800e-02 0.000000e+00 9.893520e-01
134 1.064800e-02 0.000000e+00 9.893520e-01
135 1.064800e-02 0.000000e+00 9.893520e-01
136 1.064800e-02 0.000000e+00 9.893520e-01
137 1.064800e-02 0.000000e+00 9.893520e-01
138 1.064800e-02 0.000000e+00 9.893520e-01
139 1.064800e-02 0.000000e+00 9.893520e-01
140 1.064800e-02 0.000000e+00 9.893520e-01
141 1.064800e-02 0.000000e+00 9.893520e-01
142 1.064800e-02 0.000000e+00 9.893520e-01
143 1.064800e-02 0.000000e+00 9.893520e-01
144 1.064800e-02 0.000000e+00 9.893520e-01
145 1.064800e-02 0.000000e+00 9.893520e-01
146 1.064800e-02 0.000000e+00 9.893520e-01
147 1.064800e-02 0.000000e+00 9.893520e-01
148 1.064800e-02 0.000000e+00 9.893520e-01
149 1.064800e-02 0.000000e+00 9.893520e-01
150 1.064800e-02 0.000000e+00 9.893520e-01
151 1.064800e-02 0.000000e+00 9.893520e-01
152 1.064800e-02 0.000000e+00 9.893520e-01
153 1.064800e-02 0.000000e+00 9.893520e-01
154 1.064800e-02 0.000000e+00 9.893520e-01
155 1.064800e-02 0.000000e+00 9.893520e-01
156 1.064800e-02 0.000000e+00 9.893520e-01
157 1.064800e-02 0.000000e+00 9.893520e-01
158 1.064800e-02 0.000000e+00 9.893520e-01
159 1.064800e-02 0.000000e+00 9.893520e-01
160 1.064800e-02 0.000000e+00 9.893520e-01
161 1.064800e-02 0.000000e+00 9.893520e-01
162 1.064800e-02 0.000000e+00 9.893520e-01
163 1.064800e-02 0.000000e+00 9.893520e-01
164 1.064800e-02 0.000000e+00 9.893520e-01
165 1.064800e-02 0.000000e+00 9.893520e-01
166 1.064800e-02 0.000000e+00 9.893520e-01
167 1.064800e-02 0.000000e+00 9.893520e-01
168 1.064800e-02 0.000000e+00 9.893520e-01
169 1.064800e-02 0.000000e+00 9.893520e-01
170 1.064800e-02 0.000000e+00 9.893520e-01
171 1.064800e-02 0.000000e+00 9.893520e-01
172 1.064800e-02 0.000000e+00 9.893520e-01
173 1.064800e-02 0.000000e+00 9.893520e-01
174 1.064800e-02 0.000000e+00 9.893520e-01
175 1.064800e-02 0.000000e+00 9.893520e-01
176 1.064800e-02 0.000000e+00 9.893520e-01
177 1.064800e-02 0.000000e+00 9.893520e-01
178 1.064800e-02 0.000000e+00 9.893520e-01
179 1.064800e-02 0.000000e+00 9.893520e-01
180 1.064800e-02 0.000000e+00 9.893520e-01
181 1.064800e-02 0.000000e+00 9.893520e-01
182 1.064800e-02 0.000000e+00 9.893520e-01
183 1.064800e-02 0.000000e+00 9.893520e-01
184 1.064800e-02 0.000000e+00 9.893520e-01
185 1.064800e-02 0.000000e+00 9.893520e-01
186 1.064800e-02 0.000000e+00 9.893520e-01
187 1.064800e-02 0.000000e+00 9.893520e-01
188 1.064800e-02 0.000000e+00 9.893520e-01
189 1.064800e-02 0.000000e+00 9.893520e-01
190 1.064800e-02 0.000000e+00 9.893520e-01
191 1.064800e-02 0.000000e+00 9.893520e-01
192 1.064800e-02 0.000000e+00 9.893520e-01
193 1.064800e-02 0.000000e+00 9.893520e-01
194 1.064800e-02 0.000000e+00 9.893520e-01
195 1.064800e-02 0.000000e+00 9.893520e-01
196 1.064800e-02 0.000000e+00 9.893520e-01
197 1.064800e-02 0.000000e+00 9.893520e-01
198 1.064800e-02 0.000000e+00 9.893520e-01
199 1.064800e-02 0.000000e+00 9.893520e-01
200 1.064800e-02 0.000000e+00 9.893520e-01
201 1.064800e-02 0.000000e+00 9.893520e-01
202 1.064800e-02 0.000000e+00 9.893520e-01
203 1.064800e-02 0.000000e+00 9.893520e-01
204 1.064800e-02 0.000000e+00 9.893520e-01
205 1.064800e-02 0.000000e+00 9.893520e-01
206 1.064800e-02 0.000000e+00 9.893520e-01
207 1.064800e-02 0.000000e+00 9.893520e-01
208 1.064800e-02 0.000000e+00 9.893520e-01
209 1.064800e-02 0.000000e+00 9.893520e-01
210 1.064800e-02 0.000000e+00 9.893520e-01
211 1.064800e-02 0.000000e+00 9.893520e-01
212 1.064800e-02 0.000000e+00 9.893520e-01
213 1.064800e-02 0.000000e+00 9.893520e-01
214 1.064800e-02 0.000000e+00 9.893520e-01
215 1.064800e-02 0.000000e+00 9.893520e-01
216 1.064800e-02 0.000000e+00 9.893520e-01
217 1.064800e-02 0.000000e+00 9.893520e-01
218 1.064800e-02 0.000000e+00 9.893520e-01
219 1.064800e-02 0.000000e+00 9.893520e-01
220 1.064800e-02 0.000000e+00 9.893520e-01
221 1.064800e-02 0.000000e+00 9.893520e-01
222 1.064800e-02 0.000000e+00 9.893520e-01
223 1.064800e-02 0.000000e+00 9.893520e-01
224 1.064800e-02 0.000000e+00 9.893520e-01
225 1.064800e-02 0.000000e+00 9.893520e-01
226 1.064800e-02 0.000000e+00 9.893520e-01
227 1.064800e-02 0.000000e+00 9.893520e-01
228 1.064800e-02 0.000000e+00 9.893520e-01
229 1.064800e-02 0.000000e+00 9.893520e-01
230 1.064800e-02 0.000000e+00 9.893520e-01
231 1.064800e-02 0.000000e+00 9.893520e-01
232 1.064800e-02 0.000000e+00 9.893520e-01
233 1.064800e-02 0.000000e+00 9.893520e-01
234 1.064800e-02 0.000000e+00 9.893520e-01
235 1.064800e-02 0.000000e+00 9.893520e-01
236 1.064800e-02 0.000000e+00 9.893520e-01
237 1.064800e-02 0.000000e+00 9.893520e-01
238 1.064800e-02 0.000000e+00 9.893520e-01
239 1.064800e-02 0.000000e+00 9.893520e-01
240 1.064800e-02 0.000000e+00 9.893520e-01
241 1.064800e-02 0.000000e+00 9.893520e-01
242 1.064800e-02 0.000000e+00 9.893520e-01
243 1.064800e-02 0.000000e+00 9.893520e-01
244 1.064800e-02 0.000000e+00 9.893520e-01
245 1.064800e-02 0.000000e+00 9.893520e-01
246 1.064800e-02 0.000000e+00 9.893520e-01
247 1.064800e-02 0.000000e+00 9.893520e-01
248 1.064800e-02 0.000000e+00 9.893520e-01
249 1.064800e-02 0.000000e+00 9.893520e-01
250 1.064800e-02 0.000000e+00 9.893520e-01
251 1.064800e-02 0.000000e+00 9.893520e-01
252 1.064800e-02 0.000000e+00 9.893520e-01
253 1.064800e-02 0.000000e+00 9.893520e-01
254 1.064800e-02 0.000000e+00 9.893520e-01
255 1.064800e-02 0.000000e+00 9.893520e-01
256 1.064800e-02 0.000000e+00 9.893520e-01
257 1.064800e-02 0.000000e+00 9.893520e-01
258 1.064800e-02 0.000000e+00 9.893520e-01
259 1.064800e-02 0.000000e+00 9.893520e-01
260 1.064800e-02 0.000000e+00 9.893520e-01
261 1.064800e-02 0.000000e+00 9.893520e-01
262 1.064800e-02 0.000000e+00 9.893520e-01
263 1.064800e-02 0.000000e+00 9.893520e-01
264 1.064800e-02 0.000000e+00 9.893520e-01
265 1.064800e-02 0.000000e+00 9.893520e-01
266 1.064800e-02 0.000000e+00 9.893520e-01
267 1.064800e-02 0.000000e+00 9.893520e-01
268 1.064800e-02 0.000000e+00 9.893520e-01
269 1.064800e-02 0.000000e+00 9.893520e-01
270 1.064800e-02 0.000000e+00 9.893520e-01
271 1.064800e-02 0.000000e+00 9.893520e-01
272 1.064800e-02 0.000000e+00 9.893520e-01
273 1.064800e-02 0.000000e+00 9.893520e-01
274 1.064800e-02 0.000000e+00 9.893520e-01
275 1.064800e-02 0.000000e+00 9.893520e-01
276 1.064800e-02 0.000000e+00 9.893520e-01
277 1.064800e-02 0.000000e+00 9.893520e-01
278 1.064800e-02 0.000000e+00 9.893520e-01
279 1.064800e-02 0.000000e+00 9.893520e-01
280 1.064800e-02 0.000000e+00 9.893520e-01
281 1.064800e-02 0.000000e+00 9.893520e-01
282 1.064800e-02 0.000000e+00 9.893520e-01
283 1.064800e-02 0.000000e+00 9.893520e-01
284 1.064800e-02 0.000000e+00 9.893520e-01
285 1.064800e-02 0.000000e+00 9.893520e-01
286 1.064800e-02 0.000000e+00 9.893520e-01
287 1.064800e-02 0.000000e+00 9.893520e-01
288 1.064800e-02 0.000000e+00 9.893520e-01
289 1.064800e-02 0.000000e+00 9.893520e-01
290 1.064800e-02 0.000000e+00 9.893520e-01
291 1.064800e-02 0.000000e+00 9.893520e-01
292 1.064800e-02 0.000000e+00 9.893520e-01
293 1.064800e-02 0.000000e+00 9.893520e-01
294 1.064800e-02 0.000000e+00 9.893520e-01
295 1.064800e-02 0.000000e+00 9.893520e-01
296 1.064800e-02 0.000000e+00 9.893520e-01
297 1.064800e-02 0.000000e+00 9.893520e-01
298 1.064800e-02 0.000000e+00 9.893520e-01
299 1.064800e-02 0.000000e+00 9.893520e-01
300 1.064800e-02 0.000000e+00 9.893520e-01
301 1.064800e-02 0.000000e+00 9.893520e-01
302 1.064800e-02 0.000000e+00 9.893520e-01
303 1.064800e-02 0.000000e+00 9.893520e-01
304 1.064800e-02 0.000000e+00 9.893520e-01
305 1.064800e-02 0.000000e+00 9.893520e-01
306 1.064800e-02 0.000000e+00 9.893520e-01
307 1.064800e-02 0.000000e+00 9.893520e-01
308 1.064800e-02 0.000000e+00 9.893520e-01
309 1.064800e-02 0.000000e+00 9.893520e-01
310 1.064800e-02 0.000000e+00 9.893520e-01
311 1.064800e-02 0.000000e+00 9.893520e-01
312 1.064800e-02 0.000000e+00 9.893520e-01
313 1.064800e-02 0.000000e+00 9.893520e-01
314 1.064800e-02 0.000000e+00 9.893520e-01
315 1.064800e-02 0.000000e+00 9.893520e-01
316 1.064800e-02 0.000000e+00 9.893520e-01
317 1.064800e-02 0.000000e+00 9.893520e-01
318 1.064800e-02 0.000000e+00 9.893520e-01
319 1.064800e-02 0.000000e+00 9.893520e-01
320 1.064800e-02 0.000000e+00 9.893520e-01
321 1.064800e-02 0.000000e+00 9.893520e-01
322 1.064800e-02 0.000000e+00 9.893520e-01
323 1.064800e-02 0.000000e+00 9.893520e-01
324 1.064800e-02 0.000000e+00 9.893520e-01
325 1.064800e-02 0.000000e+00 9.893520e-01
326 1.064800e-02 0.000000e+00 9.893520e-01
327 1.064800e-02 0.000000e+00 9.893520e-01
328 1.064800e-02 0.000000e+00 9.893520e-01
329 1.064800e-02 0.000000e+00 9.893520e-01
330 1.064800e-02 0.000000e+00 9.893520e-01
331 1.064800e-02 0.000000e+00 9.893520e-01
332 1.064800e-02 0.000000e+00 9.893520e-01
333 1.064800e-02 0.000000e+00 9.893520e-01
334 1.064800e-02 0.000000e+00 9.893520e-01
335 1.064800e-02 0.000000e+00 9.893520e-01
336 1.064800e-02 0.000000e+00 9.893520e-01
337 1.064800e-02 0.000000e+00 9.893520e-01
338 1.064800e-02 0.000000e+00 9.893520e-01
339 1.064800e-02 0.000000e+00 9.893520e-01
340 1.064800e-02 0.000000e+00 9.893520e-01
341 1.064800e-02 0.000000e+00 9.893520e-01
342 1.064800e-02 0.000000e+00 9.893520e-01
343 1.064800e-02 0.000000e+00 9.893520e-01
344 1.064800e-02 0.000000e+00 9.893520e-01
345 1.064800e-02 0.000000e+00 9.893520e-01
346 1.064800e-02 0.000000e+00 9.893520e-01
347 1.064800e-02 0.000000e+00 9.893520e-01
348 1.064800e-02 0.000000e+00 9.893520e-01
349 1.064800e-02 0.000000e+00 9.893520e-01
350 1.064800e-02 0.000000e+00 9.893520e-01
351 1.064800e-02 0.000000e+00 9.893520e-01
352 1.064800e-02 0.000000e+00 9.893520e-01
353 1.064800e-02 0.000000e+00 9.893520e-01
354 1.064800e-02 0.000000e+00 9.893520e-01
355 1.064800e-02 0.000000e+00 9.893520e-01
356 1.064800e-02 0.000000e+00 9.893520e-01
357 1.064800e-02 0.000000e+00 9.893520e-01
358 1.064800e-02 0.000000e+00 9.893520e-01
359 1.064800e-02 0.000000e+00 9.893520e-01
360 1.064800e-02 0.000000e+00 9.893520e-01
361 1.064800e-02 0.000000e+00 9.893520e-01
362 1.064800e-02 0.000000e+00 9.893520e-01
363 1.064800e-02 0.000000e+00 9.893520e-01
364 1.064800e-02 0.000000e+00 9.893520e-01
365 1.064800e-02 0.000000e+00 9.893520e-01
366 1.064800e-02 0.000000e+00 9.893520e-01
367 1.064800e-02 0.000000e+00 9.893520e-01
368 1.064800e-02 0.000000e+00 9.893520e-01
369 1.064800e-02 0.000000e+00 9.893520e-01
370 1.064800e-02 0.000000e+00 9.893520e-01
371 1.064800e-02 0.000000e+00 9.893520e-01
372 1.064800e-02 0.000000e+00 9.893520e-01
373 1.064800e-02 0.000000e+00 9.893520e-01
374 1.064800e-02 0.000000e+00 9.893520e-01
375 1.064800e-02 0.000000e+00 9.893520e-01
376 1.064800e-02 0.000000e+00 9.893520e-01
377 1.064800e-02 0.000000e+00 9.893520e-01
378 1.064800e-02 0.000000e+00 9.893520e-01
379 1.064800e-02 0.000000e+00 9.893520e-01
380 1.064800e-02 0.000000e+00 9.893520e-01
381 1.064800e-02 0.000000e+00 9.893520e-01
382 1.064800e-02 0.000000e+00 9.893520e-01
383 1.064800e-02 0.000000e+00 9.893520e-01
384 1.064800e-02 0.000000e+00 9.893520e-01
385 1.064800e-02 0.000000e+00 9.893520e-01
386 1.064800e-02 0.000000e+00 9.893520e-01
387 1.064800e-02 0.000000e+00 9.893520e-01
388 1.064800e-02 0.000000e+00 9.893520e-01
389 1.064800e-02 0.000000e+00 9.893520e-01
390 1.064800e-02 0.000000e+00 9.893520e-01
391 1.064800e-02 0.000000e+00 9.893520e-01
392 1.064800e-02 0.000000e+00 9.893520e-01
393 1.064800e-02 0.000000e+00 9.893520e-01
394 1.064800e-02 0.000000e+00 9.893520e-01
395 1.064800e-02 0.000000e+00 9.893520e-01
396 1.064800e-02 0.000000e+00 9.893520e-01
397 1.064800e-02 0.000000e+00 9.893520e-01
398 1.064800e-02 0.000000e+00 9.893520e-01
399 1.064800e-02 0.000000e+00 9.893520e-01
400 1.064800e-02 0.000000e+00 9.893520e-01
401 1.064800e-02 0.000000e+00 9.893520e-01
402 1.064800e-02 0.000000e+00 9.893520e-01
403 1.064800e-02 0.000000e+00 9.893520e-01
404 1.064800e-02 0.000000e+00 9.893520e-01
405 1.064800e-02 0.000000e+00 9.893520e-01
406 1.064800e-02 0.000000e+00 9.893520e-01
407 1.064800e-02 0.000000e+00 9.893520e-01
408 1.064800e-02 0.000000e+00 9.893520e-01
409 1.064800e-02 0.000000e+00 9.893520e-01
410 1.064800e-02 0.000000e+00 9.893520e-01
411 1.064800e-02 0.000000e+00 9.893520e-01
412 1.064800e-02 0.000000e+00 9.893520e-01
413 1.064800e-02 0.000000e+00 9.893520e-01
414 1.064800e-02 0.000000e+00 9.893520e-01
415 1.064800e-02 0.000000e+00 9.893520e-01
416 1.064800e-02 0.000000e+00 9.893520e-01
417 1.064800e-02 0.000000e+00 9.893520e-01
418 1.064800e-02 0.000000e+00 9.893520e-01
419 1.064800e-02 0.000000e+00 9.893520e-01
420 1.064800e-02 0.000000e+00 9.893520e-01
421 1.064800e-02 0.000000e+00 9.893520e-01
422 1.064800e-02 0.000000e+00 9.893520e-01
423 1.064800e-02 0.000000e+00 9.893520e-01
424 1.064800e-02 0.000000e+00 9.893520e-01
425 1.064800e-02 0.000000e+00 9.893520e-01
426 1.064800e-02 0.000000e+00 9.893520e-01
427 1.064800e-02 0.000000e+00 9.893520e-01
428 1.064800e-02 0.000000e+00 9.893520e-01
429 1.064800e-02 0.000000e+00 9.893520e-01
430 1.064800e-02 0.000000e+00 9.893520e-01
431 1.064800e-02 0.000000e+00 9.893520e-01
432 1.064800e-02 0.000000e+00 9.893520e-01
433 1.064800e-02 0.000000e+00 9.893520e-01
434 1.064800e-02 0.000000e+00 9.893520e-01
435 1.064800e-02 0.000000e+00 9.893520e-01
436 1.064800e-02 0.000000e+00 9.893520e-01
437 1.064800e-02 0.000000e+00 9.893520e-01
438 1.064800e-02 0.000000e+00 9.893520e-01
439 1.064800e-02 0.000000e+00 9.893520e-01
440 1.064800e-02 0.000000e+00 9.893520e-01
441 1.064800e-02 0.000000e+00 9.893520e-01
442 1.064800e-02 0.000000e+00 9.893520e-01
443 1.064800e-02 0.000000e+00 9.893520e-01
444 1.064800e-02 0.000000e+00 9.893520e-01
445 1.064800e-02 0.000000e+00 9.893520e-01
446 1.064800e-02 0.000000e+00 9.893520e-01
447 1.064800e-02 0.000000e+00 9.893520e-01
448 1.064800e-02 0.000000e+00 9.893520e-01
449 1.064800e-02 0.000000e+00 9.893520e-01
450 1.064800e-02 0.000000e+00 9.893520e-01
451 1.064800e-02 0.000000e+00 9.893520e-01
452 1.064800e-02 0.000000e+00 9.893520e-01
453 1.064800e-02 0.000000e+00 9.893520e-01
454 1.064800e-02 0.000000e+00 9.893520e-01
455 1.064800e-02 0.000000e+00 9.893520e-01
456 1.064800e-02 0.000000e+00 9.893520e-01
457 1.064800e-02 0.000000e+00 9.893520e-01
458 1.064800e-02 0.000000e+00 9.893520e-01
459 1.064800e-02 0.000000e+00 9.893520e-01
460 1.064800e-02 0.000000e+00 9.893520e-01
461 1.064800e-02 0.000000e+00 9.893520e-01
462 1.064800e-02 0.000000e+00 9.893520e-01
463 1.064800e-02 0.000000e+00 9.893520e-01
464 1.064800e-02 0.000000e+00 9.893520e-01
465 1.064800e-02 0.000000e+00 9.893520e-01
466 1.064800e-02 0.000000e+00 9.893520e-01
467 1.064800e-02 0.000000e+00 9.893520e-01
468 1.064800e-02 0.000000e+00 9.893520e-01
469 1.064800e-02 0.000000e+00 9.893520e-01
470 1.064800e-02 0.000000e+00 9.893520e-01
471 1.064800e-02 0.000000e+00 9.893520e-01
472 1.064800e-02 0.000000e+00 9.893520e-01
473 1.064800e-02 0.000000e+00 9.893520e-01
474 1.064800e-02 0.000000e+00 9.893520e-01
475 1.064800e-02 0.000000e+00 9.893520e-01
476 1.064800e-02 0.000000e+00 9.893520e-01
477 1.064800e-02 0.000000e+00 9.893520e-01
478 1.064800e-02 0.000000e+00 9.893520e-01
479 1.064800e-02 0.000000e+00 9.893520e-01
480 1.064800e-02 0.000000e+00 9.893520e-01
481 1.064800e-02 0.000000e+00 9.893520e-01
482 1.064800e-02 0.000000e+00 9.893520e-01
483 1.064800e-02 0.000000e+00 9.893520e-01
484 1.064800e-02 0.000000e+00 9.893520e-01
485 1.064800e-02 0.000000e+00 9.893520e-01
486 1.064800e-02 0.000000e+00 9.893520e-01
487 1.064800e-02 0.000000e+00 9.893520e-01
488 1.064800e-02 0.000000e+00 9.893520e-01
489 1.064800e-02 0.000000e+00 9.893520e-01
490 1.064800e-02 0.000000e+00 9.893520e-01
491 1.064800e-02 0.000000e+00 9.893520e-01
492 1.064800e-02 0.000000e+00 9.893520e-01
493 1.064800e-02 0.000000e+00 9.893520e-01
494 1.064800e-02 0.000000e+00 9.893520e-01
495 1.064800e-02 0.000000e+00 9.893520e-01
496 1.064800e-02 0.000000e+00 9.893520e-01
497 1.064800e-02 0.000000e+00 9.893520e-01
498 1.064800e-02 0.000000e+00 9.893520e-01
499 1.064800e-02 0.000000e+00 9.893520e-01
500 1.064800e-02 0.000000e+00 9.893520e-01
