1 9.991560e-01 7.320000e-04 1.120000e-04
2 9.981360e-01 1.564000e-03 3.000000e-04
3 9.963400e-01 3.028000e-03 6.320000e-04
4 9.934240e-01 5.212000e-03 1.364000e-03
5 9.885880e-01 8.780000e-03 2.632000e-03
6 9.800840e-01 1.528400e-02 4.632000e-03
7 9.675280e-01 2.440800e-02 8.064000e-03
8 9.496560e-01 3.690000e-02 1.344400e-02
9 9.256000e-01 5.288800e-02 2.151200e-02
10 8.945680e-01 7.309600e-02 3.233600e-02
11 8.566840e-01 9.618800e-02 4.712800e-02
12 8.127520e-01 1.213560e-01 6.589200e-02
13 7.635960e-01 1.471800e-01 8.922400e-02
14 7.100080e-01 1.722560e-01 1.177360e-01
15 6.537720e-01 1.961600e-01 1.500680e-01
16 5.965160e-01 2.170760e-01 1.864080e-01
17 5.392240e-01 2.352640e-01 2.255120e-01
18 4.844400e-01 2.475960e-01 2.679640e-01
19 4.297800e-01 2.577680e-01 3.124520e-01
20 3.771880e-01 2.648280e-01 3.579840e-01
21 3.284800e-01 2.666000e-01 4.049200e-01
22 2.836960e-01 2.650440e-01 4.512600e-01
23 2.422200e-01 2.598040e-01 4.979760e-01
24 2.057320e-01 2.511000e-01 5.431680e-01
25 1.726120e-01 2.412040e-01 5.861840e-01
26 1.438480e-01 2.285160e-01 6.276360e-01
27 1.185960e-01 2.150120e-01 6.663920e-01
28 9.728000e-02 2.003120e-01 7.024080e-01
29 7.909600e-02 1.843600e-01 7.365440e-01
30 6.459600e-02 1.674640e-01 7.679400e-01
31 5.222400e-02 1.522560e-01 7.955200e-01
32 4.192400e-02 1.372920e-01 8.207840e-01
33 3.426800e-02 1.221920e-01 8.435400e-01
34 2.880000e-02 1.075480e-01 8.636520e-01
35 2.400800e-02 9.459600e-02 8.813960e-01
36 2.053200e-02 8.299200e-02 8.964760e-01
37 1.795200e-02 7.171600e-02 9.103320e-01
38 1.628800e-02 6.176000e-02 9.219520e-01
39 1.499200e-02 5.326000e-02 9.317480e-01
40 1.400800e-02 4.543600e-02 9.405560e-01
41 1.341200e-02 3.865600e-02 9.479320e-01
42 1.286000e-02 3.292400e-02 9.542160e-01
43 1.251200e-02 2.792000e-02 9.595680e-01
44 1.219600e-02 2.352800e-02 9.642760e-01
45 1.202000e-02 1.988000e-02 9.681000e-01
46 1.186000e-02 1.686400e-02 9.712760e-01
47 1.165200e-02 1.436800e-02 9.739800e-01
48 1.154400e-02 1.215200e-02 9.763040e-01
49 1.142000e-02 1.030000e-02 9.782800e-01
50 1.133600e-02 8.740000e-03 9.799240e-01
51 1.127600e-02 7.368000e-03 9.813560e-01
52 1.118800e-02 6.216000e-03 9.825960e-01
53 1.114400e-02 5.252000e-03 9.836040e-01
54 1.109600e-02 4.376000e-03 9.845280e-01
55 1.106000e-02 3.752000e-03 9.851880e-01
56 1.103600e-02 3.224000e-03 9.857400e-01
57 1.102400e-02 2.748000e-03 9.862280e-01
58 1.101200e-02 2.320000e-03 9.866680e-01
59 1.099200e-02 1.896000e-03 9.871120e-01
60 1.098000e-02 1.584000e-03 9.874360e-01
61 1.097200e-02 1.348000e-03 9.876800e-01
62 1.095200e-02 1.152000e-03 9.878960e-01
63 1.094400e-02 9.560000e-04 9.881000e-01
64 1.093600e-02 8.040000e-04 9.882600e-01
65 1.092400e-02 7.000000e-04 9.883760e-01
66 1.092400e-02 6.000000e-04 9.884760e-01
67 1.092400e-02 5.040000e-04 9.885720e-01
68 1.092400e-02 4.400000e-04 9.886360e-01
69 1.091600e-02 3.720000e-04 9.887120e-01
70 1.091200e-02 3.240000e-04 9.887640e-01
71 1.091200e-02 2.960000e-04 9.887920e-01
72 1.090400e-02 2.720000e-04 9.888240e-01
73 1.090400e-02 2.280000e-04 9.888680e-01
74 1.090400e-02 1.960000e-04 9.889000e-01
75 1.090400e-02 1.720000e-04 9.889240e-01
76 1.090400e-02 1.480000e-04 9.889480e-01
77 1.090400e-02 1.280000e-04 9.889680e-01
78 1.090400e-02 1.240000e-04 9.889720e-01
79 1.090400e-02 1.080000e-04 9.889880e-01
80 1.090400e-02 9.200000e-05 9.890040e-01
81 1.090400e-02 8.000000e-05 9.890160e-01
82 1.090400e-02 7.200000e-05 9.890240e-01
83 1.090400e-02 6.000000e-05 9.890360e-01
84 1.090400e-02 5.200000e-05 9.890440e-01
85 1.090400e-02 4.800000e-05 9.890480e-01
86 1.090400e-02 2.800000e-05 9.890680e-01
87 1.090000e-02 3.200000e-05 9.890680e-01
88 1.090000e-02 2.800000e-05 9.890720e-01
89 1.090000e-02 2.400000e-05 9.890760e-01
90 1.090000e-02 1.600000e-05 9.890840e-01
91 1.089600e-02 2.000000e-05 9.890840e-01
92 1.089600e-02 1.600000e-05 9.890880e-01
93 1.089600e-02 1.600000e-05 9.890880e-01
94 1.089600e-02 1.600000e-05 9.890880e-01
95 1.089600e-02 1.200000e-05 9.890920e-01
96 1.089200e-02 8.000000e-06 9.891000e-01
97 1.089200e-02 4.000000e-06 9.891040e-01
98 1.089200e-02 4.000000e-06 9.891040e-01
99 1.089200e-02 4.000000e-06 9.891040e-01
100 1.089200e-02 4.000000e-06 9.891040e-01
101 1.089200e-02 4.000000e-06 9.891040e-01
102 1.089200e-02 4.000000e-06 9.891040e-01
103 1.089200e-02 4.000000e-06 9.891040e-01
104 1.089200e-02 4.000000e-06 9.891040e-01
105 1.089200e-02 0.000000e+00 9.891080e-01
106 1.089200e-02 0.000000e+00 9.891080e-01
107 1.089200e-02 0.000000e+00 9.891080e-01
108 1.089200e-02 0.000000e+00 9.891080e-01
109 1.089200e-02 0.000000e+00 9.891080e-01
110 1.089200e-02 0.000000e+00 9.891080e-01
111 1.089200e-02 0.000000e+00 9.891080e-01
112 1.089200e-02 0.000000e+00 9.891080e-01
113 1.089200e-02 0.000000e+00 9.891080e-01
114 1.089200e-02 0.000000e+00 9.891080e-01
115 1.089200e-02 0.000000e+00 9.891080e-01
116 1.089200e-02 0.000000e+00 9.891080e-01
117 1.089200e-02 0.000000e+00 9.891080e-01
118 1.089200e-02 0.000000e+00 9.891080e-01
119 1.089200e-02 0.000000e+00 9.891080e-01
120 1.089200e-02 0.000000e+00 9.891080e-01
121 1.089200e-02 0.000000e+00 9.891080e-01
122 1.089200e-02 0.000000e+00 9.891080e-01
123 1.089200e-02 0.000000e+00 9.891080e-01
124 1.089200e-02 0.000000e+00 9.891080e-01
125 1.089200e-02 0.000000e+00 9.891080e-01
126 1.089200e-02 0.000000e+00 9.891080e-01
127 1.089200e-02 0.000000e+00 9.891080e-01
128 1.089200e-02 0.000000e+00 9.891080e-01
129 1.089200e-02 0.000000e+00 9.891080e-01
130 1.089200e-02 0.000000e+00 9.891080e-01
131 1.089200e-02 0.000000e+00 9.891080e-01
132 1.089200e-02 0.000000e+00 9.891080e-01
133 1.089200e-02 0.000000e+00 9.891080e-01
134 1.089200e-02 0.000000e+00 9.891080e-01
135 1.089200e-02 0.000000e+00 9.891080e-01
136 1.089200e-02 0.000000e+00 9.891080e-01
137 1.089200e-02 0.000000e+00 9.891080e-01
138 1.089200e-02 0.000000e+00 9.891080e-01
139 1.089200e-02 0.000000e+00 9.891080e-01
140 1.089200e-02 0.000000e+00 9.891080e-01
141 1.089200e-02 0.000000e+00 9.891080e-01
142 1.089200e-02 0.000000e+00 9.891080e-01
143 1.089200e-02 0.000000e+00 9.891080e-01
144 1.089200e-02 0.000000e+00 9.891080e-01
145 1.089200e-02 0.000000e+00 9.891080e-01
146 1.089200e-02 0.000000e+00 9.891080e-01
147 1.089200e-02 0.000000e+00 9.891080e-01
148 1.089200e-02 0.000000e+00 9.891080e-01
149 1.089200e-02 0.000000e+00 9.891080e-01
150 1.089200e-02 0.000000e+00 9.891080e-01
151 1.089200e-02 0.000000e+00 9.891080e-01
152 1.089200e-02 0.000000e+00 9.891080e-01
153 1.089200e-02 0.000000e+00 9.891080e-01
154 1.089200e-02 0.000000e+00 9.891080e-01
155 1.089200e-02 0.000000e+00 9.891080e-01
156 1.089200e-02 0.000000e+00 9.891080e-01
157 1.089200e-02 0.000000e+00 9.891080e-01
158 1.089200e-02 0.000000e+00 9.891080e-01
159 1.089200e-02 0.000000e+00 9.891080e-01
160 1.089200e-02 0.000000e+00 9.891080e-01
161 1.089200e-02 0.000000e+00 9.891080e-01
162 1.089200e-02 0.000000e+00 9.891080e-01
163 1.089200e-02 0.000000e+00 9.891080e-01
164 1.089200e-02 0.000000e+00 9.891080e-01
165 1.089200e-02 0.000000e+00 9.891080e-01
166 1.089200e-02 0.000000e+00 9.891080e-01
167 1.089200e-02 0.000000e+00 9.891080e-01
168 1.089200e-02 0.000000e+00 9.891080e-01
169 1.089200e-02 0.000000e+00 9.891080e-01
170 1.089200e-02 0.000000e+00 9.891080e-01
171 1.089200e-02 0.000000e+00 9.891080e-01
172 1.089200e-02 0.000000e+00 9.891080e-01
173 1.089200e-02 0.000000e+00 9.891080e-01
174 1.089200e-02 0.000000e+00 9.891080e-01
175 1.089200e-02 0.000000e+00 9.891080e-01
176 1.089200e-02 0.000000e+00 9.891080e-01
177 1.089200e-02 0.000000e+00 9.891080e-01
178 1.089200e-02 0.000000e+00 9.891080e-01
179 1.089200e-02 0.000000e+00 9.891080e-01
180 1.089200e-02 0.000000e+00 9.891080e-01
181 1.089200e-02 0.000000e+00 9.891080e-01
182 1.089200e-02 0.000000e+00 9.891080e-01
183 1.089200e-02 0.000000e+00 9.891080e-01
184 1.089200e-02 0.000000e+00 9.891080e-01
185 1.089200e-02 0.000000e+00 9.891080e-01
186 1.089200e-02 0.000000e+00 9.891080e-01
187 1.089200e-02 0.000000e+00 9.891080e-01
188 1.089200e-02 0.000000e+00 9.891080e-01
189 1.089200e-02 0.000000e+00 9.891080e-01
190 1.089200e-02 0.000000e+00 9.891080e-01
191 1.089200e-02 0.000000e+00 9.891080e-01
192 1.089200e-02 0.000000e+00 9.891080e-01
193 1.089200e-02 0.000000e+00 9.891080e-01
194 1.089200e-02 0.000000e+00 9.891080e-01
195 1.089200e-02 0.000000e+00 9.891080e-01
196 1.089200e-02 0.000000e+00 9.891080e-01
197 1.089200e-02 0.000000e+00 9.891080e-01
198 1.089200e-02 0.000000e+00 9.891080e-01
199 1.089200e-02 0.000000e+00 9.891080e-01
200 1.089200e-02 0.000000e+00 9.891080e-01
201 1.089200e-02 0.000000e+00 9.891080e-01
202 1.089200e-02 0.000000e+00 9.891080e-01
203 1.089200e-02 0.000000e+00 9.891080e-01
204 1.089200e-02 0.000000e+00 9.891080e-01
205 1.089200e-02 0.000000e+00 9.891080e-01
206 1.089200e-02 0.000000e+00 9.891080e-01
207 1.089200e-02 0.000000e+00 9.891080e-01
208 1.089200e-02 0.000000e+00 9.891080e-01
209 1.089200e-02 0.000000e+00 9.891080e-01
210 1.089200e-02 0.000000e+00 9.891080e-01
211 1.089200e-02 0.000000e+00 9.891080e-01
212 1.089200e-02 0.000000e+00 9.891080e-01
213 1.089200e-02 0.000000e+00 9.891080e-01
214 1.089200e-02 0.000000e+00 9.891080e-01
215 1.089200e-02 0.000000e+00 9.891080e-01
216 1.089200e-02 0.000000e+00 9.891080e-01
217 1.089200e-02 0.000000e+00 9.891080e-01
218 1.089200e-02 0.000000e+00 9.891080e-01
219 1.089200e-02 0.000000e+00 9.891080e-01
220 1.089200e-02 0.000000e+00 9.891080e-01
221 1.089200e-02 0.000000e+00 9.891080e-01
222 1.089200e-02 0.000000e+00 9.891080e-01
223 1.089200e-02 0.000000e+00 9.891080e-01
224 1.089200e-02 0.000000e+00 9.891080e-01
225 1.089200e-02 0.000000e+00 9.891080e-01
226 1.089200e-02 0.000000e+00 9.891080e-01
227 1.089200e-02 0.000000e+00 9.891080e-01
228 1.089200e-02 0.000000e+00 9.891080e-01
229 1.089200e-02 0.000000e+00 9.891080e-01
230 1.089200e-02 0.000000e+00 9.891080e-01
231 1.089200e-02 0.000000e+00 9.891080e-01
232 1.089200e-02 0.000000e+00 9.891080e-01
233 1.089200e-02 0.000000e+00 9.891080e-01
234 1.089200e-02 0.000000e+00 9.891080e-01
235 1.089200e-02 0.000000e+00 9.891080e-01
236 1.089200e-02 0.000000e+00 9.891080e-01
237 1.089200e-02 0.000000e+00 9.891080e-01
238 1.089200e-02 0.000000e+00 9.891080e-01
239 1.089200e-02 0.000000e+00 9.891080e-01
240 1.089200e-02 0.000000e+00 9.891080e-01
241 1.089200e-02 0.000000e+00 9.891080e-01
242 1.089200e-02 0.000000e+00 9.891080e-01
243 1.089200e-02 0.000000e+00 9.891080e-01
244 1.089200e-02 0.000000e+00 9.891080e-01
245 1.089200e-02 0.000000e+00 9.891080e-01
246 1.089200e-02 0.000000e+00 9.891080e-01
247 1.089200e-02 0.000000e+00 9.891080e-01
248 1.089200e-02 0.000000e+00 9.891080e-01
249 1.089200e-02 0.000000e+00 9.891080e-01
250 1.089200e-02 0.000000e+00 9.891080e-01
251 1.089200e-02 0.000000e+00 9.891080e-01
252 1.089200e-02 0.000000e+00 9.891080e-01
253 1.089200e-02 0.000000e+00 9.891080e-01
254 1.089200e-02 0.000000e+00 9.891080e-01
255 1.089200e-02 0.000000e+00 9.891080e-01
256 1.089200e-02 0.000000e+00 9.891080e-01
257 1.089200e-02 0.000000e+00 9.891080e-01
258 1.089200e-02 0.000000e+00 9.891080e-01
259 1.089200e-02 0.000000e+00 9.891080e-01
260 1.089200e-02 0.000000e+00 9.891080e-01
261 1.089200e-02 0.000000e+00 9.891080e-01
262 1.089200e-02 0.000000e+00 9.891080e-01
263 1.089200e-02 0.000000e+00 9.891080e-01
264 1.089200e-02 0.000000e+00 9.891080e-01
265 1.089200e-02 0.000000e+00 9.891080e-01
266 1.089200e-02 0.000000e+00 9.891080e-01
267 1.089200e-02 0.000000e+00 9.891080e-01
268 1.089200e-02 0.000000e+00 9.891080e-01
269 1.089200e-02 0.000000e+00 9.891080e-01
270 1.089200e-02 0.000000e+00 9.891080e-01
271 1.089200e-02 0.000000e+00 9.891080e-01
272 1.089200e-02 0.000000e+00 9.891080e-01
273 1.089200e-02 0.000000e+00 9.891080e-01
274 1.089200e-02 0.000000e+00 9.891080e-01
275 1.089200e-02 0.000000e+00 9.891080e-01
276 1.089200e-02 0.000000e+00 9.891080e-01
277 1.089200e-02 0.000000e+00 9.891080e-01
278 1.089200e-02 0.000000e+00 9.891080e-01
279 1.089200e-02 0.000000e+00 9.891080e-01
280 1.089200e-02 0.000000e+00 9.891080e-01
281 1.089200e-02 0.000000e+00 9.891080e-01
282 1.089200e-02 0.000000e+00 9.891080e-01
283 1.089200e-02 0.000000e+00 9.891080e-01
284 1.089200e-02 0.000000e+00 9.891080e-01
285 1.089200e-02 0.000000e+00 9.891080e-01
286 1.089200e-02 0.000000e+00 9.891080e-01
287 1.089200e-02 0.000000e+00 9.891080e-01
288 1.089200e-02 0.000000e+00 9.891080e-01
289 1.089200e-02 0.000000e+00 9.891080e-01
290 1.089200e-02 0.000000e+00 9.891080e-01
291 1.089200e-02 0.000000e+00 9.891080e-01
292 1.089200e-02 0.000000e+00 9.891080e-01
293 1.089200e-02 0.000000e+00 9.891080e-01
294 1.089200e-02 0.000000e+00 9.891080e-01
295 1.089200e-02 0.000000e+00 9.891080e-01
296 1.089200e-02 0.000000e+00 9.891080e-01
297 1.089200e-02 0.000000e+00 9.891080e-01
298 1.089200e-02 0.000000e+00 9.891080e-01
299 1.089200e-02 0.000000e+00 9.891080e-01
300 1.089200e-02 0.000000e+00 9.891080e-01
301 1.089200e-02 0.000000e+00 9.891080e-01
302 1.089200e-02 0.000000e+00 9.891080e-01
303 1.089200e-02 0.000000e+00 9.891080e-01
304 1.089200e-02 0.000000e+00 9.891080e-01
305 1.089200e-02 0.000000e+00 9.891080e-01
306 1.089200e-02 0.000000e+00 9.891080e-01
307 1.089200e-02 0.000000e+00 9.891080e-01
308 1.089200e-02 0.000000e+00 9.891080e-01
309 1.089200e-02 0.000000e+00 9.891080e-01
310 1.089200e-02 0.000000e+00 9.891080e-01
311 1.089200e-02 0.000000e+00 9.891080e-01
312 1.089200e-02 0.000000e+00 9.891080e-01
313 1.089200e-02 0.000000e+00 9.891080e-01
314 1.089200e-02 0.000000e+00 9.891080e-01
315 1.089200e-02 0.000000e+00 9.891080e-01
316 1.089200e-02 0.000000e+00 9.891080e-01
317 1.089200e-02 0.000000e+00 9.891080e-01
318 1.089200e-02 0.000000e+00 9.891080e-01
319 1.089200e-02 0.000000e+00 9.891080e-01
320 1.089200e-02 0.000000e+00 9.891080e-01
321 1.089200e-02 0.000000e+00 9.891080e-01
322 1.089200e-02 0.000000e+00 9.891080e-01
323 1.089200e-02 0.000000e+00 9.891080e-01
324 1.089200e-02 0.000000e+00 9.891080e-01
325 1.089200e-02 0.000000e+00 9.891080e-01
326 1.089200e-02 0.000000e+00 9.891080e-01
327 1.089200e-02 0.000000e+00 9.891080e-01
328 1.089200e-02 0.000000e+00 9.891080e-01
329 1.089200e-02 0.000000e+00 9.891080e-01
330 1.089200e-02 0.000000e+00 9.891080e-01
331 1.089200e-02 0.000000e+00 9.891080e-01
332 1.089200e-02 0.000000e+00 9.891080e-01
333 1.089200e-02 0.000000e+00 9.891080e-01
334 1.089200e-02 0.000000e+00 9.891080e-01
335 1.089200e-02 0.000000e+00 9.891080e-01
336 1.089200e-02 0.000000e+00 9.891080e-01
337 1.089200e-02 0.000000e+00 9.891080e-01
338 1.089200e-02 0.000000e+00 9.891080e-01
339 1.089200e-02 0.000000e+00 9.891080e-01
340 1.089200e-02 0.000000e+00 9.891080e-01
341 1.089200e-02 0.000000e+00 9.891080e-01
342 1.089200e-02 0.000000e+00 9.891080e-01
343 1.089200e-02 0.000000e+00 9.891080e-01
344 1.089200e-02 0.000000e+00 9.891080e-01
345 1.089200e-02 0.000000e+00 9.891080e-01
346 1.089200e-02 0.000000e+00 9.891080e-01
347 1.089200e-02 0.000000e+00 9.891080e-01
348 1.089200e-02 0.000000e+00 9.891080e-01
349 1.089200e-02 0.000000e+00 9.891080e-01
350 1.089200e-02 0.000000e+00 9.891080e-01
351 1.089200e-02 0.000000e+00 9.891080e-01
352 1.089200e-02 0.000000e+00 9.891080e-01
353 1.089200e-02 0.000000e+00 9.891080e-01
354 1.089200e-02 0.000000e+00 9.891080e-01
355 1.089200e-02 0.000000e+00 9.891080e-01
356 1.089200e-02 0.000000e+00 9.891080e-01
357 1.089200e-02 0.000000e+00 9.891080e-01
358 1.089200e-02 0.000000e+00 9.891080e-01
359 1.089200e-02 0.000000e+00 9.891080e-01
360 1.089200e-02 0.000000e+00 9.891080e-01
361 1.089200e-02 0.000000e+00 9.891080e-01
362 1.089200e-02 0.000000e+00 9.891080e-01
363 1.089200e-02 0.000000e+00 9.891080e-01
364 1.089200e-02 0.000000e+00 9.891080e-01
365 1.089200e-02 0.000000e+00 9.891080e-01
366 1.089200e-02 0.000000e+00 9.891080e-01
367 1.089200e-02 0.000000e+00 9.891080e-01
368 1.089200e-02 0.000000e+00 9.891080e-01
369 1.089200e-02 0.000000e+00 9.891080e-01
370 1.089200e-02 0.000000e+00 9.891080e-01
371 1.089200e-02 0.000000e+00 9.891080e-01
372 1.089200e-02 0.000000e+00 9.891080e-01
373 1.089200e-02 0.000000e+00 9.891080e-01
374 1.089200e-02 0.000000e+00 9.891080e-01
375 1.089200e-02 0.000000e+00 9.891080e-01
376 1.089200e-02 0.000000e+00 9.891080e-01
377 1.089200e-02 0.000000e+00 9.891080e-01
378 1.089200e-02 0.000000e+00 9.891080e-01
379 1.089200e-02 0.000000e+00 9.891080e-01
380 1.089200e-02 0.000000e+00 9.891080e-01
381 1.089200e-02 0.000000e+00 9.891080e-01
382 1.089200e-02 0.000000e+00 9.891080e-01
383 1.089200e-02 0.000000e+00 9.891080e-01
384 1.089200e-02 0.000000e+00 9.891080e-01
385 1.089200e-02 0.000000e+00 9.891080e-01
386 1.089200e-02 0.000000e+00 9.891080e-01
387 1.089200e-02 0.000000e+00 9.891080e-01
388 1.089200e-02 0.000000e+00 9.891080e-01
389 1.089200e-02 0.000000e+00 9.891080e-01
390 1.089200e-02 0.000000e+00 9.891080e-01
391 1.089200e-02 0.000000e+00 9.891080e-01
392 1.089200e-02 0.000000e+00 9.891080e-01
393 1.089200e-02 0.000000e+00 9.891080e-01
394 1.089200e-02 0.000000e+00 9.891080e-01
395 1.089200e-02 0.000000e+00 9.891080e-01
396 1.089200e-02 0.000000e+00 9.891080e-01
397 1.089200e-02 0.000000e+00 9.891080e-01
398 1.089200e-02 0.000000e+00 9.891080e-01
399 1.089200e-02 0.000000e+00 9.891080e-01
400 1.089200e-02 0.000000e+00 9.891080e-01
401 1.089200e-02 0.000000e+00 9.891080e-01
402 1.089200e-02 0.000000e+00 9.891080e-01
403 1.089200e-02 0.000000e+00 9.891080e-01
404 1.089200e-02 0.000000e+00 9.891080e-01
405 1.089200e-02 0.000000e+00 9.891080e-01
406 1.089200e-02 0.000000e+00 9.891080e-01
407 1.089200e-02 0.000000e+00 9.891080e-01
408 1.089200e-02 0.000000e+00 9.891080e-01
409 1.089200e-02 0.000000e+00 9.891080e-01
410 1.089200e-02 0.000000e+00 9.891080e-01
411 1.089200e-02 0.000000e+00 9.891080e-01
412 1.089200e-02 0.000000e+00 9.891080e-01
413 1.089200e-02 0.000000e+00 9.891080e-01
414 1.089200e-02 0.000000e+00 9.891080e-01
415 1.089200e-02 0.000000e+00 9.891080e-01
416 1.089200e-02 0.000000e+00 9.891080e-01
417 1.089200e-02 0.000000e+00 9.891080e-01
418 1.089200e-02 0.000000e+00 9.891080e-01
419 1.089200e-02 0.000000e+00 9.891080e-01
420 1.089200e-02 0.000000e+00 9.891080e-01
421 1.089200e-02 0.000000e+00 9.891080e-01
422 1.089200e-02 0.000000e+00 9.891080e-01
423 1.089200e-02 0.000000e+00 9.891080e-01
424 1.089200e-02 0.000000e+00 9.891080e-01
425 1.089200e-02 0.000000e+00 9.891080e-01
426 1.089200e-02 0.000000e+00 9.891080e-01
427 1.089200e-02 0.000000e+00 9.891080e-01
428 1.089200e-02 0.000000e+00 9.891080e-01
429 1.089200e-02 0.000000e+00 9.891080e-01
430 1.089200e-02 0.000000e+00 9.891080e-01
431 1.089200e-02 0.000000e+00 9.891080e-01
432 1.089200e-02 0.000000e+00 9.891080e-01
433 1.089200e-02 0.000000e+00 9.891080e-01
434 1.089200e-02 0.000000e+00 9.891080e-01
435 1.089200e-02 0.000000e+00 9.891080e-01
436 1.089200e-02 0.000000e+00 9.891080e-01
437 1.089200e-02 0.000000e+00 9.891080e-01
438 1.089200e-02 0.000000e+00 9.891080e-01
439 1.089200e-02 0.000000e+00 9.891080e-01
440 1.089200e-02 0.000000e+00 9.891080e-01
441 1.089200e-02 0.000000e+00 9.891080e-01
442 1.089200e-02 0.000000e+00 9.891080e-01
443 1.089200e-02 0.000000e+00 9.891080e-01
444 1.089200e-02 0.000000e+00 9.891080e-01
445 1.089200e-02 0.000000e+00 9.891080e-01
446 1.089200e-02 0.000000e+00 9.891080e-01
447 1.089200e-02 0.000000e+00 9.891080e-01
448 1.089200e-02 0.000000e+00 9.891080e-01
449 1.089200e-02 0.000000e+00 9.891080e-01
450 1.089200e-02 0.000000e+00 9.891080e-01
451 1.089200e-02 0.000000e+00 9.891080e-01
452 1.089200e-02 0.000000e+00 9.891080e-01
453 1.089200e-02 0.000000e+00 9.891080e-01
454 1.089200e-02 0.000000e+00 9.891080e-01
455 1.089200e-02 0.000000e+00 9.891080e-01
456 1.089200e-02 0.000000e+00 9.891080e-01
457 1.089200e-02 0.000000e+00 9.891080e-01
458 1.089200e-02 0.000000e+00 9.891080e-01
459 1.089200e-02 0.000000e+00 9.891080e-01
460 1.089200e-02 0.000000e+00 9.891080e-01
461 1.089200e-02 0.000000e+00 9.891080e-01
462 1.089200e-02 0.000000e+00 9.891080e-01
463 1.089200e-02 0.000000e+00 9.891080e-01
464 1.089200e-02 0.000000e+00 9.891080e-01
465 1.089200e-02 0.000000e+00 9.891080e-01
466 1.089200e-02 0.000000e+00 9.891080e-01
467 1.089200e-02 0.000000e+00 9.891080e-01
468 1.089200e-02 0.000000e+00 9.891080e-01
469 1.089200e-02 0.000000e+00 9.891080e-01
470 1.089200e-02 0.000000e+00 9.891080e-01
471 1.089200e-02 0.000000e+00 9.891080e-01
472 1.089200e-02 0.000000e+00 9.891080e-01
473 1.089200e-02 0.000000e+00 9.891080e-01
474 1.089200e-02 0.000000e+00 9.891080e-01
475 1.089200e-02 0.000000e+00 9.891080e-01
476 1.089200e-02 0.000000e+00 9.891080e-01
477 1.089200e-02 0.000000e+00 9.891080e-01
478 1.089200e-02 0.000000e+00 9.891080e-01
479 1.089200e-02 0.000000e+00 9.891080e-01
480 1.089200e-02 0.000000e+00 9.891080e-01
481 1.089200e-02 0.000000e+00 9.891080e-01
482 1.089200e-02 0.000000e+00 9.891080e-01
483 1.089200e-02 0.000000e+00 9.891080e-01
484 1.089200e-02 0.000000e+00 9.891080e-01
485 1.089200e-02 0.000000e+00 9.891080e-01
486 1.089200e-02 0.000000e+00 9.891080e-01
487 1.089200e-02 0.000000e+00 9.891080e-01
488 1.089200e-02 0.000000e+00 9.891080e-01
489 1.089200e-02 0.000000e+00 9.891080e-01
490 1.089200e-02 0.000000e+00 9.891080e-01
491 1.089200e-02 0.000000e+00 9.891080e-01
492 1.089200e-02 0.000000e+00 9.891080e-01
493 1.089200e-02 0.000000e+00 9.891080e-01
494 1.089200e-02 0.000000e+00 9.891080e-01
495 1.089200e-02 0.000000e+00 9.891080e-01
496 1.089200e-02 0.000000e+00 9.891080e-01
497 1.089200e-02 0.000000e+00 9.891080e-01
498 1.089200e-02 0.000000e+00 9.891080e-01
499 1.089200e-02 0.000000e+00 9.891080e-01
500 1.089200e-02 0.000000e+00 9.891080e-01
