1 9.992640e-01 6.640000e-04 7.200000e-05
2 9.984680e-01 1.268000e-03 2.640000e-04
3 9.970000e-01 2.460000e-03 5.400000e-04
4 9.946200e-01 4.284000e-03 1.096000e-03
5 9.904400e-01 7.408000e-03 2.152000e-03
6 9.833880e-01 1.283200e-02 3.780000e-03
7 9.729720e-01 2.035200e-02 6.676000e-03
8 9.570760e-01 3.186400e-02 1.106000e-02
9 9.353760e-01 4.659200e-02 1.803200e-02
10 9.057120e-01 6.644800e-02 2.784000e-02
11 8.694000e-01 8.906400e-02 4.153600e-02
12 8.263200e-01 1.140880e-01 5.959200e-02
13 7.769280e-01 1.407760e-01 8.229600e-02
14 7.218040e-01 1.691480e-01 1.090480e-01
15 6.636040e-01 1.952520e-01 1.411440e-01
16 6.035800e-01 2.193600e-01 1.770600e-01
17 5.421320e-01 2.406280e-01 2.172400e-01
18 4.830680e-01 2.556200e-01 2.613120e-01
19 4.267800e-01 2.665920e-01 3.066280e-01
20 3.729680e-01 2.730600e-01 3.539720e-01
21 3.238360e-01 2.742000e-01 4.019640e-01
22 2.774920e-01 2.723440e-01 4.501640e-01
23 2.340040e-01 2.681360e-01 4.978600e-01
24 1.945120e-01 2.619120e-01 5.435760e-01
25 1.583920e-01 2.534360e-01 5.881720e-01
26 1.270520e-01 2.414040e-01 6.315440e-01
27 1.002680e-01 2.272320e-01 6.725000e-01
28 7.811600e-02 2.111200e-01 7.107640e-01
29 6.115600e-02 1.916960e-01 7.471480e-01
30 4.752800e-02 1.732760e-01 7.791960e-01
31 3.805600e-02 1.536960e-01 8.082480e-01
32 3.075600e-02 1.359400e-01 8.333040e-01
33 2.544400e-02 1.188280e-01 8.557280e-01
34 2.162800e-02 1.035080e-01 8.748640e-01
35 1.901600e-02 8.921600e-02 8.917680e-01
36 1.690800e-02 7.719600e-02 9.058960e-01
37 1.531600e-02 6.649600e-02 9.181880e-01
38 1.430400e-02 5.666800e-02 9.290280e-01
39 1.354000e-02 4.830400e-02 9.381560e-01
40 1.293200e-02 4.111600e-02 9.459520e-01
41 1.239200e-02 3.487600e-02 9.527320e-01
42 1.200800e-02 2.965600e-02 9.583360e-01
43 1.170400e-02 2.513200e-02 9.631640e-01
44 1.151200e-02 2.122400e-02 9.672640e-01
45 1.136000e-02 1.793600e-02 9.707040e-01
46 1.123600e-02 1.522400e-02 9.735400e-01
47 1.105200e-02 1.308800e-02 9.758600e-01
48 1.096400e-02 1.104400e-02 9.779920e-01
49 1.086000e-02 9.256000e-03 9.798840e-01
50 1.076000e-02 7.904000e-03 9.813360e-01
51 1.069600e-02 6.668000e-03 9.826360e-01
52 1.066000e-02 5.556000e-03 9.837840e-01
53 1.059600e-02 4.680000e-03 9.847240e-01
54 1.056000e-02 3.924000e-03 9.855160e-01
55 1.052000e-02 3.396000e-03 9.860840e-01
56 1.050000e-02 2.872000e-03 9.866280e-01
57 1.048800e-02 2.512000e-03 9.870000e-01
58 1.047200e-02 2.108000e-03 9.874200e-01
59 1.045600e-02 1.804000e-03 9.877400e-01
60 1.044400e-02 1.528000e-03 9.880280e-01
61 1.042800e-02 1.284000e-03 9.882880e-01
62 1.041200e-02 1.068000e-03 9.885200e-01
63 1.041200e-02 8.920000e-04 9.886960e-01
64 1.038800e-02 7.320000e-04 9.888800e-01
65 1.038000e-02 6.120000e-04 9.890080e-01
66 1.038000e-02 5.160000e-04 9.891040e-01
67 1.038000e-02 4.560000e-04 9.891640e-01
68 1.037200e-02 3.800000e-04 9.892480e-01
69 1.037200e-02 3.080000e-04 9.893200e-01
70 1.037200e-02 2.560000e-04 9.893720e-01
71 1.036800e-02 2.160000e-04 9.894160e-01
72 1.036800e-02 1.680000e-04 9.894640e-01
73 1.036800e-02 1.440000e-04 9.894880e-01
74 1.036800e-02 1.280000e-04 9.895040e-01
75 1.036800e-02 1.040000e-04 9.895280e-01
76 1.036800e-02 7.600000e-05 9.895560e-01
77 1.036800e-02 6.400000e-05 9.895680e-01
78 1.036800e-02 5.600000e-05 9.895760e-01
79 1.036800e-02 4.000000e-05 9.895920e-01
80 1.036800e-02 3.200000e-05 9.896000e-01
81 1.036800e-02 2.800000e-05 9.896040e-01
82 1.036800e-02 2.400000e-05 9.896080e-01
83 1.036800e-02 2.400000e-05 9.896080e-01
84 1.036800e-02 2.400000e-05 9.896080e-01
85 1.036800e-02 1.600000e-05 9.896160e-01
86 1.036800e-02 1.200000e-05 9.896200e-01
87 1.036800e-02 1.200000e-05 9.896200e-01
88 1.036800e-02 4.000000e-06 9.896280e-01
89 1.036800e-02 4.000000e-06 9.896280e-01
90 1.036800e-02 4.000000e-06 9.896280e-01
91 1.036400e-02 4.000000e-06 9.896320e-01
92 1.036400e-02 0.000000e+00 9.896360e-01
93 1.036400e-02 0.000000e+00 9.896360e-01
94 1.036400e-02 0.000000e+00 9.896360e-01
95 1.036400e-02 0.000000e+00 9.896360e-01
96 1.036400e-02 0.000000e+00 9.896360e-01
97 1.036400e-02 0.000000e+00 9.896360e-01
98 1.036400e-02 0.000000e+00 9.896360e-01
99 1.036400e-02 0.000000e+00 9.896360e-01
100 1.036400e-02 0.000000e+00 9.896360e-01
101 1.036400e-02 0.000000e+00 9.896360e-01
102 1.036400e-02 0.000000e+00 9.896360e-01
103 1.036400e-02 0.000000e+00 9.896360e-01
104 1.036400e-02 0.000000e+00 9.896360e-01
105 1.036400e-02 0.000000e+00 9.896360e-01
106 1.036400e-02 0.000000e+00 9.896360e-01
107 1.036400e-02 0.000000e+00 9.896360e-01
108 1.036400e-02 0.000000e+00 9.896360e-01
109 1.036400e-02 0.000000e+00 9.896360e-01
110 1.036400e-02 0.000000e+00 9.896360e-01
111 1.036400e-02 0.000000e+00 9.896360e-01
112 1.036400e-02 0.000000e+00 9.896360e-01
113 1.036400e-02 0.000000e+00 9.896360e-01
114 1.036400e-02 0.000000e+00 9.896360e-01
115 1.036400e-02 0.000000e+00 9.896360e-01
116 1.036400e-02 0.000000e+00 9.896360e-01
117 1.036400e-02 0.000000e+00 9.896360e-01
118 1.036400e-02 0.000000e+00 9.896360e-01
119 1.036400e-02 0.000000e+00 9.896360e-01
120 1.036400e-02 0.000000e+00 9.896360e-01
121 1.036400e-02 0.000000e+00 9.896360e-01
122 1.036400e-02 0.000000e+00 9.896360e-01
123 1.036400e-02 0.000000e+00 9.896360e-01
124 1.036400e-02 0.000000e+00 9.896360e-01
125 1.036400e-02 0.000000e+00 9.896360e-01
126 1.036400e-02 0.000000e+00 9.896360e-01
127 1.036400e-02 0.000000e+00 9.896360e-01
128 1.036400e-02 0.000000e+00 9.896360e-01
129 1.036400e-02 0.000000e+00 9.896360e-01
130 1.036400e-02 0.000000e+00 9.896360e-01
131 1.036400e-02 0.000000e+00 9.896360e-01
132 1.036400e-02 0.000000e+00 9.896360e-01
133 1.036400e-02 0.000000e+00 9.896360e-01
134 1.036400e-02 0.000000e+00 9.896360e-01
135 1.036400e-02 0.000000e+00 9.896360e-01
136 1.036400e-02 0.000000e+00 9.896360e-01
137 1.036400e-02 0.000000e+00 9.896360e-01
138 1.036400e-02 0.000000e+00 9.896360e-01
139 1.036400e-02 0.000000e+00 9.896360e-01
140 1.036400e-02 0.000000e+00 9.896360e-01
141 1.036400e-02 0.000000e+00 9.896360e-01
142 1.036400e-02 0.000000e+00 9.896360e-01
143 1.036400e-02 0.000000e+00 9.896360e-01
144 1.036400e-02 0.000000e+00 9.896360e-01
145 1.036400e-02 0.000000e+00 9.896360e-01
146 1.036400e-02 0.000000e+00 9.896360e-01
147 1.036400e-02 0.000000e+00 9.896360e-01
148 1.036400e-02 0.000000e+00 9.896360e-01
149 1.036400e-02 0.000000e+00 9.896360e-01
150 1.036400e-02 0.000000e+00 9.896360e-01
151 1.036400e-02 0.000000e+00 9.896360e-01
152 1.036400e-02 0.000000e+00 9.896360e-01
153 1.036400e-02 0.000000e+00 9.896360e-01
154 1.036400e-02 0.000000e+00 9.896360e-01
155 1.036400e-02 0.000000e+00 9.896360e-01
156 1.036400e-02 0.000000e+00 9.896360e-01
157 1.036400e-02 0.000000e+00 9.896360e-01
158 1.036400e-02 0.000000e+00 9.896360e-01
159 1.036400e-02 0.000000e+00 9.896360e-01
160 1.036400e-02 0.000000e+00 9.896360e-01
161 1.036400e-02 0.000000e+00 9.896360e-01
162 1.036400e-02 0.000000e+00 9.896360e-01
163 1.036400e-02 0.000000e+00 9.896360e-01
164 1.036400e-02 0.000000e+00 9.896360e-01
165 1.036400e-02 0.000000e+00 9.896360e-01
166 1.036400e-02 0.000000e+00 9.896360e-01
167 1.036400e-02 0.000000e+00 9.896360e-01
168 1.036400e-02 0.000000e+00 9.896360e-01
169 1.036400e-02 0.000000e+00 9.896360e-01
170 1.036400e-02 0.000000e+00 9.896360e-01
171 1.036400e-02 0.000000e+00 9.896360e-01
172 1.036400e-02 0.000000e+00 9.896360e-01
173 1.036400e-02 0.000000e+00 9.896360e-01
174 1.036400e-02 0.000000e+00 9.896360e-01
175 1.036400e-02 0.000000e+00 9.896360e-01
176 1.036400e-02 0.000000e+00 9.896360e-01
177 1.036400e-02 0.000000e+00 9.896360e-01
178 1.036400e-02 0.000000e+00 9.896360e-01
179 1.036400e-02 0.000000e+00 9.896360e-01
180 1.036400e-02 0.000000e+00 9.896360e-01
181 1.036400e-02 0.000000e+00 9.896360e-01
182 1.036400e-02 0.000000e+00 9.896360e-01
183 1.036400e-02 0.000000e+00 9.896360e-01
184 1.036400e-02 0.000000e+00 9.896360e-01
185 1.036400e-02 0.000000e+00 9.896360e-01
186 1.036400e-02 0.000000e+00 9.896360e-01
187 1.036400e-02 0.000000e+00 9.896360e-01
188 1.036400e-02 0.000000e+00 9.896360e-01
189 1.036400e-02 0.000000e+00 9.896360e-01
190 1.036400e-02 0.000000e+00 9.896360e-01
191 1.036400e-02 0.000000e+00 9.896360e-01
192 1.036400e-02 0.000000e+00 9.896360e-01
193 1.036400e-02 0.000000e+00 9.896360e-01
194 1.036400e-02 0.000000e+00 9.896360e-01
195 1.036400e-02 0.000000e+00 9.896360e-01
196 1.036400e-02 0.000000e+00 9.896360e-01
197 1.036400e-02 0.000000e+00 9.896360e-01
198 1.036400e-02 0.000000e+00 9.896360e-01
199 1.036400e-02 0.000000e+00 9.896360e-01
200 1.036400e-02 0.000000e+00 9.896360e-01
201 1.036400e-02 0.000000e+00 9.896360e-01
202 1.036400e-02 0.000000e+00 9.896360e-01
203 1.036400e-02 0.000000e+00 9.896360e-01
204 1.036400e-02 0.000000e+00 9.896360e-01
205 1.036400e-02 0.000000e+00 9.896360e-01
206 1.036400e-02 0.000000e+00 9.896360e-01
207 1.036400e-02 0.000000e+00 9.896360e-01
208 1.036400e-02 0.000000e+00 9.896360e-01
209 1.036400e-02 0.000000e+00 9.896360e-01
210 1.036400e-02 0.000000e+00 9.896360e-01
211 1.036400e-02 0.000000e+00 9.896360e-01
212 1.036400e-02 0.000000e+00 9.896360e-01
213 1.036400e-02 0.000000e+00 9.896360e-01
214 1.036400e-02 0.000000e+00 9.896360e-01
215 1.036400e-02 0.000000e+00 9.896360e-01
216 1.036400e-02 0.000000e+00 9.896360e-01
217 1.036400e-02 0.000000e+00 9.896360e-01
218 1.036400e-02 0.000000e+00 9.896360e-01
219 1.036400e-02 0.000000e+00 9.896360e-01
220 1.036400e-02 0.000000e+00 9.896360e-01
221 1.036400e-02 0.000000e+00 9.896360e-01
222 1.036400e-02 0.000000e+00 9.896360e-01
223 1.036400e-02 0.000000e+00 9.896360e-01
224 1.036400e-02 0.000000e+00 9.896360e-01
225 1.036400e-02 0.000000e+00 9.896360e-01
226 1.036400e-02 0.000000e+00 9.896360e-01
227 1.036400e-02 0.000000e+00 9.896360e-01
228 1.036400e-02 0.000000e+00 9.896360e-01
229 1.036400e-02 0.000000e+00 9.896360e-01
230 1.036400e-02 0.000000e+00 9.896360e-01
231 1.036400e-02 0.000000e+00 9.896360e-01
232 1.036400e-02 0.000000e+00 9.896360e-01
233 1.036400e-02 0.000000e+00 9.896360e-01
234 1.036400e-02 0.000000e+00 9.896360e-01
235 1.036400e-02 0.000000e+00 9.896360e-01
236 1.036400e-02 0.000000e+00 9.896360e-01
237 1.036400e-02 0.000000e+00 9.896360e-01
238 1.036400e-02 0.000000e+00 9.896360e-01
239 1.036400e-02 0.000000e+00 9.896360e-01
240 1.036400e-02 0.000000e+00 9.896360e-01
241 1.036400e-02 0.000000e+00 9.896360e-01
242 1.036400e-02 0.000000e+00 9.896360e-01
243 1.036400e-02 0.000000e+00 9.896360e-01
244 1.036400e-02 0.000000e+00 9.896360e-01
245 1.036400e-02 0.000000e+00 9.896360e-01
246 1.036400e-02 0.000000e+00 9.896360e-01
247 1.036400e-02 0.000000e+00 9.896360e-01
248 1.036400e-02 0.000000e+00 9.896360e-01
249 1.036400e-02 0.000000e+00 9.896360e-01
250 1.036400e-02 0.000000e+00 9.896360e-01
251 1.036400e-02 0.000000e+00 9.896360e-01
252 1.036400e-02 0.000000e+00 9.896360e-01
253 1.036400e-02 0.000000e+00 9.896360e-01
254 1.036400e-02 0.000000e+00 9.896360e-01
255 1.036400e-02 0.000000e+00 9.896360e-01
256 1.036400e-02 0.000000e+00 9.896360e-01
257 1.036400e-02 0.000000e+00 9.896360e-01
258 1.036400e-02 0.000000e+00 9.896360e-01
259 1.036400e-02 0.000000e+00 9.896360e-01
260 1.036400e-02 0.000000e+00 9.896360e-01
261 1.036400e-02 0.000000e+00 9.896360e-01
262 1.036400e-02 0.000000e+00 9.896360e-01
263 1.036400e-02 0.000000e+00 9.896360e-01
264 1.036400e-02 0.000000e+00 9.896360e-01
265 1.036400e-02 0.000000e+00 9.896360e-01
266 1.036400e-02 0.000000e+00 9.896360e-01
267 1.036400e-02 0.000000e+00 9.896360e-01
268 1.036400e-02 0.000000e+00 9.896360e-01
269 1.036400e-02 0.000000e+00 9.896360e-01
270 1.036400e-02 0.000000e+00 9.896360e-01
271 1.036400e-02 0.000000e+00 9.896360e-01
272 1.036400e-02 0.000000e+00 9.896360e-01
273 1.036400e-02 0.000000e+00 9.896360e-01
274 1.036400e-02 0.000000e+00 9.896360e-01
275 1.036400e-02 0.000000e+00 9.896360e-01
276 1.036400e-02 0.000000e+00 9.896360e-01
277 1.036400e-02 0.000000e+00 9.896360e-01
278 1.036400e-02 0.000000e+00 9.896360e-01
279 1.036400e-02 0.000000e+00 9.896360e-01
280 1.036400e-02 0.000000e+00 9.896360e-01
281 1.036400e-02 0.000000e+00 9.896360e-01
282 1.036400e-02 0.000000e+00 9.896360e-01
283 1.036400e-02 0.000000e+00 9.896360e-01
284 1.036400e-02 0.000000e+00 9.896360e-01
285 1.036400e-02 0.000000e+00 9.896360e-01
286 1.036400e-02 0.000000e+00 9.896360e-01
287 1.036400e-02 0.000000e+00 9.896360e-01
288 1.036400e-02 0.000000e+00 9.896360e-01
289 1.036400e-02 0.000000e+00 9.896360e-01
290 1.036400e-02 0.000000e+00 9.896360e-01
291 1.036400e-02 0.000000e+00 9.896360e-01
292 1.036400e-02 0.000000e+00 9.896360e-01
293 1.036400e-02 0.000000e+00 9.896360e-01
294 1.036400e-02 0.000000e+00 9.896360e-01
295 1.036400e-02 0.000000e+00 9.896360e-01
296 1.036400e-02 0.000000e+00 9.896360e-01
297 1.036400e-02 0.000000e+00 9.896360e-01
298 1.036400e-02 0.000000e+00 9.896360e-01
299 1.036400e-02 0.000000e+00 9.896360e-01
300 1.036400e-02 0.000000e+00 9.896360e-01
301 1.036400e-02 0.000000e+00 9.896360e-01
302 1.036400e-02 0.000000e+00 9.896360e-01
303 1.036400e-02 0.000000e+00 9.896360e-01
304 1.036400e-02 0.000000e+00 9.896360e-01
305 1.036400e-02 0.000000e+00 9.896360e-01
306 1.036400e-02 0.000000e+00 9.896360e-01
307 1.036400e-02 0.000000e+00 9.896360e-01
308 1.036400e-02 0.000000e+00 9.896360e-01
309 1.036400e-02 0.000000e+00 9.896360e-01
310 1.036400e-02 0.000000e+00 9.896360e-01
311 1.036400e-02 0.000000e+00 9.896360e-01
312 1.036400e-02 0.000000e+00 9.896360e-01
313 1.036400e-02 0.000000e+00 9.896360e-01
314 1.036400e-02 0.000000e+00 9.896360e-01
315 1.036400e-02 0.000000e+00 9.896360e-01
316 1.036400e-02 0.000000e+00 9.896360e-01
317 1.036400e-02 0.000000e+00 9.896360e-01
318 1.036400e-02 0.000000e+00 9.896360e-01
319 1.036400e-02 0.000000e+00 9.896360e-01
320 1.036400e-02 0.000000e+00 9.896360e-01
321 1.036400e-02 0.000000e+00 9.896360e-01
322 1.036400e-02 0.000000e+00 9.896360e-01
323 1.036400e-02 0.000000e+00 9.896360e-01
324 1.036400e-02 0.000000e+00 9.896360e-01
325 1.036400e-02 0.000000e+00 9.896360e-01
326 1.036400e-02 0.000000e+00 9.896360e-01
327 1.036400e-02 0.000000e+00 9.896360e-01
328 1.036400e-02 0.000000e+00 9.896360e-01
329 1.036400e-02 0.000000e+00 9.896360e-01
330 1.036400e-02 0.000000e+00 9.896360e-01
331 1.036400e-02 0.000000e+00 9.896360e-01
332 1.036400e-02 0.000000e+00 9.896360e-01
333 1.036400e-02 0.000000e+00 9.896360e-01
334 1.036400e-02 0.000000e+00 9.896360e-01
335 1.036400e-02 0.000000e+00 9.896360e-01
336 1.036400e-02 0.000000e+00 9.896360e-01
337 1.036400e-02 0.000000e+00 9.896360e-01
338 1.036400e-02 0.000000e+00 9.896360e-01
339 1.036400e-02 0.000000e+00 9.896360e-01
340 1.036400e-02 0.000000e+00 9.896360e-01
341 1.036400e-02 0.000000e+00 9.896360e-01
342 1.036400e-02 0.000000e+00 9.896360e-01
343 1.036400e-02 0.000000e+00 9.896360e-01
344 1.036400e-02 0.000000e+00 9.896360e-01
345 1.036400e-02 0.000000e+00 9.896360e-01
346 1.036400e-02 0.000000e+00 9.896360e-01
347 1.036400e-02 0.000000e+00 9.896360e-01
348 1.036400e-02 0.000000e+00 9.896360e-01
349 1.036400e-02 0.000000e+00 9.896360e-01
350 1.036400e-02 0.000000e+00 9.896360e-01
351 1.036400e-02 0.000000e+00 9.896360e-01
352 1.036400e-02 0.000000e+00 9.896360e-01
353 1.036400e-02 0.000000e+00 9.896360e-01
354 1.036400e-02 0.000000e+00 9.896360e-01
355 1.036400e-02 0.000000e+00 9.896360e-01
356 1.036400e-02 0.000000e+00 9.896360e-01
357 1.036400e-02 0.000000e+00 9.896360e-01
358 1.036400e-02 0.000000e+00 9.896360e-01
359 1.036400e-02 0.000000e+00 9.896360e-01
360 1.036400e-02 0.000000e+00 9.896360e-01
361 1.036400e-02 0.000000e+00 9.896360e-01
362 1.036400e-02 0.000000e+00 9.896360e-01
363 1.036400e-02 0.000000e+00 9.896360e-01
364 1.036400e-02 0.000000e+00 9.896360e-01
365 1.036400e-02 0.000000e+00 9.896360e-01
366 1.036400e-02 0.000000e+00 9.896360e-01
367 1.036400e-02 0.000000e+00 9.896360e-01
368 1.036400e-02 0.000000e+00 9.896360e-01
369 1.036400e-02 0.000000e+00 9.896360e-01
370 1.036400e-02 0.000000e+00 9.896360e-01
371 1.036400e-02 0.000000e+00 9.896360e-01
372 1.036400e-02 0.000000e+00 9.896360e-01
373 1.036400e-02 0.000000e+00 9.896360e-01
374 1.036400e-02 0.000000e+00 9.896360e-01
375 1.036400e-02 0.000000e+00 9.896360e-01
376 1.036400e-02 0.000000e+00 9.896360e-01
377 1.036400e-02 0.000000e+00 9.896360e-01
378 1.036400e-02 0.000000e+00 9.896360e-01
379 1.036400e-02 0.000000e+00 9.896360e-01
380 1.036400e-02 0.000000e+00 9.896360e-01
381 1.036400e-02 0.000000e+00 9.896360e-01
382 1.036400e-02 0.000000e+00 9.896360e-01
383 1.036400e-02 0.000000e+00 9.896360e-01
384 1.036400e-02 0.000000e+00 9.896360e-01
385 1.036400e-02 0.000000e+00 9.896360e-01
386 1.036400e-02 0.000000e+00 9.896360e-01
387 1.036400e-02 0.000000e+00 9.896360e-01
388 1.036400e-02 0.000000e+00 9.896360e-01
389 1.036400e-02 0.000000e+00 9.896360e-01
390 1.036400e-02 0.000000e+00 9.896360e-01
391 1.036400e-02 0.000000e+00 9.896360e-01
392 1.036400e-02 0.000000e+00 9.896360e-01
393 1.036400e-02 0.000000e+00 9.896360e-01
394 1.036400e-02 0.000000e+00 9.896360e-01
395 1.036400e-02 0.000000e+00 9.896360e-01
396 1.036400e-02 0.000000e+00 9.896360e-01
397 1.036400e-02 0.000000e+00 9.896360e-01
398 1.036400e-02 0.000000e+00 9.896360e-01
399 1.036400e-02 0.000000e+00 9.896360e-01
400 1.036400e-02 0.000000e+00 9.896360e-01
401 1.036400e-02 0.000000e+00 9.896360e-01
402 1.036400e-02 0.000000e+00 9.896360e-01
403 1.036400e-02 0.000000e+00 9.896360e-01
404 1.036400e-02 0.000000e+00 9.896360e-01
405 1.036400e-02 0.000000e+00 9.896360e-01
406 1.036400e-02 0.000000e+00 9.896360e-01
407 1.036400e-02 0.000000e+00 9.896360e-01
408 1.036400e-02 0.000000e+00 9.896360e-01
409 1.036400e-02 0.000000e+00 9.896360e-01
410 1.036400e-02 0.000000e+00 9.896360e-01
411 1.036400e-02 0.000000e+00 9.896360e-01
412 1.036400e-02 0.000000e+00 9.896360e-01
413 1.036400e-02 0.000000e+00 9.896360e-01
414 1.036400e-02 0.000000e+00 9.896360e-01
415 1.036400e-02 0.000000e+00 9.896360e-01
416 1.036400e-02 0.000000e+00 9.896360e-01
417 1.036400e-02 0.000000e+00 9.896360e-01
418 1.036400e-02 0.000000e+00 9.896360e-01
419 1.036400e-02 0.000000e+00 9.896360e-01
420 1.036400e-02 0.000000e+00 9.896360e-01
421 1.036400e-02 0.000000e+00 9.896360e-01
422 1.036400e-02 0.000000e+00 9.896360e-01
423 1.036400e-02 0.000000e+00 9.896360e-01
424 1.036400e-02 0.000000e+00 9.896360e-01
425 1.036400e-02 0.000000e+00 9.896360e-01
426 1.036400e-02 0.000000e+00 9.896360e-01
427 1.036400e-02 0.000000e+00 9.896360e-01
428 1.036400e-02 0.000000e+00 9.896360e-01
429 1.036400e-02 0.000000e+00 9.896360e-01
430 1.036400e-02 0.000000e+00 9.896360e-01
431 1.036400e-02 0.000000e+00 9.896360e-01
432 1.036400e-02 0.000000e+00 9.896360e-01
433 1.036400e-02 0.000000e+00 9.896360e-01
434 1.036400e-02 0.000000e+00 9.896360e-01
435 1.036400e-02 0.000000e+00 9.896360e-01
436 1.036400e-02 0.000000e+00 9.896360e-01
437 1.036400e-02 0.000000e+00 9.896360e-01
438 1.036400e-02 0.000000e+00 9.896360e-01
439 1.036400e-02 0.000000e+00 9.896360e-01
440 1.036400e-02 0.000000e+00 9.896360e-01
441 1.036400e-02 0.000000e+00 9.896360e-01
442 1.036400e-02 0.000000e+00 9.896360e-01
443 1.036400e-02 0.000000e+00 9.896360e-01
444 1.036400e-02 0.000000e+00 9.896360e-01
445 1.036400e-02 0.000000e+00 9.896360e-01
446 1.036400e-02 0.000000e+00 9.896360e-01
447 1.036400e-02 0.000000e+00 9.896360e-01
448 1.036400e-02 0.000000e+00 9.896360e-01
449 1.036400e-02 0.000000e+00 9.896360e-01
450 1.036400e-02 0.000000e+00 9.896360e-01
451 1.036400e-02 0.000000e+00 9.896360e-01
452 1.036400e-02 0.000000e+00 9.896360e-01
453 1.036400e-02 0.000000e+00 9.896360e-01
454 1.036400e-02 0.000000e+00 9.896360e-01
455 1.036400e-02 0.000000e+00 9.896360e-01
456 1.036400e-02 0.000000e+00 9.896360e-01
457 1.036400e-02 0.000000e+00 9.896360e-01
458 1.036400e-02 0.000000e+00 9.896360e-01
459 1.036400e-02 0.000000e+00 9.896360e-01
460 1.036400e-02 0.000000e+00 9.896360e-01
461 1.036400e-02 0.000000e+00 9.896360e-01
462 1.036400e-02 0.000000e+00 9.896360e-01
463 1.036400e-02 0.000000e+00 9.896360e-01
464 1.036400e-02 0.000000e+00 9.896360e-01
465 1.036400e-02 0.000000e+00 9.896360e-01
466 1.036400e-02 0.000000e+00 9.896360e-01
467 1.036400e-02 0.000000e+00 9.896360e-01
468 1.036400e-02 0.000000e+00 9.896360e-01
469 1.036400e-02 0.000000e+00 9.896360e-01
470 1.036400e-02 0.000000e+00 9.896360e-01
471 1.036400e-02 0.000000e+00 9.896360e-01
472 1.036400e-02 0.000000e+00 9.896360e-01
473 1.036400e-02 0.000000e+00 9.896360e-01
474 1.036400e-02 0.000000e+00 9.896360e-01
475 1.036400e-02 0.000000e+00 9.896360e-01
476 1.036400e-02 0.000000e+00 9.896360e-01
477 1.036400e-02 0.000000e+00 9.896360e-01
478 1.036400e-02 0.000000e+00 9.896360e-01
479 1.036400e-02 0.000000e+00 9.896360e-01
480 1.036400e-02 0.000000e+00 9.896360e-01
481 1.036400e-02 0.000000e+00 9.896360e-01
482 1.036400e-02 0.000000e+00 9.896360e-01
483 1.036400e-02 0.000000e+00 9.896360e-01
484 1.036400e-02 0.000000e+00 9.896360e-01
485 1.036400e-02 0.000000e+00 9.896360e-01
486 1.036400e-02 0.000000e+00 9.896360e-01
487 1.036400e-02 0.000000e+00 9.896360e-01
488 1.036400e-02 0.000000e+00 9.896360e-01
489 1.036400e-02 0.000000e+00 9.896360e-01
490 1.036400e-02 0.000000e+00 9.896360e-01
491 1.036400e-02 0.000000e+00 9.896360e-01
492 1.036400e-02 0.000000e+00 9.896360e-01
493 1.036400e-02 0.000000e+00 9.896360e-01
494 1.036400e-02 0.000000e+00 9.896360e-01
495 1.036400e-02 0.000000e+00 9.896360e-01
496 1.036400e-02 0.000000e+00 9.896360e-01
497 1.036400e-02 0.000000e+00 9.896360e-01
498 1.036400e-02 0.000000e+00 9.896360e-01
499 1.036400e-02 0.000000e+00 9.896360e-01
500 1.036400e-02 0.000000e+00 9.896360e-01
