1 9.991720e-01 7.000000e-04 1.280000e-04
2 9.983960e-01 1.344000e-03 2.600000e-04
3 9.970400e-01 2.400000e-03 5.600000e-04
4 9.945320e-01 4.340000e-03 1.128000e-03
5 9.905680e-01 7.204000e-03 2.228000e-03
6 9.838920e-01 1.210800e-02 4.000000e-03
7 9.739000e-01 1.937200e-02 6.728000e-03
8 9.589360e-01 3.014000e-02 1.092400e-02
9 9.377280e-01 4.470000e-02 1.757200e-02
10 9.101400e-01 6.287600e-02 2.698400e-02
11 8.753120e-01 8.497600e-02 3.971200e-02
12 8.338000e-01 1.099760e-01 5.622400e-02
13 7.859800e-01 1.360920e-01 7.792800e-02
14 7.339600e-01 1.622000e-01 1.038400e-01
15 6.787200e-01 1.873760e-01 1.339040e-01
16 6.220280e-01 2.094680e-01 1.685040e-01
17 5.643440e-01 2.286400e-01 2.070160e-01
18 5.075120e-01 2.434640e-01 2.490240e-01
19 4.514120e-01 2.559920e-01 2.925960e-01
20 3.971040e-01 2.655320e-01 3.373640e-01
21 3.469000e-01 2.688360e-01 3.842640e-01
22 2.988800e-01 2.692480e-01 4.318720e-01
23 2.557520e-01 2.657840e-01 4.784640e-01
24 2.166320e-01 2.585440e-01 5.248240e-01
25 1.828560e-01 2.483880e-01 5.687560e-01
26 1.524640e-01 2.361840e-01 6.113520e-01
27 1.264360e-01 2.227160e-01 6.508480e-01
28 1.031080e-01 2.085360e-01 6.883560e-01
29 8.298400e-02 1.932440e-01 7.237720e-01
30 6.641600e-02 1.768320e-01 7.567520e-01
31 5.248000e-02 1.612280e-01 7.862920e-01
32 4.132400e-02 1.456520e-01 8.130240e-01
33 3.311200e-02 1.296040e-01 8.372840e-01
34 2.696000e-02 1.142880e-01 8.587520e-01
35 2.258800e-02 9.947600e-02 8.779360e-01
36 1.932800e-02 8.653600e-02 8.941360e-01
37 1.717200e-02 7.441200e-02 9.084160e-01
38 1.554000e-02 6.416800e-02 9.202920e-01
39 1.438000e-02 5.528400e-02 9.303360e-01
40 1.360800e-02 4.728800e-02 9.391040e-01
41 1.295200e-02 4.010400e-02 9.469440e-01
42 1.243600e-02 3.429600e-02 9.532680e-01
43 1.207600e-02 2.930800e-02 9.586160e-01
44 1.176000e-02 2.477200e-02 9.634680e-01
45 1.156400e-02 2.074000e-02 9.676960e-01
46 1.136800e-02 1.754400e-02 9.710880e-01
47 1.122400e-02 1.499600e-02 9.737800e-01
48 1.114000e-02 1.266400e-02 9.761960e-01
49 1.101600e-02 1.082800e-02 9.781560e-01
50 1.088000e-02 9.172000e-03 9.799480e-01
51 1.080000e-02 7.828000e-03 9.813720e-01
52 1.072000e-02 6.676000e-03 9.826040e-01
53 1.067200e-02 5.556000e-03 9.837720e-01
54 1.064000e-02 4.684000e-03 9.846760e-01
55 1.061200e-02 3.856000e-03 9.855320e-01
56 1.058000e-02 3.292000e-03 9.861280e-01
57 1.055200e-02 2.768000e-03 9.866800e-01
58 1.052000e-02 2.376000e-03 9.871040e-01
59 1.050400e-02 1.936000e-03 9.875600e-01
60 1.050000e-02 1.604000e-03 9.878960e-01
61 1.048400e-02 1.388000e-03 9.881280e-01
62 1.048000e-02 1.156000e-03 9.883640e-01
63 1.047200e-02 9.760000e-04 9.885520e-01
64 1.046400e-02 8.520000e-04 9.886840e-01
65 1.045600e-02 7.000000e-04 9.888440e-01
66 1.045200e-02 6.000000e-04 9.889480e-01
67 1.045200e-02 5.160000e-04 9.890320e-01
68 1.044400e-02 4.520000e-04 9.891040e-01
69 1.044400e-02 3.600000e-04 9.891960e-01
70 1.044000e-02 3.080000e-04 9.892520e-01
71 1.043600e-02 2.680000e-04 9.892960e-01
72 1.043600e-02 2.280000e-04 9.893360e-01
73 1.043600e-02 1.880000e-04 9.893760e-01
74 1.043600e-02 1.560000e-04 9.894080e-01
75 1.043600e-02 1.240000e-04 9.894400e-01
76 1.043600e-02 9.600000e-05 9.894680e-01
77 1.043600e-02 8.400000e-05 9.894800e-01
78 1.043600e-02 6.800000e-05 9.894960e-01
79 1.043600e-02 6.400000e-05 9.895000e-01
80 1.043600e-02 5.200000e-05 9.895120e-01
81 1.043600e-02 4.800000e-05 9.895160e-01
82 1.043600e-02 4.000000e-05 9.895240e-01
83 1.043600e-02 2.800000e-05 9.895360e-01
84 1.043600e-02 2.800000e-05 9.895360e-01
85 1.043600e-02 2.400000e-05 9.895400e-01
86 1.043200e-02 2.000000e-05 9.895480e-01
87 1.043200e-02 1.600000e-05 9.895520e-01
88 1.043200e-02 1.200000e-05 9.895560e-01
89 1.043200e-02 1.200000e-05 9.895560e-01
90 1.043200e-02 1.200000e-05 9.895560e-01
91 1.043200e-02 1.200000e-05 9.895560e-01
92 1.043200e-02 8.000000e-06 9.895600e-01
93 1.043200e-02 4.000000e-06 9.895640e-01
94 1.043200e-02 4.000000e-06 9.895640e-01
95 1.043200e-02 4.000000e-06 9.895640e-01
96 1.043200e-02 0.000000e+00 9.895680e-01
97 1.043200e-02 0.000000e+00 9.895680e-01
98 1.043200e-02 0.000000e+00 9.895680e-01
99 1.043200e-02 0.000000e+00 9.895680e-01
100 1.043200e-02 0.000000e+00 9.895680e-01
101 1.043200e-02 0.000000e+00 9.895680e-01
102 1.043200e-02 0.000000e+00 9.895680e-01
103 1.043200e-02 0.000000e+00 9.895680e-01
104 1.043200e-02 0.000000e+00 9.895680e-01
105 1.043200e-02 0.000000e+00 9.895680e-01
106 1.043200e-02 0.000000e+00 9.895680e-01
107 1.043200e-02 0.000000e+00 9.895680e-01
108 1.043200e-02 0.000000e+00 9.895680e-01
109 1.043200e-02 0.000000e+00 9.895680e-01
110 1.043200e-02 0.000000e+00 9.895680e-01
111 1.043200e-02 0.000000e+00 9.895680e-01
112 1.043200e-02 0.000000e+00 9.895680e-01
113 1.043200e-02 0.000000e+00 9.895680e-01
114 1.043200e-02 0.000000e+00 9.895680e-01
115 1.043200e-02 0.000000e+00 9.895680e-01
116 1.043200e-02 0.000000e+00 9.895680e-01
117 1.043200e-02 0.000000e+00 9.895680e-01
118 1.043200e-02 0.000000e+00 9.895680e-01
119 1.043200e-02 0.000000e+00 9.895680e-01
120 1.043200e-02 0.000000e+00 9.895680e-01
121 1.043200e-02 0.000000e+00 9.895680e-01
122 1.043200e-02 0.000000e+00 9.895680e-01
123 1.043200e-02 0.000000e+00 9.895680e-01
124 1.043200e-02 0.000000e+00 9.895680e-01
125 1.043200e-02 0.000000e+00 9.895680e-01
126 1.043200e-02 0.000000e+00 9.895680e-01
127 1.043200e-02 0.000000e+00 9.895680e-01
128 1.043200e-02 0.000000e+00 9.895680e-01
129 1.043200e-02 0.000000e+00 9.895680e-01
130 1.043200e-02 0.000000e+00 9.895680e-01
131 1.043200e-02 0.000000e+00 9.895680e-01
132 1.043200e-02 0.000000e+00 9.895680e-01
133 1.043200e-02 0.000000e+00 9.895680e-01
134 1.043200e-02 0.000000e+00 9.895680e-01
135 1.043200e-02 0.000000e+00 9.895680e-01
136 1.043200e-02 0.000000e+00 9.895680e-01
137 1.043200e-02 0.000000e+00 9.895680e-01
138 1.043200e-02 0.000000e+00 9.895680e-01
139 1.043200e-02 0.000000e+00 9.895680e-01
140 1.043200e-02 0.000000e+00 9.895680e-01
141 1.043200e-02 0.000000e+00 9.895680e-01
142 1.043200e-02 0.000000e+00 9.895680e-01
143 1.043200e-02 0.000000e+00 9.895680e-01
144 1.043200e-02 0.000000e+00 9.895680e-01
145 1.043200e-02 0.000000e+00 9.895680e-01
146 1.043200e-02 0.000000e+00 9.895680e-01
147 1.043200e-02 0.000000e+00 9.895680e-01
148 1.043200e-02 0.000000e+00 9.895680e-01
149 1.043200e-02 0.000000e+00 9.895680e-01
150 1.043200e-02 0.000000e+00 9.895680e-01
151 1.043200e-02 0.000000e+00 9.895680e-01
152 1.043200e-02 0.000000e+00 9.895680e-01
153 1.043200e-02 0.000000e+00 9.895680e-01
154 1.043200e-02 0.000000e+00 9.895680e-01
155 1.043200e-02 0.000000e+00 9.895680e-01
156 1.043200e-02 0.000000e+00 9.895680e-01
157 1.043200e-02 0.000000e+00 9.895680e-01
158 1.043200e-02 0.000000e+00 9.895680e-01
159 1.043200e-02 0.000000e+00 9.895680e-01
160 1.043200e-02 0.000000e+00 9.895680e-01
161 1.043200e-02 0.000000e+00 9.895680e-01
162 1.043200e-02 0.000000e+00 9.895680e-01
163 1.043200e-02 0.000000e+00 9.895680e-01
164 1.043200e-02 0.000000e+00 9.895680e-01
165 1.043200e-02 0.000000e+00 9.895680e-01
166 1.043200e-02 0.000000e+00 9.895680e-01
167 1.043200e-02 0.000000e+00 9.895680e-01
168 1.043200e-02 0.000000e+00 9.895680e-01
169 1.043200e-02 0.000000e+00 9.895680e-01
170 1.043200e-02 0.000000e+00 9.895680e-01
171 1.043200e-02 0.000000e+00 9.895680e-01
172 1.043200e-02 0.000000e+00 9.895680e-01
173 1.043200e-02 0.000000e+00 9.895680e-01
174 1.043200e-02 0.000000e+00 9.895680e-01
175 1.043200e-02 0.000000e+00 9.895680e-01
176 1.043200e-02 0.000000e+00 9.895680e-01
177 1.043200e-02 0.000000e+00 9.895680e-01
178 1.043200e-02 0.000000e+00 9.895680e-01
179 1.043200e-02 0.000000e+00 9.895680e-01
180 1.043200e-02 0.000000e+00 9.895680e-01
181 1.043200e-02 0.000000e+00 9.895680e-01
182 1.043200e-02 0.000000e+00 9.895680e-01
183 1.043200e-02 0.000000e+00 9.895680e-01
184 1.043200e-02 0.000000e+00 9.895680e-01
185 1.043200e-02 0.000000e+00 9.895680e-01
186 1.043200e-02 0.000000e+00 9.895680e-01
187 1.043200e-02 0.000000e+00 9.895680e-01
188 1.043200e-02 0.000000e+00 9.895680e-01
189 1.043200e-02 0.000000e+00 9.895680e-01
190 1.043200e-02 0.000000e+00 9.895680e-01
191 1.043200e-02 0.000000e+00 9.895680e-01
192 1.043200e-02 0.000000e+00 9.895680e-01
193 1.043200e-02 0.000000e+00 9.895680e-01
194 1.043200e-02 0.000000e+00 9.895680e-01
195 1.043200e-02 0.000000e+00 9.895680e-01
196 1.043200e-02 0.000000e+00 9.895680e-01
197 1.043200e-02 0.000000e+00 9.895680e-01
198 1.043200e-02 0.000000e+00 9.895680e-01
199 1.043200e-02 0.000000e+00 9.895680e-01
200 1.043200e-02 0.000000e+00 9.895680e-01
201 1.043200e-02 0.000000e+00 9.895680e-01
202 1.043200e-02 0.000000e+00 9.895680e-01
203 1.043200e-02 0.000000e+00 9.895680e-01
204 1.043200e-02 0.000000e+00 9.895680e-01
205 1.043200e-02 0.000000e+00 9.895680e-01
206 1.043200e-02 0.000000e+00 9.895680e-01
207 1.043200e-02 0.000000e+00 9.895680e-01
208 1.043200e-02 0.000000e+00 9.895680e-01
209 1.043200e-02 0.000000e+00 9.895680e-01
210 1.043200e-02 0.000000e+00 9.895680e-01
211 1.043200e-02 0.000000e+00 9.895680e-01
212 1.043200e-02 0.000000e+00 9.895680e-01
213 1.043200e-02 0.000000e+00 9.895680e-01
214 1.043200e-02 0.000000e+00 9.895680e-01
215 1.043200e-02 0.000000e+00 9.895680e-01
216 1.043200e-02 0.000000e+00 9.895680e-01
217 1.043200e-02 0.000000e+00 9.895680e-01
218 1.043200e-02 0.000000e+00 9.895680e-01
219 1.043200e-02 0.000000e+00 9.895680e-01
220 1.043200e-02 0.000000e+00 9.895680e-01
221 1.043200e-02 0.000000e+00 9.895680e-01
222 1.043200e-02 0.000000e+00 9.895680e-01
223 1.043200e-02 0.000000e+00 9.895680e-01
224 1.043200e-02 0.000000e+00 9.895680e-01
225 1.043200e-02 0.000000e+00 9.895680e-01
226 1.043200e-02 0.000000e+00 9.895680e-01
227 1.043200e-02 0.000000e+00 9.895680e-01
228 1.043200e-02 0.000000e+00 9.895680e-01
229 1.043200e-02 0.000000e+00 9.895680e-01
230 1.043200e-02 0.000000e+00 9.895680e-01
231 1.043200e-02 0.000000e+00 9.895680e-01
232 1.043200e-02 0.000000e+00 9.895680e-01
233 1.043200e-02 0.000000e+00 9.895680e-01
234 1.043200e-02 0.000000e+00 9.895680e-01
235 1.043200e-02 0.000000e+00 9.895680e-01
236 1.043200e-02 0.000000e+00 9.895680e-01
237 1.043200e-02 0.000000e+00 9.895680e-01
238 1.043200e-02 0.000000e+00 9.895680e-01
239 1.043200e-02 0.000000e+00 9.895680e-01
240 1.043200e-02 0.000000e+00 9.895680e-01
241 1.043200e-02 0.000000e+00 9.895680e-01
242 1.043200e-02 0.000000e+00 9.895680e-01
243 1.043200e-02 0.000000e+00 9.895680e-01
244 1.043200e-02 0.000000e+00 9.895680e-01
245 1.043200e-02 0.000000e+00 9.895680e-01
246 1.043200e-02 0.000000e+00 9.895680e-01
247 1.043200e-02 0.000000e+00 9.895680e-01
248 1.043200e-02 0.000000e+00 9.895680e-01
249 1.043200e-02 0.000000e+00 9.895680e-01
250 1.043200e-02 0.000000e+00 9.895680e-01
251 1.043200e-02 0.000000e+00 9.895680e-01
252 1.043200e-02 0.000000e+00 9.895680e-01
253 1.043200e-02 0.000000e+00 9.895680e-01
254 1.043200e-02 0.000000e+00 9.895680e-01
255 1.043200e-02 0.000000e+00 9.895680e-01
256 1.043200e-02 0.000000e+00 9.895680e-01
257 1.043200e-02 0.000000e+00 9.895680e-01
258 1.043200e-02 0.000000e+00 9.895680e-01
259 1.043200e-02 0.000000e+00 9.895680e-01
260 1.043200e-02 0.000000e+00 9.895680e-01
261 1.043200e-02 0.000000e+00 9.895680e-01
262 1.043200e-02 0.000000e+00 9.895680e-01
263 1.043200e-02 0.000000e+00 9.895680e-01
264 1.043200e-02 0.000000e+00 9.895680e-01
265 1.043200e-02 0.000000e+00 9.895680e-01
266 1.043200e-02 0.000000e+00 9.895680e-01
267 1.043200e-02 0.000000e+00 9.895680e-01
268 1.043200e-02 0.000000e+00 9.895680e-01
269 1.043200e-02 0.000000e+00 9.895680e-01
270 1.043200e-02 0.000000e+00 9.895680e-01
271 1.043200e-02 0.000000e+00 9.895680e-01
272 1.043200e-02 0.000000e+00 9.895680e-01
273 1.043200e-02 0.000000e+00 9.895680e-01
274 1.043200e-02 0.000000e+00 9.895680e-01
275 1.043200e-02 0.000000e+00 9.895680e-01
276 1.043200e-02 0.000000e+00 9.895680e-01
277 1.043200e-02 0.000000e+00 9.895680e-01
278 1.043200e-02 0.000000e+00 9.895680e-01
279 1.043200e-02 0.000000e+00 9.895680e-01
280 1.043200e-02 0.000000e+00 9.895680e-01
281 1.043200e-02 0.000000e+00 9.895680e-01
282 1.043200e-02 0.000000e+00 9.895680e-01
283 1.043200e-02 0.000000e+00 9.895680e-01
284 1.043200e-02 0.000000e+00 9.895680e-01
285 1.043200e-02 0.000000e+00 9.895680e-01
286 1.043200e-02 0.000000e+00 9.895680e-01
287 1.043200e-02 0.000000e+00 9.895680e-01
288 1.043200e-02 0.000000e+00 9.895680e-01
289 1.043200e-02 0.000000e+00 9.895680e-01
290 1.043200e-02 0.000000e+00 9.895680e-01
291 1.043200e-02 0.000000e+00 9.895680e-01
292 1.043200e-02 0.000000e+00 9.895680e-01
293 1.043200e-02 0.000000e+00 9.895680e-01
294 1.043200e-02 0.000000e+00 9.895680e-01
295 1.043200e-02 0.000000e+00 9.895680e-01
296 1.043200e-02 0.000000e+00 9.895680e-01
297 1.043200e-02 0.000000e+00 9.895680e-01
298 1.043200e-02 0.000000e+00 9.895680e-01
299 1.043200e-02 0.000000e+00 9.895680e-01
300 1.043200e-02 0.000000e+00 9.895680e-01
301 1.043200e-02 0.000000e+00 9.895680e-01
302 1.043200e-02 0.000000e+00 9.895680e-01
303 1.043200e-02 0.000000e+00 9.895680e-01
304 1.043200e-02 0.000000e+00 9.895680e-01
305 1.043200e-02 0.000000e+00 9.895680e-01
306 1.043200e-02 0.000000e+00 9.895680e-01
307 1.043200e-02 0.000000e+00 9.895680e-01
308 1.043200e-02 0.000000e+00 9.895680e-01
309 1.043200e-02 0.000000e+00 9.895680e-01
310 1.043200e-02 0.000000e+00 9.895680e-01
311 1.043200e-02 0.000000e+00 9.895680e-01
312 1.043200e-02 0.000000e+00 9.895680e-01
313 1.043200e-02 0.000000e+00 9.895680e-01
314 1.043200e-02 0.000000e+00 9.895680e-01
315 1.043200e-02 0.000000e+00 9.895680e-01
316 1.043200e-02 0.000000e+00 9.895680e-01
317 1.043200e-02 0.000000e+00 9.895680e-01
318 1.043200e-02 0.000000e+00 9.895680e-01
319 1.043200e-02 0.000000e+00 9.895680e-01
320 1.043200e-02 0.000000e+00 9.895680e-01
321 1.043200e-02 0.000000e+00 9.895680e-01
322 1.043200e-02 0.000000e+00 9.895680e-01
323 1.043200e-02 0.000000e+00 9.895680e-01
324 1.043200e-02 0.000000e+00 9.895680e-01
325 1.043200e-02 0.000000e+00 9.895680e-01
326 1.043200e-02 0.000000e+00 9.895680e-01
327 1.043200e-02 0.000000e+00 9.895680e-01
328 1.043200e-02 0.000000e+00 9.895680e-01
329 1.043200e-02 0.000000e+00 9.895680e-01
330 1.043200e-02 0.000000e+00 9.895680e-01
331 1.043200e-02 0.000000e+00 9.895680e-01
332 1.043200e-02 0.000000e+00 9.895680e-01
333 1.043200e-02 0.000000e+00 9.895680e-01
334 1.043200e-02 0.000000e+00 9.895680e-01
335 1.043200e-02 0.000000e+00 9.895680e-01
336 1.043200e-02 0.000000e+00 9.895680e-01
337 1.043200e-02 0.000000e+00 9.895680e-01
338 1.043200e-02 0.000000e+00 9.895680e-01
339 1.043200e-02 0.000000e+00 9.895680e-01
340 1.043200e-02 0.000000e+00 9.895680e-01
341 1.043200e-02 0.000000e+00 9.895680e-01
342 1.043200e-02 0.000000e+00 9.895680e-01
343 1.043200e-02 0.000000e+00 9.895680e-01
344 1.043200e-02 0.000000e+00 9.895680e-01
345 1.043200e-02 0.000000e+00 9.895680e-01
346 1.043200e-02 0.000000e+00 9.895680e-01
347 1.043200e-02 0.000000e+00 9.895680e-01
348 1.043200e-02 0.000000e+00 9.895680e-01
349 1.043200e-02 0.000000e+00 9.895680e-01
350 1.043200e-02 0.000000e+00 9.895680e-01
351 1.043200e-02 0.000000e+00 9.895680e-01
352 1.043200e-02 0.000000e+00 9.895680e-01
353 1.043200e-02 0.000000e+00 9.895680e-01
354 1.043200e-02 0.000000e+00 9.895680e-01
355 1.043200e-02 0.000000e+00 9.895680e-01
356 1.043200e-02 0.000000e+00 9.895680e-01
357 1.043200e-02 0.000000e+00 9.895680e-01
358 1.043200e-02 0.000000e+00 9.895680e-01
359 1.043200e-02 0.000000e+00 9.895680e-01
360 1.043200e-02 0.000000e+00 9.895680e-01
361 1.043200e-02 0.000000e+00 9.895680e-01
362 1.043200e-02 0.000000e+00 9.895680e-01
363 1.043200e-02 0.000000e+00 9.895680e-01
364 1.043200e-02 0.000000e+00 9.895680e-01
365 1.043200e-02 0.000000e+00 9.895680e-01
366 1.043200e-02 0.000000e+00 9.895680e-01
367 1.043200e-02 0.000000e+00 9.895680e-01
368 1.043200e-02 0.000000e+00 9.895680e-01
369 1.043200e-02 0.000000e+00 9.895680e-01
370 1.043200e-02 0.000000e+00 9.895680e-01
371 1.043200e-02 0.000000e+00 9.895680e-01
372 1.043200e-02 0.000000e+00 9.895680e-01
373 1.043200e-02 0.000000e+00 9.895680e-01
374 1.043200e-02 0.000000e+00 9.895680e-01
375 1.043200e-02 0.000000e+00 9.895680e-01
376 1.043200e-02 0.000000e+00 9.895680e-01
377 1.043200e-02 0.000000e+00 9.895680e-01
378 1.043200e-02 0.000000e+00 9.895680e-01
379 1.043200e-02 0.000000e+00 9.895680e-01
380 1.043200e-02 0.000000e+00 9.895680e-01
381 1.043200e-02 0.000000e+00 9.895680e-01
382 1.043200e-02 0.000000e+00 9.895680e-01
383 1.043200e-02 0.000000e+00 9.895680e-01
384 1.043200e-02 0.000000e+00 9.895680e-01
385 1.043200e-02 0.000000e+00 9.895680e-01
386 1.043200e-02 0.000000e+00 9.895680e-01
387 1.043200e-02 0.000000e+00 9.895680e-01
388 1.043200e-02 0.000000e+00 9.895680e-01
389 1.043200e-02 0.000000e+00 9.895680e-01
390 1.043200e-02 0.000000e+00 9.895680e-01
391 1.043200e-02 0.000000e+00 9.895680e-01
392 1.043200e-02 0.000000e+00 9.895680e-01
393 1.043200e-02 0.000000e+00 9.895680e-01
394 1.043200e-02 0.000000e+00 9.895680e-01
395 1.043200e-02 0.000000e+00 9.895680e-01
396 1.043200e-02 0.000000e+00 9.895680e-01
397 1.043200e-02 0.000000e+00 9.895680e-01
398 1.043200e-02 0.000000e+00 9.895680e-01
399 1.043200e-02 0.000000e+00 9.895680e-01
400 1.043200e-02 0.000000e+00 9.895680e-01
401 1.043200e-02 0.000000e+00 9.895680e-01
402 1.043200e-02 0.000000e+00 9.895680e-01
403 1.043200e-02 0.000000e+00 9.895680e-01
404 1.043200e-02 0.000000e+00 9.895680e-01
405 1.043200e-02 0.000000e+00 9.895680e-01
406 1.043200e-02 0.000000e+00 9.895680e-01
407 1.043200e-02 0.000000e+00 9.895680e-01
408 1.043200e-02 0.000000e+00 9.895680e-01
409 1.043200e-02 0.000000e+00 9.895680e-01
410 1.043200e-02 0.000000e+00 9.895680e-01
411 1.043200e-02 0.000000e+00 9.895680e-01
412 1.043200e-02 0.000000e+00 9.895680e-01
413 1.043200e-02 0.000000e+00 9.895680e-01
414 1.043200e-02 0.000000e+00 9.895680e-01
415 1.043200e-02 0.000000e+00 9.895680e-01
416 1.043200e-02 0.000000e+00 9.895680e-01
417 1.043200e-02 0.000000e+00 9.895680e-01
418 1.043200e-02 0.000000e+00 9.895680e-01
419 1.043200e-02 0.000000e+00 9.895680e-01
420 1.043200e-02 0.000000e+00 9.895680e-01
421 1.043200e-02 0.000000e+00 9.895680e-01
422 1.043200e-02 0.000000e+00 9.895680e-01
423 1.043200e-02 0.000000e+00 9.895680e-01
424 1.043200e-02 0.000000e+00 9.895680e-01
425 1.043200e-02 0.000000e+00 9.895680e-01
426 1.043200e-02 0.000000e+00 9.895680e-01
427 1.043200e-02 0.000000e+00 9.895680e-01
428 1.043200e-02 0.000000e+00 9.895680e-01
429 1.043200e-02 0.000000e+00 9.895680e-01
430 1.043200e-02 0.000000e+00 9.895680e-01
431 1.043200e-02 0.000000e+00 9.895680e-01
432 1.043200e-02 0.000000e+00 9.895680e-01
433 1.043200e-02 0.000000e+00 9.895680e-01
434 1.043200e-02 0.000000e+00 9.895680e-01
435 1.043200e-02 0.000000e+00 9.895680e-01
436 1.043200e-02 0.000000e+00 9.895680e-01
437 1.043200e-02 0.000000e+00 9.895680e-01
438 1.043200e-02 0.000000e+00 9.895680e-01
439 1.043200e-02 0.000000e+00 9.895680e-01
440 1.043200e-02 0.000000e+00 9.895680e-01
441 1.043200e-02 0.000000e+00 9.895680e-01
442 1.043200e-02 0.000000e+00 9.895680e-01
443 1.043200e-02 0.000000e+00 9.895680e-01
444 1.043200e-02 0.000000e+00 9.895680e-01
445 1.043200e-02 0.000000e+00 9.895680e-01
446 1.043200e-02 0.000000e+00 9.895680e-01
447 1.043200e-02 0.000000e+00 9.895680e-01
448 1.043200e-02 0.000000e+00 9.895680e-01
449 1.043200e-02 0.000000e+00 9.895680e-01
450 1.043200e-02 0.000000e+00 9.895680e-01
451 1.043200e-02 0.000000e+00 9.895680e-01
452 1.043200e-02 0.000000e+00 9.895680e-01
453 1.043200e-02 0.000000e+00 9.895680e-01
454 1.043200e-02 0.000000e+00 9.895680e-01
455 1.043200e-02 0.000000e+00 9.895680e-01
456 1.043200e-02 0.000000e+00 9.895680e-01
457 1.043200e-02 0.000000e+00 9.895680e-01
458 1.043200e-02 0.000000e+00 9.895680e-01
459 1.043200e-02 0.000000e+00 9.895680e-01
460 1.043200e-02 0.000000e+00 9.895680e-01
461 1.043200e-02 0.000000e+00 9.895680e-01
462 1.043200e-02 0.000000e+00 9.895680e-01
463 1.043200e-02 0.000000e+00 9.895680e-01
464 1.043200e-02 0.000000e+00 9.895680e-01
465 1.043200e-02 0.000000e+00 9.895680e-01
466 1.043200e-02 0.000000e+00 9.895680e-01
467 1.043200e-02 0.000000e+00 9.895680e-01
468 1.043200e-02 0.000000e+00 9.895680e-01
469 1.043200e-02 0.000000e+00 9.895680e-01
470 1.043200e-02 0.000000e+00 9.895680e-01
471 1.043200e-02 0.000000e+00 9.895680e-01
472 1.043200e-02 0.000000e+00 9.895680e-01
473 1.043200e-02 0.000000e+00 9.895680e-01
474 1.043200e-02 0.000000e+00 9.895680e-01
475 1.043200e-02 0.000000e+00 9.895680e-01
476 1.043200e-02 0.000000e+00 9.895680e-01
477 1.043200e-02 0.000000e+00 9.895680e-01
478 1.043200e-02 0.000000e+00 9.895680e-01
479 1.043200e-02 0.000000e+00 9.895680e-01
480 1.043200e-02 0.000000e+00 9.895680e-01
481 1.043200e-02 0.000000e+00 9.895680e-01
482 1.043200e-02 0.000000e+00 9.895680e-01
483 1.043200e-02 0.000000e+00 9.895680e-01
484 1.043200e-02 0.000000e+00 9.895680e-01
485 1.043200e-02 0.000000e+00 9.895680e-01
486 1.043200e-02 0.000000e+00 9.895680e-01
487 1.043200e-02 0.000000e+00 9.895680e-01
488 1.043200e-02 0.000000e+00 9.895680e-01
489 1.043200e-02 0.000000e+00 9.895680e-01
490 1.043200e-02 0.000000e+00 9.895680e-01
491 1.043200e-02 0.000000e+00 9.895680e-01
492 1.043200e-02 0.000000e+00 9.895680e-01
493 1.043200e-02 0.000000e+00 9.895680e-01
494 1.043200e-02 0.000000e+00 9.895680e-01
495 1.043200e-02 0.000000e+00 9.895680e-01
496 1.043200e-02 0.000000e+00 9.895680e-01
497 1.043200e-02 0.000000e+00 9.895680e-01
498 1.043200e-02 0.000000e+00 9.895680e-01
499 1.043200e-02 0.000000e+00 9.895680e-01
500 1.043200e-02 0.000000e+00 9.895680e-01
