1 9.990760e-01 8.160000e-04 1.080000e-04
2 9.981200e-01 1.588000e-03 2.920000e-04
3 9.966760e-01 2.640000e-03 6.840000e-04
4 9.944600e-01 4.288000e-03 1.252000e-03
5 9.913280e-01 6.488000e-03 2.184000e-03
6 9.871400e-01 9.264000e-03 3.596000e-03
7 9.815920e-01 1.266000e-02 5.748000e-03
8 9.751360e-01 1.652000e-02 8.344000e-03
9 9.674680e-01 2.100000e-02 1.153200e-02
10 9.588080e-01 2.565200e-02 1.554000e-02
11 9.481880e-01 3.132000e-02 2.049200e-02
12 9.355640e-01 3.811200e-02 2.632400e-02
13 9.218880e-01 4.436000e-02 3.375200e-02
14 9.071480e-01 5.130800e-02 4.154400e-02
15 8.904200e-01 5.856000e-02 5.102000e-02
16 8.724240e-01 6.524400e-02 6.233200e-02
17 8.537040e-01 7.207600e-02 7.422000e-02
18 8.333920e-01 7.924400e-02 8.736400e-02
19 8.114920e-01 8.672800e-02 1.017800e-01
20 7.886800e-01 9.371200e-02 1.176080e-01
21 7.645840e-01 1.008160e-01 1.346000e-01
22 7.389960e-01 1.088360e-01 1.521680e-01
23 7.121440e-01 1.158120e-01 1.720440e-01
24 6.840520e-01 1.232200e-01 1.927280e-01
25 6.561240e-01 1.291920e-01 2.146840e-01
26 6.268000e-01 1.354360e-01 2.377640e-01
27 5.977360e-01 1.404320e-01 2.618320e-01
28 5.683120e-01 1.454680e-01 2.862200e-01
29 5.389720e-01 1.491360e-01 3.118920e-01
30 5.091320e-01 1.525520e-01 3.383160e-01
31 4.799680e-01 1.544760e-01 3.655560e-01
32 4.511480e-01 1.563240e-01 3.925280e-01
33 4.223920e-01 1.571240e-01 4.204840e-01
34 3.940760e-01 1.576080e-01 4.483160e-01
35 3.667960e-01 1.565960e-01 4.766080e-01
36 3.399360e-01 1.558360e-01 5.042280e-01
37 3.154680e-01 1.539240e-01 5.306080e-01
38 2.916840e-01 1.503800e-01 5.579360e-01
39 2.681080e-01 1.477560e-01 5.841360e-01
40 2.457200e-01 1.446520e-01 6.096280e-01
41 2.247120e-01 1.408720e-01 6.344160e-01
42 2.042800e-01 1.371200e-01 6.586000e-01
43 1.855760e-01 1.325200e-01 6.819040e-01
44 1.676400e-01 1.271880e-01 7.051720e-01
45 1.508560e-01 1.220200e-01 7.271240e-01
46 1.353160e-01 1.167400e-01 7.479440e-01
47 1.216520e-01 1.107720e-01 7.675760e-01
48 1.082880e-01 1.055040e-01 7.862080e-01
49 9.590800e-02 1.002120e-01 8.038800e-01
50 8.501200e-02 9.373200e-02 8.212560e-01
51 7.484400e-02 8.815600e-02 8.370000e-01
52 6.628800e-02 8.157600e-02 8.521360e-01
53 5.858000e-02 7.550000e-02 8.659200e-01
54 5.192400e-02 6.986400e-02 8.782120e-01
55 4.614800e-02 6.430800e-02 8.895440e-01
56 4.120800e-02 5.844000e-02 9.003520e-01
57 3.680800e-02 5.342000e-02 9.097720e-01
58 3.308000e-02 4.858800e-02 9.183320e-01
59 2.982000e-02 4.370400e-02 9.264760e-01
60 2.704400e-02 3.922400e-02 9.337320e-01
61 2.456800e-02 3.529600e-02 9.401360e-01
62 2.240000e-02 3.156400e-02 9.460360e-01
63 2.088000e-02 2.812400e-02 9.509960e-01
64 1.956000e-02 2.490000e-02 9.555400e-01
65 1.854800e-02 2.182800e-02 9.596240e-01
66 1.773200e-02 1.909600e-02 9.631720e-01
67 1.709200e-02 1.667200e-02 9.662360e-01
68 1.654400e-02 1.441200e-02 9.690440e-01
69 1.619200e-02 1.243600e-02 9.713720e-01
70 1.592400e-02 1.070800e-02 9.733680e-01
71 1.568800e-02 9.364000e-03 9.749480e-01
72 1.550800e-02 8.112000e-03 9.763800e-01
73 1.537200e-02 7.032000e-03 9.775960e-01
74 1.526400e-02 5.968000e-03 9.787680e-01
75 1.520400e-02 5.108000e-03 9.796880e-01
76 1.512000e-02 4.324000e-03 9.805560e-01
77 1.507200e-02 3.628000e-03 9.813000e-01
78 1.504800e-02 3.072000e-03 9.818800e-01
79 1.502000e-02 2.672000e-03 9.823080e-01
80 1.500400e-02 2.288000e-03 9.827080e-01
81 1.499200e-02 1.948000e-03 9.830600e-01
82 1.497200e-02 1.684000e-03 9.833440e-01
83 1.496400e-02 1.456000e-03 9.835800e-01
84 1.495600e-02 1.240000e-03 9.838040e-01
85 1.494400e-02 1.012000e-03 9.840440e-01
86 1.492800e-02 8.160000e-04 9.842560e-01
87 1.491200e-02 6.920000e-04 9.843960e-01
88 1.491200e-02 6.080000e-04 9.844800e-01
89 1.491200e-02 5.040000e-04 9.845840e-01
90 1.490000e-02 4.360000e-04 9.846640e-01
91 1.490000e-02 3.520000e-04 9.847480e-01
92 1.489600e-02 3.000000e-04 9.848040e-01
93 1.489200e-02 2.440000e-04 9.848640e-01
94 1.489200e-02 1.960000e-04 9.849120e-01
95 1.489200e-02 1.640000e-04 9.849440e-01
96 1.489200e-02 1.400000e-04 9.849680e-01
97 1.489200e-02 1.280000e-04 9.849800e-01
98 1.489200e-02 1.080000e-04 9.850000e-01
99 1.489200e-02 1.040000e-04 9.850040e-01
100 1.488800e-02 1.000000e-04 9.850120e-01
101 1.488800e-02 7.200000e-05 9.850400e-01
102 1.488800e-02 5.200000e-05 9.850600e-01
103 1.488800e-02 4.800000e-05 9.850640e-01
104 1.488800e-02 4.000000e-05 9.850720e-01
105 1.488800e-02 3.600000e-05 9.850760e-01
106 1.488800e-02 2.800000e-05 9.850840e-01
107 1.488800e-02 2.400000e-05 9.850880e-01
108 1.488800e-02 2.000000e-05 9.850920e-01
109 1.488800e-02 1.600000e-05 9.850960e-01
110 1.488800e-02 1.600000e-05 9.850960e-01
111 1.488800e-02 1.600000e-05 9.850960e-01
112 1.488800e-02 1.600000e-05 9.850960e-01
113 1.488800e-02 1.600000e-05 9.850960e-01
114 1.488800e-02 1.600000e-05 9.850960e-01
115 1.488800e-02 1.200000e-05 9.851000e-01
116 1.488800e-02 1.200000e-05 9.851000e-01
117 1.488800e-02 8.000000e-06 9.851040e-01
118 1.488800e-02 8.000000e-06 9.851040e-01
119 1.488800e-02 0.000000e+00 9.851120e-01
120 1.488800e-02 0.000000e+00 9.851120e-01
121 1.488800e-02 0.000000e+00 9.851120e-01
122 1.488800e-02 0.000000e+00 9.851120e-01
123 1.488800e-02 0.000000e+00 9.851120e-01
124 1.488800e-02 0.000000e+00 9.851120e-01
125 1.488800e-02 0.000000e+00 9.851120e-01
126 1.488800e-02 0.000000e+00 9.851120e-01
127 1.488800e-02 0.000000e+00 9.851120e-01
128 1.488800e-02 0.000000e+00 9.851120e-01
129 1.488800e-02 0.000000e+00 9.851120e-01
130 1.488800e-02 0.000000e+00 9.851120e-01
131 1.488800e-02 0.000000e+00 9.851120e-01
132 1.488800e-02 0.000000e+00 9.851120e-01
133 1.488800e-02 0.000000e+00 9.851120e-01
134 1.488800e-02 0.000000e+00 9.851120e-01
135 1.488800e-02 0.000000e+00 9.851120e-01
136 1.488800e-02 0.000000e+00 9.851120e-01
137 1.488800e-02 0.000000e+00 9.851120e-01
138 1.488800e-02 0.000000e+00 9.851120e-01
139 1.488800e-02 0.000000e+00 9.851120e-01
140 1.488800e-02 0.000000e+00 9.851120e-01
141 1.488800e-02 0.000000e+00 9.851120e-01
142 1.488800e-02 0.000000e+00 9.851120e-01
143 1.488800e-02 0.000000e+00 9.851120e-01
144 1.488800e-02 0.000000e+00 9.851120e-01
145 1.488800e-02 0.000000e+00 9.851120e-01
146 1.488800e-02 0.000000e+00 9.851120e-01
147 1.488800e-02 0.000000e+00 9.851120e-01
148 1.488800e-02 0.000000e+00 9.851120e-01
149 1.488800e-02 0.000000e+00 9.851120e-01
150 1.488800e-02 0.000000e+00 9.851120e-01
151 1.488800e-02 0.000000e+00 9.851120e-01
152 1.488800e-02 0.000000e+00 9.851120e-01
153 1.488800e-02 0.000000e+00 9.851120e-01
154 1.488800e-02 0.000000e+00 9.851120e-01
155 1.488800e-02 0.000000e+00 9.851120e-01
156 1.488800e-02 0.000000e+00 9.851120e-01
157 1.488800e-02 0.000000e+00 9.851120e-01
158 1.488800e-02 0.000000e+00 9.851120e-01
159 1.488800e-02 0.000000e+00 9.851120e-01
160 1.488800e-02 0.000000e+00 9.851120e-01
161 1.488800e-02 0.000000e+00 9.851120e-01
162 1.488800e-02 0.000000e+00 9.851120e-01
163 1.488800e-02 0.000000e+00 9.851120e-01
164 1.488800e-02 0.000000e+00 9.851120e-01
165 1.488800e-02 0.000000e+00 9.851120e-01
166 1.488800e-02 0.000000e+00 9.851120e-01
167 1.488800e-02 0.000000e+00 9.851120e-01
168 1.488800e-02 0.000000e+00 9.851120e-01
169 1.488800e-02 0.000000e+00 9.851120e-01
170 1.488800e-02 0.000000e+00 9.851120e-01
171 1.488800e-02 0.000000e+00 9.851120e-01
172 1.488800e-02 0.000000e+00 9.851120e-01
173 1.488800e-02 0.000000e+00 9.851120e-01
174 1.488800e-02 0.000000e+00 9.851120e-01
175 1.488800e-02 0.000000e+00 9.851120e-01
176 1.488800e-02 0.000000e+00 9.851120e-01
177 1.488800e-02 0.000000e+00 9.851120e-01
178 1.488800e-02 0.000000e+00 9.851120e-01
179 1.488800e-02 0.000000e+00 9.851120e-01
180 1.488800e-02 0.000000e+00 9.851120e-01
181 1.488800e-02 0.000000e+00 9.851120e-01
182 1.488800e-02 0.000000e+00 9.851120e-01
183 1.488800e-02 0.000000e+00 9.851120e-01
184 1.488800e-02 0.000000e+00 9.851120e-01
185 1.488800e-02 0.000000e+00 9.851120e-01
186 1.488800e-02 0.000000e+00 9.851120e-01
187 1.488800e-02 0.000000e+00 9.851120e-01
188 1.488800e-02 0.000000e+00 9.851120e-01
189 1.488800e-02 0.000000e+00 9.851120e-01
190 1.488800e-02 0.000000e+00 9.851120e-01
191 1.488800e-02 0.000000e+00 9.851120e-01
192 1.488800e-02 0.000000e+00 9.851120e-01
193 1.488800e-02 0.000000e+00 9.851120e-01
194 1.488800e-02 0.000000e+00 9.851120e-01
195 1.488800e-02 0.000000e+00 9.851120e-01
196 1.488800e-02 0.000000e+00 9.851120e-01
197 1.488800e-02 0.000000e+00 9.851120e-01
198 1.488800e-02 0.000000e+00 9.851120e-01
199 1.488800e-02 0.000000e+00 9.851120e-01
200 1.488800e-02 0.000000e+00 9.851120e-01
201 1.488800e-02 0.000000e+00 9.851120e-01
202 1.488800e-02 0.000000e+00 9.851120e-01
203 1.488800e-02 0.000000e+00 9.851120e-01
204 1.488800e-02 0.000000e+00 9.851120e-01
205 1.488800e-02 0.000000e+00 9.851120e-01
206 1.488800e-02 0.000000e+00 9.851120e-01
207 1.488800e-02 0.000000e+00 9.851120e-01
208 1.488800e-02 0.000000e+00 9.851120e-01
209 1.488800e-02 0.000000e+00 9.851120e-01
210 1.488800e-02 0.000000e+00 9.851120e-01
211 1.488800e-02 0.000000e+00 9.851120e-01
212 1.488800e-02 0.000000e+00 9.851120e-01
213 1.488800e-02 0.000000e+00 9.851120e-01
214 1.488800e-02 0.000000e+00 9.851120e-01
215 1.488800e-02 0.000000e+00 9.851120e-01
216 1.488800e-02 0.000000e+00 9.851120e-01
217 1.488800e-02 0.000000e+00 9.851120e-01
218 1.488800e-02 0.000000e+00 9.851120e-01
219 1.488800e-02 0.000000e+00 9.851120e-01
220 1.488800e-02 0.000000e+00 9.851120e-01
221 1.488800e-02 0.000000e+00 9.851120e-01
222 1.488800e-02 0.000000e+00 9.851120e-01
223 1.488800e-02 0.000000e+00 9.851120e-01
224 1.488800e-02 0.000000e+00 9.851120e-01
225 1.488800e-02 0.000000e+00 9.851120e-01
226 1.488800e-02 0.000000e+00 9.851120e-01
227 1.488800e-02 0.000000e+00 9.851120e-01
228 1.488800e-02 0.000000e+00 9.851120e-01
229 1.488800e-02 0.000000e+00 9.851120e-01
230 1.488800e-02 0.000000e+00 9.851120e-01
231 1.488800e-02 0.000000e+00 9.851120e-01
232 1.488800e-02 0.000000e+00 9.851120e-01
233 1.488800e-02 0.000000e+00 9.851120e-01
234 1.488800e-02 0.000000e+00 9.851120e-01
235 1.488800e-02 0.000000e+00 9.851120e-01
236 1.488800e-02 0.000000e+00 9.851120e-01
237 1.488800e-02 0.000000e+00 9.851120e-01
238 1.488800e-02 0.000000e+00 9.851120e-01
239 1.488800e-02 0.000000e+00 9.851120e-01
240 1.488800e-02 0.000000e+00 9.851120e-01
241 1.488800e-02 0.000000e+00 9.851120e-01
242 1.488800e-02 0.000000e+00 9.851120e-01
243 1.488800e-02 0.000000e+00 9.851120e-01
244 1.488800e-02 0.000000e+00 9.851120e-01
245 1.488800e-02 0.000000e+00 9.851120e-01
246 1.488800e-02 0.000000e+00 9.851120e-01
247 1.488800e-02 0.000000e+00 9.851120e-01
248 1.488800e-02 0.000000e+00 9.851120e-01
249 1.488800e-02 0.000000e+00 9.851120e-01
250 1.488800e-02 0.000000e+00 9.851120e-01
251 1.488800e-02 0.000000e+00 9.851120e-01
252 1.488800e-02 0.000000e+00 9.851120e-01
253 1.488800e-02 0.000000e+00 9.851120e-01
254 1.488800e-02 0.000000e+00 9.851120e-01
255 1.488800e-02 0.000000e+00 9.851120e-01
256 1.488800e-02 0.000000e+00 9.851120e-01
257 1.488800e-02 0.000000e+00 9.851120e-01
258 1.488800e-02 0.000000e+00 9.851120e-01
259 1.488800e-02 0.000000e+00 9.851120e-01
260 1.488800e-02 0.000000e+00 9.851120e-01
261 1.488800e-02 0.000000e+00 9.851120e-01
262 1.488800e-02 0.000000e+00 9.851120e-01
263 1.488800e-02 0.000000e+00 9.851120e-01
264 1.488800e-02 0.000000e+00 9.851120e-01
265 1.488800e-02 0.000000e+00 9.851120e-01
266 1.488800e-02 0.000000e+00 9.851120e-01
267 1.488800e-02 0.000000e+00 9.851120e-01
268 1.488800e-02 0.000000e+00 9.851120e-01
269 1.488800e-02 0.000000e+00 9.851120e-01
270 1.488800e-02 0.000000e+00 9.851120e-01
271 1.488800e-02 0.000000e+00 9.851120e-01
272 1.488800e-02 0.000000e+00 9.851120e-01
273 1.488800e-02 0.000000e+00 9.851120e-01
274 1.488800e-02 0.000000e+00 9.851120e-01
275 1.488800e-02 0.000000e+00 9.851120e-01
276 1.488800e-02 0.000000e+00 9.851120e-01
277 1.488800e-02 0.000000e+00 9.851120e-01
278 1.488800e-02 0.000000e+00 9.851120e-01
279 1.488800e-02 0.000000e+00 9.851120e-01
280 1.488800e-02 0.000000e+00 9.851120e-01
281 1.488800e-02 0.000000e+00 9.851120e-01
282 1.488800e-02 0.000000e+00 9.851120e-01
283 1.488800e-02 0.000000e+00 9.851120e-01
284 1.488800e-02 0.000000e+00 9.851120e-01
285 1.488800e-02 0.000000e+00 9.851120e-01
286 1.488800e-02 0.000000e+00 9.851120e-01
287 1.488800e-02 0.000000e+00 9.851120e-01
288 1.488800e-02 0.000000e+00 9.851120e-01
289 1.488800e-02 0.000000e+00 9.851120e-01
290 1.488800e-02 0.000000e+00 9.851120e-01
291 1.488800e-02 0.000000e+00 9.851120e-01
292 1.488800e-02 0.000000e+00 9.851120e-01
293 1.488800e-02 0.000000e+00 9.851120e-01
294 1.488800e-02 0.000000e+00 9.851120e-01
295 1.488800e-02 0.000000e+00 9.851120e-01
296 1.488800e-02 0.000000e+00 9.851120e-01
297 1.488800e-02 0.000000e+00 9.851120e-01
298 1.488800e-02 0.000000e+00 9.851120e-01
299 1.488800e-02 0.000000e+00 9.851120e-01
300 1.488800e-02 0.000000e+00 9.851120e-01
301 1.488800e-02 0.000000e+00 9.851120e-01
302 1.488800e-02 0.000000e+00 9.851120e-01
303 1.488800e-02 0.000000e+00 9.851120e-01
304 1.488800e-02 0.000000e+00 9.851120e-01
305 1.488800e-02 0.000000e+00 9.851120e-01
306 1.488800e-02 0.000000e+00 9.851120e-01
307 1.488800e-02 0.000000e+00 9.851120e-01
308 1.488800e-02 0.000000e+00 9.851120e-01
309 1.488800e-02 0.000000e+00 9.851120e-01
310 1.488800e-02 0.000000e+00 9.851120e-01
311 1.488800e-02 0.000000e+00 9.851120e-01
312 1.488800e-02 0.000000e+00 9.851120e-01
313 1.488800e-02 0.000000e+00 9.851120e-01
314 1.488800e-02 0.000000e+00 9.851120e-01
315 1.488800e-02 0.000000e+00 9.851120e-01
316 1.488800e-02 0.000000e+00 9.851120e-01
317 1.488800e-02 0.000000e+00 9.851120e-01
318 1.488800e-02 0.000000e+00 9.851120e-01
319 1.488800e-02 0.000000e+00 9.851120e-01
320 1.488800e-02 0.000000e+00 9.851120e-01
321 1.488800e-02 0.000000e+00 9.851120e-01
322 1.488800e-02 0.000000e+00 9.851120e-01
323 1.488800e-02 0.000000e+00 9.851120e-01
324 1.488800e-02 0.000000e+00 9.851120e-01
325 1.488800e-02 0.000000e+00 9.851120e-01
326 1.488800e-02 0.000000e+00 9.851120e-01
327 1.488800e-02 0.000000e+00 9.851120e-01
328 1.488800e-02 0.000000e+00 9.851120e-01
329 1.488800e-02 0.000000e+00 9.851120e-01
330 1.488800e-02 0.000000e+00 9.851120e-01
331 1.488800e-02 0.000000e+00 9.851120e-01
332 1.488800e-02 0.000000e+00 9.851120e-01
333 1.488800e-02 0.000000e+00 9.851120e-01
334 1.488800e-02 0.000000e+00 9.851120e-01
335 1.488800e-02 0.000000e+00 9.851120e-01
336 1.488800e-02 0.000000e+00 9.851120e-01
337 1.488800e-02 0.000000e+00 9.851120e-01
338 1.488800e-02 0.000000e+00 9.851120e-01
339 1.488800e-02 0.000000e+00 9.851120e-01
340 1.488800e-02 0.000000e+00 9.851120e-01
341 1.488800e-02 0.000000e+00 9.851120e-01
342 1.488800e-02 0.000000e+00 9.851120e-01
343 1.488800e-02 0.000000e+00 9.851120e-01
344 1.488800e-02 0.000000e+00 9.851120e-01
345 1.488800e-02 0.000000e+00 9.851120e-01
346 1.488800e-02 0.000000e+00 9.851120e-01
347 1.488800e-02 0.000000e+00 9.851120e-01
348 1.488800e-02 0.000000e+00 9.851120e-01
349 1.488800e-02 0.000000e+00 9.851120e-01
350 1.488800e-02 0.000000e+00 9.851120e-01
351 1.488800e-02 0.000000e+00 9.851120e-01
352 1.488800e-02 0.000000e+00 9.851120e-01
353 1.488800e-02 0.000000e+00 9.851120e-01
354 1.488800e-02 0.000000e+00 9.851120e-01
355 1.488800e-02 0.000000e+00 9.851120e-01
356 1.488800e-02 0.000000e+00 9.851120e-01
357 1.488800e-02 0.000000e+00 9.851120e-01
358 1.488800e-02 0.000000e+00 9.851120e-01
359 1.488800e-02 0.000000e+00 9.851120e-01
360 1.488800e-02 0.000000e+00 9.851120e-01
361 1.488800e-02 0.000000e+00 9.851120e-01
362 1.488800e-02 0.000000e+00 9.851120e-01
363 1.488800e-02 0.000000e+00 9.851120e-01
364 1.488800e-02 0.000000e+00 9.851120e-01
365 1.488800e-02 0.000000e+00 9.851120e-01
366 1.488800e-02 0.000000e+00 9.851120e-01
367 1.488800e-02 0.000000e+00 9.851120e-01
368 1.488800e-02 0.000000e+00 9.851120e-01
369 1.488800e-02 0.000000e+00 9.851120e-01
370 1.488800e-02 0.000000e+00 9.851120e-01
371 1.488800e-02 0.000000e+00 9.851120e-01
372 1.488800e-02 0.000000e+00 9.851120e-01
373 1.488800e-02 0.000000e+00 9.851120e-01
374 1.488800e-02 0.000000e+00 9.851120e-01
375 1.488800e-02 0.000000e+00 9.851120e-01
376 1.488800e-02 0.000000e+00 9.851120e-01
377 1.488800e-02 0.000000e+00 9.851120e-01
378 1.488800e-02 0.000000e+00 9.851120e-01
379 1.488800e-02 0.000000e+00 9.851120e-01
380 1.488800e-02 0.000000e+00 9.851120e-01
381 1.488800e-02 0.000000e+00 9.851120e-01
382 1.488800e-02 0.000000e+00 9.851120e-01
383 1.488800e-02 0.000000e+00 9.851120e-01
384 1.488800e-02 0.000000e+00 9.851120e-01
385 1.488800e-02 0.000000e+00 9.851120e-01
386 1.488800e-02 0.000000e+00 9.851120e-01
387 1.488800e-02 0.000000e+00 9.851120e-01
388 1.488800e-02 0.000000e+00 9.851120e-01
389 1.488800e-02 0.000000e+00 9.851120e-01
390 1.488800e-02 0.000000e+00 9.851120e-01
391 1.488800e-02 0.000000e+00 9.851120e-01
392 1.488800e-02 0.000000e+00 9.851120e-01
393 1.488800e-02 0.000000e+00 9.851120e-01
394 1.488800e-02 0.000000e+00 9.851120e-01
395 1.488800e-02 0.000000e+00 9.851120e-01
396 1.488800e-02 0.000000e+00 9.851120e-01
397 1.488800e-02 0.000000e+00 9.851120e-01
398 1.488800e-02 0.000000e+00 9.851120e-01
399 1.488800e-02 0.000000e+00 9.851120e-01
400 1.488800e-02 0.000000e+00 9.851120e-01
401 1.488800e-02 0.000000e+00 9.851120e-01
402 1.488800e-02 0.000000e+00 9.851120e-01
403 1.488800e-02 0.000000e+00 9.851120e-01
404 1.488800e-02 0.000000e+00 9.851120e-01
405 1.488800e-02 0.000000e+00 9.851120e-01
406 1.488800e-02 0.000000e+00 9.851120e-01
407 1.488800e-02 0.000000e+00 9.851120e-01
408 1.488800e-02 0.000000e+00 9.851120e-01
409 1.488800e-02 0.000000e+00 9.851120e-01
410 1.488800e-02 0.000000e+00 9.851120e-01
411 1.488800e-02 0.000000e+00 9.851120e-01
412 1.488800e-02 0.000000e+00 9.851120e-01
413 1.488800e-02 0.000000e+00 9.851120e-01
414 1.488800e-02 0.000000e+00 9.851120e-01
415 1.488800e-02 0.000000e+00 9.851120e-01
416 1.488800e-02 0.000000e+00 9.851120e-01
417 1.488800e-02 0.000000e+00 9.851120e-01
418 1.488800e-02 0.000000e+00 9.851120e-01
419 1.488800e-02 0.000000e+00 9.851120e-01
420 1.488800e-02 0.000000e+00 9.851120e-01
421 1.488800e-02 0.000000e+00 9.851120e-01
422 1.488800e-02 0.000000e+00 9.851120e-01
423 1.488800e-02 0.000000e+00 9.851120e-01
424 1.488800e-02 0.000000e+00 9.851120e-01
425 1.488800e-02 0.000000e+00 9.851120e-01
426 1.488800e-02 0.000000e+00 9.851120e-01
427 1.488800e-02 0.000000e+00 9.851120e-01
428 1.488800e-02 0.000000e+00 9.851120e-01
429 1.488800e-02 0.000000e+00 9.851120e-01
430 1.488800e-02 0.000000e+00 9.851120e-01
431 1.488800e-02 0.000000e+00 9.851120e-01
432 1.488800e-02 0.000000e+00 9.851120e-01
433 1.488800e-02 0.000000e+00 9.851120e-01
434 1.488800e-02 0.000000e+00 9.851120e-01
435 1.488800e-02 0.000000e+00 9.851120e-01
436 1.488800e-02 0.000000e+00 9.851120e-01
437 1.488800e-02 0.000000e+00 9.851120e-01
438 1.488800e-02 0.000000e+00 9.851120e-01
439 1.488800e-02 0.000000e+00 9.851120e-01
440 1.488800e-02 0.000000e+00 9.851120e-01
441 1.488800e-02 0.000000e+00 9.851120e-01
442 1.488800e-02 0.000000e+00 9.851120e-01
443 1.488800e-02 0.000000e+00 9.851120e-01
444 1.488800e-02 0.000000e+00 9.851120e-01
445 1.488800e-02 0.000000e+00 9.851120e-01
446 1.488800e-02 0.000000e+00 9.851120e-01
447 1.488800e-02 0.000000e+00 9.851120e-01
448 1.488800e-02 0.000000e+00 9.851120e-01
449 1.488800e-02 0.000000e+00 9.851120e-01
450 1.488800e-02 0.000000e+00 9.851120e-01
451 1.488800e-02 0.000000e+00 9.851120e-01
452 1.488800e-02 0.000000e+00 9.851120e-01
453 1.488800e-02 0.000000e+00 9.851120e-01
454 1.488800e-02 0.000000e+00 9.851120e-01
455 1.488800e-02 0.000000e+00 9.851120e-01
456 1.488800e-02 0.000000e+00 9.851120e-01
457 1.488800e-02 0.000000e+00 9.851120e-01
458 1.488800e-02 0.000000e+00 9.851120e-01
459 1.488800e-02 0.000000e+00 9.851120e-01
460 1.488800e-02 0.000000e+00 9.851120e-01
461 1.488800e-02 0.000000e+00 9.851120e-01
462 1.488800e-02 0.000000e+00 9.851120e-01
463 1.488800e-02 0.000000e+00 9.851120e-01
464 1.488800e-02 0.000000e+00 9.851120e-01
465 1.488800e-02 0.000000e+00 9.851120e-01
466 1.488800e-02 0.000000e+00 9.851120e-01
467 1.488800e-02 0.000000e+00 9.851120e-01
468 1.488800e-02 0.000000e+00 9.851120e-01
469 1.488800e-02 0.000000e+00 9.851120e-01
470 1.488800e-02 0.000000e+00 9.851120e-01
471 1.488800e-02 0.000000e+00 9.851120e-01
472 1.488800e-02 0.000000e+00 9.851120e-01
473 1.488800e-02 0.000000e+00 9.851120e-01
474 1.488800e-02 0.000000e+00 9.851120e-01
475 1.488800e-02 0.000000e+00 9.851120e-01
476 1.488800e-02 0.000000e+00 9.851120e-01
477 1.488800e-02 0.000000e+00 9.851120e-01
478 1.488800e-02 0.000000e+00 9.851120e-01
479 1.488800e-02 0.000000e+00 9.851120e-01
480 1.488800e-02 0.000000e+00 9.851120e-01
481 1.488800e-02 0.000000e+00 9.851120e-01
482 1.488800e-02 0.000000e+00 9.851120e-01
483 1.488800e-02 0.000000e+00 9.851120e-01
484 1.488800e-02 0.000000e+00 9.851120e-01
485 1.488800e-02 0.000000e+00 9.851120e-01
486 1.488800e-02 0.000000e+00 9.851120e-01
487 1.488800e-02 0.000000e+00 9.851120e-01
488 1.488800e-02 0.000000e+00 9.851120e-01
489 1.488800e-02 0.000000e+00 9.851120e-01
490 1.488800e-02 0.000000e+00 9.851120e-01
491 1.488800e-02 0.000000e+00 9.851120e-01
492 1.488800e-02 0.000000e+00 9.851120e-01
493 1.488800e-02 0.000000e+00 9.851120e-01
494 1.488800e-02 0.000000e+00 9.851120e-01
495 1.488800e-02 0.000000e+00 9.851120e-01
496 1.488800e-02 0.000000e+00 9.851120e-01
497 1.488800e-02 0.000000e+00 9.851120e-01
498 1.488800e-02 0.000000e+00 9.851120e-01
499 1.488800e-02 0.000000e+00 9.851120e-01
500 1.488800e-02 0.000000e+00 9.851120e-01
