1 9.991520e-01 7.360000e-04 1.120000e-04
2 9.983880e-01 1.316000e-03 2.960000e-04
3 9.971400e-01 2.248000e-03 6.120000e-04
4 9.951480e-01 3.772000e-03 1.080000e-03
5 9.923960e-01 5.736000e-03 1.868000e-03
6 9.885760e-01 8.352000e-03 3.072000e-03
7 9.839000e-01 1.141600e-02 4.684000e-03
8 9.780440e-01 1.499600e-02 6.960000e-03
9 9.711520e-01 1.898800e-02 9.860000e-03
10 9.628680e-01 2.336800e-02 1.376400e-02
11 9.533400e-01 2.848800e-02 1.817200e-02
12 9.426200e-01 3.356400e-02 2.381600e-02
13 9.303440e-01 3.916800e-02 3.048800e-02
14 9.165600e-01 4.536400e-02 3.807600e-02
15 9.014040e-01 5.172800e-02 4.686800e-02
16 8.843960e-01 5.891600e-02 5.668800e-02
17 8.668000e-01 6.557200e-02 6.762800e-02
18 8.475920e-01 7.248400e-02 7.992400e-02
19 8.274120e-01 7.935600e-02 9.323200e-02
20 8.052240e-01 8.748000e-02 1.072960e-01
21 7.818200e-01 9.477200e-02 1.234080e-01
22 7.582240e-01 1.008640e-01 1.409120e-01
23 7.335200e-01 1.073840e-01 1.590960e-01
24 7.080000e-01 1.134040e-01 1.785960e-01
25 6.823680e-01 1.190680e-01 1.985640e-01
26 6.559760e-01 1.244200e-01 2.196040e-01
27 6.298360e-01 1.280520e-01 2.421120e-01
28 6.029280e-01 1.321960e-01 2.648760e-01
29 5.761840e-01 1.351800e-01 2.886360e-01
30 5.499560e-01 1.377880e-01 3.122560e-01
31 5.230440e-01 1.406200e-01 3.363360e-01
32 4.972360e-01 1.419600e-01 3.608040e-01
33 4.729320e-01 1.407440e-01 3.863240e-01
34 4.484840e-01 1.403560e-01 4.111600e-01
35 4.240000e-01 1.397800e-01 4.362200e-01
36 4.003320e-01 1.385840e-01 4.610840e-01
37 3.776400e-01 1.368680e-01 4.854920e-01
38 3.563680e-01 1.346920e-01 5.089400e-01
39 3.361600e-01 1.313280e-01 5.325120e-01
40 3.167880e-01 1.285120e-01 5.547000e-01
41 2.977840e-01 1.253520e-01 5.768640e-01
42 2.798880e-01 1.215800e-01 5.985320e-01
43 2.621840e-01 1.182880e-01 6.195280e-01
44 2.455240e-01 1.140120e-01 6.404640e-01
45 2.295880e-01 1.104680e-01 6.599440e-01
46 2.136920e-01 1.071200e-01 6.791880e-01
47 1.980680e-01 1.041360e-01 6.977960e-01
48 1.828240e-01 1.014800e-01 7.156960e-01
49 1.691560e-01 9.755200e-02 7.332920e-01
50 1.559920e-01 9.391600e-02 7.500920e-01
51 1.434280e-01 9.049200e-02 7.660800e-01
52 1.315720e-01 8.669600e-02 7.817320e-01
53 1.209880e-01 8.278000e-02 7.962320e-01
54 1.110600e-01 7.842400e-02 8.105160e-01
55 1.017800e-01 7.443600e-02 8.237840e-01
56 9.323600e-02 7.049200e-02 8.362720e-01
57 8.542400e-02 6.629600e-02 8.482800e-01
58 7.834400e-02 6.237600e-02 8.592800e-01
59 7.178000e-02 5.817600e-02 8.700440e-01
60 6.578400e-02 5.457200e-02 8.796440e-01
61 6.016400e-02 5.083600e-02 8.890000e-01
62 5.496000e-02 4.725600e-02 8.977840e-01
63 4.993600e-02 4.454400e-02 9.055200e-01
64 4.527600e-02 4.178800e-02 9.129360e-01
65 4.119600e-02 3.892400e-02 9.198800e-01
66 3.743600e-02 3.637600e-02 9.261880e-01
67 3.403600e-02 3.368000e-02 9.322840e-01
68 3.100400e-02 3.106800e-02 9.379280e-01
69 2.834400e-02 2.853600e-02 9.431200e-01
70 2.610400e-02 2.606800e-02 9.478280e-01
71 2.382800e-02 2.371600e-02 9.524560e-01
72 2.196800e-02 2.148000e-02 9.565520e-01
73 2.059200e-02 1.920800e-02 9.602000e-01
74 1.946800e-02 1.720800e-02 9.633240e-01
75 1.854800e-02 1.542800e-02 9.660240e-01
76 1.780800e-02 1.348800e-02 9.687040e-01
77 1.726400e-02 1.180000e-02 9.709360e-01
78 1.689200e-02 1.017200e-02 9.729360e-01
79 1.666000e-02 8.720000e-03 9.746200e-01
80 1.648800e-02 7.332000e-03 9.761800e-01
81 1.634400e-02 6.388000e-03 9.772680e-01
82 1.624800e-02 5.420000e-03 9.783320e-01
83 1.618400e-02 4.600000e-03 9.792160e-01
84 1.611600e-02 3.952000e-03 9.799320e-01
85 1.606800e-02 3.276000e-03 9.806560e-01
86 1.603600e-02 2.828000e-03 9.811360e-01
87 1.598400e-02 2.380000e-03 9.816360e-01
88 1.595200e-02 1.992000e-03 9.820560e-01
89 1.591600e-02 1.692000e-03 9.823920e-01
90 1.589600e-02 1.440000e-03 9.826640e-01
91 1.589200e-02 1.220000e-03 9.828880e-01
92 1.588000e-02 1.016000e-03 9.831040e-01
93 1.586800e-02 8.480000e-04 9.832840e-01
94 1.586400e-02 7.080000e-04 9.834280e-01
95 1.586000e-02 6.080000e-04 9.835320e-01
96 1.585200e-02 5.360000e-04 9.836120e-01
97 1.584400e-02 4.600000e-04 9.836960e-01
98 1.584400e-02 3.720000e-04 9.837840e-01
99 1.584000e-02 3.200000e-04 9.838400e-01
100 1.584000e-02 2.680000e-04 9.838920e-01
101 1.584000e-02 2.200000e-04 9.839400e-01
102 1.584000e-02 2.040000e-04 9.839560e-01
103 1.584000e-02 1.560000e-04 9.840040e-01
104 1.584000e-02 1.120000e-04 9.840480e-01
105 1.584000e-02 9.200000e-05 9.840680e-01
106 1.584000e-02 8.400000e-05 9.840760e-01
107 1.584000e-02 7.600000e-05 9.840840e-01
108 1.584000e-02 6.800000e-05 9.840920e-01
109 1.584000e-02 5.200000e-05 9.841080e-01
110 1.584000e-02 4.400000e-05 9.841160e-01
111 1.584000e-02 3.600000e-05 9.841240e-01
112 1.584000e-02 2.800000e-05 9.841320e-01
113 1.584000e-02 2.400000e-05 9.841360e-01
114 1.584000e-02 2.400000e-05 9.841360e-01
115 1.584000e-02 2.000000e-05 9.841400e-01
116 1.584000e-02 1.600000e-05 9.841440e-01
117 1.584000e-02 8.000000e-06 9.841520e-01
118 1.584000e-02 8.000000e-06 9.841520e-01
119 1.584000e-02 4.000000e-06 9.841560e-01
120 1.584000e-02 4.000000e-06 9.841560e-01
121 1.584000e-02 4.000000e-06 9.841560e-01
122 1.584000e-02 4.000000e-06 9.841560e-01
123 1.584000e-02 4.000000e-06 9.841560e-01
124 1.584000e-02 4.000000e-06 9.841560e-01
125 1.584000e-02 4.000000e-06 9.841560e-01
126 1.584000e-02 4.000000e-06 9.841560e-01
127 1.584000e-02 4.000000e-06 9.841560e-01
128 1.584000e-02 4.000000e-06 9.841560e-01
129 1.584000e-02 0.000000e+00 9.841600e-01
130 1.584000e-02 0.000000e+00 9.841600e-01
131 1.584000e-02 0.000000e+00 9.841600e-01
132 1.584000e-02 0.000000e+00 9.841600e-01
133 1.584000e-02 0.000000e+00 9.841600e-01
134 1.584000e-02 0.000000e+00 9.841600e-01
135 1.584000e-02 0.000000e+00 9.841600e-01
136 1.584000e-02 0.000000e+00 9.841600e-01
137 1.584000e-02 0.000000e+00 9.841600e-01
138 1.584000e-02 0.000000e+00 9.841600e-01
139 1.584000e-02 0.000000e+00 9.841600e-01
140 1.584000e-02 0.000000e+00 9.841600e-01
141 1.584000e-02 0.000000e+00 9.841600e-01
142 1.584000e-02 0.000000e+00 9.841600e-01
143 1.584000e-02 0.000000e+00 9.841600e-01
144 1.584000e-02 0.000000e+00 9.841600e-01
145 1.584000e-02 0.000000e+00 9.841600e-01
146 1.584000e-02 0.000000e+00 9.841600e-01
147 1.584000e-02 0.000000e+00 9.841600e-01
148 1.584000e-02 0.000000e+00 9.841600e-01
149 1.584000e-02 0.000000e+00 9.841600e-01
150 1.584000e-02 0.000000e+00 9.841600e-01
151 1.584000e-02 0.000000e+00 9.841600e-01
152 1.584000e-02 0.000000e+00 9.841600e-01
153 1.584000e-02 0.000000e+00 9.841600e-01
154 1.584000e-02 0.000000e+00 9.841600e-01
155 1.584000e-02 0.000000e+00 9.841600e-01
156 1.584000e-02 0.000000e+00 9.841600e-01
157 1.584000e-02 0.000000e+00 9.841600e-01
158 1.584000e-02 0.000000e+00 9.841600e-01
159 1.584000e-02 0.000000e+00 9.841600e-01
160 1.584000e-02 0.000000e+00 9.841600e-01
161 1.584000e-02 0.000000e+00 9.841600e-01
162 1.584000e-02 0.000000e+00 9.841600e-01
163 1.584000e-02 0.000000e+00 9.841600e-01
164 1.584000e-02 0.000000e+00 9.841600e-01
165 1.584000e-02 0.000000e+00 9.841600e-01
166 1.584000e-02 0.000000e+00 9.841600e-01
167 1.584000e-02 0.000000e+00 9.841600e-01
168 1.584000e-02 0.000000e+00 9.841600e-01
169 1.584000e-02 0.000000e+00 9.841600e-01
170 1.584000e-02 0.000000e+00 9.841600e-01
171 1.584000e-02 0.000000e+00 9.841600e-01
172 1.584000e-02 0.000000e+00 9.841600e-01
173 1.584000e-02 0.000000e+00 9.841600e-01
174 1.584000e-02 0.000000e+00 9.841600e-01
175 1.584000e-02 0.000000e+00 9.841600e-01
176 1.584000e-02 0.000000e+00 9.841600e-01
177 1.584000e-02 0.000000e+00 9.841600e-01
178 1.584000e-02 0.000000e+00 9.841600e-01
179 1.584000e-02 0.000000e+00 9.841600e-01
180 1.584000e-02 0.000000e+00 9.841600e-01
181 1.584000e-02 0.000000e+00 9.841600e-01
182 1.584000e-02 0.000000e+00 9.841600e-01
183 1.584000e-02 0.000000e+00 9.841600e-01
184 1.584000e-02 0.000000e+00 9.841600e-01
185 1.584000e-02 0.000000e+00 9.841600e-01
186 1.584000e-02 0.000000e+00 9.841600e-01
187 1.584000e-02 0.000000e+00 9.841600e-01
188 1.584000e-02 0.000000e+00 9.841600e-01
189 1.584000e-02 0.000000e+00 9.841600e-01
190 1.584000e-02 0.000000e+00 9.841600e-01
191 1.584000e-02 0.000000e+00 9.841600e-01
192 1.584000e-02 0.000000e+00 9.841600e-01
193 1.584000e-02 0.000000e+00 9.841600e-01
194 1.584000e-02 0.000000e+00 9.841600e-01
195 1.584000e-02 0.000000e+00 9.841600e-01
196 1.584000e-02 0.000000e+00 9.841600e-01
197 1.584000e-02 0.000000e+00 9.841600e-01
198 1.584000e-02 0.000000e+00 9.841600e-01
199 1.584000e-02 0.000000e+00 9.841600e-01
200 1.584000e-02 0.000000e+00 9.841600e-01
201 1.584000e-02 0.000000e+00 9.841600e-01
202 1.584000e-02 0.000000e+00 9.841600e-01
203 1.584000e-02 0.000000e+00 9.841600e-01
204 1.584000e-02 0.000000e+00 9.841600e-01
205 1.584000e-02 0.000000e+00 9.841600e-01
206 1.584000e-02 0.000000e+00 9.841600e-01
207 1.584000e-02 0.000000e+00 9.841600e-01
208 1.584000e-02 0.000000e+00 9.841600e-01
209 1.584000e-02 0.000000e+00 9.841600e-01
210 1.584000e-02 0.000000e+00 9.841600e-01
211 1.584000e-02 0.000000e+00 9.841600e-01
212 1.584000e-02 0.000000e+00 9.841600e-01
213 1.584000e-02 0.000000e+00 9.841600e-01
214 1.584000e-02 0.000000e+00 9.841600e-01
215 1.584000e-02 0.000000e+00 9.841600e-01
216 1.584000e-02 0.000000e+00 9.841600e-01
217 1.584000e-02 0.000000e+00 9.841600e-01
218 1.584000e-02 0.000000e+00 9.841600e-01
219 1.584000e-02 0.000000e+00 9.841600e-01
220 1.584000e-02 0.000000e+00 9.841600e-01
221 1.584000e-02 0.000000e+00 9.841600e-01
222 1.584000e-02 0.000000e+00 9.841600e-01
223 1.584000e-02 0.000000e+00 9.841600e-01
224 1.584000e-02 0.000000e+00 9.841600e-01
225 1.584000e-02 0.000000e+00 9.841600e-01
226 1.584000e-02 0.000000e+00 9.841600e-01
227 1.584000e-02 0.000000e+00 9.841600e-01
228 1.584000e-02 0.000000e+00 9.841600e-01
229 1.584000e-02 0.000000e+00 9.841600e-01
230 1.584000e-02 0.000000e+00 9.841600e-01
231 1.584000e-02 0.000000e+00 9.841600e-01
232 1.584000e-02 0.000000e+00 9.841600e-01
233 1.584000e-02 0.000000e+00 9.841600e-01
234 1.584000e-02 0.000000e+00 9.841600e-01
235 1.584000e-02 0.000000e+00 9.841600e-01
236 1.584000e-02 0.000000e+00 9.841600e-01
237 1.584000e-02 0.000000e+00 9.841600e-01
238 1.584000e-02 0.000000e+00 9.841600e-01
239 1.584000e-02 0.000000e+00 9.841600e-01
240 1.584000e-02 0.000000e+00 9.841600e-01
241 1.584000e-02 0.000000e+00 9.841600e-01
242 1.584000e-02 0.000000e+00 9.841600e-01
243 1.584000e-02 0.000000e+00 9.841600e-01
244 1.584000e-02 0.000000e+00 9.841600e-01
245 1.584000e-02 0.000000e+00 9.841600e-01
246 1.584000e-02 0.000000e+00 9.841600e-01
247 1.584000e-02 0.000000e+00 9.841600e-01
248 1.584000e-02 0.000000e+00 9.841600e-01
249 1.584000e-02 0.000000e+00 9.841600e-01
250 1.584000e-02 0.000000e+00 9.841600e-01
251 1.584000e-02 0.000000e+00 9.841600e-01
252 1.584000e-02 0.000000e+00 9.841600e-01
253 1.584000e-02 0.000000e+00 9.841600e-01
254 1.584000e-02 0.000000e+00 9.841600e-01
255 1.584000e-02 0.000000e+00 9.841600e-01
256 1.584000e-02 0.000000e+00 9.841600e-01
257 1.584000e-02 0.000000e+00 9.841600e-01
258 1.584000e-02 0.000000e+00 9.841600e-01
259 1.584000e-02 0.000000e+00 9.841600e-01
260 1.584000e-02 0.000000e+00 9.841600e-01
261 1.584000e-02 0.000000e+00 9.841600e-01
262 1.584000e-02 0.000000e+00 9.841600e-01
263 1.584000e-02 0.000000e+00 9.841600e-01
264 1.584000e-02 0.000000e+00 9.841600e-01
265 1.584000e-02 0.000000e+00 9.841600e-01
266 1.584000e-02 0.000000e+00 9.841600e-01
267 1.584000e-02 0.000000e+00 9.841600e-01
268 1.584000e-02 0.000000e+00 9.841600e-01
269 1.584000e-02 0.000000e+00 9.841600e-01
270 1.584000e-02 0.000000e+00 9.841600e-01
271 1.584000e-02 0.000000e+00 9.841600e-01
272 1.584000e-02 0.000000e+00 9.841600e-01
273 1.584000e-02 0.000000e+00 9.841600e-01
274 1.584000e-02 0.000000e+00 9.841600e-01
275 1.584000e-02 0.000000e+00 9.841600e-01
276 1.584000e-02 0.000000e+00 9.841600e-01
277 1.584000e-02 0.000000e+00 9.841600e-01
278 1.584000e-02 0.000000e+00 9.841600e-01
279 1.584000e-02 0.000000e+00 9.841600e-01
280 1.584000e-02 0.000000e+00 9.841600e-01
281 1.584000e-02 0.000000e+00 9.841600e-01
282 1.584000e-02 0.000000e+00 9.841600e-01
283 1.584000e-02 0.000000e+00 9.841600e-01
284 1.584000e-02 0.000000e+00 9.841600e-01
285 1.584000e-02 0.000000e+00 9.841600e-01
286 1.584000e-02 0.000000e+00 9.841600e-01
287 1.584000e-02 0.000000e+00 9.841600e-01
288 1.584000e-02 0.000000e+00 9.841600e-01
289 1.584000e-02 0.000000e+00 9.841600e-01
290 1.584000e-02 0.000000e+00 9.841600e-01
291 1.584000e-02 0.000000e+00 9.841600e-01
292 1.584000e-02 0.000000e+00 9.841600e-01
293 1.584000e-02 0.000000e+00 9.841600e-01
294 1.584000e-02 0.000000e+00 9.841600e-01
295 1.584000e-02 0.000000e+00 9.841600e-01
296 1.584000e-02 0.000000e+00 9.841600e-01
297 1.584000e-02 0.000000e+00 9.841600e-01
298 1.584000e-02 0.000000e+00 9.841600e-01
299 1.584000e-02 0.000000e+00 9.841600e-01
300 1.584000e-02 0.000000e+00 9.841600e-01
301 1.584000e-02 0.000000e+00 9.841600e-01
302 1.584000e-02 0.000000e+00 9.841600e-01
303 1.584000e-02 0.000000e+00 9.841600e-01
304 1.584000e-02 0.000000e+00 9.841600e-01
305 1.584000e-02 0.000000e+00 9.841600e-01
306 1.584000e-02 0.000000e+00 9.841600e-01
307 1.584000e-02 0.000000e+00 9.841600e-01
308 1.584000e-02 0.000000e+00 9.841600e-01
309 1.584000e-02 0.000000e+00 9.841600e-01
310 1.584000e-02 0.000000e+00 9.841600e-01
311 1.584000e-02 0.000000e+00 9.841600e-01
312 1.584000e-02 0.000000e+00 9.841600e-01
313 1.584000e-02 0.000000e+00 9.841600e-01
314 1.584000e-02 0.000000e+00 9.841600e-01
315 1.584000e-02 0.000000e+00 9.841600e-01
316 1.584000e-02 0.000000e+00 9.841600e-01
317 1.584000e-02 0.000000e+00 9.841600e-01
318 1.584000e-02 0.000000e+00 9.841600e-01
319 1.584000e-02 0.000000e+00 9.841600e-01
320 1.584000e-02 0.000000e+00 9.841600e-01
321 1.584000e-02 0.000000e+00 9.841600e-01
322 1.584000e-02 0.000000e+00 9.841600e-01
323 1.584000e-02 0.000000e+00 9.841600e-01
324 1.584000e-02 0.000000e+00 9.841600e-01
325 1.584000e-02 0.000000e+00 9.841600e-01
326 1.584000e-02 0.000000e+00 9.841600e-01
327 1.584000e-02 0.000000e+00 9.841600e-01
328 1.584000e-02 0.000000e+00 9.841600e-01
329 1.584000e-02 0.000000e+00 9.841600e-01
330 1.584000e-02 0.000000e+00 9.841600e-01
331 1.584000e-02 0.000000e+00 9.841600e-01
332 1.584000e-02 0.000000e+00 9.841600e-01
333 1.584000e-02 0.000000e+00 9.841600e-01
334 1.584000e-02 0.000000e+00 9.841600e-01
335 1.584000e-02 0.000000e+00 9.841600e-01
336 1.584000e-02 0.000000e+00 9.841600e-01
337 1.584000e-02 0.000000e+00 9.841600e-01
338 1.584000e-02 0.000000e+00 9.841600e-01
339 1.584000e-02 0.000000e+00 9.841600e-01
340 1.584000e-02 0.000000e+00 9.841600e-01
341 1.584000e-02 0.000000e+00 9.841600e-01
342 1.584000e-02 0.000000e+00 9.841600e-01
343 1.584000e-02 0.000000e+00 9.841600e-01
344 1.584000e-02 0.000000e+00 9.841600e-01
345 1.584000e-02 0.000000e+00 9.841600e-01
346 1.584000e-02 0.000000e+00 9.841600e-01
347 1.584000e-02 0.000000e+00 9.841600e-01
348 1.584000e-02 0.000000e+00 9.841600e-01
349 1.584000e-02 0.000000e+00 9.841600e-01
350 1.584000e-02 0.000000e+00 9.841600e-01
351 1.584000e-02 0.000000e+00 9.841600e-01
352 1.584000e-02 0.000000e+00 9.841600e-01
353 1.584000e-02 0.000000e+00 9.841600e-01
354 1.584000e-02 0.000000e+00 9.841600e-01
355 1.584000e-02 0.000000e+00 9.841600e-01
356 1.584000e-02 0.000000e+00 9.841600e-01
357 1.584000e-02 0.000000e+00 9.841600e-01
358 1.584000e-02 0.000000e+00 9.841600e-01
359 1.584000e-02 0.000000e+00 9.841600e-01
360 1.584000e-02 0.000000e+00 9.841600e-01
361 1.584000e-02 0.000000e+00 9.841600e-01
362 1.584000e-02 0.000000e+00 9.841600e-01
363 1.584000e-02 0.000000e+00 9.841600e-01
364 1.584000e-02 0.000000e+00 9.841600e-01
365 1.584000e-02 0.000000e+00 9.841600e-01
366 1.584000e-02 0.000000e+00 9.841600e-01
367 1.584000e-02 0.000000e+00 9.841600e-01
368 1.584000e-02 0.000000e+00 9.841600e-01
369 1.584000e-02 0.000000e+00 9.841600e-01
370 1.584000e-02 0.000000e+00 9.841600e-01
371 1.584000e-02 0.000000e+00 9.841600e-01
372 1.584000e-02 0.000000e+00 9.841600e-01
373 1.584000e-02 0.000000e+00 9.841600e-01
374 1.584000e-02 0.000000e+00 9.841600e-01
375 1.584000e-02 0.000000e+00 9.841600e-01
376 1.584000e-02 0.000000e+00 9.841600e-01
377 1.584000e-02 0.000000e+00 9.841600e-01
378 1.584000e-02 0.000000e+00 9.841600e-01
379 1.584000e-02 0.000000e+00 9.841600e-01
380 1.584000e-02 0.000000e+00 9.841600e-01
381 1.584000e-02 0.000000e+00 9.841600e-01
382 1.584000e-02 0.000000e+00 9.841600e-01
383 1.584000e-02 0.000000e+00 9.841600e-01
384 1.584000e-02 0.000000e+00 9.841600e-01
385 1.584000e-02 0.000000e+00 9.841600e-01
386 1.584000e-02 0.000000e+00 9.841600e-01
387 1.584000e-02 0.000000e+00 9.841600e-01
388 1.584000e-02 0.000000e+00 9.841600e-01
389 1.584000e-02 0.000000e+00 9.841600e-01
390 1.584000e-02 0.000000e+00 9.841600e-01
391 1.584000e-02 0.000000e+00 9.841600e-01
392 1.584000e-02 0.000000e+00 9.841600e-01
393 1.584000e-02 0.000000e+00 9.841600e-01
394 1.584000e-02 0.000000e+00 9.841600e-01
395 1.584000e-02 0.000000e+00 9.841600e-01
396 1.584000e-02 0.000000e+00 9.841600e-01
397 1.584000e-02 0.000000e+00 9.841600e-01
398 1.584000e-02 0.000000e+00 9.841600e-01
399 1.584000e-02 0.000000e+00 9.841600e-01
400 1.584000e-02 0.000000e+00 9.841600e-01
401 1.584000e-02 0.000000e+00 9.841600e-01
402 1.584000e-02 0.000000e+00 9.841600e-01
403 1.584000e-02 0.000000e+00 9.841600e-01
404 1.584000e-02 0.000000e+00 9.841600e-01
405 1.584000e-02 0.000000e+00 9.841600e-01
406 1.584000e-02 0.000000e+00 9.841600e-01
407 1.584000e-02 0.000000e+00 9.841600e-01
408 1.584000e-02 0.000000e+00 9.841600e-01
409 1.584000e-02 0.000000e+00 9.841600e-01
410 1.584000e-02 0.000000e+00 9.841600e-01
411 1.584000e-02 0.000000e+00 9.841600e-01
412 1.584000e-02 0.000000e+00 9.841600e-01
413 1.584000e-02 0.000000e+00 9.841600e-01
414 1.584000e-02 0.000000e+00 9.841600e-01
415 1.584000e-02 0.000000e+00 9.841600e-01
416 1.584000e-02 0.000000e+00 9.841600e-01
417 1.584000e-02 0.000000e+00 9.841600e-01
418 1.584000e-02 0.000000e+00 9.841600e-01
419 1.584000e-02 0.000000e+00 9.841600e-01
420 1.584000e-02 0.000000e+00 9.841600e-01
421 1.584000e-02 0.000000e+00 9.841600e-01
422 1.584000e-02 0.000000e+00 9.841600e-01
423 1.584000e-02 0.000000e+00 9.841600e-01
424 1.584000e-02 0.000000e+00 9.841600e-01
425 1.584000e-02 0.000000e+00 9.841600e-01
426 1.584000e-02 0.000000e+00 9.841600e-01
427 1.584000e-02 0.000000e+00 9.841600e-01
428 1.584000e-02 0.000000e+00 9.841600e-01
429 1.584000e-02 0.000000e+00 9.841600e-01
430 1.584000e-02 0.000000e+00 9.841600e-01
431 1.584000e-02 0.000000e+00 9.841600e-01
432 1.584000e-02 0.000000e+00 9.841600e-01
433 1.584000e-02 0.000000e+00 9.841600e-01
434 1.584000e-02 0.000000e+00 9.841600e-01
435 1.584000e-02 0.000000e+00 9.841600e-01
436 1.584000e-02 0.000000e+00 9.841600e-01
437 1.584000e-02 0.000000e+00 9.841600e-01
438 1.584000e-02 0.000000e+00 9.841600e-01
439 1.584000e-02 0.000000e+00 9.841600e-01
440 1.584000e-02 0.000000e+00 9.841600e-01
441 1.584000e-02 0.000000e+00 9.841600e-01
442 1.584000e-02 0.000000e+00 9.841600e-01
443 1.584000e-02 0.000000e+00 9.841600e-01
444 1.584000e-02 0.000000e+00 9.841600e-01
445 1.584000e-02 0.000000e+00 9.841600e-01
446 1.584000e-02 0.000000e+00 9.841600e-01
447 1.584000e-02 0.000000e+00 9.841600e-01
448 1.584000e-02 0.000000e+00 9.841600e-01
449 1.584000e-02 0.000000e+00 9.841600e-01
450 1.584000e-02 0.000000e+00 9.841600e-01
451 1.584000e-02 0.000000e+00 9.841600e-01
452 1.584000e-02 0.000000e+00 9.841600e-01
453 1.584000e-02 0.000000e+00 9.841600e-01
454 1.584000e-02 0.000000e+00 9.841600e-01
455 1.584000e-02 0.000000e+00 9.841600e-01
456 1.584000e-02 0.000000e+00 9.841600e-01
457 1.584000e-02 0.000000e+00 9.841600e-01
458 1.584000e-02 0.000000e+00 9.841600e-01
459 1.584000e-02 0.000000e+00 9.841600e-01
460 1.584000e-02 0.000000e+00 9.841600e-01
461 1.584000e-02 0.000000e+00 9.841600e-01
462 1.584000e-02 0.000000e+00 9.841600e-01
463 1.584000e-02 0.000000e+00 9.841600e-01
464 1.584000e-02 0.000000e+00 9.841600e-01
465 1.584000e-02 0.000000e+00 9.841600e-01
466 1.584000e-02 0.000000e+00 9.841600e-01
467 1.584000e-02 0.000000e+00 9.841600e-01
468 1.584000e-02 0.000000e+00 9.841600e-01
469 1.584000e-02 0.000000e+00 9.841600e-01
470 1.584000e-02 0.000000e+00 9.841600e-01
471 1.584000e-02 0.000000e+00 9.841600e-01
472 1.584000e-02 0.000000e+00 9.841600e-01
473 1.584000e-02 0.000000e+00 9.841600e-01
474 1.584000e-02 0.000000e+00 9.841600e-01
475 1.584000e-02 0.000000e+00 9.841600e-01
476 1.584000e-02 0.000000e+00 9.841600e-01
477 1.584000e-02 0.000000e+00 9.841600e-01
478 1.584000e-02 0.000000e+00 9.841600e-01
479 1.584000e-02 0.000000e+00 9.841600e-01
480 1.584000e-02 0.000000e+00 9.841600e-01
481 1.584000e-02 0.000000e+00 9.841600e-01
482 1.584000e-02 0.000000e+00 9.841600e-01
483 1.584000e-02 0.000000e+00 9.841600e-01
484 1.584000e-02 0.000000e+00 9.841600e-01
485 1.584000e-02 0.000000e+00 9.841600e-01
486 1.584000e-02 0.000000e+00 9.841600e-01
487 1.584000e-02 0.000000e+00 9.841600e-01
488 1.584000e-02 0.000000e+00 9.841600e-01
489 1.584000e-02 0.000000e+00 9.841600e-01
490 1.584000e-02 0.000000e+00 9.841600e-01
491 1.584000e-02 0.000000e+00 9.841600e-01
492 1.584000e-02 0.000000e+00 9.841600e-01
493 1.584000e-02 0.000000e+00 9.841600e-01
494 1.584000e-02 0.000000e+00 9.841600e-01
495 1.584000e-02 0.000000e+00 9.841600e-01
496 1.584000e-02 0.000000e+00 9.841600e-01
497 1.584000e-02 0.000000e+00 9.841600e-01
498 1.584000e-02 0.000000e+00 9.841600e-01
499 1.584000e-02 0.000000e+00 9.841600e-01
500 1.584000e-02 0.000000e+00 9.841600e-01
