1 9.991440e-01 7.640000e-04 9.200000e-05
2 9.983800e-01 1.364000e-03 2.560000e-04
3 9.972240e-01 2.212000e-03 5.640000e-04
4 9.953040e-01 3.600000e-03 1.096000e-03
5 9.925120e-01 5.640000e-03 1.848000e-03
6 9.888520e-01 8.108000e-03 3.040000e-03
7 9.837560e-01 1.150800e-02 4.736000e-03
8 9.773200e-01 1.546800e-02 7.212000e-03
9 9.690560e-01 2.057200e-02 1.037200e-02
10 9.598520e-01 2.586400e-02 1.428400e-02
11 9.490640e-01 3.159200e-02 1.934400e-02
12 9.366680e-01 3.793200e-02 2.540000e-02
13 9.225960e-01 4.474000e-02 3.266400e-02
14 9.064440e-01 5.253600e-02 4.102000e-02
15 8.887680e-01 6.025600e-02 5.097600e-02
16 8.691920e-01 6.834400e-02 6.246400e-02
17 8.482360e-01 7.668800e-02 7.507600e-02
18 8.253120e-01 8.501200e-02 8.967600e-02
19 8.013960e-01 9.298400e-02 1.056200e-01
20 7.759120e-01 1.018920e-01 1.221960e-01
21 7.496920e-01 1.094760e-01 1.408320e-01
22 7.228160e-01 1.161640e-01 1.610200e-01
23 6.954880e-01 1.222440e-01 1.822680e-01
24 6.675320e-01 1.283920e-01 2.040760e-01
25 6.390000e-01 1.333720e-01 2.276280e-01
26 6.107120e-01 1.382680e-01 2.510200e-01
27 5.823560e-01 1.420680e-01 2.755760e-01
28 5.532400e-01 1.464840e-01 3.002760e-01
29 5.247760e-01 1.492280e-01 3.259960e-01
30 4.954120e-01 1.517840e-01 3.528040e-01
31 4.676040e-01 1.523680e-01 3.800280e-01
32 4.400080e-01 1.535040e-01 4.064880e-01
33 4.124120e-01 1.546760e-01 4.329120e-01
34 3.858920e-01 1.543000e-01 4.598080e-01
35 3.602720e-01 1.525600e-01 4.871680e-01
36 3.359160e-01 1.503800e-01 5.137040e-01
37 3.118640e-01 1.483600e-01 5.397760e-01
38 2.884720e-01 1.458040e-01 5.657240e-01
39 2.663200e-01 1.426760e-01 5.910040e-01
40 2.451160e-01 1.394280e-01 6.154560e-01
41 2.257600e-01 1.346560e-01 6.395840e-01
42 2.074440e-01 1.294600e-01 6.630960e-01
43 1.907480e-01 1.233640e-01 6.858880e-01
44 1.747640e-01 1.181560e-01 7.070800e-01
45 1.599840e-01 1.118640e-01 7.281520e-01
46 1.457240e-01 1.071800e-01 7.470960e-01
47 1.322840e-01 1.025000e-01 7.652160e-01
48 1.201240e-01 9.708400e-02 7.827920e-01
49 1.085120e-01 9.235200e-02 7.991360e-01
50 9.806000e-02 8.677200e-02 8.151680e-01
51 8.856400e-02 8.166400e-02 8.297720e-01
52 7.964400e-02 7.669200e-02 8.436640e-01
53 7.169200e-02 7.159200e-02 8.567160e-01
54 6.399600e-02 6.724800e-02 8.687560e-01
55 5.712400e-02 6.295600e-02 8.799200e-01
56 5.108400e-02 5.834000e-02 8.905760e-01
57 4.574400e-02 5.385600e-02 9.004000e-01
58 4.098400e-02 4.965200e-02 9.093640e-01
59 3.654400e-02 4.563600e-02 9.178200e-01
60 3.258800e-02 4.194800e-02 9.254640e-01
61 2.947200e-02 3.822400e-02 9.323040e-01
62 2.675200e-02 3.444000e-02 9.388080e-01
63 2.447200e-02 3.096800e-02 9.445600e-01
64 2.277600e-02 2.751200e-02 9.497120e-01
65 2.124800e-02 2.459200e-02 9.541600e-01
66 2.004800e-02 2.177200e-02 9.581800e-01
67 1.912800e-02 1.921200e-02 9.616600e-01
68 1.832400e-02 1.690400e-02 9.647720e-01
69 1.768400e-02 1.458800e-02 9.677280e-01
70 1.720000e-02 1.269600e-02 9.701040e-01
71 1.691200e-02 1.079600e-02 9.722920e-01
72 1.659600e-02 9.424000e-03 9.739800e-01
73 1.642000e-02 8.088000e-03 9.754920e-01
74 1.625600e-02 6.952000e-03 9.767920e-01
75 1.614800e-02 5.968000e-03 9.778840e-01
76 1.608000e-02 5.028000e-03 9.788920e-01
77 1.602400e-02 4.220000e-03 9.797560e-01
78 1.595600e-02 3.568000e-03 9.804760e-01
79 1.591200e-02 2.956000e-03 9.811320e-01
80 1.584800e-02 2.544000e-03 9.816080e-01
81 1.580400e-02 2.184000e-03 9.820120e-01
82 1.577200e-02 1.880000e-03 9.823480e-01
83 1.576000e-02 1.604000e-03 9.826360e-01
84 1.572400e-02 1.372000e-03 9.829040e-01
85 1.571200e-02 1.152000e-03 9.831360e-01
86 1.570800e-02 1.020000e-03 9.832720e-01
87 1.569600e-02 8.560000e-04 9.834480e-01
88 1.568400e-02 7.280000e-04 9.835880e-01
89 1.567200e-02 5.960000e-04 9.837320e-01
90 1.566400e-02 4.840000e-04 9.838520e-01
91 1.566000e-02 4.040000e-04 9.839360e-01
92 1.565600e-02 3.520000e-04 9.839920e-01
93 1.565600e-02 2.800000e-04 9.840640e-01
94 1.565600e-02 2.560000e-04 9.840880e-01
95 1.565600e-02 2.200000e-04 9.841240e-01
96 1.565600e-02 1.880000e-04 9.841560e-01
97 1.565600e-02 1.600000e-04 9.841840e-01
98 1.565600e-02 1.360000e-04 9.842080e-01
99 1.565600e-02 1.160000e-04 9.842280e-01
100 1.565200e-02 1.000000e-04 9.842480e-01
101 1.565200e-02 8.000000e-05 9.842680e-01
102 1.565200e-02 6.400000e-05 9.842840e-01
103 1.565200e-02 5.600000e-05 9.842920e-01
104 1.565200e-02 4.800000e-05 9.843000e-01
105 1.565200e-02 4.000000e-05 9.843080e-01
106 1.565200e-02 3.200000e-05 9.843160e-01
107 1.565200e-02 2.400000e-05 9.843240e-01
108 1.565200e-02 1.600000e-05 9.843320e-01
109 1.565200e-02 1.200000e-05 9.843360e-01
110 1.565200e-02 1.200000e-05 9.843360e-01
111 1.565200e-02 1.200000e-05 9.843360e-01
112 1.565200e-02 8.000000e-06 9.843400e-01
113 1.565200e-02 8.000000e-06 9.843400e-01
114 1.565200e-02 8.000000e-06 9.843400e-01
115 1.565200e-02 8.000000e-06 9.843400e-01
116 1.565200e-02 8.000000e-06 9.843400e-01
117 1.565200e-02 8.000000e-06 9.843400e-01
118 1.565200e-02 8.000000e-06 9.843400e-01
119 1.565200e-02 4.000000e-06 9.843440e-01
120 1.565200e-02 4.000000e-06 9.843440e-01
121 1.565200e-02 4.000000e-06 9.843440e-01
122 1.564800e-02 8.000000e-06 9.843440e-01
123 1.564800e-02 4.000000e-06 9.843480e-01
124 1.564800e-02 4.000000e-06 9.843480e-01
125 1.564800e-02 4.000000e-06 9.843480e-01
126 1.564800e-02 4.000000e-06 9.843480e-01
127 1.564800e-02 4.000000e-06 9.843480e-01
128 1.564800e-02 0.000000e+00 9.843520e-01
129 1.564800e-02 0.000000e+00 9.843520e-01
130 1.564800e-02 0.000000e+00 9.843520e-01
131 1.564800e-02 0.000000e+00 9.843520e-01
132 1.564800e-02 0.000000e+00 9.843520e-01
133 1.564800e-02 0.000000e+00 9.843520e-01
134 1.564800e-02 0.000000e+00 9.843520e-01
135 1.564800e-02 0.000000e+00 9.843520e-01
136 1.564800e-02 0.000000e+00 9.843520e-01
137 1.564800e-02 0.000000e+00 9.843520e-01
138 1.564800e-02 0.000000e+00 9.843520e-01
139 1.564800e-02 0.000000e+00 9.843520e-01
140 1.564800e-02 0.000000e+00 9.843520e-01
141 1.564800e-02 0.000000e+00 9.843520e-01
142 1.564800e-02 0.000000e+00 9.843520e-01
143 1.564800e-02 0.000000e+00 9.843520e-01
144 1.564800e-02 0.000000e+00 9.843520e-01
145 1.564800e-02 0.000000e+00 9.843520e-01
146 1.564800e-02 0.000000e+00 9.843520e-01
147 1.564800e-02 0.000000e+00 9.843520e-01
148 1.564800e-02 0.000000e+00 9.843520e-01
149 1.564800e-02 0.000000e+00 9.843520e-01
150 1.564800e-02 0.000000e+00 9.843520e-01
151 1.564800e-02 0.000000e+00 9.843520e-01
152 1.564800e-02 0.000000e+00 9.843520e-01
153 1.564800e-02 0.000000e+00 9.843520e-01
154 1.564800e-02 0.000000e+00 9.843520e-01
155 1.564800e-02 0.000000e+00 9.843520e-01
156 1.564800e-02 0.000000e+00 9.843520e-01
157 1.564800e-02 0.000000e+00 9.843520e-01
158 1.564800e-02 0.000000e+00 9.843520e-01
159 1.564800e-02 0.000000e+00 9.843520e-01
160 1.564800e-02 0.000000e+00 9.843520e-01
161 1.564800e-02 0.000000e+00 9.843520e-01
162 1.564800e-02 0.000000e+00 9.843520e-01
163 1.564800e-02 0.000000e+00 9.843520e-01
164 1.564800e-02 0.000000e+00 9.843520e-01
165 1.564800e-02 0.000000e+00 9.843520e-01
166 1.564800e-02 0.000000e+00 9.843520e-01
167 1.564800e-02 0.000000e+00 9.843520e-01
168 1.564800e-02 0.000000e+00 9.843520e-01
169 1.564800e-02 0.000000e+00 9.843520e-01
170 1.564800e-02 0.000000e+00 9.843520e-01
171 1.564800e-02 0.000000e+00 9.843520e-01
172 1.564800e-02 0.000000e+00 9.843520e-01
173 1.564800e-02 0.000000e+00 9.843520e-01
174 1.564800e-02 0.000000e+00 9.843520e-01
175 1.564800e-02 0.000000e+00 9.843520e-01
176 1.564800e-02 0.000000e+00 9.843520e-01
177 1.564800e-02 0.000000e+00 9.843520e-01
178 1.564800e-02 0.000000e+00 9.843520e-01
179 1.564800e-02 0.000000e+00 9.843520e-01
180 1.564800e-02 0.000000e+00 9.843520e-01
181 1.564800e-02 0.000000e+00 9.843520e-01
182 1.564800e-02 0.000000e+00 9.843520e-01
183 1.564800e-02 0.000000e+00 9.843520e-01
184 1.564800e-02 0.000000e+00 9.843520e-01
185 1.564800e-02 0.000000e+00 9.843520e-01
186 1.564800e-02 0.000000e+00 9.843520e-01
187 1.564800e-02 0.000000e+00 9.843520e-01
188 1.564800e-02 0.000000e+00 9.843520e-01
189 1.564800e-02 0.000000e+00 9.843520e-01
190 1.564800e-02 0.000000e+00 9.843520e-01
191 1.564800e-02 0.000000e+00 9.843520e-01
192 1.564800e-02 0.000000e+00 9.843520e-01
193 1.564800e-02 0.000000e+00 9.843520e-01
194 1.564800e-02 0.000000e+00 9.843520e-01
195 1.564800e-02 0.000000e+00 9.843520e-01
196 1.564800e-02 0.000000e+00 9.843520e-01
197 1.564800e-02 0.000000e+00 9.843520e-01
198 1.564800e-02 0.000000e+00 9.843520e-01
199 1.564800e-02 0.000000e+00 9.843520e-01
200 1.564800e-02 0.000000e+00 9.843520e-01
201 1.564800e-02 0.000000e+00 9.843520e-01
202 1.564800e-02 0.000000e+00 9.843520e-01
203 1.564800e-02 0.000000e+00 9.843520e-01
204 1.564800e-02 0.000000e+00 9.843520e-01
205 1.564800e-02 0.000000e+00 9.843520e-01
206 1.564800e-02 0.000000e+00 9.843520e-01
207 1.564800e-02 0.000000e+00 9.843520e-01
208 1.564800e-02 0.000000e+00 9.843520e-01
209 1.564800e-02 0.000000e+00 9.843520e-01
210 1.564800e-02 0.000000e+00 9.843520e-01
211 1.564800e-02 0.000000e+00 9.843520e-01
212 1.564800e-02 0.000000e+00 9.843520e-01
213 1.564800e-02 0.000000e+00 9.843520e-01
214 1.564800e-02 0.000000e+00 9.843520e-01
215 1.564800e-02 0.000000e+00 9.843520e-01
216 1.564800e-02 0.000000e+00 9.843520e-01
217 1.564800e-02 0.000000e+00 9.843520e-01
218 1.564800e-02 0.000000e+00 9.843520e-01
219 1.564800e-02 0.000000e+00 9.843520e-01
220 1.564800e-02 0.000000e+00 9.843520e-01
221 1.564800e-02 0.000000e+00 9.843520e-01
222 1.564800e-02 0.000000e+00 9.843520e-01
223 1.564800e-02 0.000000e+00 9.843520e-01
224 1.564800e-02 0.000000e+00 9.843520e-01
225 1.564800e-02 0.000000e+00 9.843520e-01
226 1.564800e-02 0.000000e+00 9.843520e-01
227 1.564800e-02 0.000000e+00 9.843520e-01
228 1.564800e-02 0.000000e+00 9.843520e-01
229 1.564800e-02 0.000000e+00 9.843520e-01
230 1.564800e-02 0.000000e+00 9.843520e-01
231 1.564800e-02 0.000000e+00 9.843520e-01
232 1.564800e-02 0.000000e+00 9.843520e-01
233 1.564800e-02 0.000000e+00 9.843520e-01
234 1.564800e-02 0.000000e+00 9.843520e-01
235 1.564800e-02 0.000000e+00 9.843520e-01
236 1.564800e-02 0.000000e+00 9.843520e-01
237 1.564800e-02 0.000000e+00 9.843520e-01
238 1.564800e-02 0.000000e+00 9.843520e-01
239 1.564800e-02 0.000000e+00 9.843520e-01
240 1.564800e-02 0.000000e+00 9.843520e-01
241 1.564800e-02 0.000000e+00 9.843520e-01
242 1.564800e-02 0.000000e+00 9.843520e-01
243 1.564800e-02 0.000000e+00 9.843520e-01
244 1.564800e-02 0.000000e+00 9.843520e-01
245 1.564800e-02 0.000000e+00 9.843520e-01
246 1.564800e-02 0.000000e+00 9.843520e-01
247 1.564800e-02 0.000000e+00 9.843520e-01
248 1.564800e-02 0.000000e+00 9.843520e-01
249 1.564800e-02 0.000000e+00 9.843520e-01
250 1.564800e-02 0.000000e+00 9.843520e-01
251 1.564800e-02 0.000000e+00 9.843520e-01
252 1.564800e-02 0.000000e+00 9.843520e-01
253 1.564800e-02 0.000000e+00 9.843520e-01
254 1.564800e-02 0.000000e+00 9.843520e-01
255 1.564800e-02 0.000000e+00 9.843520e-01
256 1.564800e-02 0.000000e+00 9.843520e-01
257 1.564800e-02 0.000000e+00 9.843520e-01
258 1.564800e-02 0.000000e+00 9.843520e-01
259 1.564800e-02 0.000000e+00 9.843520e-01
260 1.564800e-02 0.000000e+00 9.843520e-01
261 1.564800e-02 0.000000e+00 9.843520e-01
262 1.564800e-02 0.000000e+00 9.843520e-01
263 1.564800e-02 0.000000e+00 9.843520e-01
264 1.564800e-02 0.000000e+00 9.843520e-01
265 1.564800e-02 0.000000e+00 9.843520e-01
266 1.564800e-02 0.000000e+00 9.843520e-01
267 1.564800e-02 0.000000e+00 9.843520e-01
268 1.564800e-02 0.000000e+00 9.843520e-01
269 1.564800e-02 0.000000e+00 9.843520e-01
270 1.564800e-02 0.000000e+00 9.843520e-01
271 1.564800e-02 0.000000e+00 9.843520e-01
272 1.564800e-02 0.000000e+00 9.843520e-01
273 1.564800e-02 0.000000e+00 9.843520e-01
274 1.564800e-02 0.000000e+00 9.843520e-01
275 1.564800e-02 0.000000e+00 9.843520e-01
276 1.564800e-02 0.000000e+00 9.843520e-01
277 1.564800e-02 0.000000e+00 9.843520e-01
278 1.564800e-02 0.000000e+00 9.843520e-01
279 1.564800e-02 0.000000e+00 9.843520e-01
280 1.564800e-02 0.000000e+00 9.843520e-01
281 1.564800e-02 0.000000e+00 9.843520e-01
282 1.564800e-02 0.000000e+00 9.843520e-01
283 1.564800e-02 0.000000e+00 9.843520e-01
284 1.564800e-02 0.000000e+00 9.843520e-01
285 1.564800e-02 0.000000e+00 9.843520e-01
286 1.564800e-02 0.000000e+00 9.843520e-01
287 1.564800e-02 0.000000e+00 9.843520e-01
288 1.564800e-02 0.000000e+00 9.843520e-01
289 1.564800e-02 0.000000e+00 9.843520e-01
290 1.564800e-02 0.000000e+00 9.843520e-01
291 1.564800e-02 0.000000e+00 9.843520e-01
292 1.564800e-02 0.000000e+00 9.843520e-01
293 1.564800e-02 0.000000e+00 9.843520e-01
294 1.564800e-02 0.000000e+00 9.843520e-01
295 1.564800e-02 0.000000e+00 9.843520e-01
296 1.564800e-02 0.000000e+00 9.843520e-01
297 1.564800e-02 0.000000e+00 9.843520e-01
298 1.564800e-02 0.000000e+00 9.843520e-01
299 1.564800e-02 0.000000e+00 9.843520e-01
300 1.564800e-02 0.000000e+00 9.843520e-01
301 1.564800e-02 0.000000e+00 9.843520e-01
302 1.564800e-02 0.000000e+00 9.843520e-01
303 1.564800e-02 0.000000e+00 9.843520e-01
304 1.564800e-02 0.000000e+00 9.843520e-01
305 1.564800e-02 0.000000e+00 9.843520e-01
306 1.564800e-02 0.000000e+00 9.843520e-01
307 1.564800e-02 0.000000e+00 9.843520e-01
308 1.564800e-02 0.000000e+00 9.843520e-01
309 1.564800e-02 0.000000e+00 9.843520e-01
310 1.564800e-02 0.000000e+00 9.843520e-01
311 1.564800e-02 0.000000e+00 9.843520e-01
312 1.564800e-02 0.000000e+00 9.843520e-01
313 1.564800e-02 0.000000e+00 9.843520e-01
314 1.564800e-02 0.000000e+00 9.843520e-01
315 1.564800e-02 0.000000e+00 9.843520e-01
316 1.564800e-02 0.000000e+00 9.843520e-01
317 1.564800e-02 0.000000e+00 9.843520e-01
318 1.564800e-02 0.000000e+00 9.843520e-01
319 1.564800e-02 0.000000e+00 9.843520e-01
320 1.564800e-02 0.000000e+00 9.843520e-01
321 1.564800e-02 0.000000e+00 9.843520e-01
322 1.564800e-02 0.000000e+00 9.843520e-01
323 1.564800e-02 0.000000e+00 9.843520e-01
324 1.564800e-02 0.000000e+00 9.843520e-01
325 1.564800e-02 0.000000e+00 9.843520e-01
326 1.564800e-02 0.000000e+00 9.843520e-01
327 1.564800e-02 0.000000e+00 9.843520e-01
328 1.564800e-02 0.000000e+00 9.843520e-01
329 1.564800e-02 0.000000e+00 9.843520e-01
330 1.564800e-02 0.000000e+00 9.843520e-01
331 1.564800e-02 0.000000e+00 9.843520e-01
332 1.564800e-02 0.000000e+00 9.843520e-01
333 1.564800e-02 0.000000e+00 9.843520e-01
334 1.564800e-02 0.000000e+00 9.843520e-01
335 1.564800e-02 0.000000e+00 9.843520e-01
336 1.564800e-02 0.000000e+00 9.843520e-01
337 1.564800e-02 0.000000e+00 9.843520e-01
338 1.564800e-02 0.000000e+00 9.843520e-01
339 1.564800e-02 0.000000e+00 9.843520e-01
340 1.564800e-02 0.000000e+00 9.843520e-01
341 1.564800e-02 0.000000e+00 9.843520e-01
342 1.564800e-02 0.000000e+00 9.843520e-01
343 1.564800e-02 0.000000e+00 9.843520e-01
344 1.564800e-02 0.000000e+00 9.843520e-01
345 1.564800e-02 0.000000e+00 9.843520e-01
346 1.564800e-02 0.000000e+00 9.843520e-01
347 1.564800e-02 0.000000e+00 9.843520e-01
348 1.564800e-02 0.000000e+00 9.843520e-01
349 1.564800e-02 0.000000e+00 9.843520e-01
350 1.564800e-02 0.000000e+00 9.843520e-01
351 1.564800e-02 0.000000e+00 9.843520e-01
352 1.564800e-02 0.000000e+00 9.843520e-01
353 1.564800e-02 0.000000e+00 9.843520e-01
354 1.564800e-02 0.000000e+00 9.843520e-01
355 1.564800e-02 0.000000e+00 9.843520e-01
356 1.564800e-02 0.000000e+00 9.843520e-01
357 1.564800e-02 0.000000e+00 9.843520e-01
358 1.564800e-02 0.000000e+00 9.843520e-01
359 1.564800e-02 0.000000e+00 9.843520e-01
360 1.564800e-02 0.000000e+00 9.843520e-01
361 1.564800e-02 0.000000e+00 9.843520e-01
362 1.564800e-02 0.000000e+00 9.843520e-01
363 1.564800e-02 0.000000e+00 9.843520e-01
364 1.564800e-02 0.000000e+00 9.843520e-01
365 1.564800e-02 0.000000e+00 9.843520e-01
366 1.564800e-02 0.000000e+00 9.843520e-01
367 1.564800e-02 0.000000e+00 9.843520e-01
368 1.564800e-02 0.000000e+00 9.843520e-01
369 1.564800e-02 0.000000e+00 9.843520e-01
370 1.564800e-02 0.000000e+00 9.843520e-01
371 1.564800e-02 0.000000e+00 9.843520e-01
372 1.564800e-02 0.000000e+00 9.843520e-01
373 1.564800e-02 0.000000e+00 9.843520e-01
374 1.564800e-02 0.000000e+00 9.843520e-01
375 1.564800e-02 0.000000e+00 9.843520e-01
376 1.564800e-02 0.000000e+00 9.843520e-01
377 1.564800e-02 0.000000e+00 9.843520e-01
378 1.564800e-02 0.000000e+00 9.843520e-01
379 1.564800e-02 0.000000e+00 9.843520e-01
380 1.564800e-02 0.000000e+00 9.843520e-01
381 1.564800e-02 0.000000e+00 9.843520e-01
382 1.564800e-02 0.000000e+00 9.843520e-01
383 1.564800e-02 0.000000e+00 9.843520e-01
384 1.564800e-02 0.000000e+00 9.843520e-01
385 1.564800e-02 0.000000e+00 9.843520e-01
386 1.564800e-02 0.000000e+00 9.843520e-01
387 1.564800e-02 0.000000e+00 9.843520e-01
388 1.564800e-02 0.000000e+00 9.843520e-01
389 1.564800e-02 0.000000e+00 9.843520e-01
390 1.564800e-02 0.000000e+00 9.843520e-01
391 1.564800e-02 0.000000e+00 9.843520e-01
392 1.564800e-02 0.000000e+00 9.843520e-01
393 1.564800e-02 0.000000e+00 9.843520e-01
394 1.564800e-02 0.000000e+00 9.843520e-01
395 1.564800e-02 0.000000e+00 9.843520e-01
396 1.564800e-02 0.000000e+00 9.843520e-01
397 1.564800e-02 0.000000e+00 9.843520e-01
398 1.564800e-02 0.000000e+00 9.843520e-01
399 1.564800e-02 0.000000e+00 9.843520e-01
400 1.564800e-02 0.000000e+00 9.843520e-01
401 1.564800e-02 0.000000e+00 9.843520e-01
402 1.564800e-02 0.000000e+00 9.843520e-01
403 1.564800e-02 0.000000e+00 9.843520e-01
404 1.564800e-02 0.000000e+00 9.843520e-01
405 1.564800e-02 0.000000e+00 9.843520e-01
406 1.564800e-02 0.000000e+00 9.843520e-01
407 1.564800e-02 0.000000e+00 9.843520e-01
408 1.564800e-02 0.000000e+00 9.843520e-01
409 1.564800e-02 0.000000e+00 9.843520e-01
410 1.564800e-02 0.000000e+00 9.843520e-01
411 1.564800e-02 0.000000e+00 9.843520e-01
412 1.564800e-02 0.000000e+00 9.843520e-01
413 1.564800e-02 0.000000e+00 9.843520e-01
414 1.564800e-02 0.000000e+00 9.843520e-01
415 1.564800e-02 0.000000e+00 9.843520e-01
416 1.564800e-02 0.000000e+00 9.843520e-01
417 1.564800e-02 0.000000e+00 9.843520e-01
418 1.564800e-02 0.000000e+00 9.843520e-01
419 1.564800e-02 0.000000e+00 9.843520e-01
420 1.564800e-02 0.000000e+00 9.843520e-01
421 1.564800e-02 0.000000e+00 9.843520e-01
422 1.564800e-02 0.000000e+00 9.843520e-01
423 1.564800e-02 0.000000e+00 9.843520e-01
424 1.564800e-02 0.000000e+00 9.843520e-01
425 1.564800e-02 0.000000e+00 9.843520e-01
426 1.564800e-02 0.000000e+00 9.843520e-01
427 1.564800e-02 0.000000e+00 9.843520e-01
428 1.564800e-02 0.000000e+00 9.843520e-01
429 1.564800e-02 0.000000e+00 9.843520e-01
430 1.564800e-02 0.000000e+00 9.843520e-01
431 1.564800e-02 0.000000e+00 9.843520e-01
432 1.564800e-02 0.000000e+00 9.843520e-01
433 1.564800e-02 0.000000e+00 9.843520e-01
434 1.564800e-02 0.000000e+00 9.843520e-01
435 1.564800e-02 0.000000e+00 9.843520e-01
436 1.564800e-02 0.000000e+00 9.843520e-01
437 1.564800e-02 0.000000e+00 9.843520e-01
438 1.564800e-02 0.000000e+00 9.843520e-01
439 1.564800e-02 0.000000e+00 9.843520e-01
440 1.564800e-02 0.000000e+00 9.843520e-01
441 1.564800e-02 0.000000e+00 9.843520e-01
442 1.564800e-02 0.000000e+00 9.843520e-01
443 1.564800e-02 0.000000e+00 9.843520e-01
444 1.564800e-02 0.000000e+00 9.843520e-01
445 1.564800e-02 0.000000e+00 9.843520e-01
446 1.564800e-02 0.000000e+00 9.843520e-01
447 1.564800e-02 0.000000e+00 9.843520e-01
448 1.564800e-02 0.000000e+00 9.843520e-01
449 1.564800e-02 0.000000e+00 9.843520e-01
450 1.564800e-02 0.000000e+00 9.843520e-01
451 1.564800e-02 0.000000e+00 9.843520e-01
452 1.564800e-02 0.000000e+00 9.843520e-01
453 1.564800e-02 0.000000e+00 9.843520e-01
454 1.564800e-02 0.000000e+00 9.843520e-01
455 1.564800e-02 0.000000e+00 9.843520e-01
456 1.564800e-02 0.000000e+00 9.843520e-01
457 1.564800e-02 0.000000e+00 9.843520e-01
458 1.564800e-02 0.000000e+00 9.843520e-01
459 1.564800e-02 0.000000e+00 9.843520e-01
460 1.564800e-02 0.000000e+00 9.843520e-01
461 1.564800e-02 0.000000e+00 9.843520e-01
462 1.564800e-02 0.000000e+00 9.843520e-01
463 1.564800e-02 0.000000e+00 9.843520e-01
464 1.564800e-02 0.000000e+00 9.843520e-01
465 1.564800e-02 0.000000e+00 9.843520e-01
466 1.564800e-02 0.000000e+00 9.843520e-01
467 1.564800e-02 0.000000e+00 9.843520e-01
468 1.564800e-02 0.000000e+00 9.843520e-01
469 1.564800e-02 0.000000e+00 9.843520e-01
470 1.564800e-02 0.000000e+00 9.843520e-01
471 1.564800e-02 0.000000e+00 9.843520e-01
472 1.564800e-02 0.000000e+00 9.843520e-01
473 1.564800e-02 0.000000e+00 9.843520e-01
474 1.564800e-02 0.000000e+00 9.843520e-01
475 1.564800e-02 0.000000e+00 9.843520e-01
476 1.564800e-02 0.000000e+00 9.843520e-01
477 1.564800e-02 0.000000e+00 9.843520e-01
478 1.564800e-02 0.000000e+00 9.843520e-01
479 1.564800e-02 0.000000e+00 9.843520e-01
480 1.564800e-02 0.000000e+00 9.843520e-01
481 1.564800e-02 0.000000e+00 9.843520e-01
482 1.564800e-02 0.000000e+00 9.843520e-01
483 1.564800e-02 0.000000e+00 9.843520e-01
484 1.564800e-02 0.000000e+00 9.843520e-01
485 1.564800e-02 0.000000e+00 9.843520e-01
486 1.564800e-02 0.000000e+00 9.843520e-01
487 1.564800e-02 0.000000e+00 9.843520e-01
488 1.564800e-02 0.000000e+00 9.843520e-01
489 1.564800e-02 0.000000e+00 9.843520e-01
490 1.564800e-02 0.000000e+00 9.843520e-01
491 1.564800e-02 0.000000e+00 9.843520e-01
492 1.564800e-02 0.000000e+00 9.843520e-01
493 1.564800e-02 0.000000e+00 9.843520e-01
494 1.564800e-02 0.000000e+00 9.843520e-01
495 1.564800e-02 0.000000e+00 9.843520e-01
496 1.564800e-02 0.000000e+00 9.843520e-01
497 1.564800e-02 0.000000e+00 9.843520e-01
498 1.564800e-02 0.000000e+00 9.843520e-01
499 1.564800e-02 0.000000e+00 9.843520e-01
500 1.564800e-02 0.000000e+00 9.843520e-01
