1 9.990880e-01 8.040000e-04 1.080000e-04
2 9.982520e-01 1.428000e-03 3.200000e-04
3 9.969240e-01 2.448000e-03 6.280000e-04
4 9.948840e-01 3.984000e-03 1.132000e-03
5 9.918160e-01 6.212000e-03 1.972000e-03
6 9.878920e-01 8.848000e-03 3.260000e-03
7 9.830480e-01 1.195200e-02 5.000000e-03
8 9.768280e-01 1.584800e-02 7.324000e-03
9 9.694240e-01 2.035600e-02 1.022000e-02
10 9.605160e-01 2.518000e-02 1.430400e-02
11 9.505360e-01 3.033600e-02 1.912800e-02
12 9.394080e-01 3.582800e-02 2.476400e-02
13 9.269640e-01 4.170400e-02 3.133200e-02
14 9.129840e-01 4.789600e-02 3.912000e-02
15 8.980560e-01 5.373600e-02 4.820800e-02
16 8.822080e-01 5.982800e-02 5.796400e-02
17 8.653400e-01 6.534400e-02 6.931600e-02
18 8.469120e-01 7.199600e-02 8.109200e-02
19 8.270480e-01 7.872800e-02 9.422400e-02
20 8.060160e-01 8.520800e-02 1.087760e-01
21 7.839920e-01 9.212000e-02 1.238880e-01
22 7.607720e-01 9.860400e-02 1.406240e-01
23 7.370320e-01 1.046160e-01 1.583520e-01
24 7.132280e-01 1.094880e-01 1.772840e-01
25 6.878640e-01 1.148240e-01 1.973120e-01
26 6.619360e-01 1.198440e-01 2.182200e-01
27 6.352000e-01 1.251120e-01 2.396880e-01
28 6.078840e-01 1.299320e-01 2.621840e-01
29 5.801600e-01 1.345560e-01 2.852840e-01
30 5.529520e-01 1.379040e-01 3.091440e-01
31 5.247960e-01 1.414640e-01 3.337400e-01
32 4.965920e-01 1.451680e-01 3.582400e-01
33 4.684880e-01 1.472120e-01 3.843000e-01
34 4.409400e-01 1.490960e-01 4.099640e-01
35 4.149120e-01 1.492200e-01 4.358680e-01
36 3.890840e-01 1.492800e-01 4.616360e-01
37 3.643600e-01 1.477120e-01 4.879280e-01
38 3.402880e-01 1.461880e-01 5.135240e-01
39 3.182240e-01 1.428680e-01 5.389080e-01
40 2.968320e-01 1.395880e-01 5.635800e-01
41 2.768800e-01 1.356880e-01 5.874320e-01
42 2.581000e-01 1.312240e-01 6.106760e-01
43 2.404040e-01 1.263280e-01 6.332680e-01
44 2.232400e-01 1.222040e-01 6.545560e-01
45 2.064080e-01 1.182520e-01 6.753400e-01
46 1.902480e-01 1.138240e-01 6.959280e-01
47 1.745880e-01 1.096960e-01 7.157160e-01
48 1.594480e-01 1.061520e-01 7.344000e-01
49 1.453200e-01 1.021120e-01 7.525680e-01
50 1.317480e-01 9.822800e-02 7.700240e-01
51 1.186840e-01 9.448800e-02 7.868280e-01
52 1.067560e-01 9.011200e-02 8.031320e-01
53 9.532400e-02 8.583600e-02 8.188400e-01
54 8.501200e-02 8.158800e-02 8.334000e-01
55 7.532400e-02 7.706800e-02 8.476080e-01
56 6.657600e-02 7.273600e-02 8.606880e-01
57 5.889200e-02 6.837200e-02 8.727360e-01
58 5.236400e-02 6.321600e-02 8.844200e-01
59 4.646400e-02 5.855200e-02 8.949840e-01
60 4.136000e-02 5.390400e-02 9.047360e-01
61 3.700400e-02 4.890800e-02 9.140880e-01
62 3.320000e-02 4.470400e-02 9.220960e-01
63 2.983200e-02 4.087600e-02 9.292920e-01
64 2.711200e-02 3.709200e-02 9.357960e-01
65 2.468400e-02 3.330000e-02 9.420160e-01
66 2.276800e-02 2.959200e-02 9.476400e-01
67 2.113600e-02 2.658800e-02 9.522760e-01
68 1.984000e-02 2.356400e-02 9.565960e-01
69 1.875600e-02 2.087200e-02 9.603720e-01
70 1.784000e-02 1.829600e-02 9.638640e-01
71 1.714000e-02 1.592800e-02 9.669320e-01
72 1.663200e-02 1.367600e-02 9.696920e-01
73 1.626400e-02 1.183600e-02 9.719000e-01
74 1.600400e-02 1.028400e-02 9.737120e-01
75 1.576400e-02 8.804000e-03 9.754320e-01
76 1.559200e-02 7.496000e-03 9.769120e-01
77 1.550800e-02 6.404000e-03 9.780880e-01
78 1.540400e-02 5.612000e-03 9.789840e-01
79 1.533200e-02 4.768000e-03 9.799000e-01
80 1.528800e-02 4.088000e-03 9.806240e-01
81 1.525200e-02 3.420000e-03 9.813280e-01
82 1.522800e-02 2.924000e-03 9.818480e-01
83 1.520800e-02 2.492000e-03 9.823000e-01
84 1.518800e-02 2.120000e-03 9.826920e-01
85 1.516800e-02 1.768000e-03 9.830640e-01
86 1.516000e-02 1.484000e-03 9.833560e-01
87 1.514800e-02 1.248000e-03 9.836040e-01
88 1.514000e-02 1.068000e-03 9.837920e-01
89 1.513600e-02 9.480000e-04 9.839160e-01
90 1.513600e-02 8.160000e-04 9.840480e-01
91 1.513600e-02 7.040000e-04 9.841600e-01
92 1.513200e-02 5.960000e-04 9.842720e-01
93 1.512800e-02 5.160000e-04 9.843560e-01
94 1.512000e-02 4.240000e-04 9.844560e-01
95 1.512000e-02 3.600000e-04 9.845200e-01
96 1.510800e-02 3.080000e-04 9.845840e-01
97 1.510800e-02 2.760000e-04 9.846160e-01
98 1.510800e-02 2.200000e-04 9.846720e-01
99 1.510800e-02 1.960000e-04 9.846960e-01
100 1.510400e-02 1.760000e-04 9.847200e-01
101 1.510400e-02 1.520000e-04 9.847440e-01
102 1.510400e-02 1.200000e-04 9.847760e-01
103 1.510400e-02 1.040000e-04 9.847920e-01
104 1.510000e-02 9.200000e-05 9.848080e-01
105 1.510000e-02 7.200000e-05 9.848280e-01
106 1.510000e-02 6.400000e-05 9.848360e-01
107 1.509200e-02 6.000000e-05 9.848480e-01
108 1.509200e-02 4.800000e-05 9.848600e-01
109 1.509200e-02 4.400000e-05 9.848640e-01
110 1.508800e-02 2.800000e-05 9.848840e-01
111 1.508800e-02 2.400000e-05 9.848880e-01
112 1.508800e-02 2.400000e-05 9.848880e-01
113 1.508800e-02 2.000000e-05 9.848920e-01
114 1.508800e-02 1.600000e-05 9.848960e-01
115 1.508800e-02 1.200000e-05 9.849000e-01
116 1.508800e-02 1.200000e-05 9.849000e-01
117 1.508800e-02 1.200000e-05 9.849000e-01
118 1.508800e-02 1.200000e-05 9.849000e-01
119 1.508800e-02 1.200000e-05 9.849000e-01
120 1.508800e-02 8.000000e-06 9.849040e-01
121 1.508800e-02 8.000000e-06 9.849040e-01
122 1.508800e-02 8.000000e-06 9.849040e-01
123 1.508800e-02 8.000000e-06 9.849040e-01
124 1.508800e-02 8.000000e-06 9.849040e-01
125 1.508800e-02 8.000000e-06 9.849040e-01
126 1.508800e-02 0.000000e+00 9.849120e-01
127 1.508800e-02 0.000000e+00 9.849120e-01
128 1.508800e-02 0.000000e+00 9.849120e-01
129 1.508800e-02 0.000000e+00 9.849120e-01
130 1.508800e-02 0.000000e+00 9.849120e-01
131 1.508800e-02 0.000000e+00 9.849120e-01
132 1.508800e-02 0.000000e+00 9.849120e-01
133 1.508800e-02 0.000000e+00 9.849120e-01
134 1.508800e-02 0.000000e+00 9.849120e-01
135 1.508800e-02 0.000000e+00 9.849120e-01
136 1.508800e-02 0.000000e+00 9.849120e-01
137 1.508800e-02 0.000000e+00 9.849120e-01
138 1.508800e-02 0.000000e+00 9.849120e-01
139 1.508800e-02 0.000000e+00 9.849120e-01
140 1.508800e-02 0.000000e+00 9.849120e-01
141 1.508800e-02 0.000000e+00 9.849120e-01
142 1.508800e-02 0.000000e+00 9.849120e-01
143 1.508800e-02 0.000000e+00 9.849120e-01
144 1.508800e-02 0.000000e+00 9.849120e-01
145 1.508800e-02 0.000000e+00 9.849120e-01
146 1.508800e-02 0.000000e+00 9.849120e-01
147 1.508800e-02 0.000000e+00 9.849120e-01
148 1.508800e-02 0.000000e+00 9.849120e-01
149 1.508800e-02 0.000000e+00 9.849120e-01
150 1.508800e-02 0.000000e+00 9.849120e-01
151 1.508800e-02 0.000000e+00 9.849120e-01
152 1.508800e-02 0.000000e+00 9.849120e-01
153 1.508800e-02 0.000000e+00 9.849120e-01
154 1.508800e-02 0.000000e+00 9.849120e-01
155 1.508800e-02 0.000000e+00 9.849120e-01
156 1.508800e-02 0.000000e+00 9.849120e-01
157 1.508800e-02 0.000000e+00 9.849120e-01
158 1.508800e-02 0.000000e+00 9.849120e-01
159 1.508800e-02 0.000000e+00 9.849120e-01
160 1.508800e-02 0.000000e+00 9.849120e-01
161 1.508800e-02 0.000000e+00 9.849120e-01
162 1.508800e-02 0.000000e+00 9.849120e-01
163 1.508800e-02 0.000000e+00 9.849120e-01
164 1.508800e-02 0.000000e+00 9.849120e-01
165 1.508800e-02 0.000000e+00 9.849120e-01
166 1.508800e-02 0.000000e+00 9.849120e-01
167 1.508800e-02 0.000000e+00 9.849120e-01
168 1.508800e-02 0.000000e+00 9.849120e-01
169 1.508800e-02 0.000000e+00 9.849120e-01
170 1.508800e-02 0.000000e+00 9.849120e-01
171 1.508800e-02 0.000000e+00 9.849120e-01
172 1.508800e-02 0.000000e+00 9.849120e-01
173 1.508800e-02 0.000000e+00 9.849120e-01
174 1.508800e-02 0.000000e+00 9.849120e-01
175 1.508800e-02 0.000000e+00 9.849120e-01
176 1.508800e-02 0.000000e+00 9.849120e-01
177 1.508800e-02 0.000000e+00 9.849120e-01
178 1.508800e-02 0.000000e+00 9.849120e-01
179 1.508800e-02 0.000000e+00 9.849120e-01
180 1.508800e-02 0.000000e+00 9.849120e-01
181 1.508800e-02 0.000000e+00 9.849120e-01
182 1.508800e-02 0.000000e+00 9.849120e-01
183 1.508800e-02 0.000000e+00 9.849120e-01
184 1.508800e-02 0.000000e+00 9.849120e-01
185 1.508800e-02 0.000000e+00 9.849120e-01
186 1.508800e-02 0.000000e+00 9.849120e-01
187 1.508800e-02 0.000000e+00 9.849120e-01
188 1.508800e-02 0.000000e+00 9.849120e-01
189 1.508800e-02 0.000000e+00 9.849120e-01
190 1.508800e-02 0.000000e+00 9.849120e-01
191 1.508800e-02 0.000000e+00 9.849120e-01
192 1.508800e-02 0.000000e+00 9.849120e-01
193 1.508800e-02 0.000000e+00 9.849120e-01
194 1.508800e-02 0.000000e+00 9.849120e-01
195 1.508800e-02 0.000000e+00 9.849120e-01
196 1.508800e-02 0.000000e+00 9.849120e-01
197 1.508800e-02 0.000000e+00 9.849120e-01
198 1.508800e-02 0.000000e+00 9.849120e-01
199 1.508800e-02 0.000000e+00 9.849120e-01
200 1.508800e-02 0.000000e+00 9.849120e-01
201 1.508800e-02 0.000000e+00 9.849120e-01
202 1.508800e-02 0.000000e+00 9.849120e-01
203 1.508800e-02 0.000000e+00 9.849120e-01
204 1.508800e-02 0.000000e+00 9.849120e-01
205 1.508800e-02 0.000000e+00 9.849120e-01
206 1.508800e-02 0.000000e+00 9.849120e-01
207 1.508800e-02 0.000000e+00 9.849120e-01
208 1.508800e-02 0.000000e+00 9.849120e-01
209 1.508800e-02 0.000000e+00 9.849120e-01
210 1.508800e-02 0.000000e+00 9.849120e-01
211 1.508800e-02 0.000000e+00 9.849120e-01
212 1.508800e-02 0.000000e+00 9.849120e-01
213 1.508800e-02 0.000000e+00 9.849120e-01
214 1.508800e-02 0.000000e+00 9.849120e-01
215 1.508800e-02 0.000000e+00 9.849120e-01
216 1.508800e-02 0.000000e+00 9.849120e-01
217 1.508800e-02 0.000000e+00 9.849120e-01
218 1.508800e-02 0.000000e+00 9.849120e-01
219 1.508800e-02 0.000000e+00 9.849120e-01
220 1.508800e-02 0.000000e+00 9.849120e-01
221 1.508800e-02 0.000000e+00 9.849120e-01
222 1.508800e-02 0.000000e+00 9.849120e-01
223 1.508800e-02 0.000000e+00 9.849120e-01
224 1.508800e-02 0.000000e+00 9.849120e-01
225 1.508800e-02 0.000000e+00 9.849120e-01
226 1.508800e-02 0.000000e+00 9.849120e-01
227 1.508800e-02 0.000000e+00 9.849120e-01
228 1.508800e-02 0.000000e+00 9.849120e-01
229 1.508800e-02 0.000000e+00 9.849120e-01
230 1.508800e-02 0.000000e+00 9.849120e-01
231 1.508800e-02 0.000000e+00 9.849120e-01
232 1.508800e-02 0.000000e+00 9.849120e-01
233 1.508800e-02 0.000000e+00 9.849120e-01
234 1.508800e-02 0.000000e+00 9.849120e-01
235 1.508800e-02 0.000000e+00 9.849120e-01
236 1.508800e-02 0.000000e+00 9.849120e-01
237 1.508800e-02 0.000000e+00 9.849120e-01
238 1.508800e-02 0.000000e+00 9.849120e-01
239 1.508800e-02 0.000000e+00 9.849120e-01
240 1.508800e-02 0.000000e+00 9.849120e-01
241 1.508800e-02 0.000000e+00 9.849120e-01
242 1.508800e-02 0.000000e+00 9.849120e-01
243 1.508800e-02 0.000000e+00 9.849120e-01
244 1.508800e-02 0.000000e+00 9.849120e-01
245 1.508800e-02 0.000000e+00 9.849120e-01
246 1.508800e-02 0.000000e+00 9.849120e-01
247 1.508800e-02 0.000000e+00 9.849120e-01
248 1.508800e-02 0.000000e+00 9.849120e-01
249 1.508800e-02 0.000000e+00 9.849120e-01
250 1.508800e-02 0.000000e+00 9.849120e-01
251 1.508800e-02 0.000000e+00 9.849120e-01
252 1.508800e-02 0.000000e+00 9.849120e-01
253 1.508800e-02 0.000000e+00 9.849120e-01
254 1.508800e-02 0.000000e+00 9.849120e-01
255 1.508800e-02 0.000000e+00 9.849120e-01
256 1.508800e-02 0.000000e+00 9.849120e-01
257 1.508800e-02 0.000000e+00 9.849120e-01
258 1.508800e-02 0.000000e+00 9.849120e-01
259 1.508800e-02 0.000000e+00 9.849120e-01
260 1.508800e-02 0.000000e+00 9.849120e-01
261 1.508800e-02 0.000000e+00 9.849120e-01
262 1.508800e-02 0.000000e+00 9.849120e-01
263 1.508800e-02 0.000000e+00 9.849120e-01
264 1.508800e-02 0.000000e+00 9.849120e-01
265 1.508800e-02 0.000000e+00 9.849120e-01
266 1.508800e-02 0.000000e+00 9.849120e-01
267 1.508800e-02 0.000000e+00 9.849120e-01
268 1.508800e-02 0.000000e+00 9.849120e-01
269 1.508800e-02 0.000000e+00 9.849120e-01
270 1.508800e-02 0.000000e+00 9.849120e-01
271 1.508800e-02 0.000000e+00 9.849120e-01
272 1.508800e-02 0.000000e+00 9.849120e-01
273 1.508800e-02 0.000000e+00 9.849120e-01
274 1.508800e-02 0.000000e+00 9.849120e-01
275 1.508800e-02 0.000000e+00 9.849120e-01
276 1.508800e-02 0.000000e+00 9.849120e-01
277 1.508800e-02 0.000000e+00 9.849120e-01
278 1.508800e-02 0.000000e+00 9.849120e-01
279 1.508800e-02 0.000000e+00 9.849120e-01
280 1.508800e-02 0.000000e+00 9.849120e-01
281 1.508800e-02 0.000000e+00 9.849120e-01
282 1.508800e-02 0.000000e+00 9.849120e-01
283 1.508800e-02 0.000000e+00 9.849120e-01
284 1.508800e-02 0.000000e+00 9.849120e-01
285 1.508800e-02 0.000000e+00 9.849120e-01
286 1.508800e-02 0.000000e+00 9.849120e-01
287 1.508800e-02 0.000000e+00 9.849120e-01
288 1.508800e-02 0.000000e+00 9.849120e-01
289 1.508800e-02 0.000000e+00 9.849120e-01
290 1.508800e-02 0.000000e+00 9.849120e-01
291 1.508800e-02 0.000000e+00 9.849120e-01
292 1.508800e-02 0.000000e+00 9.849120e-01
293 1.508800e-02 0.000000e+00 9.849120e-01
294 1.508800e-02 0.000000e+00 9.849120e-01
295 1.508800e-02 0.000000e+00 9.849120e-01
296 1.508800e-02 0.000000e+00 9.849120e-01
297 1.508800e-02 0.000000e+00 9.849120e-01
298 1.508800e-02 0.000000e+00 9.849120e-01
299 1.508800e-02 0.000000e+00 9.849120e-01
300 1.508800e-02 0.000000e+00 9.849120e-01
301 1.508800e-02 0.000000e+00 9.849120e-01
302 1.508800e-02 0.000000e+00 9.849120e-01
303 1.508800e-02 0.000000e+00 9.849120e-01
304 1.508800e-02 0.000000e+00 9.849120e-01
305 1.508800e-02 0.000000e+00 9.849120e-01
306 1.508800e-02 0.000000e+00 9.849120e-01
307 1.508800e-02 0.000000e+00 9.849120e-01
308 1.508800e-02 0.000000e+00 9.849120e-01
309 1.508800e-02 0.000000e+00 9.849120e-01
310 1.508800e-02 0.000000e+00 9.849120e-01
311 1.508800e-02 0.000000e+00 9.849120e-01
312 1.508800e-02 0.000000e+00 9.849120e-01
313 1.508800e-02 0.000000e+00 9.849120e-01
314 1.508800e-02 0.000000e+00 9.849120e-01
315 1.508800e-02 0.000000e+00 9.849120e-01
316 1.508800e-02 0.000000e+00 9.849120e-01
317 1.508800e-02 0.000000e+00 9.849120e-01
318 1.508800e-02 0.000000e+00 9.849120e-01
319 1.508800e-02 0.000000e+00 9.849120e-01
320 1.508800e-02 0.000000e+00 9.849120e-01
321 1.508800e-02 0.000000e+00 9.849120e-01
322 1.508800e-02 0.000000e+00 9.849120e-01
323 1.508800e-02 0.000000e+00 9.849120e-01
324 1.508800e-02 0.000000e+00 9.849120e-01
325 1.508800e-02 0.000000e+00 9.849120e-01
326 1.508800e-02 0.000000e+00 9.849120e-01
327 1.508800e-02 0.000000e+00 9.849120e-01
328 1.508800e-02 0.000000e+00 9.849120e-01
329 1.508800e-02 0.000000e+00 9.849120e-01
330 1.508800e-02 0.000000e+00 9.849120e-01
331 1.508800e-02 0.000000e+00 9.849120e-01
332 1.508800e-02 0.000000e+00 9.849120e-01
333 1.508800e-02 0.000000e+00 9.849120e-01
334 1.508800e-02 0.000000e+00 9.849120e-01
335 1.508800e-02 0.000000e+00 9.849120e-01
336 1.508800e-02 0.000000e+00 9.849120e-01
337 1.508800e-02 0.000000e+00 9.849120e-01
338 1.508800e-02 0.000000e+00 9.849120e-01
339 1.508800e-02 0.000000e+00 9.849120e-01
340 1.508800e-02 0.000000e+00 9.849120e-01
341 1.508800e-02 0.000000e+00 9.849120e-01
342 1.508800e-02 0.000000e+00 9.849120e-01
343 1.508800e-02 0.000000e+00 9.849120e-01
344 1.508800e-02 0.000000e+00 9.849120e-01
345 1.508800e-02 0.000000e+00 9.849120e-01
346 1.508800e-02 0.000000e+00 9.849120e-01
347 1.508800e-02 0.000000e+00 9.849120e-01
348 1.508800e-02 0.000000e+00 9.849120e-01
349 1.508800e-02 0.000000e+00 9.849120e-01
350 1.508800e-02 0.000000e+00 9.849120e-01
351 1.508800e-02 0.000000e+00 9.849120e-01
352 1.508800e-02 0.000000e+00 9.849120e-01
353 1.508800e-02 0.000000e+00 9.849120e-01
354 1.508800e-02 0.000000e+00 9.849120e-01
355 1.508800e-02 0.000000e+00 9.849120e-01
356 1.508800e-02 0.000000e+00 9.849120e-01
357 1.508800e-02 0.000000e+00 9.849120e-01
358 1.508800e-02 0.000000e+00 9.849120e-01
359 1.508800e-02 0.000000e+00 9.849120e-01
360 1.508800e-02 0.000000e+00 9.849120e-01
361 1.508800e-02 0.000000e+00 9.849120e-01
362 1.508800e-02 0.000000e+00 9.849120e-01
363 1.508800e-02 0.000000e+00 9.849120e-01
364 1.508800e-02 0.000000e+00 9.849120e-01
365 1.508800e-02 0.000000e+00 9.849120e-01
366 1.508800e-02 0.000000e+00 9.849120e-01
367 1.508800e-02 0.000000e+00 9.849120e-01
368 1.508800e-02 0.000000e+00 9.849120e-01
369 1.508800e-02 0.000000e+00 9.849120e-01
370 1.508800e-02 0.000000e+00 9.849120e-01
371 1.508800e-02 0.000000e+00 9.849120e-01
372 1.508800e-02 0.000000e+00 9.849120e-01
373 1.508800e-02 0.000000e+00 9.849120e-01
374 1.508800e-02 0.000000e+00 9.849120e-01
375 1.508800e-02 0.000000e+00 9.849120e-01
376 1.508800e-02 0.000000e+00 9.849120e-01
377 1.508800e-02 0.000000e+00 9.849120e-01
378 1.508800e-02 0.000000e+00 9.849120e-01
379 1.508800e-02 0.000000e+00 9.849120e-01
380 1.508800e-02 0.000000e+00 9.849120e-01
381 1.508800e-02 0.000000e+00 9.849120e-01
382 1.508800e-02 0.000000e+00 9.849120e-01
383 1.508800e-02 0.000000e+00 9.849120e-01
384 1.508800e-02 0.000000e+00 9.849120e-01
385 1.508800e-02 0.000000e+00 9.849120e-01
386 1.508800e-02 0.000000e+00 9.849120e-01
387 1.508800e-02 0.000000e+00 9.849120e-01
388 1.508800e-02 0.000000e+00 9.849120e-01
389 1.508800e-02 0.000000e+00 9.849120e-01
390 1.508800e-02 0.000000e+00 9.849120e-01
391 1.508800e-02 0.000000e+00 9.849120e-01
392 1.508800e-02 0.000000e+00 9.849120e-01
393 1.508800e-02 0.000000e+00 9.849120e-01
394 1.508800e-02 0.000000e+00 9.849120e-01
395 1.508800e-02 0.000000e+00 9.849120e-01
396 1.508800e-02 0.000000e+00 9.849120e-01
397 1.508800e-02 0.000000e+00 9.849120e-01
398 1.508800e-02 0.000000e+00 9.849120e-01
399 1.508800e-02 0.000000e+00 9.849120e-01
400 1.508800e-02 0.000000e+00 9.849120e-01
401 1.508800e-02 0.000000e+00 9.849120e-01
402 1.508800e-02 0.000000e+00 9.849120e-01
403 1.508800e-02 0.000000e+00 9.849120e-01
404 1.508800e-02 0.000000e+00 9.849120e-01
405 1.508800e-02 0.000000e+00 9.849120e-01
406 1.508800e-02 0.000000e+00 9.849120e-01
407 1.508800e-02 0.000000e+00 9.849120e-01
408 1.508800e-02 0.000000e+00 9.849120e-01
409 1.508800e-02 0.000000e+00 9.849120e-01
410 1.508800e-02 0.000000e+00 9.849120e-01
411 1.508800e-02 0.000000e+00 9.849120e-01
412 1.508800e-02 0.000000e+00 9.849120e-01
413 1.508800e-02 0.000000e+00 9.849120e-01
414 1.508800e-02 0.000000e+00 9.849120e-01
415 1.508800e-02 0.000000e+00 9.849120e-01
416 1.508800e-02 0.000000e+00 9.849120e-01
417 1.508800e-02 0.000000e+00 9.849120e-01
418 1.508800e-02 0.000000e+00 9.849120e-01
419 1.508800e-02 0.000000e+00 9.849120e-01
420 1.508800e-02 0.000000e+00 9.849120e-01
421 1.508800e-02 0.000000e+00 9.849120e-01
422 1.508800e-02 0.000000e+00 9.849120e-01
423 1.508800e-02 0.000000e+00 9.849120e-01
424 1.508800e-02 0.000000e+00 9.849120e-01
425 1.508800e-02 0.000000e+00 9.849120e-01
426 1.508800e-02 0.000000e+00 9.849120e-01
427 1.508800e-02 0.000000e+00 9.849120e-01
428 1.508800e-02 0.000000e+00 9.849120e-01
429 1.508800e-02 0.000000e+00 9.849120e-01
430 1.508800e-02 0.000000e+00 9.849120e-01
431 1.508800e-02 0.000000e+00 9.849120e-01
432 1.508800e-02 0.000000e+00 9.849120e-01
433 1.508800e-02 0.000000e+00 9.849120e-01
434 1.508800e-02 0.000000e+00 9.849120e-01
435 1.508800e-02 0.000000e+00 9.849120e-01
436 1.508800e-02 0.000000e+00 9.849120e-01
437 1.508800e-02 0.000000e+00 9.849120e-01
438 1.508800e-02 0.000000e+00 9.849120e-01
439 1.508800e-02 0.000000e+00 9.849120e-01
440 1.508800e-02 0.000000e+00 9.849120e-01
441 1.508800e-02 0.000000e+00 9.849120e-01
442 1.508800e-02 0.000000e+00 9.849120e-01
443 1.508800e-02 0.000000e+00 9.849120e-01
444 1.508800e-02 0.000000e+00 9.849120e-01
445 1.508800e-02 0.000000e+00 9.849120e-01
446 1.508800e-02 0.000000e+00 9.849120e-01
447 1.508800e-02 0.000000e+00 9.849120e-01
448 1.508800e-02 0.000000e+00 9.849120e-01
449 1.508800e-02 0.000000e+00 9.849120e-01
450 1.508800e-02 0.000000e+00 9.849120e-01
451 1.508800e-02 0.000000e+00 9.849120e-01
452 1.508800e-02 0.000000e+00 9.849120e-01
453 1.508800e-02 0.000000e+00 9.849120e-01
454 1.508800e-02 0.000000e+00 9.849120e-01
455 1.508800e-02 0.000000e+00 9.849120e-01
456 1.508800e-02 0.000000e+00 9.849120e-01
457 1.508800e-02 0.000000e+00 9.849120e-01
458 1.508800e-02 0.000000e+00 9.849120e-01
459 1.508800e-02 0.000000e+00 9.849120e-01
460 1.508800e-02 0.000000e+00 9.849120e-01
461 1.508800e-02 0.000000e+00 9.849120e-01
462 1.508800e-02 0.000000e+00 9.849120e-01
463 1.508800e-02 0.000000e+00 9.849120e-01
464 1.508800e-02 0.000000e+00 9.849120e-01
465 1.508800e-02 0.000000e+00 9.849120e-01
466 1.508800e-02 0.000000e+00 9.849120e-01
467 1.508800e-02 0.000000e+00 9.849120e-01
468 1.508800e-02 0.000000e+00 9.849120e-01
469 1.508800e-02 0.000000e+00 9.849120e-01
470 1.508800e-02 0.000000e+00 9.849120e-01
471 1.508800e-02 0.000000e+00 9.849120e-01
472 1.508800e-02 0.000000e+00 9.849120e-01
473 1.508800e-02 0.000000e+00 9.849120e-01
474 1.508800e-02 0.000000e+00 9.849120e-01
475 1.508800e-02 0.000000e+00 9.849120e-01
476 1.508800e-02 0.000000e+00 9.849120e-01
477 1.508800e-02 0.000000e+00 9.849120e-01
478 1.508800e-02 0.000000e+00 9.849120e-01
479 1.508800e-02 0.000000e+00 9.849120e-01
480 1.508800e-02 0.000000e+00 9.849120e-01
481 1.508800e-02 0.000000e+00 9.849120e-01
482 1.508800e-02 0.000000e+00 9.849120e-01
483 1.508800e-02 0.000000e+00 9.849120e-01
484 1.508800e-02 0.000000e+00 9.849120e-01
485 1.508800e-02 0.000000e+00 9.849120e-01
486 1.508800e-02 0.000000e+00 9.849120e-01
487 1.508800e-02 0.000000e+00 9.849120e-01
488 1.508800e-02 0.000000e+00 9.849120e-01
489 1.508800e-02 0.000000e+00 9.849120e-01
490 1.508800e-02 0.000000e+00 9.849120e-01
491 1.508800e-02 0.000000e+00 9.849120e-01
492 1.508800e-02 0.000000e+00 9.849120e-01
493 1.508800e-02 0.000000e+00 9.849120e-01
494 1.508800e-02 0.000000e+00 9.849120e-01
495 1.508800e-02 0.000000e+00 9.849120e-01
496 1.508800e-02 0.000000e+00 9.849120e-01
497 1.508800e-02 0.000000e+00 9.849120e-01
498 1.508800e-02 0.000000e+00 9.849120e-01
499 1.508800e-02 0.000000e+00 9.849120e-01
500 1.508800e-02 0.000000e+00 9.849120e-01
