1 9.992160e-01 6.920000e-04 9.200000e-05
2 9.986320e-01 1.128000e-03 2.400000e-04
3 9.976240e-01 1.900000e-03 4.760000e-04
4 9.958800e-01 3.148000e-03 9.720000e-04
5 9.936120e-01 4.828000e-03 1.560000e-03
6 9.903840e-01 7.040000e-03 2.576000e-03
7 9.858320e-01 1.004400e-02 4.124000e-03
8 9.802600e-01 1.366800e-02 6.072000e-03
9 9.735320e-01 1.760400e-02 8.864000e-03
10 9.656840e-01 2.208400e-02 1.223200e-02
11 9.561080e-01 2.722800e-02 1.666400e-02
12 9.452320e-01 3.296400e-02 2.180400e-02
13 9.333120e-01 3.859600e-02 2.809200e-02
14 9.203720e-01 4.412400e-02 3.550400e-02
15 9.061400e-01 4.997600e-02 4.388400e-02
16 8.907200e-01 5.617200e-02 5.310800e-02
17 8.744480e-01 6.220000e-02 6.335200e-02
18 8.563080e-01 6.858400e-02 7.510800e-02
19 8.370760e-01 7.488000e-02 8.804400e-02
20 8.165920e-01 8.180000e-02 1.016080e-01
21 7.950440e-01 8.844400e-02 1.165120e-01
22 7.722480e-01 9.514800e-02 1.326040e-01
23 7.493440e-01 1.006240e-01 1.500320e-01
24 7.247520e-01 1.071760e-01 1.680720e-01
25 6.989120e-01 1.139360e-01 1.871520e-01
26 6.708920e-01 1.214280e-01 2.076800e-01
27 6.425480e-01 1.275520e-01 2.299000e-01
28 6.139800e-01 1.328000e-01 2.532200e-01
29 5.848480e-01 1.379240e-01 2.772280e-01
30 5.559680e-01 1.424880e-01 3.015440e-01
31 5.272680e-01 1.463200e-01 3.264120e-01
32 4.982480e-01 1.495720e-01 3.521800e-01
33 4.685280e-01 1.528800e-01 3.785920e-01
34 4.399560e-01 1.543560e-01 4.056880e-01
35 4.118720e-01 1.552280e-01 4.329000e-01
36 3.844840e-01 1.553960e-01 4.601200e-01
37 3.580640e-01 1.542920e-01 4.876440e-01
38 3.322600e-01 1.532200e-01 5.145200e-01
39 3.077000e-01 1.510920e-01 5.412080e-01
40 2.848600e-01 1.476880e-01 5.674520e-01
41 2.628600e-01 1.440520e-01 5.930880e-01
42 2.425640e-01 1.394680e-01 6.179680e-01
43 2.226360e-01 1.356480e-01 6.417160e-01
44 2.045280e-01 1.301360e-01 6.653360e-01
45 1.878440e-01 1.242960e-01 6.878600e-01
46 1.723760e-01 1.190600e-01 7.085640e-01
47 1.584440e-01 1.128080e-01 7.287480e-01
48 1.453040e-01 1.067000e-01 7.479960e-01
49 1.335080e-01 1.004200e-01 7.660720e-01
50 1.226400e-01 9.423200e-02 7.831280e-01
51 1.126000e-01 8.813600e-02 7.992640e-01
52 1.037080e-01 8.215600e-02 8.141360e-01
53 9.584000e-02 7.635200e-02 8.278080e-01
54 8.862000e-02 7.074400e-02 8.406360e-01
55 8.176800e-02 6.564000e-02 8.525920e-01
56 7.526400e-02 6.103600e-02 8.637000e-01
57 6.969200e-02 5.663600e-02 8.736720e-01
58 6.438400e-02 5.222400e-02 8.833920e-01
59 5.936800e-02 4.826400e-02 8.923680e-01
60 5.481600e-02 4.477200e-02 9.004120e-01
61 5.024800e-02 4.191200e-02 9.078400e-01
62 4.623600e-02 3.886800e-02 9.148960e-01
63 4.251200e-02 3.589200e-02 9.215960e-01
64 3.920000e-02 3.314800e-02 9.276520e-01
65 3.610400e-02 3.071600e-02 9.331800e-01
66 3.336000e-02 2.829600e-02 9.383440e-01
67 3.076800e-02 2.637200e-02 9.428600e-01
68 2.832800e-02 2.448400e-02 9.471880e-01
69 2.604400e-02 2.248800e-02 9.514680e-01
70 2.414800e-02 2.074800e-02 9.551040e-01
71 2.263200e-02 1.871600e-02 9.586520e-01
72 2.130000e-02 1.694800e-02 9.617520e-01
73 2.020800e-02 1.502800e-02 9.647640e-01
74 1.935600e-02 1.348400e-02 9.671600e-01
75 1.854800e-02 1.217600e-02 9.692760e-01
76 1.788000e-02 1.087600e-02 9.712440e-01
77 1.740000e-02 9.576000e-03 9.730240e-01
78 1.691600e-02 8.356000e-03 9.747280e-01
79 1.665600e-02 7.308000e-03 9.760360e-01
80 1.640000e-02 6.424000e-03 9.771760e-01
81 1.624400e-02 5.448000e-03 9.783080e-01
82 1.612000e-02 4.648000e-03 9.792320e-01
83 1.604000e-02 3.988000e-03 9.799720e-01
84 1.597200e-02 3.336000e-03 9.806920e-01
85 1.592400e-02 2.856000e-03 9.812200e-01
86 1.588400e-02 2.404000e-03 9.817120e-01
87 1.585200e-02 2.048000e-03 9.821000e-01
88 1.582800e-02 1.724000e-03 9.824480e-01
89 1.579600e-02 1.420000e-03 9.827840e-01
90 1.579200e-02 1.192000e-03 9.830160e-01
91 1.578000e-02 1.000000e-03 9.832200e-01
92 1.576400e-02 8.240000e-04 9.834120e-01
93 1.575200e-02 6.880000e-04 9.835600e-01
94 1.575200e-02 5.840000e-04 9.836640e-01
95 1.574400e-02 4.800000e-04 9.837760e-01
96 1.574400e-02 3.960000e-04 9.838600e-01
97 1.574000e-02 3.240000e-04 9.839360e-01
98 1.574000e-02 2.680000e-04 9.839920e-01
99 1.574000e-02 2.240000e-04 9.840360e-01
100 1.573600e-02 1.880000e-04 9.840760e-01
101 1.573600e-02 1.600000e-04 9.841040e-01
102 1.573600e-02 1.200000e-04 9.841440e-01
103 1.573600e-02 1.000000e-04 9.841640e-01
104 1.573600e-02 8.800000e-05 9.841760e-01
105 1.573200e-02 6.800000e-05 9.842000e-01
106 1.573200e-02 6.000000e-05 9.842080e-01
107 1.573200e-02 4.800000e-05 9.842200e-01
108 1.573200e-02 4.800000e-05 9.842200e-01
109 1.572800e-02 3.600000e-05 9.842360e-01
110 1.572800e-02 3.600000e-05 9.842360e-01
111 1.572800e-02 2.800000e-05 9.842440e-01
112 1.572800e-02 2.400000e-05 9.842480e-01
113 1.572800e-02 2.400000e-05 9.842480e-01
114 1.572800e-02 2.400000e-05 9.842480e-01
115 1.572400e-02 2.000000e-05 9.842560e-01
116 1.572400e-02 1.200000e-05 9.842640e-01
117 1.572400e-02 1.200000e-05 9.842640e-01
118 1.572400e-02 4.000000e-06 9.842720e-01
119 1.572400e-02 4.000000e-06 9.842720e-01
120 1.572400e-02 4.000000e-06 9.842720e-01
121 1.572400e-02 4.000000e-06 9.842720e-01
122 1.572400e-02 0.000000e+00 9.842760e-01
123 1.572400e-02 0.000000e+00 9.842760e-01
124 1.572400e-02 0.000000e+00 9.842760e-01
125 1.572400e-02 0.000000e+00 9.842760e-01
126 1.572400e-02 0.000000e+00 9.842760e-01
127 1.572400e-02 0.000000e+00 9.842760e-01
128 1.572400e-02 0.000000e+00 9.842760e-01
129 1.572400e-02 0.000000e+00 9.842760e-01
130 1.572400e-02 0.000000e+00 9.842760e-01
131 1.572400e-02 0.000000e+00 9.842760e-01
132 1.572400e-02 0.000000e+00 9.842760e-01
133 1.572400e-02 0.000000e+00 9.842760e-01
134 1.572400e-02 0.000000e+00 9.842760e-01
135 1.572400e-02 0.000000e+00 9.842760e-01
136 1.572400e-02 0.000000e+00 9.842760e-01
137 1.572400e-02 0.000000e+00 9.842760e-01
138 1.572400e-02 0.000000e+00 9.842760e-01
139 1.572400e-02 0.000000e+00 9.842760e-01
140 1.572400e-02 0.000000e+00 9.842760e-01
141 1.572400e-02 0.000000e+00 9.842760e-01
142 1.572400e-02 0.000000e+00 9.842760e-01
143 1.572400e-02 0.000000e+00 9.842760e-01
144 1.572400e-02 0.000000e+00 9.842760e-01
145 1.572400e-02 0.000000e+00 9.842760e-01
146 1.572400e-02 0.000000e+00 9.842760e-01
147 1.572400e-02 0.000000e+00 9.842760e-01
148 1.572400e-02 0.000000e+00 9.842760e-01
149 1.572400e-02 0.000000e+00 9.842760e-01
150 1.572400e-02 0.000000e+00 9.842760e-01
151 1.572400e-02 0.000000e+00 9.842760e-01
152 1.572400e-02 0.000000e+00 9.842760e-01
153 1.572400e-02 0.000000e+00 9.842760e-01
154 1.572400e-02 0.000000e+00 9.842760e-01
155 1.572400e-02 0.000000e+00 9.842760e-01
156 1.572400e-02 0.000000e+00 9.842760e-01
157 1.572400e-02 0.000000e+00 9.842760e-01
158 1.572400e-02 0.000000e+00 9.842760e-01
159 1.572400e-02 0.000000e+00 9.842760e-01
160 1.572400e-02 0.000000e+00 9.842760e-01
161 1.572400e-02 0.000000e+00 9.842760e-01
162 1.572400e-02 0.000000e+00 9.842760e-01
163 1.572400e-02 0.000000e+00 9.842760e-01
164 1.572400e-02 0.000000e+00 9.842760e-01
165 1.572400e-02 0.000000e+00 9.842760e-01
166 1.572400e-02 0.000000e+00 9.842760e-01
167 1.572400e-02 0.000000e+00 9.842760e-01
168 1.572400e-02 0.000000e+00 9.842760e-01
169 1.572400e-02 0.000000e+00 9.842760e-01
170 1.572400e-02 0.000000e+00 9.842760e-01
171 1.572400e-02 0.000000e+00 9.842760e-01
172 1.572400e-02 0.000000e+00 9.842760e-01
173 1.572400e-02 0.000000e+00 9.842760e-01
174 1.572400e-02 0.000000e+00 9.842760e-01
175 1.572400e-02 0.000000e+00 9.842760e-01
176 1.572400e-02 0.000000e+00 9.842760e-01
177 1.572400e-02 0.000000e+00 9.842760e-01
178 1.572400e-02 0.000000e+00 9.842760e-01
179 1.572400e-02 0.000000e+00 9.842760e-01
180 1.572400e-02 0.000000e+00 9.842760e-01
181 1.572400e-02 0.000000e+00 9.842760e-01
182 1.572400e-02 0.000000e+00 9.842760e-01
183 1.572400e-02 0.000000e+00 9.842760e-01
184 1.572400e-02 0.000000e+00 9.842760e-01
185 1.572400e-02 0.000000e+00 9.842760e-01
186 1.572400e-02 0.000000e+00 9.842760e-01
187 1.572400e-02 0.000000e+00 9.842760e-01
188 1.572400e-02 0.000000e+00 9.842760e-01
189 1.572400e-02 0.000000e+00 9.842760e-01
190 1.572400e-02 0.000000e+00 9.842760e-01
191 1.572400e-02 0.000000e+00 9.842760e-01
192 1.572400e-02 0.000000e+00 9.842760e-01
193 1.572400e-02 0.000000e+00 9.842760e-01
194 1.572400e-02 0.000000e+00 9.842760e-01
195 1.572400e-02 0.000000e+00 9.842760e-01
196 1.572400e-02 0.000000e+00 9.842760e-01
197 1.572400e-02 0.000000e+00 9.842760e-01
198 1.572400e-02 0.000000e+00 9.842760e-01
199 1.572400e-02 0.000000e+00 9.842760e-01
200 1.572400e-02 0.000000e+00 9.842760e-01
201 1.572400e-02 0.000000e+00 9.842760e-01
202 1.572400e-02 0.000000e+00 9.842760e-01
203 1.572400e-02 0.000000e+00 9.842760e-01
204 1.572400e-02 0.000000e+00 9.842760e-01
205 1.572400e-02 0.000000e+00 9.842760e-01
206 1.572400e-02 0.000000e+00 9.842760e-01
207 1.572400e-02 0.000000e+00 9.842760e-01
208 1.572400e-02 0.000000e+00 9.842760e-01
209 1.572400e-02 0.000000e+00 9.842760e-01
210 1.572400e-02 0.000000e+00 9.842760e-01
211 1.572400e-02 0.000000e+00 9.842760e-01
212 1.572400e-02 0.000000e+00 9.842760e-01
213 1.572400e-02 0.000000e+00 9.842760e-01
214 1.572400e-02 0.000000e+00 9.842760e-01
215 1.572400e-02 0.000000e+00 9.842760e-01
216 1.572400e-02 0.000000e+00 9.842760e-01
217 1.572400e-02 0.000000e+00 9.842760e-01
218 1.572400e-02 0.000000e+00 9.842760e-01
219 1.572400e-02 0.000000e+00 9.842760e-01
220 1.572400e-02 0.000000e+00 9.842760e-01
221 1.572400e-02 0.000000e+00 9.842760e-01
222 1.572400e-02 0.000000e+00 9.842760e-01
223 1.572400e-02 0.000000e+00 9.842760e-01
224 1.572400e-02 0.000000e+00 9.842760e-01
225 1.572400e-02 0.000000e+00 9.842760e-01
226 1.572400e-02 0.000000e+00 9.842760e-01
227 1.572400e-02 0.000000e+00 9.842760e-01
228 1.572400e-02 0.000000e+00 9.842760e-01
229 1.572400e-02 0.000000e+00 9.842760e-01
230 1.572400e-02 0.000000e+00 9.842760e-01
231 1.572400e-02 0.000000e+00 9.842760e-01
232 1.572400e-02 0.000000e+00 9.842760e-01
233 1.572400e-02 0.000000e+00 9.842760e-01
234 1.572400e-02 0.000000e+00 9.842760e-01
235 1.572400e-02 0.000000e+00 9.842760e-01
236 1.572400e-02 0.000000e+00 9.842760e-01
237 1.572400e-02 0.000000e+00 9.842760e-01
238 1.572400e-02 0.000000e+00 9.842760e-01
239 1.572400e-02 0.000000e+00 9.842760e-01
240 1.572400e-02 0.000000e+00 9.842760e-01
241 1.572400e-02 0.000000e+00 9.842760e-01
242 1.572400e-02 0.000000e+00 9.842760e-01
243 1.572400e-02 0.000000e+00 9.842760e-01
244 1.572400e-02 0.000000e+00 9.842760e-01
245 1.572400e-02 0.000000e+00 9.842760e-01
246 1.572400e-02 0.000000e+00 9.842760e-01
247 1.572400e-02 0.000000e+00 9.842760e-01
248 1.572400e-02 0.000000e+00 9.842760e-01
249 1.572400e-02 0.000000e+00 9.842760e-01
250 1.572400e-02 0.000000e+00 9.842760e-01
251 1.572400e-02 0.000000e+00 9.842760e-01
252 1.572400e-02 0.000000e+00 9.842760e-01
253 1.572400e-02 0.000000e+00 9.842760e-01
254 1.572400e-02 0.000000e+00 9.842760e-01
255 1.572400e-02 0.000000e+00 9.842760e-01
256 1.572400e-02 0.000000e+00 9.842760e-01
257 1.572400e-02 0.000000e+00 9.842760e-01
258 1.572400e-02 0.000000e+00 9.842760e-01
259 1.572400e-02 0.000000e+00 9.842760e-01
260 1.572400e-02 0.000000e+00 9.842760e-01
261 1.572400e-02 0.000000e+00 9.842760e-01
262 1.572400e-02 0.000000e+00 9.842760e-01
263 1.572400e-02 0.000000e+00 9.842760e-01
264 1.572400e-02 0.000000e+00 9.842760e-01
265 1.572400e-02 0.000000e+00 9.842760e-01
266 1.572400e-02 0.000000e+00 9.842760e-01
267 1.572400e-02 0.000000e+00 9.842760e-01
268 1.572400e-02 0.000000e+00 9.842760e-01
269 1.572400e-02 0.000000e+00 9.842760e-01
270 1.572400e-02 0.000000e+00 9.842760e-01
271 1.572400e-02 0.000000e+00 9.842760e-01
272 1.572400e-02 0.000000e+00 9.842760e-01
273 1.572400e-02 0.000000e+00 9.842760e-01
274 1.572400e-02 0.000000e+00 9.842760e-01
275 1.572400e-02 0.000000e+00 9.842760e-01
276 1.572400e-02 0.000000e+00 9.842760e-01
277 1.572400e-02 0.000000e+00 9.842760e-01
278 1.572400e-02 0.000000e+00 9.842760e-01
279 1.572400e-02 0.000000e+00 9.842760e-01
280 1.572400e-02 0.000000e+00 9.842760e-01
281 1.572400e-02 0.000000e+00 9.842760e-01
282 1.572400e-02 0.000000e+00 9.842760e-01
283 1.572400e-02 0.000000e+00 9.842760e-01
284 1.572400e-02 0.000000e+00 9.842760e-01
285 1.572400e-02 0.000000e+00 9.842760e-01
286 1.572400e-02 0.000000e+00 9.842760e-01
287 1.572400e-02 0.000000e+00 9.842760e-01
288 1.572400e-02 0.000000e+00 9.842760e-01
289 1.572400e-02 0.000000e+00 9.842760e-01
290 1.572400e-02 0.000000e+00 9.842760e-01
291 1.572400e-02 0.000000e+00 9.842760e-01
292 1.572400e-02 0.000000e+00 9.842760e-01
293 1.572400e-02 0.000000e+00 9.842760e-01
294 1.572400e-02 0.000000e+00 9.842760e-01
295 1.572400e-02 0.000000e+00 9.842760e-01
296 1.572400e-02 0.000000e+00 9.842760e-01
297 1.572400e-02 0.000000e+00 9.842760e-01
298 1.572400e-02 0.000000e+00 9.842760e-01
299 1.572400e-02 0.000000e+00 9.842760e-01
300 1.572400e-02 0.000000e+00 9.842760e-01
301 1.572400e-02 0.000000e+00 9.842760e-01
302 1.572400e-02 0.000000e+00 9.842760e-01
303 1.572400e-02 0.000000e+00 9.842760e-01
304 1.572400e-02 0.000000e+00 9.842760e-01
305 1.572400e-02 0.000000e+00 9.842760e-01
306 1.572400e-02 0.000000e+00 9.842760e-01
307 1.572400e-02 0.000000e+00 9.842760e-01
308 1.572400e-02 0.000000e+00 9.842760e-01
309 1.572400e-02 0.000000e+00 9.842760e-01
310 1.572400e-02 0.000000e+00 9.842760e-01
311 1.572400e-02 0.000000e+00 9.842760e-01
312 1.572400e-02 0.000000e+00 9.842760e-01
313 1.572400e-02 0.000000e+00 9.842760e-01
314 1.572400e-02 0.000000e+00 9.842760e-01
315 1.572400e-02 0.000000e+00 9.842760e-01
316 1.572400e-02 0.000000e+00 9.842760e-01
317 1.572400e-02 0.000000e+00 9.842760e-01
318 1.572400e-02 0.000000e+00 9.842760e-01
319 1.572400e-02 0.000000e+00 9.842760e-01
320 1.572400e-02 0.000000e+00 9.842760e-01
321 1.572400e-02 0.000000e+00 9.842760e-01
322 1.572400e-02 0.000000e+00 9.842760e-01
323 1.572400e-02 0.000000e+00 9.842760e-01
324 1.572400e-02 0.000000e+00 9.842760e-01
325 1.572400e-02 0.000000e+00 9.842760e-01
326 1.572400e-02 0.000000e+00 9.842760e-01
327 1.572400e-02 0.000000e+00 9.842760e-01
328 1.572400e-02 0.000000e+00 9.842760e-01
329 1.572400e-02 0.000000e+00 9.842760e-01
330 1.572400e-02 0.000000e+00 9.842760e-01
331 1.572400e-02 0.000000e+00 9.842760e-01
332 1.572400e-02 0.000000e+00 9.842760e-01
333 1.572400e-02 0.000000e+00 9.842760e-01
334 1.572400e-02 0.000000e+00 9.842760e-01
335 1.572400e-02 0.000000e+00 9.842760e-01
336 1.572400e-02 0.000000e+00 9.842760e-01
337 1.572400e-02 0.000000e+00 9.842760e-01
338 1.572400e-02 0.000000e+00 9.842760e-01
339 1.572400e-02 0.000000e+00 9.842760e-01
340 1.572400e-02 0.000000e+00 9.842760e-01
341 1.572400e-02 0.000000e+00 9.842760e-01
342 1.572400e-02 0.000000e+00 9.842760e-01
343 1.572400e-02 0.000000e+00 9.842760e-01
344 1.572400e-02 0.000000e+00 9.842760e-01
345 1.572400e-02 0.000000e+00 9.842760e-01
346 1.572400e-02 0.000000e+00 9.842760e-01
347 1.572400e-02 0.000000e+00 9.842760e-01
348 1.572400e-02 0.000000e+00 9.842760e-01
349 1.572400e-02 0.000000e+00 9.842760e-01
350 1.572400e-02 0.000000e+00 9.842760e-01
351 1.572400e-02 0.000000e+00 9.842760e-01
352 1.572400e-02 0.000000e+00 9.842760e-01
353 1.572400e-02 0.000000e+00 9.842760e-01
354 1.572400e-02 0.000000e+00 9.842760e-01
355 1.572400e-02 0.000000e+00 9.842760e-01
356 1.572400e-02 0.000000e+00 9.842760e-01
357 1.572400e-02 0.000000e+00 9.842760e-01
358 1.572400e-02 0.000000e+00 9.842760e-01
359 1.572400e-02 0.000000e+00 9.842760e-01
360 1.572400e-02 0.000000e+00 9.842760e-01
361 1.572400e-02 0.000000e+00 9.842760e-01
362 1.572400e-02 0.000000e+00 9.842760e-01
363 1.572400e-02 0.000000e+00 9.842760e-01
364 1.572400e-02 0.000000e+00 9.842760e-01
365 1.572400e-02 0.000000e+00 9.842760e-01
366 1.572400e-02 0.000000e+00 9.842760e-01
367 1.572400e-02 0.000000e+00 9.842760e-01
368 1.572400e-02 0.000000e+00 9.842760e-01
369 1.572400e-02 0.000000e+00 9.842760e-01
370 1.572400e-02 0.000000e+00 9.842760e-01
371 1.572400e-02 0.000000e+00 9.842760e-01
372 1.572400e-02 0.000000e+00 9.842760e-01
373 1.572400e-02 0.000000e+00 9.842760e-01
374 1.572400e-02 0.000000e+00 9.842760e-01
375 1.572400e-02 0.000000e+00 9.842760e-01
376 1.572400e-02 0.000000e+00 9.842760e-01
377 1.572400e-02 0.000000e+00 9.842760e-01
378 1.572400e-02 0.000000e+00 9.842760e-01
379 1.572400e-02 0.000000e+00 9.842760e-01
380 1.572400e-02 0.000000e+00 9.842760e-01
381 1.572400e-02 0.000000e+00 9.842760e-01
382 1.572400e-02 0.000000e+00 9.842760e-01
383 1.572400e-02 0.000000e+00 9.842760e-01
384 1.572400e-02 0.000000e+00 9.842760e-01
385 1.572400e-02 0.000000e+00 9.842760e-01
386 1.572400e-02 0.000000e+00 9.842760e-01
387 1.572400e-02 0.000000e+00 9.842760e-01
388 1.572400e-02 0.000000e+00 9.842760e-01
389 1.572400e-02 0.000000e+00 9.842760e-01
390 1.572400e-02 0.000000e+00 9.842760e-01
391 1.572400e-02 0.000000e+00 9.842760e-01
392 1.572400e-02 0.000000e+00 9.842760e-01
393 1.572400e-02 0.000000e+00 9.842760e-01
394 1.572400e-02 0.000000e+00 9.842760e-01
395 1.572400e-02 0.000000e+00 9.842760e-01
396 1.572400e-02 0.000000e+00 9.842760e-01
397 1.572400e-02 0.000000e+00 9.842760e-01
398 1.572400e-02 0.000000e+00 9.842760e-01
399 1.572400e-02 0.000000e+00 9.842760e-01
400 1.572400e-02 0.000000e+00 9.842760e-01
401 1.572400e-02 0.000000e+00 9.842760e-01
402 1.572400e-02 0.000000e+00 9.842760e-01
403 1.572400e-02 0.000000e+00 9.842760e-01
404 1.572400e-02 0.000000e+00 9.842760e-01
405 1.572400e-02 0.000000e+00 9.842760e-01
406 1.572400e-02 0.000000e+00 9.842760e-01
407 1.572400e-02 0.000000e+00 9.842760e-01
408 1.572400e-02 0.000000e+00 9.842760e-01
409 1.572400e-02 0.000000e+00 9.842760e-01
410 1.572400e-02 0.000000e+00 9.842760e-01
411 1.572400e-02 0.000000e+00 9.842760e-01
412 1.572400e-02 0.000000e+00 9.842760e-01
413 1.572400e-02 0.000000e+00 9.842760e-01
414 1.572400e-02 0.000000e+00 9.842760e-01
415 1.572400e-02 0.000000e+00 9.842760e-01
416 1.572400e-02 0.000000e+00 9.842760e-01
417 1.572400e-02 0.000000e+00 9.842760e-01
418 1.572400e-02 0.000000e+00 9.842760e-01
419 1.572400e-02 0.000000e+00 9.842760e-01
420 1.572400e-02 0.000000e+00 9.842760e-01
421 1.572400e-02 0.000000e+00 9.842760e-01
422 1.572400e-02 0.000000e+00 9.842760e-01
423 1.572400e-02 0.000000e+00 9.842760e-01
424 1.572400e-02 0.000000e+00 9.842760e-01
425 1.572400e-02 0.000000e+00 9.842760e-01
426 1.572400e-02 0.000000e+00 9.842760e-01
427 1.572400e-02 0.000000e+00 9.842760e-01
428 1.572400e-02 0.000000e+00 9.842760e-01
429 1.572400e-02 0.000000e+00 9.842760e-01
430 1.572400e-02 0.000000e+00 9.842760e-01
431 1.572400e-02 0.000000e+00 9.842760e-01
432 1.572400e-02 0.000000e+00 9.842760e-01
433 1.572400e-02 0.000000e+00 9.842760e-01
434 1.572400e-02 0.000000e+00 9.842760e-01
435 1.572400e-02 0.000000e+00 9.842760e-01
436 1.572400e-02 0.000000e+00 9.842760e-01
437 1.572400e-02 0.000000e+00 9.842760e-01
438 1.572400e-02 0.000000e+00 9.842760e-01
439 1.572400e-02 0.000000e+00 9.842760e-01
440 1.572400e-02 0.000000e+00 9.842760e-01
441 1.572400e-02 0.000000e+00 9.842760e-01
442 1.572400e-02 0.000000e+00 9.842760e-01
443 1.572400e-02 0.000000e+00 9.842760e-01
444 1.572400e-02 0.000000e+00 9.842760e-01
445 1.572400e-02 0.000000e+00 9.842760e-01
446 1.572400e-02 0.000000e+00 9.842760e-01
447 1.572400e-02 0.000000e+00 9.842760e-01
448 1.572400e-02 0.000000e+00 9.842760e-01
449 1.572400e-02 0.000000e+00 9.842760e-01
450 1.572400e-02 0.000000e+00 9.842760e-01
451 1.572400e-02 0.000000e+00 9.842760e-01
452 1.572400e-02 0.000000e+00 9.842760e-01
453 1.572400e-02 0.000000e+00 9.842760e-01
454 1.572400e-02 0.000000e+00 9.842760e-01
455 1.572400e-02 0.000000e+00 9.842760e-01
456 1.572400e-02 0.000000e+00 9.842760e-01
457 1.572400e-02 0.000000e+00 9.842760e-01
458 1.572400e-02 0.000000e+00 9.842760e-01
459 1.572400e-02 0.000000e+00 9.842760e-01
460 1.572400e-02 0.000000e+00 9.842760e-01
461 1.572400e-02 0.000000e+00 9.842760e-01
462 1.572400e-02 0.000000e+00 9.842760e-01
463 1.572400e-02 0.000000e+00 9.842760e-01
464 1.572400e-02 0.000000e+00 9.842760e-01
465 1.572400e-02 0.000000e+00 9.842760e-01
466 1.572400e-02 0.000000e+00 9.842760e-01
467 1.572400e-02 0.000000e+00 9.842760e-01
468 1.572400e-02 0.000000e+00 9.842760e-01
469 1.572400e-02 0.000000e+00 9.842760e-01
470 1.572400e-02 0.000000e+00 9.842760e-01
471 1.572400e-02 0.000000e+00 9.842760e-01
472 1.572400e-02 0.000000e+00 9.842760e-01
473 1.572400e-02 0.000000e+00 9.842760e-01
474 1.572400e-02 0.000000e+00 9.842760e-01
475 1.572400e-02 0.000000e+00 9.842760e-01
476 1.572400e-02 0.000000e+00 9.842760e-01
477 1.572400e-02 0.000000e+00 9.842760e-01
478 1.572400e-02 0.000000e+00 9.842760e-01
479 1.572400e-02 0.000000e+00 9.842760e-01
480 1.572400e-02 0.000000e+00 9.842760e-01
481 1.572400e-02 0.000000e+00 9.842760e-01
482 1.572400e-02 0.000000e+00 9.842760e-01
483 1.572400e-02 0.000000e+00 9.842760e-01
484 1.572400e-02 0.000000e+00 9.842760e-01
485 1.572400e-02 0.000000e+00 9.842760e-01
486 1.572400e-02 0.000000e+00 9.842760e-01
487 1.572400e-02 0.000000e+00 9.842760e-01
488 1.572400e-02 0.000000e+00 9.842760e-01
489 1.572400e-02 0.000000e+00 9.842760e-01
490 1.572400e-02 0.000000e+00 9.842760e-01
491 1.572400e-02 0.000000e+00 9.842760e-01
492 1.572400e-02 0.000000e+00 9.842760e-01
493 1.572400e-02 0.000000e+00 9.842760e-01
494 1.572400e-02 0.000000e+00 9.842760e-01
495 1.572400e-02 0.000000e+00 9.842760e-01
496 1.572400e-02 0.000000e+00 9.842760e-01
497 1.572400e-02 0.000000e+00 9.842760e-01
498 1.572400e-02 0.000000e+00 9.842760e-01
499 1.572400e-02 0.000000e+00 9.842760e-01
500 1.572400e-02 0.000000e+00 9.842760e-01
