1 9.991520e-01 7.640000e-04 8.400000e-05
2 9.982600e-01 1.484000e-03 2.560000e-04
3 9.969560e-01 2.508000e-03 5.360000e-04
4 9.950680e-01 3.832000e-03 1.100000e-03
5 9.924120e-01 5.664000e-03 1.924000e-03
6 9.887920e-01 8.052000e-03 3.156000e-03
7 9.838560e-01 1.121600e-02 4.928000e-03
8 9.781200e-01 1.463200e-02 7.248000e-03
9 9.709560e-01 1.884000e-02 1.020400e-02
10 9.625600e-01 2.348800e-02 1.395200e-02
11 9.529560e-01 2.855200e-02 1.849200e-02
12 9.414160e-01 3.469600e-02 2.388800e-02
13 9.288200e-01 4.021600e-02 3.096400e-02
14 9.148040e-01 4.660000e-02 3.859600e-02
15 8.993800e-01 5.316000e-02 4.746000e-02
16 8.824400e-01 6.013600e-02 5.742400e-02
17 8.637960e-01 6.738400e-02 6.882000e-02
18 8.431200e-01 7.526400e-02 8.161600e-02
19 8.212360e-01 8.274000e-02 9.602400e-02
20 7.985240e-01 9.026000e-02 1.112160e-01
21 7.735440e-01 9.874400e-02 1.277120e-01
22 7.480000e-01 1.064800e-01 1.455200e-01
23 7.209600e-01 1.137240e-01 1.653160e-01
24 6.929160e-01 1.211720e-01 1.859120e-01
25 6.636760e-01 1.285520e-01 2.077720e-01
26 6.337560e-01 1.355160e-01 2.307280e-01
27 6.035560e-01 1.418240e-01 2.546200e-01
28 5.737000e-01 1.466080e-01 2.796920e-01
29 5.434760e-01 1.505960e-01 3.059280e-01
30 5.133280e-01 1.535680e-01 3.331040e-01
31 4.836640e-01 1.558200e-01 3.605160e-01
32 4.542840e-01 1.577360e-01 3.879800e-01
33 4.257920e-01 1.582280e-01 4.159800e-01
34 3.974760e-01 1.588120e-01 4.437120e-01
35 3.698560e-01 1.586600e-01 4.714840e-01
36 3.428480e-01 1.577120e-01 4.994400e-01
37 3.166880e-01 1.565320e-01 5.267800e-01
38 2.915280e-01 1.540240e-01 5.544480e-01
39 2.675440e-01 1.517800e-01 5.806760e-01
40 2.441520e-01 1.482760e-01 6.075720e-01
41 2.216760e-01 1.451880e-01 6.331360e-01
42 2.009120e-01 1.405600e-01 6.585280e-01
43 1.815800e-01 1.357120e-01 6.827080e-01
44 1.629480e-01 1.308160e-01 7.062360e-01
45 1.461560e-01 1.248200e-01 7.290240e-01
46 1.312000e-01 1.184640e-01 7.503360e-01
47 1.166920e-01 1.123360e-01 7.709720e-01
48 1.034600e-01 1.067520e-01 7.897880e-01
49 9.168800e-02 9.982000e-02 8.084920e-01
50 8.099600e-02 9.360400e-02 8.254000e-01
51 7.134800e-02 8.726400e-02 8.413880e-01
52 6.228400e-02 8.154800e-02 8.561680e-01
53 5.461200e-02 7.575600e-02 8.696320e-01
54 4.804000e-02 6.982000e-02 8.821400e-01
55 4.224800e-02 6.405200e-02 8.937000e-01
56 3.736000e-02 5.840800e-02 9.042320e-01
57 3.322800e-02 5.274400e-02 9.140280e-01
58 2.993200e-02 4.746000e-02 9.226080e-01
59 2.712000e-02 4.235200e-02 9.305280e-01
60 2.482000e-02 3.770000e-02 9.374800e-01
61 2.298000e-02 3.307600e-02 9.439440e-01
62 2.154000e-02 2.888800e-02 9.495720e-01
63 2.030000e-02 2.534000e-02 9.543600e-01
64 1.931200e-02 2.221600e-02 9.584720e-01
65 1.859200e-02 1.923600e-02 9.621720e-01
66 1.805200e-02 1.656000e-02 9.653880e-01
67 1.761600e-02 1.432400e-02 9.680600e-01
68 1.723600e-02 1.249200e-02 9.702720e-01
69 1.698000e-02 1.070800e-02 9.723120e-01
70 1.676000e-02 9.196000e-03 9.740440e-01
71 1.654400e-02 7.912000e-03 9.755440e-01
72 1.639200e-02 6.796000e-03 9.768120e-01
73 1.629200e-02 5.816000e-03 9.778920e-01
74 1.614800e-02 5.144000e-03 9.787080e-01
75 1.605200e-02 4.408000e-03 9.795400e-01
76 1.600000e-02 3.792000e-03 9.802080e-01
77 1.592000e-02 3.284000e-03 9.807960e-01
78 1.586000e-02 2.820000e-03 9.813200e-01
79 1.583600e-02 2.332000e-03 9.818320e-01
80 1.582000e-02 1.976000e-03 9.822040e-01
81 1.579600e-02 1.688000e-03 9.825160e-01
82 1.578400e-02 1.428000e-03 9.827880e-01
83 1.576000e-02 1.260000e-03 9.829800e-01
84 1.574800e-02 1.060000e-03 9.831920e-01
85 1.573200e-02 9.160000e-04 9.833520e-01
86 1.572000e-02 8.000000e-04 9.834800e-01
87 1.571600e-02 6.880000e-04 9.835960e-01
88 1.571600e-02 5.720000e-04 9.837120e-01
89 1.571600e-02 4.720000e-04 9.838120e-01
90 1.571200e-02 4.040000e-04 9.838840e-01
91 1.570400e-02 3.440000e-04 9.839520e-01
92 1.570400e-02 2.880000e-04 9.840080e-01
93 1.570000e-02 2.440000e-04 9.840560e-01
94 1.570000e-02 1.960000e-04 9.841040e-01
95 1.570000e-02 1.520000e-04 9.841480e-01
96 1.570000e-02 1.160000e-04 9.841840e-01
97 1.570000e-02 1.000000e-04 9.842000e-01
98 1.570000e-02 7.200000e-05 9.842280e-01
99 1.570000e-02 6.400000e-05 9.842360e-01
100 1.570000e-02 4.800000e-05 9.842520e-01
101 1.570000e-02 4.400000e-05 9.842560e-01
102 1.569600e-02 4.400000e-05 9.842600e-01
103 1.569200e-02 4.800000e-05 9.842600e-01
104 1.568400e-02 4.400000e-05 9.842720e-01
105 1.568400e-02 3.200000e-05 9.842840e-01
106 1.568400e-02 3.200000e-05 9.842840e-01
107 1.568400e-02 2.800000e-05 9.842880e-01
108 1.568400e-02 2.400000e-05 9.842920e-01
109 1.568400e-02 2.000000e-05 9.842960e-01
110 1.568400e-02 1.200000e-05 9.843040e-01
111 1.568400e-02 8.000000e-06 9.843080e-01
112 1.568400e-02 4.000000e-06 9.843120e-01
113 1.568400e-02 0.000000e+00 9.843160e-01
114 1.568400e-02 0.000000e+00 9.843160e-01
115 1.568400e-02 0.000000e+00 9.843160e-01
116 1.568400e-02 0.000000e+00 9.843160e-01
117 1.568400e-02 0.000000e+00 9.843160e-01
118 1.568400e-02 0.000000e+00 9.843160e-01
119 1.568400e-02 0.000000e+00 9.843160e-01
120 1.568400e-02 0.000000e+00 9.843160e-01
121 1.568400e-02 0.000000e+00 9.843160e-01
122 1.568400e-02 0.000000e+00 9.843160e-01
123 1.568400e-02 0.000000e+00 9.843160e-01
124 1.568400e-02 0.000000e+00 9.843160e-01
125 1.568400e-02 0.000000e+00 9.843160e-01
126 1.568400e-02 0.000000e+00 9.843160e-01
127 1.568400e-02 0.000000e+00 9.843160e-01
128 1.568400e-02 0.000000e+00 9.843160e-01
129 1.568400e-02 0.000000e+00 9.843160e-01
130 1.568400e-02 0.000000e+00 9.843160e-01
131 1.568400e-02 0.000000e+00 9.843160e-01
132 1.568400e-02 0.000000e+00 9.843160e-01
133 1.568400e-02 0.000000e+00 9.843160e-01
134 1.568400e-02 0.000000e+00 9.843160e-01
135 1.568400e-02 0.000000e+00 9.843160e-01
136 1.568400e-02 0.000000e+00 9.843160e-01
137 1.568400e-02 0.000000e+00 9.843160e-01
138 1.568400e-02 0.000000e+00 9.843160e-01
139 1.568400e-02 0.000000e+00 9.843160e-01
140 1.568400e-02 0.000000e+00 9.843160e-01
141 1.568400e-02 0.000000e+00 9.843160e-01
142 1.568400e-02 0.000000e+00 9.843160e-01
143 1.568400e-02 0.000000e+00 9.843160e-01
144 1.568400e-02 0.000000e+00 9.843160e-01
145 1.568400e-02 0.000000e+00 9.843160e-01
146 1.568400e-02 0.000000e+00 9.843160e-01
147 1.568400e-02 0.000000e+00 9.843160e-01
148 1.568400e-02 0.000000e+00 9.843160e-01
149 1.568400e-02 0.000000e+00 9.843160e-01
150 1.568400e-02 0.000000e+00 9.843160e-01
151 1.568400e-02 0.000000e+00 9.843160e-01
152 1.568400e-02 0.000000e+00 9.843160e-01
153 1.568400e-02 0.000000e+00 9.843160e-01
154 1.568400e-02 0.000000e+00 9.843160e-01
155 1.568400e-02 0.000000e+00 9.843160e-01
156 1.568400e-02 0.000000e+00 9.843160e-01
157 1.568400e-02 0.000000e+00 9.843160e-01
158 1.568400e-02 0.000000e+00 9.843160e-01
159 1.568400e-02 0.000000e+00 9.843160e-01
160 1.568400e-02 0.000000e+00 9.843160e-01
161 1.568400e-02 0.000000e+00 9.843160e-01
162 1.568400e-02 0.000000e+00 9.843160e-01
163 1.568400e-02 0.000000e+00 9.843160e-01
164 1.568400e-02 0.000000e+00 9.843160e-01
165 1.568400e-02 0.000000e+00 9.843160e-01
166 1.568400e-02 0.000000e+00 9.843160e-01
167 1.568400e-02 0.000000e+00 9.843160e-01
168 1.568400e-02 0.000000e+00 9.843160e-01
169 1.568400e-02 0.000000e+00 9.843160e-01
170 1.568400e-02 0.000000e+00 9.843160e-01
171 1.568400e-02 0.000000e+00 9.843160e-01
172 1.568400e-02 0.000000e+00 9.843160e-01
173 1.568400e-02 0.000000e+00 9.843160e-01
174 1.568400e-02 0.000000e+00 9.843160e-01
175 1.568400e-02 0.000000e+00 9.843160e-01
176 1.568400e-02 0.000000e+00 9.843160e-01
177 1.568400e-02 0.000000e+00 9.843160e-01
178 1.568400e-02 0.000000e+00 9.843160e-01
179 1.568400e-02 0.000000e+00 9.843160e-01
180 1.568400e-02 0.000000e+00 9.843160e-01
181 1.568400e-02 0.000000e+00 9.843160e-01
182 1.568400e-02 0.000000e+00 9.843160e-01
183 1.568400e-02 0.000000e+00 9.843160e-01
184 1.568400e-02 0.000000e+00 9.843160e-01
185 1.568400e-02 0.000000e+00 9.843160e-01
186 1.568400e-02 0.000000e+00 9.843160e-01
187 1.568400e-02 0.000000e+00 9.843160e-01
188 1.568400e-02 0.000000e+00 9.843160e-01
189 1.568400e-02 0.000000e+00 9.843160e-01
190 1.568400e-02 0.000000e+00 9.843160e-01
191 1.568400e-02 0.000000e+00 9.843160e-01
192 1.568400e-02 0.000000e+00 9.843160e-01
193 1.568400e-02 0.000000e+00 9.843160e-01
194 1.568400e-02 0.000000e+00 9.843160e-01
195 1.568400e-02 0.000000e+00 9.843160e-01
196 1.568400e-02 0.000000e+00 9.843160e-01
197 1.568400e-02 0.000000e+00 9.843160e-01
198 1.568400e-02 0.000000e+00 9.843160e-01
199 1.568400e-02 0.000000e+00 9.843160e-01
200 1.568400e-02 0.000000e+00 9.843160e-01
201 1.568400e-02 0.000000e+00 9.843160e-01
202 1.568400e-02 0.000000e+00 9.843160e-01
203 1.568400e-02 0.000000e+00 9.843160e-01
204 1.568400e-02 0.000000e+00 9.843160e-01
205 1.568400e-02 0.000000e+00 9.843160e-01
206 1.568400e-02 0.000000e+00 9.843160e-01
207 1.568400e-02 0.000000e+00 9.843160e-01
208 1.568400e-02 0.000000e+00 9.843160e-01
209 1.568400e-02 0.000000e+00 9.843160e-01
210 1.568400e-02 0.000000e+00 9.843160e-01
211 1.568400e-02 0.000000e+00 9.843160e-01
212 1.568400e-02 0.000000e+00 9.843160e-01
213 1.568400e-02 0.000000e+00 9.843160e-01
214 1.568400e-02 0.000000e+00 9.843160e-01
215 1.568400e-02 0.000000e+00 9.843160e-01
216 1.568400e-02 0.000000e+00 9.843160e-01
217 1.568400e-02 0.000000e+00 9.843160e-01
218 1.568400e-02 0.000000e+00 9.843160e-01
219 1.568400e-02 0.000000e+00 9.843160e-01
220 1.568400e-02 0.000000e+00 9.843160e-01
221 1.568400e-02 0.000000e+00 9.843160e-01
222 1.568400e-02 0.000000e+00 9.843160e-01
223 1.568400e-02 0.000000e+00 9.843160e-01
224 1.568400e-02 0.000000e+00 9.843160e-01
225 1.568400e-02 0.000000e+00 9.843160e-01
226 1.568400e-02 0.000000e+00 9.843160e-01
227 1.568400e-02 0.000000e+00 9.843160e-01
228 1.568400e-02 0.000000e+00 9.843160e-01
229 1.568400e-02 0.000000e+00 9.843160e-01
230 1.568400e-02 0.000000e+00 9.843160e-01
231 1.568400e-02 0.000000e+00 9.843160e-01
232 1.568400e-02 0.000000e+00 9.843160e-01
233 1.568400e-02 0.000000e+00 9.843160e-01
234 1.568400e-02 0.000000e+00 9.843160e-01
235 1.568400e-02 0.000000e+00 9.843160e-01
236 1.568400e-02 0.000000e+00 9.843160e-01
237 1.568400e-02 0.000000e+00 9.843160e-01
238 1.568400e-02 0.000000e+00 9.843160e-01
239 1.568400e-02 0.000000e+00 9.843160e-01
240 1.568400e-02 0.000000e+00 9.843160e-01
241 1.568400e-02 0.000000e+00 9.843160e-01
242 1.568400e-02 0.000000e+00 9.843160e-01
243 1.568400e-02 0.000000e+00 9.843160e-01
244 1.568400e-02 0.000000e+00 9.843160e-01
245 1.568400e-02 0.000000e+00 9.843160e-01
246 1.568400e-02 0.000000e+00 9.843160e-01
247 1.568400e-02 0.000000e+00 9.843160e-01
248 1.568400e-02 0.000000e+00 9.843160e-01
249 1.568400e-02 0.000000e+00 9.843160e-01
250 1.568400e-02 0.000000e+00 9.843160e-01
251 1.568400e-02 0.000000e+00 9.843160e-01
252 1.568400e-02 0.000000e+00 9.843160e-01
253 1.568400e-02 0.000000e+00 9.843160e-01
254 1.568400e-02 0.000000e+00 9.843160e-01
255 1.568400e-02 0.000000e+00 9.843160e-01
256 1.568400e-02 0.000000e+00 9.843160e-01
257 1.568400e-02 0.000000e+00 9.843160e-01
258 1.568400e-02 0.000000e+00 9.843160e-01
259 1.568400e-02 0.000000e+00 9.843160e-01
260 1.568400e-02 0.000000e+00 9.843160e-01
261 1.568400e-02 0.000000e+00 9.843160e-01
262 1.568400e-02 0.000000e+00 9.843160e-01
263 1.568400e-02 0.000000e+00 9.843160e-01
264 1.568400e-02 0.000000e+00 9.843160e-01
265 1.568400e-02 0.000000e+00 9.843160e-01
266 1.568400e-02 0.000000e+00 9.843160e-01
267 1.568400e-02 0.000000e+00 9.843160e-01
268 1.568400e-02 0.000000e+00 9.843160e-01
269 1.568400e-02 0.000000e+00 9.843160e-01
270 1.568400e-02 0.000000e+00 9.843160e-01
271 1.568400e-02 0.000000e+00 9.843160e-01
272 1.568400e-02 0.000000e+00 9.843160e-01
273 1.568400e-02 0.000000e+00 9.843160e-01
274 1.568400e-02 0.000000e+00 9.843160e-01
275 1.568400e-02 0.000000e+00 9.843160e-01
276 1.568400e-02 0.000000e+00 9.843160e-01
277 1.568400e-02 0.000000e+00 9.843160e-01
278 1.568400e-02 0.000000e+00 9.843160e-01
279 1.568400e-02 0.000000e+00 9.843160e-01
280 1.568400e-02 0.000000e+00 9.843160e-01
281 1.568400e-02 0.000000e+00 9.843160e-01
282 1.568400e-02 0.000000e+00 9.843160e-01
283 1.568400e-02 0.000000e+00 9.843160e-01
284 1.568400e-02 0.000000e+00 9.843160e-01
285 1.568400e-02 0.000000e+00 9.843160e-01
286 1.568400e-02 0.000000e+00 9.843160e-01
287 1.568400e-02 0.000000e+00 9.843160e-01
288 1.568400e-02 0.000000e+00 9.843160e-01
289 1.568400e-02 0.000000e+00 9.843160e-01
290 1.568400e-02 0.000000e+00 9.843160e-01
291 1.568400e-02 0.000000e+00 9.843160e-01
292 1.568400e-02 0.000000e+00 9.843160e-01
293 1.568400e-02 0.000000e+00 9.843160e-01
294 1.568400e-02 0.000000e+00 9.843160e-01
295 1.568400e-02 0.000000e+00 9.843160e-01
296 1.568400e-02 0.000000e+00 9.843160e-01
297 1.568400e-02 0.000000e+00 9.843160e-01
298 1.568400e-02 0.000000e+00 9.843160e-01
299 1.568400e-02 0.000000e+00 9.843160e-01
300 1.568400e-02 0.000000e+00 9.843160e-01
301 1.568400e-02 0.000000e+00 9.843160e-01
302 1.568400e-02 0.000000e+00 9.843160e-01
303 1.568400e-02 0.000000e+00 9.843160e-01
304 1.568400e-02 0.000000e+00 9.843160e-01
305 1.568400e-02 0.000000e+00 9.843160e-01
306 1.568400e-02 0.000000e+00 9.843160e-01
307 1.568400e-02 0.000000e+00 9.843160e-01
308 1.568400e-02 0.000000e+00 9.843160e-01
309 1.568400e-02 0.000000e+00 9.843160e-01
310 1.568400e-02 0.000000e+00 9.843160e-01
311 1.568400e-02 0.000000e+00 9.843160e-01
312 1.568400e-02 0.000000e+00 9.843160e-01
313 1.568400e-02 0.000000e+00 9.843160e-01
314 1.568400e-02 0.000000e+00 9.843160e-01
315 1.568400e-02 0.000000e+00 9.843160e-01
316 1.568400e-02 0.000000e+00 9.843160e-01
317 1.568400e-02 0.000000e+00 9.843160e-01
318 1.568400e-02 0.000000e+00 9.843160e-01
319 1.568400e-02 0.000000e+00 9.843160e-01
320 1.568400e-02 0.000000e+00 9.843160e-01
321 1.568400e-02 0.000000e+00 9.843160e-01
322 1.568400e-02 0.000000e+00 9.843160e-01
323 1.568400e-02 0.000000e+00 9.843160e-01
324 1.568400e-02 0.000000e+00 9.843160e-01
325 1.568400e-02 0.000000e+00 9.843160e-01
326 1.568400e-02 0.000000e+00 9.843160e-01
327 1.568400e-02 0.000000e+00 9.843160e-01
328 1.568400e-02 0.000000e+00 9.843160e-01
329 1.568400e-02 0.000000e+00 9.843160e-01
330 1.568400e-02 0.000000e+00 9.843160e-01
331 1.568400e-02 0.000000e+00 9.843160e-01
332 1.568400e-02 0.000000e+00 9.843160e-01
333 1.568400e-02 0.000000e+00 9.843160e-01
334 1.568400e-02 0.000000e+00 9.843160e-01
335 1.568400e-02 0.000000e+00 9.843160e-01
336 1.568400e-02 0.000000e+00 9.843160e-01
337 1.568400e-02 0.000000e+00 9.843160e-01
338 1.568400e-02 0.000000e+00 9.843160e-01
339 1.568400e-02 0.000000e+00 9.843160e-01
340 1.568400e-02 0.000000e+00 9.843160e-01
341 1.568400e-02 0.000000e+00 9.843160e-01
342 1.568400e-02 0.000000e+00 9.843160e-01
343 1.568400e-02 0.000000e+00 9.843160e-01
344 1.568400e-02 0.000000e+00 9.843160e-01
345 1.568400e-02 0.000000e+00 9.843160e-01
346 1.568400e-02 0.000000e+00 9.843160e-01
347 1.568400e-02 0.000000e+00 9.843160e-01
348 1.568400e-02 0.000000e+00 9.843160e-01
349 1.568400e-02 0.000000e+00 9.843160e-01
350 1.568400e-02 0.000000e+00 9.843160e-01
351 1.568400e-02 0.000000e+00 9.843160e-01
352 1.568400e-02 0.000000e+00 9.843160e-01
353 1.568400e-02 0.000000e+00 9.843160e-01
354 1.568400e-02 0.000000e+00 9.843160e-01
355 1.568400e-02 0.000000e+00 9.843160e-01
356 1.568400e-02 0.000000e+00 9.843160e-01
357 1.568400e-02 0.000000e+00 9.843160e-01
358 1.568400e-02 0.000000e+00 9.843160e-01
359 1.568400e-02 0.000000e+00 9.843160e-01
360 1.568400e-02 0.000000e+00 9.843160e-01
361 1.568400e-02 0.000000e+00 9.843160e-01
362 1.568400e-02 0.000000e+00 9.843160e-01
363 1.568400e-02 0.000000e+00 9.843160e-01
364 1.568400e-02 0.000000e+00 9.843160e-01
365 1.568400e-02 0.000000e+00 9.843160e-01
366 1.568400e-02 0.000000e+00 9.843160e-01
367 1.568400e-02 0.000000e+00 9.843160e-01
368 1.568400e-02 0.000000e+00 9.843160e-01
369 1.568400e-02 0.000000e+00 9.843160e-01
370 1.568400e-02 0.000000e+00 9.843160e-01
371 1.568400e-02 0.000000e+00 9.843160e-01
372 1.568400e-02 0.000000e+00 9.843160e-01
373 1.568400e-02 0.000000e+00 9.843160e-01
374 1.568400e-02 0.000000e+00 9.843160e-01
375 1.568400e-02 0.000000e+00 9.843160e-01
376 1.568400e-02 0.000000e+00 9.843160e-01
377 1.568400e-02 0.000000e+00 9.843160e-01
378 1.568400e-02 0.000000e+00 9.843160e-01
379 1.568400e-02 0.000000e+00 9.843160e-01
380 1.568400e-02 0.000000e+00 9.843160e-01
381 1.568400e-02 0.000000e+00 9.843160e-01
382 1.568400e-02 0.000000e+00 9.843160e-01
383 1.568400e-02 0.000000e+00 9.843160e-01
384 1.568400e-02 0.000000e+00 9.843160e-01
385 1.568400e-02 0.000000e+00 9.843160e-01
386 1.568400e-02 0.000000e+00 9.843160e-01
387 1.568400e-02 0.000000e+00 9.843160e-01
388 1.568400e-02 0.000000e+00 9.843160e-01
389 1.568400e-02 0.000000e+00 9.843160e-01
390 1.568400e-02 0.000000e+00 9.843160e-01
391 1.568400e-02 0.000000e+00 9.843160e-01
392 1.568400e-02 0.000000e+00 9.843160e-01
393 1.568400e-02 0.000000e+00 9.843160e-01
394 1.568400e-02 0.000000e+00 9.843160e-01
395 1.568400e-02 0.000000e+00 9.843160e-01
396 1.568400e-02 0.000000e+00 9.843160e-01
397 1.568400e-02 0.000000e+00 9.843160e-01
398 1.568400e-02 0.000000e+00 9.843160e-01
399 1.568400e-02 0.000000e+00 9.843160e-01
400 1.568400e-02 0.000000e+00 9.843160e-01
401 1.568400e-02 0.000000e+00 9.843160e-01
402 1.568400e-02 0.000000e+00 9.843160e-01
403 1.568400e-02 0.000000e+00 9.843160e-01
404 1.568400e-02 0.000000e+00 9.843160e-01
405 1.568400e-02 0.000000e+00 9.843160e-01
406 1.568400e-02 0.000000e+00 9.843160e-01
407 1.568400e-02 0.000000e+00 9.843160e-01
408 1.568400e-02 0.000000e+00 9.843160e-01
409 1.568400e-02 0.000000e+00 9.843160e-01
410 1.568400e-02 0.000000e+00 9.843160e-01
411 1.568400e-02 0.000000e+00 9.843160e-01
412 1.568400e-02 0.000000e+00 9.843160e-01
413 1.568400e-02 0.000000e+00 9.843160e-01
414 1.568400e-02 0.000000e+00 9.843160e-01
415 1.568400e-02 0.000000e+00 9.843160e-01
416 1.568400e-02 0.000000e+00 9.843160e-01
417 1.568400e-02 0.000000e+00 9.843160e-01
418 1.568400e-02 0.000000e+00 9.843160e-01
419 1.568400e-02 0.000000e+00 9.843160e-01
420 1.568400e-02 0.000000e+00 9.843160e-01
421 1.568400e-02 0.000000e+00 9.843160e-01
422 1.568400e-02 0.000000e+00 9.843160e-01
423 1.568400e-02 0.000000e+00 9.843160e-01
424 1.568400e-02 0.000000e+00 9.843160e-01
425 1.568400e-02 0.000000e+00 9.843160e-01
426 1.568400e-02 0.000000e+00 9.843160e-01
427 1.568400e-02 0.000000e+00 9.843160e-01
428 1.568400e-02 0.000000e+00 9.843160e-01
429 1.568400e-02 0.000000e+00 9.843160e-01
430 1.568400e-02 0.000000e+00 9.843160e-01
431 1.568400e-02 0.000000e+00 9.843160e-01
432 1.568400e-02 0.000000e+00 9.843160e-01
433 1.568400e-02 0.000000e+00 9.843160e-01
434 1.568400e-02 0.000000e+00 9.843160e-01
435 1.568400e-02 0.000000e+00 9.843160e-01
436 1.568400e-02 0.000000e+00 9.843160e-01
437 1.568400e-02 0.000000e+00 9.843160e-01
438 1.568400e-02 0.000000e+00 9.843160e-01
439 1.568400e-02 0.000000e+00 9.843160e-01
440 1.568400e-02 0.000000e+00 9.843160e-01
441 1.568400e-02 0.000000e+00 9.843160e-01
442 1.568400e-02 0.000000e+00 9.843160e-01
443 1.568400e-02 0.000000e+00 9.843160e-01
444 1.568400e-02 0.000000e+00 9.843160e-01
445 1.568400e-02 0.000000e+00 9.843160e-01
446 1.568400e-02 0.000000e+00 9.843160e-01
447 1.568400e-02 0.000000e+00 9.843160e-01
448 1.568400e-02 0.000000e+00 9.843160e-01
449 1.568400e-02 0.000000e+00 9.843160e-01
450 1.568400e-02 0.000000e+00 9.843160e-01
451 1.568400e-02 0.000000e+00 9.843160e-01
452 1.568400e-02 0.000000e+00 9.843160e-01
453 1.568400e-02 0.000000e+00 9.843160e-01
454 1.568400e-02 0.000000e+00 9.843160e-01
455 1.568400e-02 0.000000e+00 9.843160e-01
456 1.568400e-02 0.000000e+00 9.843160e-01
457 1.568400e-02 0.000000e+00 9.843160e-01
458 1.568400e-02 0.000000e+00 9.843160e-01
459 1.568400e-02 0.000000e+00 9.843160e-01
460 1.568400e-02 0.000000e+00 9.843160e-01
461 1.568400e-02 0.000000e+00 9.843160e-01
462 1.568400e-02 0.000000e+00 9.843160e-01
463 1.568400e-02 0.000000e+00 9.843160e-01
464 1.568400e-02 0.000000e+00 9.843160e-01
465 1.568400e-02 0.000000e+00 9.843160e-01
466 1.568400e-02 0.000000e+00 9.843160e-01
467 1.568400e-02 0.000000e+00 9.843160e-01
468 1.568400e-02 0.000000e+00 9.843160e-01
469 1.568400e-02 0.000000e+00 9.843160e-01
470 1.568400e-02 0.000000e+00 9.843160e-01
471 1.568400e-02 0.000000e+00 9.843160e-01
472 1.568400e-02 0.000000e+00 9.843160e-01
473 1.568400e-02 0.000000e+00 9.843160e-01
474 1.568400e-02 0.000000e+00 9.843160e-01
475 1.568400e-02 0.000000e+00 9.843160e-01
476 1.568400e-02 0.000000e+00 9.843160e-01
477 1.568400e-02 0.000000e+00 9.843160e-01
478 1.568400e-02 0.000000e+00 9.843160e-01
479 1.568400e-02 0.000000e+00 9.843160e-01
480 1.568400e-02 0.000000e+00 9.843160e-01
481 1.568400e-02 0.000000e+00 9.843160e-01
482 1.568400e-02 0.000000e+00 9.843160e-01
483 1.568400e-02 0.000000e+00 9.843160e-01
484 1.568400e-02 0.000000e+00 9.843160e-01
485 1.568400e-02 0.000000e+00 9.843160e-01
486 1.568400e-02 0.000000e+00 9.843160e-01
487 1.568400e-02 0.000000e+00 9.843160e-01
488 1.568400e-02 0.000000e+00 9.843160e-01
489 1.568400e-02 0.000000e+00 9.843160e-01
490 1.568400e-02 0.000000e+00 9.843160e-01
491 1.568400e-02 0.000000e+00 9.843160e-01
492 1.568400e-02 0.000000e+00 9.843160e-01
493 1.568400e-02 0.000000e+00 9.843160e-01
494 1.568400e-02 0.000000e+00 9.843160e-01
495 1.568400e-02 0.000000e+00 9.843160e-01
496 1.568400e-02 0.000000e+00 9.843160e-01
497 1.568400e-02 0.000000e+00 9.843160e-01
498 1.568400e-02 0.000000e+00 9.843160e-01
499 1.568400e-02 0.000000e+00 9.843160e-01
500 1.568400e-02 0.000000e+00 9.843160e-01
