1 9.991960e-01 7.280000e-04 7.600000e-05
2 9.984960e-01 1.232000e-03 2.720000e-04
3 9.973760e-01 2.092000e-03 5.320000e-04
4 9.956000e-01 3.380000e-03 1.020000e-03
5 9.929240e-01 5.352000e-03 1.724000e-03
6 9.894920e-01 7.720000e-03 2.788000e-03
7 9.846240e-01 1.086400e-02 4.512000e-03
8 9.789520e-01 1.414400e-02 6.904000e-03
9 9.716640e-01 1.870400e-02 9.632000e-03
10 9.633320e-01 2.343200e-02 1.323600e-02
11 9.536600e-01 2.851200e-02 1.782800e-02
12 9.418800e-01 3.473600e-02 2.338400e-02
13 9.288400e-01 4.138400e-02 2.977600e-02
14 9.137640e-01 4.844800e-02 3.778800e-02
15 8.971480e-01 5.592400e-02 4.692800e-02
16 8.795320e-01 6.297200e-02 5.749600e-02
17 8.605080e-01 7.039600e-02 6.909600e-02
18 8.403160e-01 7.774000e-02 8.194400e-02
19 8.193600e-01 8.432400e-02 9.631600e-02
20 7.968960e-01 9.139600e-02 1.117080e-01
21 7.726760e-01 9.954000e-02 1.277840e-01
22 7.475480e-01 1.062760e-01 1.461760e-01
23 7.218200e-01 1.132120e-01 1.649680e-01
24 6.948480e-01 1.201240e-01 1.850280e-01
25 6.676080e-01 1.262360e-01 2.061560e-01
26 6.400160e-01 1.313080e-01 2.286760e-01
27 6.129480e-01 1.348720e-01 2.521800e-01
28 5.861520e-01 1.378560e-01 2.759920e-01
29 5.595920e-01 1.401200e-01 3.002880e-01
30 5.328080e-01 1.420160e-01 3.251760e-01
31 5.069080e-01 1.428800e-01 3.502120e-01
32 4.811560e-01 1.435160e-01 3.753280e-01
33 4.554000e-01 1.439320e-01 4.006680e-01
34 4.304760e-01 1.433640e-01 4.261600e-01
35 4.051800e-01 1.437280e-01 4.510920e-01
36 3.807440e-01 1.432520e-01 4.760040e-01
37 3.563440e-01 1.423400e-01 5.013160e-01
38 3.328400e-01 1.407200e-01 5.264400e-01
39 3.104360e-01 1.390200e-01 5.505440e-01
40 2.884960e-01 1.364360e-01 5.750680e-01
41 2.668880e-01 1.340080e-01 5.991040e-01
42 2.464160e-01 1.315120e-01 6.220720e-01
43 2.273320e-01 1.282560e-01 6.444120e-01
44 2.086200e-01 1.245880e-01 6.667920e-01
45 1.914960e-01 1.202040e-01 6.883000e-01
46 1.755600e-01 1.155760e-01 7.088640e-01
47 1.594840e-01 1.114080e-01 7.291080e-01
48 1.449480e-01 1.069520e-01 7.481000e-01
49 1.313680e-01 1.022920e-01 7.663400e-01
50 1.187200e-01 9.724000e-02 7.840400e-01
51 1.064520e-01 9.306400e-02 8.004840e-01
52 9.521600e-02 8.827600e-02 8.165080e-01
53 8.483200e-02 8.354000e-02 8.316280e-01
54 7.526000e-02 7.888800e-02 8.458520e-01
55 6.632800e-02 7.455200e-02 8.591200e-01
56 5.824400e-02 7.013200e-02 8.716240e-01
57 5.118400e-02 6.541600e-02 8.834000e-01
58 4.500000e-02 6.050000e-02 8.945000e-01
59 3.968400e-02 5.536400e-02 9.049520e-01
60 3.541200e-02 5.031600e-02 9.142720e-01
61 3.160400e-02 4.586400e-02 9.225320e-01
62 2.842800e-02 4.151200e-02 9.300600e-01
63 2.604400e-02 3.685600e-02 9.371000e-01
64 2.384000e-02 3.298800e-02 9.431720e-01
65 2.216800e-02 2.939600e-02 9.484360e-01
66 2.078000e-02 2.596800e-02 9.532520e-01
67 1.971600e-02 2.264400e-02 9.576400e-01
68 1.868000e-02 1.984400e-02 9.614760e-01
69 1.802400e-02 1.726000e-02 9.647160e-01
70 1.743200e-02 1.527200e-02 9.672960e-01
71 1.694800e-02 1.320800e-02 9.698440e-01
72 1.650800e-02 1.130800e-02 9.721840e-01
73 1.617600e-02 9.824000e-03 9.740000e-01
74 1.589600e-02 8.424000e-03 9.756800e-01
75 1.567600e-02 7.200000e-03 9.771240e-01
76 1.554400e-02 6.080000e-03 9.783760e-01
77 1.544400e-02 5.204000e-03 9.793520e-01
78 1.536400e-02 4.412000e-03 9.802240e-01
79 1.527600e-02 3.848000e-03 9.808760e-01
80 1.521600e-02 3.292000e-03 9.814920e-01
81 1.517600e-02 2.864000e-03 9.819600e-01
82 1.515200e-02 2.408000e-03 9.824400e-01
83 1.514400e-02 1.992000e-03 9.828640e-01
84 1.512400e-02 1.672000e-03 9.832040e-01
85 1.511600e-02 1.376000e-03 9.835080e-01
86 1.511200e-02 1.156000e-03 9.837320e-01
87 1.510400e-02 9.920000e-04 9.839040e-01
88 1.510000e-02 8.400000e-04 9.840600e-01
89 1.508000e-02 7.120000e-04 9.842080e-01
90 1.508000e-02 5.720000e-04 9.843480e-01
91 1.508000e-02 4.760000e-04 9.844440e-01
92 1.508000e-02 3.880000e-04 9.845320e-01
93 1.507600e-02 3.360000e-04 9.845880e-01
94 1.507600e-02 2.720000e-04 9.846520e-01
95 1.507600e-02 2.360000e-04 9.846880e-01
96 1.507600e-02 2.080000e-04 9.847160e-01
97 1.507600e-02 1.920000e-04 9.847320e-01
98 1.507600e-02 1.600000e-04 9.847640e-01
99 1.507600e-02 1.280000e-04 9.847960e-01
100 1.507600e-02 1.120000e-04 9.848120e-01
101 1.507600e-02 8.400000e-05 9.848400e-01
102 1.507600e-02 7.600000e-05 9.848480e-01
103 1.507600e-02 6.800000e-05 9.848560e-01
104 1.507600e-02 6.400000e-05 9.848600e-01
105 1.507600e-02 5.600000e-05 9.848680e-01
106 1.507600e-02 4.800000e-05 9.848760e-01
107 1.507600e-02 4.800000e-05 9.848760e-01
108 1.507600e-02 4.400000e-05 9.848800e-01
109 1.507200e-02 3.600000e-05 9.848920e-01
110 1.507200e-02 3.600000e-05 9.848920e-01
111 1.507200e-02 3.200000e-05 9.848960e-01
112 1.507200e-02 2.000000e-05 9.849080e-01
113 1.507200e-02 2.000000e-05 9.849080e-01
114 1.507200e-02 2.000000e-05 9.849080e-01
115 1.507200e-02 1.600000e-05 9.849120e-01
116 1.507200e-02 1.600000e-05 9.849120e-01
117 1.507200e-02 1.600000e-05 9.849120e-01
118 1.507200e-02 8.000000e-06 9.849200e-01
119 1.507200e-02 8.000000e-06 9.849200e-01
120 1.507200e-02 8.000000e-06 9.849200e-01
121 1.507200e-02 8.000000e-06 9.849200e-01
122 1.507200e-02 8.000000e-06 9.849200e-01
123 1.507200e-02 8.000000e-06 9.849200e-01
124 1.507200e-02 8.000000e-06 9.849200e-01
125 1.507200e-02 8.000000e-06 9.849200e-01
126 1.507200e-02 8.000000e-06 9.849200e-01
127 1.507200e-02 8.000000e-06 9.849200e-01
128 1.507200e-02 4.000000e-06 9.849240e-01
129 1.507200e-02 4.000000e-06 9.849240e-01
130 1.507200e-02 4.000000e-06 9.849240e-01
131 1.507200e-02 4.000000e-06 9.849240e-01
132 1.507200e-02 4.000000e-06 9.849240e-01
133 1.507200e-02 4.000000e-06 9.849240e-01
134 1.507200e-02 4.000000e-06 9.849240e-01
135 1.507200e-02 4.000000e-06 9.849240e-01
136 1.507200e-02 0.000000e+00 9.849280e-01
137 1.507200e-02 0.000000e+00 9.849280e-01
138 1.507200e-02 0.000000e+00 9.849280e-01
139 1.507200e-02 0.000000e+00 9.849280e-01
140 1.507200e-02 0.000000e+00 9.849280e-01
141 1.507200e-02 0.000000e+00 9.849280e-01
142 1.507200e-02 0.000000e+00 9.849280e-01
143 1.507200e-02 0.000000e+00 9.849280e-01
144 1.507200e-02 0.000000e+00 9.849280e-01
145 1.507200e-02 0.000000e+00 9.849280e-01
146 1.507200e-02 0.000000e+00 9.849280e-01
147 1.507200e-02 0.000000e+00 9.849280e-01
148 1.507200e-02 0.000000e+00 9.849280e-01
149 1.507200e-02 0.000000e+00 9.849280e-01
150 1.507200e-02 0.000000e+00 9.849280e-01
151 1.507200e-02 0.000000e+00 9.849280e-01
152 1.507200e-02 0.000000e+00 9.849280e-01
153 1.507200e-02 0.000000e+00 9.849280e-01
154 1.507200e-02 0.000000e+00 9.849280e-01
155 1.507200e-02 0.000000e+00 9.849280e-01
156 1.507200e-02 0.000000e+00 9.849280e-01
157 1.507200e-02 0.000000e+00 9.849280e-01
158 1.507200e-02 0.000000e+00 9.849280e-01
159 1.507200e-02 0.000000e+00 9.849280e-01
160 1.507200e-02 0.000000e+00 9.849280e-01
161 1.507200e-02 0.000000e+00 9.849280e-01
162 1.507200e-02 0.000000e+00 9.849280e-01
163 1.507200e-02 0.000000e+00 9.849280e-01
164 1.507200e-02 0.000000e+00 9.849280e-01
165 1.507200e-02 0.000000e+00 9.849280e-01
166 1.507200e-02 0.000000e+00 9.849280e-01
167 1.507200e-02 0.000000e+00 9.849280e-01
168 1.507200e-02 0.000000e+00 9.849280e-01
169 1.507200e-02 0.000000e+00 9.849280e-01
170 1.507200e-02 0.000000e+00 9.849280e-01
171 1.507200e-02 0.000000e+00 9.849280e-01
172 1.507200e-02 0.000000e+00 9.849280e-01
173 1.507200e-02 0.000000e+00 9.849280e-01
174 1.507200e-02 0.000000e+00 9.849280e-01
175 1.507200e-02 0.000000e+00 9.849280e-01
176 1.507200e-02 0.000000e+00 9.849280e-01
177 1.507200e-02 0.000000e+00 9.849280e-01
178 1.507200e-02 0.000000e+00 9.849280e-01
179 1.507200e-02 0.000000e+00 9.849280e-01
180 1.507200e-02 0.000000e+00 9.849280e-01
181 1.507200e-02 0.000000e+00 9.849280e-01
182 1.507200e-02 0.000000e+00 9.849280e-01
183 1.507200e-02 0.000000e+00 9.849280e-01
184 1.507200e-02 0.000000e+00 9.849280e-01
185 1.507200e-02 0.000000e+00 9.849280e-01
186 1.507200e-02 0.000000e+00 9.849280e-01
187 1.507200e-02 0.000000e+00 9.849280e-01
188 1.507200e-02 0.000000e+00 9.849280e-01
189 1.507200e-02 0.000000e+00 9.849280e-01
190 1.507200e-02 0.000000e+00 9.849280e-01
191 1.507200e-02 0.000000e+00 9.849280e-01
192 1.507200e-02 0.000000e+00 9.849280e-01
193 1.507200e-02 0.000000e+00 9.849280e-01
194 1.507200e-02 0.000000e+00 9.849280e-01
195 1.507200e-02 0.000000e+00 9.849280e-01
196 1.507200e-02 0.000000e+00 9.849280e-01
197 1.507200e-02 0.000000e+00 9.849280e-01
198 1.507200e-02 0.000000e+00 9.849280e-01
199 1.507200e-02 0.000000e+00 9.849280e-01
200 1.507200e-02 0.000000e+00 9.849280e-01
201 1.507200e-02 0.000000e+00 9.849280e-01
202 1.507200e-02 0.000000e+00 9.849280e-01
203 1.507200e-02 0.000000e+00 9.849280e-01
204 1.507200e-02 0.000000e+00 9.849280e-01
205 1.507200e-02 0.000000e+00 9.849280e-01
206 1.507200e-02 0.000000e+00 9.849280e-01
207 1.507200e-02 0.000000e+00 9.849280e-01
208 1.507200e-02 0.000000e+00 9.849280e-01
209 1.507200e-02 0.000000e+00 9.849280e-01
210 1.507200e-02 0.000000e+00 9.849280e-01
211 1.507200e-02 0.000000e+00 9.849280e-01
212 1.507200e-02 0.000000e+00 9.849280e-01
213 1.507200e-02 0.000000e+00 9.849280e-01
214 1.507200e-02 0.000000e+00 9.849280e-01
215 1.507200e-02 0.000000e+00 9.849280e-01
216 1.507200e-02 0.000000e+00 9.849280e-01
217 1.507200e-02 0.000000e+00 9.849280e-01
218 1.507200e-02 0.000000e+00 9.849280e-01
219 1.507200e-02 0.000000e+00 9.849280e-01
220 1.507200e-02 0.000000e+00 9.849280e-01
221 1.507200e-02 0.000000e+00 9.849280e-01
222 1.507200e-02 0.000000e+00 9.849280e-01
223 1.507200e-02 0.000000e+00 9.849280e-01
224 1.507200e-02 0.000000e+00 9.849280e-01
225 1.507200e-02 0.000000e+00 9.849280e-01
226 1.507200e-02 0.000000e+00 9.849280e-01
227 1.507200e-02 0.000000e+00 9.849280e-01
228 1.507200e-02 0.000000e+00 9.849280e-01
229 1.507200e-02 0.000000e+00 9.849280e-01
230 1.507200e-02 0.000000e+00 9.849280e-01
231 1.507200e-02 0.000000e+00 9.849280e-01
232 1.507200e-02 0.000000e+00 9.849280e-01
233 1.507200e-02 0.000000e+00 9.849280e-01
234 1.507200e-02 0.000000e+00 9.849280e-01
235 1.507200e-02 0.000000e+00 9.849280e-01
236 1.507200e-02 0.000000e+00 9.849280e-01
237 1.507200e-02 0.000000e+00 9.849280e-01
238 1.507200e-02 0.000000e+00 9.849280e-01
239 1.507200e-02 0.000000e+00 9.849280e-01
240 1.507200e-02 0.000000e+00 9.849280e-01
241 1.507200e-02 0.000000e+00 9.849280e-01
242 1.507200e-02 0.000000e+00 9.849280e-01
243 1.507200e-02 0.000000e+00 9.849280e-01
244 1.507200e-02 0.000000e+00 9.849280e-01
245 1.507200e-02 0.000000e+00 9.849280e-01
246 1.507200e-02 0.000000e+00 9.849280e-01
247 1.507200e-02 0.000000e+00 9.849280e-01
248 1.507200e-02 0.000000e+00 9.849280e-01
249 1.507200e-02 0.000000e+00 9.849280e-01
250 1.507200e-02 0.000000e+00 9.849280e-01
251 1.507200e-02 0.000000e+00 9.849280e-01
252 1.507200e-02 0.000000e+00 9.849280e-01
253 1.507200e-02 0.000000e+00 9.849280e-01
254 1.507200e-02 0.000000e+00 9.849280e-01
255 1.507200e-02 0.000000e+00 9.849280e-01
256 1.507200e-02 0.000000e+00 9.849280e-01
257 1.507200e-02 0.000000e+00 9.849280e-01
258 1.507200e-02 0.000000e+00 9.849280e-01
259 1.507200e-02 0.000000e+00 9.849280e-01
260 1.507200e-02 0.000000e+00 9.849280e-01
261 1.507200e-02 0.000000e+00 9.849280e-01
262 1.507200e-02 0.000000e+00 9.849280e-01
263 1.507200e-02 0.000000e+00 9.849280e-01
264 1.507200e-02 0.000000e+00 9.849280e-01
265 1.507200e-02 0.000000e+00 9.849280e-01
266 1.507200e-02 0.000000e+00 9.849280e-01
267 1.507200e-02 0.000000e+00 9.849280e-01
268 1.507200e-02 0.000000e+00 9.849280e-01
269 1.507200e-02 0.000000e+00 9.849280e-01
270 1.507200e-02 0.000000e+00 9.849280e-01
271 1.507200e-02 0.000000e+00 9.849280e-01
272 1.507200e-02 0.000000e+00 9.849280e-01
273 1.507200e-02 0.000000e+00 9.849280e-01
274 1.507200e-02 0.000000e+00 9.849280e-01
275 1.507200e-02 0.000000e+00 9.849280e-01
276 1.507200e-02 0.000000e+00 9.849280e-01
277 1.507200e-02 0.000000e+00 9.849280e-01
278 1.507200e-02 0.000000e+00 9.849280e-01
279 1.507200e-02 0.000000e+00 9.849280e-01
280 1.507200e-02 0.000000e+00 9.849280e-01
281 1.507200e-02 0.000000e+00 9.849280e-01
282 1.507200e-02 0.000000e+00 9.849280e-01
283 1.507200e-02 0.000000e+00 9.849280e-01
284 1.507200e-02 0.000000e+00 9.849280e-01
285 1.507200e-02 0.000000e+00 9.849280e-01
286 1.507200e-02 0.000000e+00 9.849280e-01
287 1.507200e-02 0.000000e+00 9.849280e-01
288 1.507200e-02 0.000000e+00 9.849280e-01
289 1.507200e-02 0.000000e+00 9.849280e-01
290 1.507200e-02 0.000000e+00 9.849280e-01
291 1.507200e-02 0.000000e+00 9.849280e-01
292 1.507200e-02 0.000000e+00 9.849280e-01
293 1.507200e-02 0.000000e+00 9.849280e-01
294 1.507200e-02 0.000000e+00 9.849280e-01
295 1.507200e-02 0.000000e+00 9.849280e-01
296 1.507200e-02 0.000000e+00 9.849280e-01
297 1.507200e-02 0.000000e+00 9.849280e-01
298 1.507200e-02 0.000000e+00 9.849280e-01
299 1.507200e-02 0.000000e+00 9.849280e-01
300 1.507200e-02 0.000000e+00 9.849280e-01
301 1.507200e-02 0.000000e+00 9.849280e-01
302 1.507200e-02 0.000000e+00 9.849280e-01
303 1.507200e-02 0.000000e+00 9.849280e-01
304 1.507200e-02 0.000000e+00 9.849280e-01
305 1.507200e-02 0.000000e+00 9.849280e-01
306 1.507200e-02 0.000000e+00 9.849280e-01
307 1.507200e-02 0.000000e+00 9.849280e-01
308 1.507200e-02 0.000000e+00 9.849280e-01
309 1.507200e-02 0.000000e+00 9.849280e-01
310 1.507200e-02 0.000000e+00 9.849280e-01
311 1.507200e-02 0.000000e+00 9.849280e-01
312 1.507200e-02 0.000000e+00 9.849280e-01
313 1.507200e-02 0.000000e+00 9.849280e-01
314 1.507200e-02 0.000000e+00 9.849280e-01
315 1.507200e-02 0.000000e+00 9.849280e-01
316 1.507200e-02 0.000000e+00 9.849280e-01
317 1.507200e-02 0.000000e+00 9.849280e-01
318 1.507200e-02 0.000000e+00 9.849280e-01
319 1.507200e-02 0.000000e+00 9.849280e-01
320 1.507200e-02 0.000000e+00 9.849280e-01
321 1.507200e-02 0.000000e+00 9.849280e-01
322 1.507200e-02 0.000000e+00 9.849280e-01
323 1.507200e-02 0.000000e+00 9.849280e-01
324 1.507200e-02 0.000000e+00 9.849280e-01
325 1.507200e-02 0.000000e+00 9.849280e-01
326 1.507200e-02 0.000000e+00 9.849280e-01
327 1.507200e-02 0.000000e+00 9.849280e-01
328 1.507200e-02 0.000000e+00 9.849280e-01
329 1.507200e-02 0.000000e+00 9.849280e-01
330 1.507200e-02 0.000000e+00 9.849280e-01
331 1.507200e-02 0.000000e+00 9.849280e-01
332 1.507200e-02 0.000000e+00 9.849280e-01
333 1.507200e-02 0.000000e+00 9.849280e-01
334 1.507200e-02 0.000000e+00 9.849280e-01
335 1.507200e-02 0.000000e+00 9.849280e-01
336 1.507200e-02 0.000000e+00 9.849280e-01
337 1.507200e-02 0.000000e+00 9.849280e-01
338 1.507200e-02 0.000000e+00 9.849280e-01
339 1.507200e-02 0.000000e+00 9.849280e-01
340 1.507200e-02 0.000000e+00 9.849280e-01
341 1.507200e-02 0.000000e+00 9.849280e-01
342 1.507200e-02 0.000000e+00 9.849280e-01
343 1.507200e-02 0.000000e+00 9.849280e-01
344 1.507200e-02 0.000000e+00 9.849280e-01
345 1.507200e-02 0.000000e+00 9.849280e-01
346 1.507200e-02 0.000000e+00 9.849280e-01
347 1.507200e-02 0.000000e+00 9.849280e-01
348 1.507200e-02 0.000000e+00 9.849280e-01
349 1.507200e-02 0.000000e+00 9.849280e-01
350 1.507200e-02 0.000000e+00 9.849280e-01
351 1.507200e-02 0.000000e+00 9.849280e-01
352 1.507200e-02 0.000000e+00 9.849280e-01
353 1.507200e-02 0.000000e+00 9.849280e-01
354 1.507200e-02 0.000000e+00 9.849280e-01
355 1.507200e-02 0.000000e+00 9.849280e-01
356 1.507200e-02 0.000000e+00 9.849280e-01
357 1.507200e-02 0.000000e+00 9.849280e-01
358 1.507200e-02 0.000000e+00 9.849280e-01
359 1.507200e-02 0.000000e+00 9.849280e-01
360 1.507200e-02 0.000000e+00 9.849280e-01
361 1.507200e-02 0.000000e+00 9.849280e-01
362 1.507200e-02 0.000000e+00 9.849280e-01
363 1.507200e-02 0.000000e+00 9.849280e-01
364 1.507200e-02 0.000000e+00 9.849280e-01
365 1.507200e-02 0.000000e+00 9.849280e-01
366 1.507200e-02 0.000000e+00 9.849280e-01
367 1.507200e-02 0.000000e+00 9.849280e-01
368 1.507200e-02 0.000000e+00 9.849280e-01
369 1.507200e-02 0.000000e+00 9.849280e-01
370 1.507200e-02 0.000000e+00 9.849280e-01
371 1.507200e-02 0.000000e+00 9.849280e-01
372 1.507200e-02 0.000000e+00 9.849280e-01
373 1.507200e-02 0.000000e+00 9.849280e-01
374 1.507200e-02 0.000000e+00 9.849280e-01
375 1.507200e-02 0.000000e+00 9.849280e-01
376 1.507200e-02 0.000000e+00 9.849280e-01
377 1.507200e-02 0.000000e+00 9.849280e-01
378 1.507200e-02 0.000000e+00 9.849280e-01
379 1.507200e-02 0.000000e+00 9.849280e-01
380 1.507200e-02 0.000000e+00 9.849280e-01
381 1.507200e-02 0.000000e+00 9.849280e-01
382 1.507200e-02 0.000000e+00 9.849280e-01
383 1.507200e-02 0.000000e+00 9.849280e-01
384 1.507200e-02 0.000000e+00 9.849280e-01
385 1.507200e-02 0.000000e+00 9.849280e-01
386 1.507200e-02 0.000000e+00 9.849280e-01
387 1.507200e-02 0.000000e+00 9.849280e-01
388 1.507200e-02 0.000000e+00 9.849280e-01
389 1.507200e-02 0.000000e+00 9.849280e-01
390 1.507200e-02 0.000000e+00 9.849280e-01
391 1.507200e-02 0.000000e+00 9.849280e-01
392 1.507200e-02 0.000000e+00 9.849280e-01
393 1.507200e-02 0.000000e+00 9.849280e-01
394 1.507200e-02 0.000000e+00 9.849280e-01
395 1.507200e-02 0.000000e+00 9.849280e-01
396 1.507200e-02 0.000000e+00 9.849280e-01
397 1.507200e-02 0.000000e+00 9.849280e-01
398 1.507200e-02 0.000000e+00 9.849280e-01
399 1.507200e-02 0.000000e+00 9.849280e-01
400 1.507200e-02 0.000000e+00 9.849280e-01
401 1.507200e-02 0.000000e+00 9.849280e-01
402 1.507200e-02 0.000000e+00 9.849280e-01
403 1.507200e-02 0.000000e+00 9.849280e-01
404 1.507200e-02 0.000000e+00 9.849280e-01
405 1.507200e-02 0.000000e+00 9.849280e-01
406 1.507200e-02 0.000000e+00 9.849280e-01
407 1.507200e-02 0.000000e+00 9.849280e-01
408 1.507200e-02 0.000000e+00 9.849280e-01
409 1.507200e-02 0.000000e+00 9.849280e-01
410 1.507200e-02 0.000000e+00 9.849280e-01
411 1.507200e-02 0.000000e+00 9.849280e-01
412 1.507200e-02 0.000000e+00 9.849280e-01
413 1.507200e-02 0.000000e+00 9.849280e-01
414 1.507200e-02 0.000000e+00 9.849280e-01
415 1.507200e-02 0.000000e+00 9.849280e-01
416 1.507200e-02 0.000000e+00 9.849280e-01
417 1.507200e-02 0.000000e+00 9.849280e-01
418 1.507200e-02 0.000000e+00 9.849280e-01
419 1.507200e-02 0.000000e+00 9.849280e-01
420 1.507200e-02 0.000000e+00 9.849280e-01
421 1.507200e-02 0.000000e+00 9.849280e-01
422 1.507200e-02 0.000000e+00 9.849280e-01
423 1.507200e-02 0.000000e+00 9.849280e-01
424 1.507200e-02 0.000000e+00 9.849280e-01
425 1.507200e-02 0.000000e+00 9.849280e-01
426 1.507200e-02 0.000000e+00 9.849280e-01
427 1.507200e-02 0.000000e+00 9.849280e-01
428 1.507200e-02 0.000000e+00 9.849280e-01
429 1.507200e-02 0.000000e+00 9.849280e-01
430 1.507200e-02 0.000000e+00 9.849280e-01
431 1.507200e-02 0.000000e+00 9.849280e-01
432 1.507200e-02 0.000000e+00 9.849280e-01
433 1.507200e-02 0.000000e+00 9.849280e-01
434 1.507200e-02 0.000000e+00 9.849280e-01
435 1.507200e-02 0.000000e+00 9.849280e-01
436 1.507200e-02 0.000000e+00 9.849280e-01
437 1.507200e-02 0.000000e+00 9.849280e-01
438 1.507200e-02 0.000000e+00 9.849280e-01
439 1.507200e-02 0.000000e+00 9.849280e-01
440 1.507200e-02 0.000000e+00 9.849280e-01
441 1.507200e-02 0.000000e+00 9.849280e-01
442 1.507200e-02 0.000000e+00 9.849280e-01
443 1.507200e-02 0.000000e+00 9.849280e-01
444 1.507200e-02 0.000000e+00 9.849280e-01
445 1.507200e-02 0.000000e+00 9.849280e-01
446 1.507200e-02 0.000000e+00 9.849280e-01
447 1.507200e-02 0.000000e+00 9.849280e-01
448 1.507200e-02 0.000000e+00 9.849280e-01
449 1.507200e-02 0.000000e+00 9.849280e-01
450 1.507200e-02 0.000000e+00 9.849280e-01
451 1.507200e-02 0.000000e+00 9.849280e-01
452 1.507200e-02 0.000000e+00 9.849280e-01
453 1.507200e-02 0.000000e+00 9.849280e-01
454 1.507200e-02 0.000000e+00 9.849280e-01
455 1.507200e-02 0.000000e+00 9.849280e-01
456 1.507200e-02 0.000000e+00 9.849280e-01
457 1.507200e-02 0.000000e+00 9.849280e-01
458 1.507200e-02 0.000000e+00 9.849280e-01
459 1.507200e-02 0.000000e+00 9.849280e-01
460 1.507200e-02 0.000000e+00 9.849280e-01
461 1.507200e-02 0.000000e+00 9.849280e-01
462 1.507200e-02 0.000000e+00 9.849280e-01
463 1.507200e-02 0.000000e+00 9.849280e-01
464 1.507200e-02 0.000000e+00 9.849280e-01
465 1.507200e-02 0.000000e+00 9.849280e-01
466 1.507200e-02 0.000000e+00 9.849280e-01
467 1.507200e-02 0.000000e+00 9.849280e-01
468 1.507200e-02 0.000000e+00 9.849280e-01
469 1.507200e-02 0.000000e+00 9.849280e-01
470 1.507200e-02 0.000000e+00 9.849280e-01
471 1.507200e-02 0.000000e+00 9.849280e-01
472 1.507200e-02 0.000000e+00 9.849280e-01
473 1.507200e-02 0.000000e+00 9.849280e-01
474 1.507200e-02 0.000000e+00 9.849280e-01
475 1.507200e-02 0.000000e+00 9.849280e-01
476 1.507200e-02 0.000000e+00 9.849280e-01
477 1.507200e-02 0.000000e+00 9.849280e-01
478 1.507200e-02 0.000000e+00 9.849280e-01
479 1.507200e-02 0.000000e+00 9.849280e-01
480 1.507200e-02 0.000000e+00 9.849280e-01
481 1.507200e-02 0.000000e+00 9.849280e-01
482 1.507200e-02 0.000000e+00 9.849280e-01
483 1.507200e-02 0.000000e+00 9.849280e-01
484 1.507200e-02 0.000000e+00 9.849280e-01
485 1.507200e-02 0.000000e+00 9.849280e-01
486 1.507200e-02 0.000000e+00 9.849280e-01
487 1.507200e-02 0.000000e+00 9.849280e-01
488 1.507200e-02 0.000000e+00 9.849280e-01
489 1.507200e-02 0.000000e+00 9.849280e-01
490 1.507200e-02 0.000000e+00 9.849280e-01
491 1.507200e-02 0.000000e+00 9.849280e-01
492 1.507200e-02 0.000000e+00 9.849280e-01
493 1.507200e-02 0.000000e+00 9.849280e-01
494 1.507200e-02 0.000000e+00 9.849280e-01
495 1.507200e-02 0.000000e+00 9.849280e-01
496 1.507200e-02 0.000000e+00 9.849280e-01
497 1.507200e-02 0.000000e+00 9.849280e-01
498 1.507200e-02 0.000000e+00 9.849280e-01
499 1.507200e-02 0.000000e+00 9.849280e-01
500 1.507200e-02 0.000000e+00 9.849280e-01
