1 9.991840e-01 7.000000e-04 1.160000e-04
2 9.985800e-01 1.124000e-03 2.960000e-04
3 9.974480e-01 1.976000e-03 5.760000e-04
4 9.960400e-01 2.976000e-03 9.840000e-04
5 9.939000e-01 4.476000e-03 1.624000e-03
6 9.907480e-01 6.708000e-03 2.544000e-03
7 9.868680e-01 9.204000e-03 3.928000e-03
8 9.821320e-01 1.210000e-02 5.768000e-03
9 9.766560e-01 1.530400e-02 8.040000e-03
10 9.694640e-01 1.936400e-02 1.117200e-02
11 9.613120e-01 2.385200e-02 1.483600e-02
12 9.520240e-01 2.873200e-02 1.924400e-02
13 9.416240e-01 3.348400e-02 2.489200e-02
14 9.301880e-01 3.875600e-02 3.105600e-02
15 9.174080e-01 4.402800e-02 3.856400e-02
16 9.032320e-01 4.960000e-02 4.716800e-02
17 8.882720e-01 5.539600e-02 5.633200e-02
18 8.720040e-01 6.153600e-02 6.646000e-02
19 8.545640e-01 6.733200e-02 7.810400e-02
20 8.363000e-01 7.336400e-02 9.033600e-02
21 8.169560e-01 7.912800e-02 1.039160e-01
22 7.959640e-01 8.616800e-02 1.178680e-01
23 7.735880e-01 9.285200e-02 1.335600e-01
24 7.505240e-01 9.890800e-02 1.505680e-01
25 7.274920e-01 1.038400e-01 1.686680e-01
26 7.035840e-01 1.091520e-01 1.872640e-01
27 6.791280e-01 1.145000e-01 2.063720e-01
28 6.542520e-01 1.187560e-01 2.269920e-01
29 6.292840e-01 1.230240e-01 2.476920e-01
30 6.035640e-01 1.268120e-01 2.696240e-01
31 5.778960e-01 1.301200e-01 2.919840e-01
32 5.528160e-01 1.321000e-01 3.150840e-01
33 5.278360e-01 1.339520e-01 3.382120e-01
34 5.028360e-01 1.354240e-01 3.617400e-01
35 4.786520e-01 1.357200e-01 3.856280e-01
36 4.540360e-01 1.366080e-01 4.093560e-01
37 4.300960e-01 1.364440e-01 4.334600e-01
38 4.070440e-01 1.358360e-01 4.571200e-01
39 3.845800e-01 1.350080e-01 4.804120e-01
40 3.627800e-01 1.326640e-01 5.045560e-01
41 3.432240e-01 1.291520e-01 5.276240e-01
42 3.237160e-01 1.261680e-01 5.501160e-01
43 3.041160e-01 1.241320e-01 5.717520e-01
44 2.853200e-01 1.214400e-01 5.932400e-01
45 2.673560e-01 1.182240e-01 6.144200e-01
46 2.498640e-01 1.150200e-01 6.351160e-01
47 2.330040e-01 1.118960e-01 6.551000e-01
48 2.177560e-01 1.075120e-01 6.747320e-01
49 2.026840e-01 1.041440e-01 6.931720e-01
50 1.888760e-01 9.987200e-02 7.112520e-01
51 1.754800e-01 9.657600e-02 7.279440e-01
52 1.632360e-01 9.196400e-02 7.448000e-01
53 1.518360e-01 8.738400e-02 7.607800e-01
54 1.409160e-01 8.322400e-02 7.758600e-01
55 1.302680e-01 7.934000e-02 7.903920e-01
56 1.205640e-01 7.547600e-02 8.039600e-01
57 1.110440e-01 7.204000e-02 8.169160e-01
58 1.021960e-01 6.829200e-02 8.295120e-01
59 9.404800e-02 6.462000e-02 8.413320e-01
60 8.617600e-02 6.160000e-02 8.522240e-01
61 7.882000e-02 5.814400e-02 8.630360e-01
62 7.192000e-02 5.503200e-02 8.730480e-01
63 6.558000e-02 5.166400e-02 8.827560e-01
64 6.008400e-02 4.857600e-02 8.913400e-01
65 5.472000e-02 4.576000e-02 8.995200e-01
66 4.996000e-02 4.298000e-02 9.070600e-01
67 4.560000e-02 3.996800e-02 9.144320e-01
68 4.188000e-02 3.685600e-02 9.212640e-01
69 3.868000e-02 3.372400e-02 9.275960e-01
70 3.569600e-02 3.110400e-02 9.332000e-01
71 3.316000e-02 2.849600e-02 9.383440e-01
72 3.090400e-02 2.595200e-02 9.431440e-01
73 2.866800e-02 2.412000e-02 9.472120e-01
74 2.668400e-02 2.196400e-02 9.513520e-01
75 2.502800e-02 1.997200e-02 9.550000e-01
76 2.375600e-02 1.799600e-02 9.582480e-01
77 2.262400e-02 1.608800e-02 9.612880e-01
78 2.158400e-02 1.427600e-02 9.641400e-01
79 2.068400e-02 1.297600e-02 9.663400e-01
80 1.990800e-02 1.157200e-02 9.685200e-01
81 1.916000e-02 1.031600e-02 9.705240e-01
82 1.863600e-02 9.120000e-03 9.722440e-01
83 1.813600e-02 8.044000e-03 9.738200e-01
84 1.767600e-02 7.188000e-03 9.751360e-01
85 1.734400e-02 6.404000e-03 9.762520e-01
86 1.707600e-02 5.624000e-03 9.773000e-01
87 1.687200e-02 4.924000e-03 9.782040e-01
88 1.667600e-02 4.284000e-03 9.790400e-01
89 1.653600e-02 3.748000e-03 9.797160e-01
90 1.646000e-02 3.280000e-03 9.802600e-01
91 1.638800e-02 2.708000e-03 9.809040e-01
92 1.636400e-02 2.272000e-03 9.813640e-01
93 1.629600e-02 1.952000e-03 9.817520e-01
94 1.625200e-02 1.716000e-03 9.820320e-01
95 1.621200e-02 1.512000e-03 9.822760e-01
96 1.620400e-02 1.204000e-03 9.825920e-01
97 1.619200e-02 9.960000e-04 9.828120e-01
98 1.618000e-02 8.400000e-04 9.829800e-01
99 1.616400e-02 7.120000e-04 9.831240e-01
100 1.615200e-02 6.360000e-04 9.832120e-01
101 1.614800e-02 5.560000e-04 9.832960e-01
102 1.614400e-02 4.680000e-04 9.833880e-01
103 1.614000e-02 4.000000e-04 9.834600e-01
104 1.613600e-02 3.160000e-04 9.835480e-01
105 1.613600e-02 2.640000e-04 9.836000e-01
106 1.612800e-02 2.280000e-04 9.836440e-01
107 1.612800e-02 1.880000e-04 9.836840e-01
108 1.612000e-02 1.680000e-04 9.837120e-01
109 1.612000e-02 1.360000e-04 9.837440e-01
110 1.612000e-02 1.000000e-04 9.837800e-01
111 1.612000e-02 8.800000e-05 9.837920e-01
112 1.612000e-02 8.000000e-05 9.838000e-01
113 1.612000e-02 7.200000e-05 9.838080e-01
114 1.612000e-02 6.400000e-05 9.838160e-01
115 1.612000e-02 6.000000e-05 9.838200e-01
116 1.612000e-02 5.200000e-05 9.838280e-01
117 1.612000e-02 4.800000e-05 9.838320e-01
118 1.612000e-02 4.000000e-05 9.838400e-01
119 1.612000e-02 3.200000e-05 9.838480e-01
120 1.612000e-02 2.000000e-05 9.838600e-01
121 1.612000e-02 1.600000e-05 9.838640e-01
122 1.612000e-02 1.600000e-05 9.838640e-01
123 1.612000e-02 8.000000e-06 9.838720e-01
124 1.612000e-02 4.000000e-06 9.838760e-01
125 1.612000e-02 4.000000e-06 9.838760e-01
126 1.612000e-02 4.000000e-06 9.838760e-01
127 1.612000e-02 4.000000e-06 9.838760e-01
128 1.612000e-02 4.000000e-06 9.838760e-01
129 1.612000e-02 4.000000e-06 9.838760e-01
130 1.612000e-02 4.000000e-06 9.838760e-01
131 1.612000e-02 4.000000e-06 9.838760e-01
132 1.612000e-02 4.000000e-06 9.838760e-01
133 1.612000e-02 4.000000e-06 9.838760e-01
134 1.612000e-02 4.000000e-06 9.838760e-01
135 1.612000e-02 4.000000e-06 9.838760e-01
136 1.612000e-02 4.000000e-06 9.838760e-01
137 1.612000e-02 4.000000e-06 9.838760e-01
138 1.612000e-02 4.000000e-06 9.838760e-01
139 1.612000e-02 4.000000e-06 9.838760e-01
140 1.612000e-02 0.000000e+00 9.838800e-01
141 1.612000e-02 0.000000e+00 9.838800e-01
142 1.612000e-02 0.000000e+00 9.838800e-01
143 1.612000e-02 0.000000e+00 9.838800e-01
144 1.612000e-02 0.000000e+00 9.838800e-01
145 1.612000e-02 0.000000e+00 9.838800e-01
146 1.612000e-02 0.000000e+00 9.838800e-01
147 1.612000e-02 0.000000e+00 9.838800e-01
148 1.612000e-02 0.000000e+00 9.838800e-01
149 1.612000e-02 0.000000e+00 9.838800e-01
150 1.612000e-02 0.000000e+00 9.838800e-01
151 1.612000e-02 0.000000e+00 9.838800e-01
152 1.612000e-02 0.000000e+00 9.838800e-01
153 1.612000e-02 0.000000e+00 9.838800e-01
154 1.612000e-02 0.000000e+00 9.838800e-01
155 1.612000e-02 0.000000e+00 9.838800e-01
156 1.612000e-02 0.000000e+00 9.838800e-01
157 1.612000e-02 0.000000e+00 9.838800e-01
158 1.612000e-02 0.000000e+00 9.838800e-01
159 1.612000e-02 0.000000e+00 9.838800e-01
160 1.612000e-02 0.000000e+00 9.838800e-01
161 1.612000e-02 0.000000e+00 9.838800e-01
162 1.612000e-02 0.000000e+00 9.838800e-01
163 1.612000e-02 0.000000e+00 9.838800e-01
164 1.612000e-02 0.000000e+00 9.838800e-01
165 1.612000e-02 0.000000e+00 9.838800e-01
166 1.612000e-02 0.000000e+00 9.838800e-01
167 1.612000e-02 0.000000e+00 9.838800e-01
168 1.612000e-02 0.000000e+00 9.838800e-01
169 1.612000e-02 0.000000e+00 9.838800e-01
170 1.612000e-02 0.000000e+00 9.838800e-01
171 1.612000e-02 0.000000e+00 9.838800e-01
172 1.612000e-02 0.000000e+00 9.838800e-01
173 1.612000e-02 0.000000e+00 9.838800e-01
174 1.612000e-02 0.000000e+00 9.838800e-01
175 1.612000e-02 0.000000e+00 9.838800e-01
176 1.612000e-02 0.000000e+00 9.838800e-01
177 1.612000e-02 0.000000e+00 9.838800e-01
178 1.612000e-02 0.000000e+00 9.838800e-01
179 1.612000e-02 0.000000e+00 9.838800e-01
180 1.612000e-02 0.000000e+00 9.838800e-01
181 1.612000e-02 0.000000e+00 9.838800e-01
182 1.612000e-02 0.000000e+00 9.838800e-01
183 1.612000e-02 0.000000e+00 9.838800e-01
184 1.612000e-02 0.000000e+00 9.838800e-01
185 1.612000e-02 0.000000e+00 9.838800e-01
186 1.612000e-02 0.000000e+00 9.838800e-01
187 1.612000e-02 0.000000e+00 9.838800e-01
188 1.612000e-02 0.000000e+00 9.838800e-01
189 1.612000e-02 0.000000e+00 9.838800e-01
190 1.612000e-02 0.000000e+00 9.838800e-01
191 1.612000e-02 0.000000e+00 9.838800e-01
192 1.612000e-02 0.000000e+00 9.838800e-01
193 1.612000e-02 0.000000e+00 9.838800e-01
194 1.612000e-02 0.000000e+00 9.838800e-01
195 1.612000e-02 0.000000e+00 9.838800e-01
196 1.612000e-02 0.000000e+00 9.838800e-01
197 1.612000e-02 0.000000e+00 9.838800e-01
198 1.612000e-02 0.000000e+00 9.838800e-01
199 1.612000e-02 0.000000e+00 9.838800e-01
200 1.612000e-02 0.000000e+00 9.838800e-01
201 1.612000e-02 0.000000e+00 9.838800e-01
202 1.612000e-02 0.000000e+00 9.838800e-01
203 1.612000e-02 0.000000e+00 9.838800e-01
204 1.612000e-02 0.000000e+00 9.838800e-01
205 1.612000e-02 0.000000e+00 9.838800e-01
206 1.612000e-02 0.000000e+00 9.838800e-01
207 1.612000e-02 0.000000e+00 9.838800e-01
208 1.612000e-02 0.000000e+00 9.838800e-01
209 1.612000e-02 0.000000e+00 9.838800e-01
210 1.612000e-02 0.000000e+00 9.838800e-01
211 1.612000e-02 0.000000e+00 9.838800e-01
212 1.612000e-02 0.000000e+00 9.838800e-01
213 1.612000e-02 0.000000e+00 9.838800e-01
214 1.612000e-02 0.000000e+00 9.838800e-01
215 1.612000e-02 0.000000e+00 9.838800e-01
216 1.612000e-02 0.000000e+00 9.838800e-01
217 1.612000e-02 0.000000e+00 9.838800e-01
218 1.612000e-02 0.000000e+00 9.838800e-01
219 1.612000e-02 0.000000e+00 9.838800e-01
220 1.612000e-02 0.000000e+00 9.838800e-01
221 1.612000e-02 0.000000e+00 9.838800e-01
222 1.612000e-02 0.000000e+00 9.838800e-01
223 1.612000e-02 0.000000e+00 9.838800e-01
224 1.612000e-02 0.000000e+00 9.838800e-01
225 1.612000e-02 0.000000e+00 9.838800e-01
226 1.612000e-02 0.000000e+00 9.838800e-01
227 1.612000e-02 0.000000e+00 9.838800e-01
228 1.612000e-02 0.000000e+00 9.838800e-01
229 1.612000e-02 0.000000e+00 9.838800e-01
230 1.612000e-02 0.000000e+00 9.838800e-01
231 1.612000e-02 0.000000e+00 9.838800e-01
232 1.612000e-02 0.000000e+00 9.838800e-01
233 1.612000e-02 0.000000e+00 9.838800e-01
234 1.612000e-02 0.000000e+00 9.838800e-01
235 1.612000e-02 0.000000e+00 9.838800e-01
236 1.612000e-02 0.000000e+00 9.838800e-01
237 1.612000e-02 0.000000e+00 9.838800e-01
238 1.612000e-02 0.000000e+00 9.838800e-01
239 1.612000e-02 0.000000e+00 9.838800e-01
240 1.612000e-02 0.000000e+00 9.838800e-01
241 1.612000e-02 0.000000e+00 9.838800e-01
242 1.612000e-02 0.000000e+00 9.838800e-01
243 1.612000e-02 0.000000e+00 9.838800e-01
244 1.612000e-02 0.000000e+00 9.838800e-01
245 1.612000e-02 0.000000e+00 9.838800e-01
246 1.612000e-02 0.000000e+00 9.838800e-01
247 1.612000e-02 0.000000e+00 9.838800e-01
248 1.612000e-02 0.000000e+00 9.838800e-01
249 1.612000e-02 0.000000e+00 9.838800e-01
250 1.612000e-02 0.000000e+00 9.838800e-01
251 1.612000e-02 0.000000e+00 9.838800e-01
252 1.612000e-02 0.000000e+00 9.838800e-01
253 1.612000e-02 0.000000e+00 9.838800e-01
254 1.612000e-02 0.000000e+00 9.838800e-01
255 1.612000e-02 0.000000e+00 9.838800e-01
256 1.612000e-02 0.000000e+00 9.838800e-01
257 1.612000e-02 0.000000e+00 9.838800e-01
258 1.612000e-02 0.000000e+00 9.838800e-01
259 1.612000e-02 0.000000e+00 9.838800e-01
260 1.612000e-02 0.000000e+00 9.838800e-01
261 1.612000e-02 0.000000e+00 9.838800e-01
262 1.612000e-02 0.000000e+00 9.838800e-01
263 1.612000e-02 0.000000e+00 9.838800e-01
264 1.612000e-02 0.000000e+00 9.838800e-01
265 1.612000e-02 0.000000e+00 9.838800e-01
266 1.612000e-02 0.000000e+00 9.838800e-01
267 1.612000e-02 0.000000e+00 9.838800e-01
268 1.612000e-02 0.000000e+00 9.838800e-01
269 1.612000e-02 0.000000e+00 9.838800e-01
270 1.612000e-02 0.000000e+00 9.838800e-01
271 1.612000e-02 0.000000e+00 9.838800e-01
272 1.612000e-02 0.000000e+00 9.838800e-01
273 1.612000e-02 0.000000e+00 9.838800e-01
274 1.612000e-02 0.000000e+00 9.838800e-01
275 1.612000e-02 0.000000e+00 9.838800e-01
276 1.612000e-02 0.000000e+00 9.838800e-01
277 1.612000e-02 0.000000e+00 9.838800e-01
278 1.612000e-02 0.000000e+00 9.838800e-01
279 1.612000e-02 0.000000e+00 9.838800e-01
280 1.612000e-02 0.000000e+00 9.838800e-01
281 1.612000e-02 0.000000e+00 9.838800e-01
282 1.612000e-02 0.000000e+00 9.838800e-01
283 1.612000e-02 0.000000e+00 9.838800e-01
284 1.612000e-02 0.000000e+00 9.838800e-01
285 1.612000e-02 0.000000e+00 9.838800e-01
286 1.612000e-02 0.000000e+00 9.838800e-01
287 1.612000e-02 0.000000e+00 9.838800e-01
288 1.612000e-02 0.000000e+00 9.838800e-01
289 1.612000e-02 0.000000e+00 9.838800e-01
290 1.612000e-02 0.000000e+00 9.838800e-01
291 1.612000e-02 0.000000e+00 9.838800e-01
292 1.612000e-02 0.000000e+00 9.838800e-01
293 1.612000e-02 0.000000e+00 9.838800e-01
294 1.612000e-02 0.000000e+00 9.838800e-01
295 1.612000e-02 0.000000e+00 9.838800e-01
296 1.612000e-02 0.000000e+00 9.838800e-01
297 1.612000e-02 0.000000e+00 9.838800e-01
298 1.612000e-02 0.000000e+00 9.838800e-01
299 1.612000e-02 0.000000e+00 9.838800e-01
300 1.612000e-02 0.000000e+00 9.838800e-01
301 1.612000e-02 0.000000e+00 9.838800e-01
302 1.612000e-02 0.000000e+00 9.838800e-01
303 1.612000e-02 0.000000e+00 9.838800e-01
304 1.612000e-02 0.000000e+00 9.838800e-01
305 1.612000e-02 0.000000e+00 9.838800e-01
306 1.612000e-02 0.000000e+00 9.838800e-01
307 1.612000e-02 0.000000e+00 9.838800e-01
308 1.612000e-02 0.000000e+00 9.838800e-01
309 1.612000e-02 0.000000e+00 9.838800e-01
310 1.612000e-02 0.000000e+00 9.838800e-01
311 1.612000e-02 0.000000e+00 9.838800e-01
312 1.612000e-02 0.000000e+00 9.838800e-01
313 1.612000e-02 0.000000e+00 9.838800e-01
314 1.612000e-02 0.000000e+00 9.838800e-01
315 1.612000e-02 0.000000e+00 9.838800e-01
316 1.612000e-02 0.000000e+00 9.838800e-01
317 1.612000e-02 0.000000e+00 9.838800e-01
318 1.612000e-02 0.000000e+00 9.838800e-01
319 1.612000e-02 0.000000e+00 9.838800e-01
320 1.612000e-02 0.000000e+00 9.838800e-01
321 1.612000e-02 0.000000e+00 9.838800e-01
322 1.612000e-02 0.000000e+00 9.838800e-01
323 1.612000e-02 0.000000e+00 9.838800e-01
324 1.612000e-02 0.000000e+00 9.838800e-01
325 1.612000e-02 0.000000e+00 9.838800e-01
326 1.612000e-02 0.000000e+00 9.838800e-01
327 1.612000e-02 0.000000e+00 9.838800e-01
328 1.612000e-02 0.000000e+00 9.838800e-01
329 1.612000e-02 0.000000e+00 9.838800e-01
330 1.612000e-02 0.000000e+00 9.838800e-01
331 1.612000e-02 0.000000e+00 9.838800e-01
332 1.612000e-02 0.000000e+00 9.838800e-01
333 1.612000e-02 0.000000e+00 9.838800e-01
334 1.612000e-02 0.000000e+00 9.838800e-01
335 1.612000e-02 0.000000e+00 9.838800e-01
336 1.612000e-02 0.000000e+00 9.838800e-01
337 1.612000e-02 0.000000e+00 9.838800e-01
338 1.612000e-02 0.000000e+00 9.838800e-01
339 1.612000e-02 0.000000e+00 9.838800e-01
340 1.612000e-02 0.000000e+00 9.838800e-01
341 1.612000e-02 0.000000e+00 9.838800e-01
342 1.612000e-02 0.000000e+00 9.838800e-01
343 1.612000e-02 0.000000e+00 9.838800e-01
344 1.612000e-02 0.000000e+00 9.838800e-01
345 1.612000e-02 0.000000e+00 9.838800e-01
346 1.612000e-02 0.000000e+00 9.838800e-01
347 1.612000e-02 0.000000e+00 9.838800e-01
348 1.612000e-02 0.000000e+00 9.838800e-01
349 1.612000e-02 0.000000e+00 9.838800e-01
350 1.612000e-02 0.000000e+00 9.838800e-01
351 1.612000e-02 0.000000e+00 9.838800e-01
352 1.612000e-02 0.000000e+00 9.838800e-01
353 1.612000e-02 0.000000e+00 9.838800e-01
354 1.612000e-02 0.000000e+00 9.838800e-01
355 1.612000e-02 0.000000e+00 9.838800e-01
356 1.612000e-02 0.000000e+00 9.838800e-01
357 1.612000e-02 0.000000e+00 9.838800e-01
358 1.612000e-02 0.000000e+00 9.838800e-01
359 1.612000e-02 0.000000e+00 9.838800e-01
360 1.612000e-02 0.000000e+00 9.838800e-01
361 1.612000e-02 0.000000e+00 9.838800e-01
362 1.612000e-02 0.000000e+00 9.838800e-01
363 1.612000e-02 0.000000e+00 9.838800e-01
364 1.612000e-02 0.000000e+00 9.838800e-01
365 1.612000e-02 0.000000e+00 9.838800e-01
366 1.612000e-02 0.000000e+00 9.838800e-01
367 1.612000e-02 0.000000e+00 9.838800e-01
368 1.612000e-02 0.000000e+00 9.838800e-01
369 1.612000e-02 0.000000e+00 9.838800e-01
370 1.612000e-02 0.000000e+00 9.838800e-01
371 1.612000e-02 0.000000e+00 9.838800e-01
372 1.612000e-02 0.000000e+00 9.838800e-01
373 1.612000e-02 0.000000e+00 9.838800e-01
374 1.612000e-02 0.000000e+00 9.838800e-01
375 1.612000e-02 0.000000e+00 9.838800e-01
376 1.612000e-02 0.000000e+00 9.838800e-01
377 1.612000e-02 0.000000e+00 9.838800e-01
378 1.612000e-02 0.000000e+00 9.838800e-01
379 1.612000e-02 0.000000e+00 9.838800e-01
380 1.612000e-02 0.000000e+00 9.838800e-01
381 1.612000e-02 0.000000e+00 9.838800e-01
382 1.612000e-02 0.000000e+00 9.838800e-01
383 1.612000e-02 0.000000e+00 9.838800e-01
384 1.612000e-02 0.000000e+00 9.838800e-01
385 1.612000e-02 0.000000e+00 9.838800e-01
386 1.612000e-02 0.000000e+00 9.838800e-01
387 1.612000e-02 0.000000e+00 9.838800e-01
388 1.612000e-02 0.000000e+00 9.838800e-01
389 1.612000e-02 0.000000e+00 9.838800e-01
390 1.612000e-02 0.000000e+00 9.838800e-01
391 1.612000e-02 0.000000e+00 9.838800e-01
392 1.612000e-02 0.000000e+00 9.838800e-01
393 1.612000e-02 0.000000e+00 9.838800e-01
394 1.612000e-02 0.000000e+00 9.838800e-01
395 1.612000e-02 0.000000e+00 9.838800e-01
396 1.612000e-02 0.000000e+00 9.838800e-01
397 1.612000e-02 0.000000e+00 9.838800e-01
398 1.612000e-02 0.000000e+00 9.838800e-01
399 1.612000e-02 0.000000e+00 9.838800e-01
400 1.612000e-02 0.000000e+00 9.838800e-01
401 1.612000e-02 0.000000e+00 9.838800e-01
402 1.612000e-02 0.000000e+00 9.838800e-01
403 1.612000e-02 0.000000e+00 9.838800e-01
404 1.612000e-02 0.000000e+00 9.838800e-01
405 1.612000e-02 0.000000e+00 9.838800e-01
406 1.612000e-02 0.000000e+00 9.838800e-01
407 1.612000e-02 0.000000e+00 9.838800e-01
408 1.612000e-02 0.000000e+00 9.838800e-01
409 1.612000e-02 0.000000e+00 9.838800e-01
410 1.612000e-02 0.000000e+00 9.838800e-01
411 1.612000e-02 0.000000e+00 9.838800e-01
412 1.612000e-02 0.000000e+00 9.838800e-01
413 1.612000e-02 0.000000e+00 9.838800e-01
414 1.612000e-02 0.000000e+00 9.838800e-01
415 1.612000e-02 0.000000e+00 9.838800e-01
416 1.612000e-02 0.000000e+00 9.838800e-01
417 1.612000e-02 0.000000e+00 9.838800e-01
418 1.612000e-02 0.000000e+00 9.838800e-01
419 1.612000e-02 0.000000e+00 9.838800e-01
420 1.612000e-02 0.000000e+00 9.838800e-01
421 1.612000e-02 0.000000e+00 9.838800e-01
422 1.612000e-02 0.000000e+00 9.838800e-01
423 1.612000e-02 0.000000e+00 9.838800e-01
424 1.612000e-02 0.000000e+00 9.838800e-01
425 1.612000e-02 0.000000e+00 9.838800e-01
426 1.612000e-02 0.000000e+00 9.838800e-01
427 1.612000e-02 0.000000e+00 9.838800e-01
428 1.612000e-02 0.000000e+00 9.838800e-01
429 1.612000e-02 0.000000e+00 9.838800e-01
430 1.612000e-02 0.000000e+00 9.838800e-01
431 1.612000e-02 0.000000e+00 9.838800e-01
432 1.612000e-02 0.000000e+00 9.838800e-01
433 1.612000e-02 0.000000e+00 9.838800e-01
434 1.612000e-02 0.000000e+00 9.838800e-01
435 1.612000e-02 0.000000e+00 9.838800e-01
436 1.612000e-02 0.000000e+00 9.838800e-01
437 1.612000e-02 0.000000e+00 9.838800e-01
438 1.612000e-02 0.000000e+00 9.838800e-01
439 1.612000e-02 0.000000e+00 9.838800e-01
440 1.612000e-02 0.000000e+00 9.838800e-01
441 1.612000e-02 0.000000e+00 9.838800e-01
442 1.612000e-02 0.000000e+00 9.838800e-01
443 1.612000e-02 0.000000e+00 9.838800e-01
444 1.612000e-02 0.000000e+00 9.838800e-01
445 1.612000e-02 0.000000e+00 9.838800e-01
446 1.612000e-02 0.000000e+00 9.838800e-01
447 1.612000e-02 0.000000e+00 9.838800e-01
448 1.612000e-02 0.000000e+00 9.838800e-01
449 1.612000e-02 0.000000e+00 9.838800e-01
450 1.612000e-02 0.000000e+00 9.838800e-01
451 1.612000e-02 0.000000e+00 9.838800e-01
452 1.612000e-02 0.000000e+00 9.838800e-01
453 1.612000e-02 0.000000e+00 9.838800e-01
454 1.612000e-02 0.000000e+00 9.838800e-01
455 1.612000e-02 0.000000e+00 9.838800e-01
456 1.612000e-02 0.000000e+00 9.838800e-01
457 1.612000e-02 0.000000e+00 9.838800e-01
458 1.612000e-02 0.000000e+00 9.838800e-01
459 1.612000e-02 0.000000e+00 9.838800e-01
460 1.612000e-02 0.000000e+00 9.838800e-01
461 1.612000e-02 0.000000e+00 9.838800e-01
462 1.612000e-02 0.000000e+00 9.838800e-01
463 1.612000e-02 0.000000e+00 9.838800e-01
464 1.612000e-02 0.000000e+00 9.838800e-01
465 1.612000e-02 0.000000e+00 9.838800e-01
466 1.612000e-02 0.000000e+00 9.838800e-01
467 1.612000e-02 0.000000e+00 9.838800e-01
468 1.612000e-02 0.000000e+00 9.838800e-01
469 1.612000e-02 0.000000e+00 9.838800e-01
470 1.612000e-02 0.000000e+00 9.838800e-01
471 1.612000e-02 0.000000e+00 9.838800e-01
472 1.612000e-02 0.000000e+00 9.838800e-01
473 1.612000e-02 0.000000e+00 9.838800e-01
474 1.612000e-02 0.000000e+00 9.838800e-01
475 1.612000e-02 0.000000e+00 9.838800e-01
476 1.612000e-02 0.000000e+00 9.838800e-01
477 1.612000e-02 0.000000e+00 9.838800e-01
478 1.612000e-02 0.000000e+00 9.838800e-01
479 1.612000e-02 0.000000e+00 9.838800e-01
480 1.612000e-02 0.000000e+00 9.838800e-01
481 1.612000e-02 0.000000e+00 9.838800e-01
482 1.612000e-02 0.000000e+00 9.838800e-01
483 1.612000e-02 0.000000e+00 9.838800e-01
484 1.612000e-02 0.000000e+00 9.838800e-01
485 1.612000e-02 0.000000e+00 9.838800e-01
486 1.612000e-02 0.000000e+00 9.838800e-01
487 1.612000e-02 0.000000e+00 9.838800e-01
488 1.612000e-02 0.000000e+00 9.838800e-01
489 1.612000e-02 0.000000e+00 9.838800e-01
490 1.612000e-02 0.000000e+00 9.838800e-01
491 1.612000e-02 0.000000e+00 9.838800e-01
492 1.612000e-02 0.000000e+00 9.838800e-01
493 1.612000e-02 0.000000e+00 9.838800e-01
494 1.612000e-02 0.000000e+00 9.838800e-01
495 1.612000e-02 0.000000e+00 9.838800e-01
496 1.612000e-02 0.000000e+00 9.838800e-01
497 1.612000e-02 0.000000e+00 9.838800e-01
498 1.612000e-02 0.000000e+00 9.838800e-01
499 1.612000e-02 0.000000e+00 9.838800e-01
500 1.612000e-02 0.000000e+00 9.838800e-01
