1 9.992160e-01 7.080000e-04 7.600000e-05
2 9.984600e-01 1.304000e-03 2.360000e-04
3 9.972280e-01 2.280000e-03 4.920000e-04
4 9.954040e-01 3.604000e-03 9.920000e-04
5 9.929080e-01 5.332000e-03 1.760000e-03
6 9.894240e-01 7.788000e-03 2.788000e-03
7 9.848680e-01 1.072800e-02 4.404000e-03
8 9.793600e-01 1.400400e-02 6.636000e-03
9 9.723960e-01 1.812400e-02 9.480000e-03
10 9.640960e-01 2.272400e-02 1.318000e-02
11 9.548880e-01 2.766400e-02 1.744800e-02
12 9.440880e-01 3.315200e-02 2.276000e-02
13 9.318840e-01 3.900400e-02 2.911200e-02
14 9.182400e-01 4.533600e-02 3.642400e-02
15 9.033880e-01 5.188000e-02 4.473200e-02
16 8.868760e-01 5.887200e-02 5.425200e-02
17 8.692760e-01 6.556400e-02 6.516000e-02
18 8.506360e-01 7.169200e-02 7.767200e-02
19 8.314760e-01 7.764400e-02 9.088000e-02
20 8.110200e-01 8.401200e-02 1.049680e-01
21 7.893120e-01 9.026400e-02 1.204240e-01
22 7.669120e-01 9.607200e-02 1.370160e-01
23 7.437680e-01 1.014600e-01 1.547720e-01
24 7.197880e-01 1.074440e-01 1.727680e-01
25 6.961240e-01 1.119080e-01 1.919680e-01
26 6.720600e-01 1.160120e-01 2.119280e-01
27 6.482240e-01 1.191400e-01 2.326360e-01
28 6.237560e-01 1.230760e-01 2.531680e-01
29 5.996160e-01 1.255160e-01 2.748680e-01
30 5.760440e-01 1.266480e-01 2.973080e-01
31 5.531760e-01 1.274640e-01 3.193600e-01
32 5.297840e-01 1.289640e-01 3.412520e-01
33 5.071480e-01 1.286160e-01 3.642360e-01
34 4.856480e-01 1.275960e-01 3.867560e-01
35 4.637160e-01 1.273040e-01 4.089800e-01
36 4.424440e-01 1.263360e-01 4.312200e-01
37 4.221240e-01 1.245680e-01 4.533080e-01
38 4.020720e-01 1.230360e-01 4.748920e-01
39 3.826080e-01 1.211120e-01 4.962800e-01
40 3.630360e-01 1.194800e-01 5.174840e-01
41 3.445680e-01 1.169760e-01 5.384560e-01
42 3.261760e-01 1.149320e-01 5.588920e-01
43 3.082920e-01 1.126120e-01 5.790960e-01
44 2.912840e-01 1.102720e-01 5.984440e-01
45 2.745920e-01 1.075040e-01 6.179040e-01
46 2.584640e-01 1.049760e-01 6.365600e-01
47 2.429800e-01 1.022560e-01 6.547640e-01
48 2.279160e-01 9.932000e-02 6.727640e-01
49 2.133720e-01 9.622800e-02 6.904000e-01
50 1.992840e-01 9.386800e-02 7.068480e-01
51 1.859480e-01 9.117600e-02 7.228760e-01
52 1.732200e-01 8.827600e-02 7.385040e-01
53 1.614760e-01 8.477600e-02 7.537480e-01
54 1.499840e-01 8.181200e-02 7.682040e-01
55 1.392600e-01 7.847600e-02 7.822640e-01
56 1.292920e-01 7.497200e-02 7.957360e-01
57 1.196760e-01 7.157600e-02 8.087480e-01
58 1.109280e-01 6.805600e-02 8.210160e-01
59 1.029160e-01 6.397600e-02 8.331080e-01
60 9.534800e-02 6.042400e-02 8.442280e-01
61 8.813200e-02 5.718400e-02 8.546840e-01
62 8.134000e-02 5.390400e-02 8.647560e-01
63 7.457200e-02 5.154800e-02 8.738800e-01
64 6.842800e-02 4.911200e-02 8.824600e-01
65 6.298800e-02 4.593600e-02 8.910760e-01
66 5.797600e-02 4.316400e-02 8.988600e-01
67 5.323200e-02 4.056400e-02 9.062040e-01
68 4.897600e-02 3.813600e-02 9.128880e-01
69 4.503200e-02 3.548400e-02 9.194840e-01
70 4.148400e-02 3.323600e-02 9.252800e-01
71 3.828800e-02 3.088400e-02 9.308280e-01
72 3.523200e-02 2.867600e-02 9.360920e-01
73 3.254800e-02 2.640000e-02 9.410520e-01
74 3.013200e-02 2.412400e-02 9.457440e-01
75 2.796800e-02 2.211200e-02 9.499200e-01
76 2.602000e-02 2.012000e-02 9.538600e-01
77 2.451600e-02 1.826000e-02 9.572240e-01
78 2.312000e-02 1.675200e-02 9.601280e-01
79 2.181600e-02 1.524800e-02 9.629360e-01
80 2.063200e-02 1.402800e-02 9.653400e-01
81 1.966400e-02 1.264400e-02 9.676920e-01
82 1.881600e-02 1.129600e-02 9.698880e-01
83 1.826800e-02 9.992000e-03 9.717400e-01
84 1.774000e-02 8.736000e-03 9.735240e-01
85 1.740400e-02 7.680000e-03 9.749160e-01
86 1.698400e-02 6.816000e-03 9.762000e-01
87 1.670400e-02 6.048000e-03 9.772480e-01
88 1.651600e-02 5.180000e-03 9.783040e-01
89 1.636000e-02 4.388000e-03 9.792520e-01
90 1.623600e-02 3.756000e-03 9.800080e-01
91 1.614000e-02 3.228000e-03 9.806320e-01
92 1.608800e-02 2.744000e-03 9.811680e-01
93 1.604400e-02 2.396000e-03 9.815600e-01
94 1.602000e-02 2.024000e-03 9.819560e-01
95 1.600800e-02 1.712000e-03 9.822800e-01
96 1.599600e-02 1.468000e-03 9.825360e-01
97 1.597200e-02 1.252000e-03 9.827760e-01
98 1.595600e-02 1.084000e-03 9.829600e-01
99 1.594400e-02 9.480000e-04 9.831080e-01
100 1.593200e-02 7.880000e-04 9.832800e-01
101 1.592400e-02 6.680000e-04 9.834080e-01
102 1.591600e-02 5.800000e-04 9.835040e-01
103 1.591200e-02 4.840000e-04 9.836040e-01
104 1.591200e-02 3.800000e-04 9.837080e-01
105 1.591200e-02 3.480000e-04 9.837400e-01
106 1.591200e-02 2.880000e-04 9.838000e-01
107 1.591200e-02 2.320000e-04 9.838560e-01
108 1.591200e-02 1.960000e-04 9.838920e-01
109 1.591200e-02 1.760000e-04 9.839120e-01
110 1.591200e-02 1.560000e-04 9.839320e-01
111 1.590800e-02 1.440000e-04 9.839480e-01
112 1.590800e-02 1.200000e-04 9.839720e-01
113 1.590400e-02 1.080000e-04 9.839880e-01
114 1.590400e-02 8.800000e-05 9.840080e-01
115 1.590000e-02 8.400000e-05 9.840160e-01
116 1.590000e-02 7.600000e-05 9.840240e-01
117 1.589600e-02 6.800000e-05 9.840360e-01
118 1.589600e-02 5.600000e-05 9.840480e-01
119 1.589600e-02 4.400000e-05 9.840600e-01
120 1.589600e-02 3.600000e-05 9.840680e-01
121 1.589600e-02 2.000000e-05 9.840840e-01
122 1.589600e-02 1.600000e-05 9.840880e-01
123 1.589600e-02 1.200000e-05 9.840920e-01
124 1.589600e-02 8.000000e-06 9.840960e-01
125 1.589600e-02 8.000000e-06 9.840960e-01
126 1.589600e-02 8.000000e-06 9.840960e-01
127 1.589600e-02 8.000000e-06 9.840960e-01
128 1.589600e-02 4.000000e-06 9.841000e-01
129 1.589600e-02 0.000000e+00 9.841040e-01
130 1.589600e-02 0.000000e+00 9.841040e-01
131 1.589600e-02 0.000000e+00 9.841040e-01
132 1.589600e-02 0.000000e+00 9.841040e-01
133 1.589600e-02 0.000000e+00 9.841040e-01
134 1.589600e-02 0.000000e+00 9.841040e-01
135 1.589600e-02 0.000000e+00 9.841040e-01
136 1.589600e-02 0.000000e+00 9.841040e-01
137 1.589600e-02 0.000000e+00 9.841040e-01
138 1.589600e-02 0.000000e+00 9.841040e-01
139 1.589600e-02 0.000000e+00 9.841040e-01
140 1.589600e-02 0.000000e+00 9.841040e-01
141 1.589600e-02 0.000000e+00 9.841040e-01
142 1.589600e-02 0.000000e+00 9.841040e-01
143 1.589600e-02 0.000000e+00 9.841040e-01
144 1.589600e-02 0.000000e+00 9.841040e-01
145 1.589600e-02 0.000000e+00 9.841040e-01
146 1.589600e-02 0.000000e+00 9.841040e-01
147 1.589600e-02 0.000000e+00 9.841040e-01
148 1.589600e-02 0.000000e+00 9.841040e-01
149 1.589600e-02 0.000000e+00 9.841040e-01
150 1.589600e-02 0.000000e+00 9.841040e-01
151 1.589600e-02 0.000000e+00 9.841040e-01
152 1.589600e-02 0.000000e+00 9.841040e-01
153 1.589600e-02 0.000000e+00 9.841040e-01
154 1.589600e-02 0.000000e+00 9.841040e-01
155 1.589600e-02 0.000000e+00 9.841040e-01
156 1.589600e-02 0.000000e+00 9.841040e-01
157 1.589600e-02 0.000000e+00 9.841040e-01
158 1.589600e-02 0.000000e+00 9.841040e-01
159 1.589600e-02 0.000000e+00 9.841040e-01
160 1.589600e-02 0.000000e+00 9.841040e-01
161 1.589600e-02 0.000000e+00 9.841040e-01
162 1.589600e-02 0.000000e+00 9.841040e-01
163 1.589600e-02 0.000000e+00 9.841040e-01
164 1.589600e-02 0.000000e+00 9.841040e-01
165 1.589600e-02 0.000000e+00 9.841040e-01
166 1.589600e-02 0.000000e+00 9.841040e-01
167 1.589600e-02 0.000000e+00 9.841040e-01
168 1.589600e-02 0.000000e+00 9.841040e-01
169 1.589600e-02 0.000000e+00 9.841040e-01
170 1.589600e-02 0.000000e+00 9.841040e-01
171 1.589600e-02 0.000000e+00 9.841040e-01
172 1.589600e-02 0.000000e+00 9.841040e-01
173 1.589600e-02 0.000000e+00 9.841040e-01
174 1.589600e-02 0.000000e+00 9.841040e-01
175 1.589600e-02 0.000000e+00 9.841040e-01
176 1.589600e-02 0.000000e+00 9.841040e-01
177 1.589600e-02 0.000000e+00 9.841040e-01
178 1.589600e-02 0.000000e+00 9.841040e-01
179 1.589600e-02 0.000000e+00 9.841040e-01
180 1.589600e-02 0.000000e+00 9.841040e-01
181 1.589600e-02 0.000000e+00 9.841040e-01
182 1.589600e-02 0.000000e+00 9.841040e-01
183 1.589600e-02 0.000000e+00 9.841040e-01
184 1.589600e-02 0.000000e+00 9.841040e-01
185 1.589600e-02 0.000000e+00 9.841040e-01
186 1.589600e-02 0.000000e+00 9.841040e-01
187 1.589600e-02 0.000000e+00 9.841040e-01
188 1.589600e-02 0.000000e+00 9.841040e-01
189 1.589600e-02 0.000000e+00 9.841040e-01
190 1.589600e-02 0.000000e+00 9.841040e-01
191 1.589600e-02 0.000000e+00 9.841040e-01
192 1.589600e-02 0.000000e+00 9.841040e-01
193 1.589600e-02 0.000000e+00 9.841040e-01
194 1.589600e-02 0.000000e+00 9.841040e-01
195 1.589600e-02 0.000000e+00 9.841040e-01
196 1.589600e-02 0.000000e+00 9.841040e-01
197 1.589600e-02 0.000000e+00 9.841040e-01
198 1.589600e-02 0.000000e+00 9.841040e-01
199 1.589600e-02 0.000000e+00 9.841040e-01
200 1.589600e-02 0.000000e+00 9.841040e-01
201 1.589600e-02 0.000000e+00 9.841040e-01
202 1.589600e-02 0.000000e+00 9.841040e-01
203 1.589600e-02 0.000000e+00 9.841040e-01
204 1.589600e-02 0.000000e+00 9.841040e-01
205 1.589600e-02 0.000000e+00 9.841040e-01
206 1.589600e-02 0.000000e+00 9.841040e-01
207 1.589600e-02 0.000000e+00 9.841040e-01
208 1.589600e-02 0.000000e+00 9.841040e-01
209 1.589600e-02 0.000000e+00 9.841040e-01
210 1.589600e-02 0.000000e+00 9.841040e-01
211 1.589600e-02 0.000000e+00 9.841040e-01
212 1.589600e-02 0.000000e+00 9.841040e-01
213 1.589600e-02 0.000000e+00 9.841040e-01
214 1.589600e-02 0.000000e+00 9.841040e-01
215 1.589600e-02 0.000000e+00 9.841040e-01
216 1.589600e-02 0.000000e+00 9.841040e-01
217 1.589600e-02 0.000000e+00 9.841040e-01
218 1.589600e-02 0.000000e+00 9.841040e-01
219 1.589600e-02 0.000000e+00 9.841040e-01
220 1.589600e-02 0.000000e+00 9.841040e-01
221 1.589600e-02 0.000000e+00 9.841040e-01
222 1.589600e-02 0.000000e+00 9.841040e-01
223 1.589600e-02 0.000000e+00 9.841040e-01
224 1.589600e-02 0.000000e+00 9.841040e-01
225 1.589600e-02 0.000000e+00 9.841040e-01
226 1.589600e-02 0.000000e+00 9.841040e-01
227 1.589600e-02 0.000000e+00 9.841040e-01
228 1.589600e-02 0.000000e+00 9.841040e-01
229 1.589600e-02 0.000000e+00 9.841040e-01
230 1.589600e-02 0.000000e+00 9.841040e-01
231 1.589600e-02 0.000000e+00 9.841040e-01
232 1.589600e-02 0.000000e+00 9.841040e-01
233 1.589600e-02 0.000000e+00 9.841040e-01
234 1.589600e-02 0.000000e+00 9.841040e-01
235 1.589600e-02 0.000000e+00 9.841040e-01
236 1.589600e-02 0.000000e+00 9.841040e-01
237 1.589600e-02 0.000000e+00 9.841040e-01
238 1.589600e-02 0.000000e+00 9.841040e-01
239 1.589600e-02 0.000000e+00 9.841040e-01
240 1.589600e-02 0.000000e+00 9.841040e-01
241 1.589600e-02 0.000000e+00 9.841040e-01
242 1.589600e-02 0.000000e+00 9.841040e-01
243 1.589600e-02 0.000000e+00 9.841040e-01
244 1.589600e-02 0.000000e+00 9.841040e-01
245 1.589600e-02 0.000000e+00 9.841040e-01
246 1.589600e-02 0.000000e+00 9.841040e-01
247 1.589600e-02 0.000000e+00 9.841040e-01
248 1.589600e-02 0.000000e+00 9.841040e-01
249 1.589600e-02 0.000000e+00 9.841040e-01
250 1.589600e-02 0.000000e+00 9.841040e-01
251 1.589600e-02 0.000000e+00 9.841040e-01
252 1.589600e-02 0.000000e+00 9.841040e-01
253 1.589600e-02 0.000000e+00 9.841040e-01
254 1.589600e-02 0.000000e+00 9.841040e-01
255 1.589600e-02 0.000000e+00 9.841040e-01
256 1.589600e-02 0.000000e+00 9.841040e-01
257 1.589600e-02 0.000000e+00 9.841040e-01
258 1.589600e-02 0.000000e+00 9.841040e-01
259 1.589600e-02 0.000000e+00 9.841040e-01
260 1.589600e-02 0.000000e+00 9.841040e-01
261 1.589600e-02 0.000000e+00 9.841040e-01
262 1.589600e-02 0.000000e+00 9.841040e-01
263 1.589600e-02 0.000000e+00 9.841040e-01
264 1.589600e-02 0.000000e+00 9.841040e-01
265 1.589600e-02 0.000000e+00 9.841040e-01
266 1.589600e-02 0.000000e+00 9.841040e-01
267 1.589600e-02 0.000000e+00 9.841040e-01
268 1.589600e-02 0.000000e+00 9.841040e-01
269 1.589600e-02 0.000000e+00 9.841040e-01
270 1.589600e-02 0.000000e+00 9.841040e-01
271 1.589600e-02 0.000000e+00 9.841040e-01
272 1.589600e-02 0.000000e+00 9.841040e-01
273 1.589600e-02 0.000000e+00 9.841040e-01
274 1.589600e-02 0.000000e+00 9.841040e-01
275 1.589600e-02 0.000000e+00 9.841040e-01
276 1.589600e-02 0.000000e+00 9.841040e-01
277 1.589600e-02 0.000000e+00 9.841040e-01
278 1.589600e-02 0.000000e+00 9.841040e-01
279 1.589600e-02 0.000000e+00 9.841040e-01
280 1.589600e-02 0.000000e+00 9.841040e-01
281 1.589600e-02 0.000000e+00 9.841040e-01
282 1.589600e-02 0.000000e+00 9.841040e-01
283 1.589600e-02 0.000000e+00 9.841040e-01
284 1.589600e-02 0.000000e+00 9.841040e-01
285 1.589600e-02 0.000000e+00 9.841040e-01
286 1.589600e-02 0.000000e+00 9.841040e-01
287 1.589600e-02 0.000000e+00 9.841040e-01
288 1.589600e-02 0.000000e+00 9.841040e-01
289 1.589600e-02 0.000000e+00 9.841040e-01
290 1.589600e-02 0.000000e+00 9.841040e-01
291 1.589600e-02 0.000000e+00 9.841040e-01
292 1.589600e-02 0.000000e+00 9.841040e-01
293 1.589600e-02 0.000000e+00 9.841040e-01
294 1.589600e-02 0.000000e+00 9.841040e-01
295 1.589600e-02 0.000000e+00 9.841040e-01
296 1.589600e-02 0.000000e+00 9.841040e-01
297 1.589600e-02 0.000000e+00 9.841040e-01
298 1.589600e-02 0.000000e+00 9.841040e-01
299 1.589600e-02 0.000000e+00 9.841040e-01
300 1.589600e-02 0.000000e+00 9.841040e-01
301 1.589600e-02 0.000000e+00 9.841040e-01
302 1.589600e-02 0.000000e+00 9.841040e-01
303 1.589600e-02 0.000000e+00 9.841040e-01
304 1.589600e-02 0.000000e+00 9.841040e-01
305 1.589600e-02 0.000000e+00 9.841040e-01
306 1.589600e-02 0.000000e+00 9.841040e-01
307 1.589600e-02 0.000000e+00 9.841040e-01
308 1.589600e-02 0.000000e+00 9.841040e-01
309 1.589600e-02 0.000000e+00 9.841040e-01
310 1.589600e-02 0.000000e+00 9.841040e-01
311 1.589600e-02 0.000000e+00 9.841040e-01
312 1.589600e-02 0.000000e+00 9.841040e-01
313 1.589600e-02 0.000000e+00 9.841040e-01
314 1.589600e-02 0.000000e+00 9.841040e-01
315 1.589600e-02 0.000000e+00 9.841040e-01
316 1.589600e-02 0.000000e+00 9.841040e-01
317 1.589600e-02 0.000000e+00 9.841040e-01
318 1.589600e-02 0.000000e+00 9.841040e-01
319 1.589600e-02 0.000000e+00 9.841040e-01
320 1.589600e-02 0.000000e+00 9.841040e-01
321 1.589600e-02 0.000000e+00 9.841040e-01
322 1.589600e-02 0.000000e+00 9.841040e-01
323 1.589600e-02 0.000000e+00 9.841040e-01
324 1.589600e-02 0.000000e+00 9.841040e-01
325 1.589600e-02 0.000000e+00 9.841040e-01
326 1.589600e-02 0.000000e+00 9.841040e-01
327 1.589600e-02 0.000000e+00 9.841040e-01
328 1.589600e-02 0.000000e+00 9.841040e-01
329 1.589600e-02 0.000000e+00 9.841040e-01
330 1.589600e-02 0.000000e+00 9.841040e-01
331 1.589600e-02 0.000000e+00 9.841040e-01
332 1.589600e-02 0.000000e+00 9.841040e-01
333 1.589600e-02 0.000000e+00 9.841040e-01
334 1.589600e-02 0.000000e+00 9.841040e-01
335 1.589600e-02 0.000000e+00 9.841040e-01
336 1.589600e-02 0.000000e+00 9.841040e-01
337 1.589600e-02 0.000000e+00 9.841040e-01
338 1.589600e-02 0.000000e+00 9.841040e-01
339 1.589600e-02 0.000000e+00 9.841040e-01
340 1.589600e-02 0.000000e+00 9.841040e-01
341 1.589600e-02 0.000000e+00 9.841040e-01
342 1.589600e-02 0.000000e+00 9.841040e-01
343 1.589600e-02 0.000000e+00 9.841040e-01
344 1.589600e-02 0.000000e+00 9.841040e-01
345 1.589600e-02 0.000000e+00 9.841040e-01
346 1.589600e-02 0.000000e+00 9.841040e-01
347 1.589600e-02 0.000000e+00 9.841040e-01
348 1.589600e-02 0.000000e+00 9.841040e-01
349 1.589600e-02 0.000000e+00 9.841040e-01
350 1.589600e-02 0.000000e+00 9.841040e-01
351 1.589600e-02 0.000000e+00 9.841040e-01
352 1.589600e-02 0.000000e+00 9.841040e-01
353 1.589600e-02 0.000000e+00 9.841040e-01
354 1.589600e-02 0.000000e+00 9.841040e-01
355 1.589600e-02 0.000000e+00 9.841040e-01
356 1.589600e-02 0.000000e+00 9.841040e-01
357 1.589600e-02 0.000000e+00 9.841040e-01
358 1.589600e-02 0.000000e+00 9.841040e-01
359 1.589600e-02 0.000000e+00 9.841040e-01
360 1.589600e-02 0.000000e+00 9.841040e-01
361 1.589600e-02 0.000000e+00 9.841040e-01
362 1.589600e-02 0.000000e+00 9.841040e-01
363 1.589600e-02 0.000000e+00 9.841040e-01
364 1.589600e-02 0.000000e+00 9.841040e-01
365 1.589600e-02 0.000000e+00 9.841040e-01
366 1.589600e-02 0.000000e+00 9.841040e-01
367 1.589600e-02 0.000000e+00 9.841040e-01
368 1.589600e-02 0.000000e+00 9.841040e-01
369 1.589600e-02 0.000000e+00 9.841040e-01
370 1.589600e-02 0.000000e+00 9.841040e-01
371 1.589600e-02 0.000000e+00 9.841040e-01
372 1.589600e-02 0.000000e+00 9.841040e-01
373 1.589600e-02 0.000000e+00 9.841040e-01
374 1.589600e-02 0.000000e+00 9.841040e-01
375 1.589600e-02 0.000000e+00 9.841040e-01
376 1.589600e-02 0.000000e+00 9.841040e-01
377 1.589600e-02 0.000000e+00 9.841040e-01
378 1.589600e-02 0.000000e+00 9.841040e-01
379 1.589600e-02 0.000000e+00 9.841040e-01
380 1.589600e-02 0.000000e+00 9.841040e-01
381 1.589600e-02 0.000000e+00 9.841040e-01
382 1.589600e-02 0.000000e+00 9.841040e-01
383 1.589600e-02 0.000000e+00 9.841040e-01
384 1.589600e-02 0.000000e+00 9.841040e-01
385 1.589600e-02 0.000000e+00 9.841040e-01
386 1.589600e-02 0.000000e+00 9.841040e-01
387 1.589600e-02 0.000000e+00 9.841040e-01
388 1.589600e-02 0.000000e+00 9.841040e-01
389 1.589600e-02 0.000000e+00 9.841040e-01
390 1.589600e-02 0.000000e+00 9.841040e-01
391 1.589600e-02 0.000000e+00 9.841040e-01
392 1.589600e-02 0.000000e+00 9.841040e-01
393 1.589600e-02 0.000000e+00 9.841040e-01
394 1.589600e-02 0.000000e+00 9.841040e-01
395 1.589600e-02 0.000000e+00 9.841040e-01
396 1.589600e-02 0.000000e+00 9.841040e-01
397 1.589600e-02 0.000000e+00 9.841040e-01
398 1.589600e-02 0.000000e+00 9.841040e-01
399 1.589600e-02 0.000000e+00 9.841040e-01
400 1.589600e-02 0.000000e+00 9.841040e-01
401 1.589600e-02 0.000000e+00 9.841040e-01
402 1.589600e-02 0.000000e+00 9.841040e-01
403 1.589600e-02 0.000000e+00 9.841040e-01
404 1.589600e-02 0.000000e+00 9.841040e-01
405 1.589600e-02 0.000000e+00 9.841040e-01
406 1.589600e-02 0.000000e+00 9.841040e-01
407 1.589600e-02 0.000000e+00 9.841040e-01
408 1.589600e-02 0.000000e+00 9.841040e-01
409 1.589600e-02 0.000000e+00 9.841040e-01
410 1.589600e-02 0.000000e+00 9.841040e-01
411 1.589600e-02 0.000000e+00 9.841040e-01
412 1.589600e-02 0.000000e+00 9.841040e-01
413 1.589600e-02 0.000000e+00 9.841040e-01
414 1.589600e-02 0.000000e+00 9.841040e-01
415 1.589600e-02 0.000000e+00 9.841040e-01
416 1.589600e-02 0.000000e+00 9.841040e-01
417 1.589600e-02 0.000000e+00 9.841040e-01
418 1.589600e-02 0.000000e+00 9.841040e-01
419 1.589600e-02 0.000000e+00 9.841040e-01
420 1.589600e-02 0.000000e+00 9.841040e-01
421 1.589600e-02 0.000000e+00 9.841040e-01
422 1.589600e-02 0.000000e+00 9.841040e-01
423 1.589600e-02 0.000000e+00 9.841040e-01
424 1.589600e-02 0.000000e+00 9.841040e-01
425 1.589600e-02 0.000000e+00 9.841040e-01
426 1.589600e-02 0.000000e+00 9.841040e-01
427 1.589600e-02 0.000000e+00 9.841040e-01
428 1.589600e-02 0.000000e+00 9.841040e-01
429 1.589600e-02 0.000000e+00 9.841040e-01
430 1.589600e-02 0.000000e+00 9.841040e-01
431 1.589600e-02 0.000000e+00 9.841040e-01
432 1.589600e-02 0.000000e+00 9.841040e-01
433 1.589600e-02 0.000000e+00 9.841040e-01
434 1.589600e-02 0.000000e+00 9.841040e-01
435 1.589600e-02 0.000000e+00 9.841040e-01
436 1.589600e-02 0.000000e+00 9.841040e-01
437 1.589600e-02 0.000000e+00 9.841040e-01
438 1.589600e-02 0.000000e+00 9.841040e-01
439 1.589600e-02 0.000000e+00 9.841040e-01
440 1.589600e-02 0.000000e+00 9.841040e-01
441 1.589600e-02 0.000000e+00 9.841040e-01
442 1.589600e-02 0.000000e+00 9.841040e-01
443 1.589600e-02 0.000000e+00 9.841040e-01
444 1.589600e-02 0.000000e+00 9.841040e-01
445 1.589600e-02 0.000000e+00 9.841040e-01
446 1.589600e-02 0.000000e+00 9.841040e-01
447 1.589600e-02 0.000000e+00 9.841040e-01
448 1.589600e-02 0.000000e+00 9.841040e-01
449 1.589600e-02 0.000000e+00 9.841040e-01
450 1.589600e-02 0.000000e+00 9.841040e-01
451 1.589600e-02 0.000000e+00 9.841040e-01
452 1.589600e-02 0.000000e+00 9.841040e-01
453 1.589600e-02 0.000000e+00 9.841040e-01
454 1.589600e-02 0.000000e+00 9.841040e-01
455 1.589600e-02 0.000000e+00 9.841040e-01
456 1.589600e-02 0.000000e+00 9.841040e-01
457 1.589600e-02 0.000000e+00 9.841040e-01
458 1.589600e-02 0.000000e+00 9.841040e-01
459 1.589600e-02 0.000000e+00 9.841040e-01
460 1.589600e-02 0.000000e+00 9.841040e-01
461 1.589600e-02 0.000000e+00 9.841040e-01
462 1.589600e-02 0.000000e+00 9.841040e-01
463 1.589600e-02 0.000000e+00 9.841040e-01
464 1.589600e-02 0.000000e+00 9.841040e-01
465 1.589600e-02 0.000000e+00 9.841040e-01
466 1.589600e-02 0.000000e+00 9.841040e-01
467 1.589600e-02 0.000000e+00 9.841040e-01
468 1.589600e-02 0.000000e+00 9.841040e-01
469 1.589600e-02 0.000000e+00 9.841040e-01
470 1.589600e-02 0.000000e+00 9.841040e-01
471 1.589600e-02 0.000000e+00 9.841040e-01
472 1.589600e-02 0.000000e+00 9.841040e-01
473 1.589600e-02 0.000000e+00 9.841040e-01
474 1.589600e-02 0.000000e+00 9.841040e-01
475 1.589600e-02 0.000000e+00 9.841040e-01
476 1.589600e-02 0.000000e+00 9.841040e-01
477 1.589600e-02 0.000000e+00 9.841040e-01
478 1.589600e-02 0.000000e+00 9.841040e-01
479 1.589600e-02 0.000000e+00 9.841040e-01
480 1.589600e-02 0.000000e+00 9.841040e-01
481 1.589600e-02 0.000000e+00 9.841040e-01
482 1.589600e-02 0.000000e+00 9.841040e-01
483 1.589600e-02 0.000000e+00 9.841040e-01
484 1.589600e-02 0.000000e+00 9.841040e-01
485 1.589600e-02 0.000000e+00 9.841040e-01
486 1.589600e-02 0.000000e+00 9.841040e-01
487 1.589600e-02 0.000000e+00 9.841040e-01
488 1.589600e-02 0.000000e+00 9.841040e-01
489 1.589600e-02 0.000000e+00 9.841040e-01
490 1.589600e-02 0.000000e+00 9.841040e-01
491 1.589600e-02 0.000000e+00 9.841040e-01
492 1.589600e-02 0.000000e+00 9.841040e-01
493 1.589600e-02 0.000000e+00 9.841040e-01
494 1.589600e-02 0.000000e+00 9.841040e-01
495 1.589600e-02 0.000000e+00 9.841040e-01
496 1.589600e-02 0.000000e+00 9.841040e-01
497 1.589600e-02 0.000000e+00 9.841040e-01
498 1.589600e-02 0.000000e+00 9.841040e-01
499 1.589600e-02 0.000000e+00 9.841040e-01
500 1.589600e-02 0.000000e+00 9.841040e-01
