1 9.991760e-01 7.080000e-04 1.160000e-04
2 9.984240e-01 1.288000e-03 2.880000e-04
3 9.972320e-01 2.132000e-03 6.360000e-04
4 9.954480e-01 3.400000e-03 1.152000e-03
5 9.928240e-01 5.236000e-03 1.940000e-03
6 9.894120e-01 7.396000e-03 3.192000e-03
7 9.853160e-01 9.952000e-03 4.732000e-03
8 9.799920e-01 1.342800e-02 6.580000e-03
9 9.734520e-01 1.741600e-02 9.132000e-03
10 9.657480e-01 2.172800e-02 1.252400e-02
11 9.563000e-01 2.698000e-02 1.672000e-02
12 9.455160e-01 3.265200e-02 2.183200e-02
13 9.334480e-01 3.861600e-02 2.793600e-02
14 9.199040e-01 4.474400e-02 3.535200e-02
15 9.052520e-01 5.060800e-02 4.414000e-02
16 8.891440e-01 5.740800e-02 5.344800e-02
17 8.721120e-01 6.390000e-02 6.398800e-02
18 8.536960e-01 7.043600e-02 7.586800e-02
19 8.342720e-01 7.688800e-02 8.884000e-02
20 8.136040e-01 8.398400e-02 1.024120e-01
21 7.918640e-01 9.072800e-02 1.174080e-01
22 7.694160e-01 9.659200e-02 1.339920e-01
23 7.462960e-01 1.021640e-01 1.515400e-01
24 7.230360e-01 1.072960e-01 1.696680e-01
25 6.985960e-01 1.126720e-01 1.887320e-01
26 6.742120e-01 1.173680e-01 2.084200e-01
27 6.490120e-01 1.215320e-01 2.294560e-01
28 6.240640e-01 1.250240e-01 2.509120e-01
29 5.985680e-01 1.279040e-01 2.735280e-01
30 5.726000e-01 1.312080e-01 2.961920e-01
31 5.464480e-01 1.340880e-01 3.194640e-01
32 5.196280e-01 1.369760e-01 3.433960e-01
33 4.939880e-01 1.386640e-01 3.673480e-01
34 4.686160e-01 1.394200e-01 3.919640e-01
35 4.433200e-01 1.405120e-01 4.161680e-01
36 4.184880e-01 1.403760e-01 4.411360e-01
37 3.938280e-01 1.400960e-01 4.660760e-01
38 3.703440e-01 1.390840e-01 4.905720e-01
39 3.472880e-01 1.379000e-01 5.148120e-01
40 3.256600e-01 1.355840e-01 5.387560e-01
41 3.039200e-01 1.333480e-01 5.627320e-01
42 2.833560e-01 1.306080e-01 5.860360e-01
43 2.640760e-01 1.276080e-01 6.083160e-01
44 2.464160e-01 1.231280e-01 6.304560e-01
45 2.290320e-01 1.194720e-01 6.514960e-01
46 2.129240e-01 1.146680e-01 6.724080e-01
47 1.978800e-01 1.100360e-01 6.920840e-01
48 1.834000e-01 1.056240e-01 7.109760e-01
49 1.696200e-01 1.009680e-01 7.294120e-01
50 1.568440e-01 9.672000e-02 7.464360e-01
51 1.447600e-01 9.211200e-02 7.631280e-01
52 1.330960e-01 8.785600e-02 7.790480e-01
53 1.223240e-01 8.366800e-02 7.940080e-01
54 1.118640e-01 7.968400e-02 8.084520e-01
55 1.019120e-01 7.597600e-02 8.221120e-01
56 9.260000e-02 7.263600e-02 8.347640e-01
57 8.416000e-02 6.909600e-02 8.467440e-01
58 7.639200e-02 6.528400e-02 8.583240e-01
59 6.930400e-02 6.117600e-02 8.695200e-01
60 6.293600e-02 5.718000e-02 8.798840e-01
61 5.730000e-02 5.289600e-02 8.898040e-01
62 5.218000e-02 4.880400e-02 8.990160e-01
63 4.734800e-02 4.550000e-02 9.071520e-01
64 4.316000e-02 4.210800e-02 9.147320e-01
65 3.956800e-02 3.883600e-02 9.215960e-01
66 3.637600e-02 3.551200e-02 9.281120e-01
67 3.345600e-02 3.241600e-02 9.341280e-01
68 3.092000e-02 2.957600e-02 9.395040e-01
69 2.840800e-02 2.706000e-02 9.445320e-01
70 2.627200e-02 2.470400e-02 9.490240e-01
71 2.453600e-02 2.247200e-02 9.529920e-01
72 2.274400e-02 2.048800e-02 9.567680e-01
73 2.135600e-02 1.842800e-02 9.602160e-01
74 2.018400e-02 1.661200e-02 9.632040e-01
75 1.918800e-02 1.482800e-02 9.659840e-01
76 1.832000e-02 1.336000e-02 9.683200e-01
77 1.768400e-02 1.179600e-02 9.705200e-01
78 1.718400e-02 1.025200e-02 9.725640e-01
79 1.670000e-02 9.036000e-03 9.742640e-01
80 1.631600e-02 7.960000e-03 9.757240e-01
81 1.605200e-02 6.884000e-03 9.770640e-01
82 1.582800e-02 5.976000e-03 9.781960e-01
83 1.571200e-02 5.176000e-03 9.791120e-01
84 1.561200e-02 4.480000e-03 9.799080e-01
85 1.554000e-02 3.844000e-03 9.806160e-01
86 1.548000e-02 3.320000e-03 9.812000e-01
87 1.543600e-02 2.856000e-03 9.817080e-01
88 1.540000e-02 2.396000e-03 9.822040e-01
89 1.536800e-02 2.036000e-03 9.825960e-01
90 1.533200e-02 1.680000e-03 9.829880e-01
91 1.530000e-02 1.452000e-03 9.832480e-01
92 1.528800e-02 1.236000e-03 9.834760e-01
93 1.526800e-02 1.036000e-03 9.836960e-01
94 1.524400e-02 8.960000e-04 9.838600e-01
95 1.524000e-02 7.520000e-04 9.840080e-01
96 1.522800e-02 6.680000e-04 9.841040e-01
97 1.522000e-02 5.880000e-04 9.841920e-01
98 1.520800e-02 5.000000e-04 9.842920e-01
99 1.520400e-02 4.040000e-04 9.843920e-01
100 1.518800e-02 3.320000e-04 9.844800e-01
101 1.518800e-02 2.680000e-04 9.845440e-01
102 1.518800e-02 2.200000e-04 9.845920e-01
103 1.518400e-02 2.000000e-04 9.846160e-01
104 1.518000e-02 1.600000e-04 9.846600e-01
105 1.518000e-02 1.320000e-04 9.846880e-01
106 1.518000e-02 1.280000e-04 9.846920e-01
107 1.518000e-02 1.040000e-04 9.847160e-01
108 1.518000e-02 9.200000e-05 9.847280e-01
109 1.518000e-02 8.000000e-05 9.847400e-01
110 1.518000e-02 6.400000e-05 9.847560e-01
111 1.518000e-02 5.600000e-05 9.847640e-01
112 1.517600e-02 4.400000e-05 9.847800e-01
113 1.517600e-02 3.600000e-05 9.847880e-01
114 1.517600e-02 2.400000e-05 9.848000e-01
115 1.517600e-02 1.600000e-05 9.848080e-01
116 1.517600e-02 8.000000e-06 9.848160e-01
117 1.517600e-02 4.000000e-06 9.848200e-01
118 1.517600e-02 0.000000e+00 9.848240e-01
119 1.517600e-02 0.000000e+00 9.848240e-01
120 1.517600e-02 0.000000e+00 9.848240e-01
121 1.517600e-02 0.000000e+00 9.848240e-01
122 1.517600e-02 0.000000e+00 9.848240e-01
123 1.517600e-02 0.000000e+00 9.848240e-01
124 1.517600e-02 0.000000e+00 9.848240e-01
125 1.517600e-02 0.000000e+00 9.848240e-01
126 1.517600e-02 0.000000e+00 9.848240e-01
127 1.517600e-02 0.000000e+00 9.848240e-01
128 1.517600e-02 0.000000e+00 9.848240e-01
129 1.517600e-02 0.000000e+00 9.848240e-01
130 1.517600e-02 0.000000e+00 9.848240e-01
131 1.517600e-02 0.000000e+00 9.848240e-01
132 1.517600e-02 0.000000e+00 9.848240e-01
133 1.517600e-02 0.000000e+00 9.848240e-01
134 1.517600e-02 0.000000e+00 9.848240e-01
135 1.517600e-02 0.000000e+00 9.848240e-01
136 1.517600e-02 0.000000e+00 9.848240e-01
137 1.517600e-02 0.000000e+00 9.848240e-01
138 1.517600e-02 0.000000e+00 9.848240e-01
139 1.517600e-02 0.000000e+00 9.848240e-01
140 1.517600e-02 0.000000e+00 9.848240e-01
141 1.517600e-02 0.000000e+00 9.848240e-01
142 1.517600e-02 0.000000e+00 9.848240e-01
143 1.517600e-02 0.000000e+00 9.848240e-01
144 1.517600e-02 0.000000e+00 9.848240e-01
145 1.517600e-02 0.000000e+00 9.848240e-01
146 1.517600e-02 0.000000e+00 9.848240e-01
147 1.517600e-02 0.000000e+00 9.848240e-01
148 1.517600e-02 0.000000e+00 9.848240e-01
149 1.517600e-02 0.000000e+00 9.848240e-01
150 1.517600e-02 0.000000e+00 9.848240e-01
151 1.517600e-02 0.000000e+00 9.848240e-01
152 1.517600e-02 0.000000e+00 9.848240e-01
153 1.517600e-02 0.000000e+00 9.848240e-01
154 1.517600e-02 0.000000e+00 9.848240e-01
155 1.517600e-02 0.000000e+00 9.848240e-01
156 1.517600e-02 0.000000e+00 9.848240e-01
157 1.517600e-02 0.000000e+00 9.848240e-01
158 1.517600e-02 0.000000e+00 9.848240e-01
159 1.517600e-02 0.000000e+00 9.848240e-01
160 1.517600e-02 0.000000e+00 9.848240e-01
161 1.517600e-02 0.000000e+00 9.848240e-01
162 1.517600e-02 0.000000e+00 9.848240e-01
163 1.517600e-02 0.000000e+00 9.848240e-01
164 1.517600e-02 0.000000e+00 9.848240e-01
165 1.517600e-02 0.000000e+00 9.848240e-01
166 1.517600e-02 0.000000e+00 9.848240e-01
167 1.517600e-02 0.000000e+00 9.848240e-01
168 1.517600e-02 0.000000e+00 9.848240e-01
169 1.517600e-02 0.000000e+00 9.848240e-01
170 1.517600e-02 0.000000e+00 9.848240e-01
171 1.517600e-02 0.000000e+00 9.848240e-01
172 1.517600e-02 0.000000e+00 9.848240e-01
173 1.517600e-02 0.000000e+00 9.848240e-01
174 1.517600e-02 0.000000e+00 9.848240e-01
175 1.517600e-02 0.000000e+00 9.848240e-01
176 1.517600e-02 0.000000e+00 9.848240e-01
177 1.517600e-02 0.000000e+00 9.848240e-01
178 1.517600e-02 0.000000e+00 9.848240e-01
179 1.517600e-02 0.000000e+00 9.848240e-01
180 1.517600e-02 0.000000e+00 9.848240e-01
181 1.517600e-02 0.000000e+00 9.848240e-01
182 1.517600e-02 0.000000e+00 9.848240e-01
183 1.517600e-02 0.000000e+00 9.848240e-01
184 1.517600e-02 0.000000e+00 9.848240e-01
185 1.517600e-02 0.000000e+00 9.848240e-01
186 1.517600e-02 0.000000e+00 9.848240e-01
187 1.517600e-02 0.000000e+00 9.848240e-01
188 1.517600e-02 0.000000e+00 9.848240e-01
189 1.517600e-02 0.000000e+00 9.848240e-01
190 1.517600e-02 0.000000e+00 9.848240e-01
191 1.517600e-02 0.000000e+00 9.848240e-01
192 1.517600e-02 0.000000e+00 9.848240e-01
193 1.517600e-02 0.000000e+00 9.848240e-01
194 1.517600e-02 0.000000e+00 9.848240e-01
195 1.517600e-02 0.000000e+00 9.848240e-01
196 1.517600e-02 0.000000e+00 9.848240e-01
197 1.517600e-02 0.000000e+00 9.848240e-01
198 1.517600e-02 0.000000e+00 9.848240e-01
199 1.517600e-02 0.000000e+00 9.848240e-01
200 1.517600e-02 0.000000e+00 9.848240e-01
201 1.517600e-02 0.000000e+00 9.848240e-01
202 1.517600e-02 0.000000e+00 9.848240e-01
203 1.517600e-02 0.000000e+00 9.848240e-01
204 1.517600e-02 0.000000e+00 9.848240e-01
205 1.517600e-02 0.000000e+00 9.848240e-01
206 1.517600e-02 0.000000e+00 9.848240e-01
207 1.517600e-02 0.000000e+00 9.848240e-01
208 1.517600e-02 0.000000e+00 9.848240e-01
209 1.517600e-02 0.000000e+00 9.848240e-01
210 1.517600e-02 0.000000e+00 9.848240e-01
211 1.517600e-02 0.000000e+00 9.848240e-01
212 1.517600e-02 0.000000e+00 9.848240e-01
213 1.517600e-02 0.000000e+00 9.848240e-01
214 1.517600e-02 0.000000e+00 9.848240e-01
215 1.517600e-02 0.000000e+00 9.848240e-01
216 1.517600e-02 0.000000e+00 9.848240e-01
217 1.517600e-02 0.000000e+00 9.848240e-01
218 1.517600e-02 0.000000e+00 9.848240e-01
219 1.517600e-02 0.000000e+00 9.848240e-01
220 1.517600e-02 0.000000e+00 9.848240e-01
221 1.517600e-02 0.000000e+00 9.848240e-01
222 1.517600e-02 0.000000e+00 9.848240e-01
223 1.517600e-02 0.000000e+00 9.848240e-01
224 1.517600e-02 0.000000e+00 9.848240e-01
225 1.517600e-02 0.000000e+00 9.848240e-01
226 1.517600e-02 0.000000e+00 9.848240e-01
227 1.517600e-02 0.000000e+00 9.848240e-01
228 1.517600e-02 0.000000e+00 9.848240e-01
229 1.517600e-02 0.000000e+00 9.848240e-01
230 1.517600e-02 0.000000e+00 9.848240e-01
231 1.517600e-02 0.000000e+00 9.848240e-01
232 1.517600e-02 0.000000e+00 9.848240e-01
233 1.517600e-02 0.000000e+00 9.848240e-01
234 1.517600e-02 0.000000e+00 9.848240e-01
235 1.517600e-02 0.000000e+00 9.848240e-01
236 1.517600e-02 0.000000e+00 9.848240e-01
237 1.517600e-02 0.000000e+00 9.848240e-01
238 1.517600e-02 0.000000e+00 9.848240e-01
239 1.517600e-02 0.000000e+00 9.848240e-01
240 1.517600e-02 0.000000e+00 9.848240e-01
241 1.517600e-02 0.000000e+00 9.848240e-01
242 1.517600e-02 0.000000e+00 9.848240e-01
243 1.517600e-02 0.000000e+00 9.848240e-01
244 1.517600e-02 0.000000e+00 9.848240e-01
245 1.517600e-02 0.000000e+00 9.848240e-01
246 1.517600e-02 0.000000e+00 9.848240e-01
247 1.517600e-02 0.000000e+00 9.848240e-01
248 1.517600e-02 0.000000e+00 9.848240e-01
249 1.517600e-02 0.000000e+00 9.848240e-01
250 1.517600e-02 0.000000e+00 9.848240e-01
251 1.517600e-02 0.000000e+00 9.848240e-01
252 1.517600e-02 0.000000e+00 9.848240e-01
253 1.517600e-02 0.000000e+00 9.848240e-01
254 1.517600e-02 0.000000e+00 9.848240e-01
255 1.517600e-02 0.000000e+00 9.848240e-01
256 1.517600e-02 0.000000e+00 9.848240e-01
257 1.517600e-02 0.000000e+00 9.848240e-01
258 1.517600e-02 0.000000e+00 9.848240e-01
259 1.517600e-02 0.000000e+00 9.848240e-01
260 1.517600e-02 0.000000e+00 9.848240e-01
261 1.517600e-02 0.000000e+00 9.848240e-01
262 1.517600e-02 0.000000e+00 9.848240e-01
263 1.517600e-02 0.000000e+00 9.848240e-01
264 1.517600e-02 0.000000e+00 9.848240e-01
265 1.517600e-02 0.000000e+00 9.848240e-01
266 1.517600e-02 0.000000e+00 9.848240e-01
267 1.517600e-02 0.000000e+00 9.848240e-01
268 1.517600e-02 0.000000e+00 9.848240e-01
269 1.517600e-02 0.000000e+00 9.848240e-01
270 1.517600e-02 0.000000e+00 9.848240e-01
271 1.517600e-02 0.000000e+00 9.848240e-01
272 1.517600e-02 0.000000e+00 9.848240e-01
273 1.517600e-02 0.000000e+00 9.848240e-01
274 1.517600e-02 0.000000e+00 9.848240e-01
275 1.517600e-02 0.000000e+00 9.848240e-01
276 1.517600e-02 0.000000e+00 9.848240e-01
277 1.517600e-02 0.000000e+00 9.848240e-01
278 1.517600e-02 0.000000e+00 9.848240e-01
279 1.517600e-02 0.000000e+00 9.848240e-01
280 1.517600e-02 0.000000e+00 9.848240e-01
281 1.517600e-02 0.000000e+00 9.848240e-01
282 1.517600e-02 0.000000e+00 9.848240e-01
283 1.517600e-02 0.000000e+00 9.848240e-01
284 1.517600e-02 0.000000e+00 9.848240e-01
285 1.517600e-02 0.000000e+00 9.848240e-01
286 1.517600e-02 0.000000e+00 9.848240e-01
287 1.517600e-02 0.000000e+00 9.848240e-01
288 1.517600e-02 0.000000e+00 9.848240e-01
289 1.517600e-02 0.000000e+00 9.848240e-01
290 1.517600e-02 0.000000e+00 9.848240e-01
291 1.517600e-02 0.000000e+00 9.848240e-01
292 1.517600e-02 0.000000e+00 9.848240e-01
293 1.517600e-02 0.000000e+00 9.848240e-01
294 1.517600e-02 0.000000e+00 9.848240e-01
295 1.517600e-02 0.000000e+00 9.848240e-01
296 1.517600e-02 0.000000e+00 9.848240e-01
297 1.517600e-02 0.000000e+00 9.848240e-01
298 1.517600e-02 0.000000e+00 9.848240e-01
299 1.517600e-02 0.000000e+00 9.848240e-01
300 1.517600e-02 0.000000e+00 9.848240e-01
301 1.517600e-02 0.000000e+00 9.848240e-01
302 1.517600e-02 0.000000e+00 9.848240e-01
303 1.517600e-02 0.000000e+00 9.848240e-01
304 1.517600e-02 0.000000e+00 9.848240e-01
305 1.517600e-02 0.000000e+00 9.848240e-01
306 1.517600e-02 0.000000e+00 9.848240e-01
307 1.517600e-02 0.000000e+00 9.848240e-01
308 1.517600e-02 0.000000e+00 9.848240e-01
309 1.517600e-02 0.000000e+00 9.848240e-01
310 1.517600e-02 0.000000e+00 9.848240e-01
311 1.517600e-02 0.000000e+00 9.848240e-01
312 1.517600e-02 0.000000e+00 9.848240e-01
313 1.517600e-02 0.000000e+00 9.848240e-01
314 1.517600e-02 0.000000e+00 9.848240e-01
315 1.517600e-02 0.000000e+00 9.848240e-01
316 1.517600e-02 0.000000e+00 9.848240e-01
317 1.517600e-02 0.000000e+00 9.848240e-01
318 1.517600e-02 0.000000e+00 9.848240e-01
319 1.517600e-02 0.000000e+00 9.848240e-01
320 1.517600e-02 0.000000e+00 9.848240e-01
321 1.517600e-02 0.000000e+00 9.848240e-01
322 1.517600e-02 0.000000e+00 9.848240e-01
323 1.517600e-02 0.000000e+00 9.848240e-01
324 1.517600e-02 0.000000e+00 9.848240e-01
325 1.517600e-02 0.000000e+00 9.848240e-01
326 1.517600e-02 0.000000e+00 9.848240e-01
327 1.517600e-02 0.000000e+00 9.848240e-01
328 1.517600e-02 0.000000e+00 9.848240e-01
329 1.517600e-02 0.000000e+00 9.848240e-01
330 1.517600e-02 0.000000e+00 9.848240e-01
331 1.517600e-02 0.000000e+00 9.848240e-01
332 1.517600e-02 0.000000e+00 9.848240e-01
333 1.517600e-02 0.000000e+00 9.848240e-01
334 1.517600e-02 0.000000e+00 9.848240e-01
335 1.517600e-02 0.000000e+00 9.848240e-01
336 1.517600e-02 0.000000e+00 9.848240e-01
337 1.517600e-02 0.000000e+00 9.848240e-01
338 1.517600e-02 0.000000e+00 9.848240e-01
339 1.517600e-02 0.000000e+00 9.848240e-01
340 1.517600e-02 0.000000e+00 9.848240e-01
341 1.517600e-02 0.000000e+00 9.848240e-01
342 1.517600e-02 0.000000e+00 9.848240e-01
343 1.517600e-02 0.000000e+00 9.848240e-01
344 1.517600e-02 0.000000e+00 9.848240e-01
345 1.517600e-02 0.000000e+00 9.848240e-01
346 1.517600e-02 0.000000e+00 9.848240e-01
347 1.517600e-02 0.000000e+00 9.848240e-01
348 1.517600e-02 0.000000e+00 9.848240e-01
349 1.517600e-02 0.000000e+00 9.848240e-01
350 1.517600e-02 0.000000e+00 9.848240e-01
351 1.517600e-02 0.000000e+00 9.848240e-01
352 1.517600e-02 0.000000e+00 9.848240e-01
353 1.517600e-02 0.000000e+00 9.848240e-01
354 1.517600e-02 0.000000e+00 9.848240e-01
355 1.517600e-02 0.000000e+00 9.848240e-01
356 1.517600e-02 0.000000e+00 9.848240e-01
357 1.517600e-02 0.000000e+00 9.848240e-01
358 1.517600e-02 0.000000e+00 9.848240e-01
359 1.517600e-02 0.000000e+00 9.848240e-01
360 1.517600e-02 0.000000e+00 9.848240e-01
361 1.517600e-02 0.000000e+00 9.848240e-01
362 1.517600e-02 0.000000e+00 9.848240e-01
363 1.517600e-02 0.000000e+00 9.848240e-01
364 1.517600e-02 0.000000e+00 9.848240e-01
365 1.517600e-02 0.000000e+00 9.848240e-01
366 1.517600e-02 0.000000e+00 9.848240e-01
367 1.517600e-02 0.000000e+00 9.848240e-01
368 1.517600e-02 0.000000e+00 9.848240e-01
369 1.517600e-02 0.000000e+00 9.848240e-01
370 1.517600e-02 0.000000e+00 9.848240e-01
371 1.517600e-02 0.000000e+00 9.848240e-01
372 1.517600e-02 0.000000e+00 9.848240e-01
373 1.517600e-02 0.000000e+00 9.848240e-01
374 1.517600e-02 0.000000e+00 9.848240e-01
375 1.517600e-02 0.000000e+00 9.848240e-01
376 1.517600e-02 0.000000e+00 9.848240e-01
377 1.517600e-02 0.000000e+00 9.848240e-01
378 1.517600e-02 0.000000e+00 9.848240e-01
379 1.517600e-02 0.000000e+00 9.848240e-01
380 1.517600e-02 0.000000e+00 9.848240e-01
381 1.517600e-02 0.000000e+00 9.848240e-01
382 1.517600e-02 0.000000e+00 9.848240e-01
383 1.517600e-02 0.000000e+00 9.848240e-01
384 1.517600e-02 0.000000e+00 9.848240e-01
385 1.517600e-02 0.000000e+00 9.848240e-01
386 1.517600e-02 0.000000e+00 9.848240e-01
387 1.517600e-02 0.000000e+00 9.848240e-01
388 1.517600e-02 0.000000e+00 9.848240e-01
389 1.517600e-02 0.000000e+00 9.848240e-01
390 1.517600e-02 0.000000e+00 9.848240e-01
391 1.517600e-02 0.000000e+00 9.848240e-01
392 1.517600e-02 0.000000e+00 9.848240e-01
393 1.517600e-02 0.000000e+00 9.848240e-01
394 1.517600e-02 0.000000e+00 9.848240e-01
395 1.517600e-02 0.000000e+00 9.848240e-01
396 1.517600e-02 0.000000e+00 9.848240e-01
397 1.517600e-02 0.000000e+00 9.848240e-01
398 1.517600e-02 0.000000e+00 9.848240e-01
399 1.517600e-02 0.000000e+00 9.848240e-01
400 1.517600e-02 0.000000e+00 9.848240e-01
401 1.517600e-02 0.000000e+00 9.848240e-01
402 1.517600e-02 0.000000e+00 9.848240e-01
403 1.517600e-02 0.000000e+00 9.848240e-01
404 1.517600e-02 0.000000e+00 9.848240e-01
405 1.517600e-02 0.000000e+00 9.848240e-01
406 1.517600e-02 0.000000e+00 9.848240e-01
407 1.517600e-02 0.000000e+00 9.848240e-01
408 1.517600e-02 0.000000e+00 9.848240e-01
409 1.517600e-02 0.000000e+00 9.848240e-01
410 1.517600e-02 0.000000e+00 9.848240e-01
411 1.517600e-02 0.000000e+00 9.848240e-01
412 1.517600e-02 0.000000e+00 9.848240e-01
413 1.517600e-02 0.000000e+00 9.848240e-01
414 1.517600e-02 0.000000e+00 9.848240e-01
415 1.517600e-02 0.000000e+00 9.848240e-01
416 1.517600e-02 0.000000e+00 9.848240e-01
417 1.517600e-02 0.000000e+00 9.848240e-01
418 1.517600e-02 0.000000e+00 9.848240e-01
419 1.517600e-02 0.000000e+00 9.848240e-01
420 1.517600e-02 0.000000e+00 9.848240e-01
421 1.517600e-02 0.000000e+00 9.848240e-01
422 1.517600e-02 0.000000e+00 9.848240e-01
423 1.517600e-02 0.000000e+00 9.848240e-01
424 1.517600e-02 0.000000e+00 9.848240e-01
425 1.517600e-02 0.000000e+00 9.848240e-01
426 1.517600e-02 0.000000e+00 9.848240e-01
427 1.517600e-02 0.000000e+00 9.848240e-01
428 1.517600e-02 0.000000e+00 9.848240e-01
429 1.517600e-02 0.000000e+00 9.848240e-01
430 1.517600e-02 0.000000e+00 9.848240e-01
431 1.517600e-02 0.000000e+00 9.848240e-01
432 1.517600e-02 0.000000e+00 9.848240e-01
433 1.517600e-02 0.000000e+00 9.848240e-01
434 1.517600e-02 0.000000e+00 9.848240e-01
435 1.517600e-02 0.000000e+00 9.848240e-01
436 1.517600e-02 0.000000e+00 9.848240e-01
437 1.517600e-02 0.000000e+00 9.848240e-01
438 1.517600e-02 0.000000e+00 9.848240e-01
439 1.517600e-02 0.000000e+00 9.848240e-01
440 1.517600e-02 0.000000e+00 9.848240e-01
441 1.517600e-02 0.000000e+00 9.848240e-01
442 1.517600e-02 0.000000e+00 9.848240e-01
443 1.517600e-02 0.000000e+00 9.848240e-01
444 1.517600e-02 0.000000e+00 9.848240e-01
445 1.517600e-02 0.000000e+00 9.848240e-01
446 1.517600e-02 0.000000e+00 9.848240e-01
447 1.517600e-02 0.000000e+00 9.848240e-01
448 1.517600e-02 0.000000e+00 9.848240e-01
449 1.517600e-02 0.000000e+00 9.848240e-01
450 1.517600e-02 0.000000e+00 9.848240e-01
451 1.517600e-02 0.000000e+00 9.848240e-01
452 1.517600e-02 0.000000e+00 9.848240e-01
453 1.517600e-02 0.000000e+00 9.848240e-01
454 1.517600e-02 0.000000e+00 9.848240e-01
455 1.517600e-02 0.000000e+00 9.848240e-01
456 1.517600e-02 0.000000e+00 9.848240e-01
457 1.517600e-02 0.000000e+00 9.848240e-01
458 1.517600e-02 0.000000e+00 9.848240e-01
459 1.517600e-02 0.000000e+00 9.848240e-01
460 1.517600e-02 0.000000e+00 9.848240e-01
461 1.517600e-02 0.000000e+00 9.848240e-01
462 1.517600e-02 0.000000e+00 9.848240e-01
463 1.517600e-02 0.000000e+00 9.848240e-01
464 1.517600e-02 0.000000e+00 9.848240e-01
465 1.517600e-02 0.000000e+00 9.848240e-01
466 1.517600e-02 0.000000e+00 9.848240e-01
467 1.517600e-02 0.000000e+00 9.848240e-01
468 1.517600e-02 0.000000e+00 9.848240e-01
469 1.517600e-02 0.000000e+00 9.848240e-01
470 1.517600e-02 0.000000e+00 9.848240e-01
471 1.517600e-02 0.000000e+00 9.848240e-01
472 1.517600e-02 0.000000e+00 9.848240e-01
473 1.517600e-02 0.000000e+00 9.848240e-01
474 1.517600e-02 0.000000e+00 9.848240e-01
475 1.517600e-02 0.000000e+00 9.848240e-01
476 1.517600e-02 0.000000e+00 9.848240e-01
477 1.517600e-02 0.000000e+00 9.848240e-01
478 1.517600e-02 0.000000e+00 9.848240e-01
479 1.517600e-02 0.000000e+00 9.848240e-01
480 1.517600e-02 0.000000e+00 9.848240e-01
481 1.517600e-02 0.000000e+00 9.848240e-01
482 1.517600e-02 0.000000e+00 9.848240e-01
483 1.517600e-02 0.000000e+00 9.848240e-01
484 1.517600e-02 0.000000e+00 9.848240e-01
485 1.517600e-02 0.000000e+00 9.848240e-01
486 1.517600e-02 0.000000e+00 9.848240e-01
487 1.517600e-02 0.000000e+00 9.848240e-01
488 1.517600e-02 0.000000e+00 9.848240e-01
489 1.517600e-02 0.000000e+00 9.848240e-01
490 1.517600e-02 0.000000e+00 9.848240e-01
491 1.517600e-02 0.000000e+00 9.848240e-01
492 1.517600e-02 0.000000e+00 9.848240e-01
493 1.517600e-02 0.000000e+00 9.848240e-01
494 1.517600e-02 0.000000e+00 9.848240e-01
495 1.517600e-02 0.000000e+00 9.848240e-01
496 1.517600e-02 0.000000e+00 9.848240e-01
497 1.517600e-02 0.000000e+00 9.848240e-01
498 1.517600e-02 0.000000e+00 9.848240e-01
499 1.517600e-02 0.000000e+00 9.848240e-01
500 1.517600e-02 0.000000e+00 9.848240e-01
