1 9.992600e-01 6.200000e-04 1.200000e-04
2 9.986160e-01 1.092000e-03 2.920000e-04
3 9.976440e-01 1.872000e-03 4.840000e-04
4 9.961840e-01 2.928000e-03 8.880000e-04
5 9.939280e-01 4.544000e-03 1.528000e-03
6 9.906240e-01 6.932000e-03 2.444000e-03
7 9.865000e-01 9.552000e-03 3.948000e-03
8 9.813600e-01 1.259200e-02 6.048000e-03
9 9.749560e-01 1.642800e-02 8.616000e-03
10 9.673880e-01 2.091600e-02 1.169600e-02
11 9.588560e-01 2.533200e-02 1.581200e-02
12 9.486720e-01 3.066400e-02 2.066400e-02
13 9.372560e-01 3.615600e-02 2.658800e-02
14 9.247640e-01 4.165200e-02 3.358400e-02
15 9.110080e-01 4.762800e-02 4.136400e-02
16 8.955760e-01 5.426800e-02 5.015600e-02
17 8.792640e-01 6.058800e-02 6.014800e-02
18 8.611840e-01 6.748800e-02 7.132800e-02
19 8.423040e-01 7.400000e-02 8.369600e-02
20 8.219160e-01 8.104800e-02 9.703600e-02
21 8.006440e-01 8.798400e-02 1.113720e-01
22 7.790360e-01 9.345600e-02 1.275080e-01
23 7.564240e-01 9.901200e-02 1.445640e-01
24 7.336720e-01 1.040240e-01 1.623040e-01
25 7.094520e-01 1.099280e-01 1.806200e-01
26 6.852280e-01 1.142000e-01 2.005720e-01
27 6.606760e-01 1.183240e-01 2.210000e-01
28 6.362360e-01 1.215160e-01 2.422480e-01
29 6.109680e-01 1.255880e-01 2.634440e-01
30 5.860280e-01 1.277880e-01 2.861840e-01
31 5.611480e-01 1.301040e-01 3.087480e-01
32 5.367560e-01 1.316480e-01 3.315960e-01
33 5.129200e-01 1.326880e-01 3.543920e-01
34 4.887240e-01 1.330000e-01 3.782760e-01
35 4.642320e-01 1.343240e-01 4.014440e-01
36 4.402080e-01 1.346480e-01 4.251440e-01
37 4.167280e-01 1.340320e-01 4.492400e-01
38 3.937800e-01 1.331160e-01 4.731040e-01
39 3.710560e-01 1.327720e-01 4.961720e-01
40 3.489800e-01 1.313080e-01 5.197120e-01
41 3.274040e-01 1.299080e-01 5.426880e-01
42 3.064440e-01 1.283400e-01 5.652160e-01
43 2.861120e-01 1.261440e-01 5.877440e-01
44 2.664400e-01 1.236680e-01 6.098920e-01
45 2.474720e-01 1.213960e-01 6.311320e-01
46 2.297280e-01 1.184120e-01 6.518600e-01
47 2.122800e-01 1.158680e-01 6.718520e-01
48 1.955440e-01 1.123920e-01 6.920640e-01
49 1.799400e-01 1.086520e-01 7.114080e-01
50 1.650840e-01 1.046080e-01 7.303080e-01
51 1.514120e-01 1.003880e-01 7.482000e-01
52 1.382280e-01 9.624400e-02 7.655280e-01
53 1.260640e-01 9.186800e-02 7.820680e-01
54 1.147880e-01 8.747600e-02 7.977360e-01
55 1.047200e-01 8.277200e-02 8.125080e-01
56 9.546800e-02 7.758000e-02 8.269520e-01
57 8.717600e-02 7.294400e-02 8.398800e-01
58 7.971200e-02 6.784800e-02 8.524400e-01
59 7.308400e-02 6.313200e-02 8.637840e-01
60 6.676400e-02 5.878800e-02 8.744480e-01
61 6.120400e-02 5.486800e-02 8.839280e-01
62 5.568000e-02 5.127200e-02 8.930480e-01
63 5.067200e-02 4.790000e-02 9.014280e-01
64 4.578800e-02 4.475600e-02 9.094560e-01
65 4.169200e-02 4.136400e-02 9.169440e-01
66 3.753600e-02 3.849200e-02 9.239720e-01
67 3.374000e-02 3.585600e-02 9.304040e-01
68 3.074800e-02 3.277600e-02 9.364760e-01
69 2.793200e-02 3.003200e-02 9.420360e-01
70 2.548800e-02 2.744400e-02 9.470680e-01
71 2.342000e-02 2.502000e-02 9.515600e-01
72 2.188800e-02 2.238400e-02 9.557280e-01
73 2.037200e-02 2.048800e-02 9.591400e-01
74 1.914800e-02 1.826000e-02 9.625920e-01
75 1.822800e-02 1.618800e-02 9.655840e-01
76 1.746000e-02 1.406400e-02 9.684760e-01
77 1.695200e-02 1.226800e-02 9.707800e-01
78 1.654400e-02 1.055200e-02 9.729040e-01
79 1.630400e-02 9.068000e-03 9.746280e-01
80 1.611600e-02 7.744000e-03 9.761400e-01
81 1.594800e-02 6.604000e-03 9.774480e-01
82 1.586800e-02 5.620000e-03 9.785120e-01
83 1.578400e-02 4.692000e-03 9.795240e-01
84 1.569600e-02 3.984000e-03 9.803200e-01
85 1.565600e-02 3.428000e-03 9.809160e-01
86 1.560800e-02 2.892000e-03 9.815000e-01
87 1.556800e-02 2.452000e-03 9.819800e-01
88 1.554000e-02 2.072000e-03 9.823880e-01
89 1.549200e-02 1.796000e-03 9.827120e-01
90 1.546800e-02 1.488000e-03 9.830440e-01
91 1.546000e-02 1.308000e-03 9.832320e-01
92 1.544400e-02 1.140000e-03 9.834160e-01
93 1.543200e-02 9.520000e-04 9.836160e-01
94 1.542000e-02 8.320000e-04 9.837480e-01
95 1.540800e-02 7.280000e-04 9.838640e-01
96 1.539200e-02 5.880000e-04 9.840200e-01
97 1.538800e-02 5.240000e-04 9.840880e-01
98 1.538800e-02 4.800000e-04 9.841320e-01
99 1.538400e-02 4.120000e-04 9.842040e-01
100 1.538000e-02 3.680000e-04 9.842520e-01
101 1.538000e-02 3.360000e-04 9.842840e-01
102 1.537600e-02 2.800000e-04 9.843440e-01
103 1.537600e-02 2.400000e-04 9.843840e-01
104 1.536800e-02 2.040000e-04 9.844280e-01
105 1.536800e-02 1.600000e-04 9.844720e-01
106 1.536800e-02 1.360000e-04 9.844960e-01
107 1.536800e-02 1.160000e-04 9.845160e-01
108 1.536800e-02 8.800000e-05 9.845440e-01
109 1.536400e-02 6.800000e-05 9.845680e-01
110 1.536400e-02 6.400000e-05 9.845720e-01
111 1.536400e-02 4.800000e-05 9.845880e-01
112 1.536400e-02 3.600000e-05 9.846000e-01
113 1.536400e-02 3.200000e-05 9.846040e-01
114 1.536400e-02 2.800000e-05 9.846080e-01
115 1.536400e-02 2.000000e-05 9.846160e-01
116 1.536400e-02 2.000000e-05 9.846160e-01
117 1.536400e-02 2.000000e-05 9.846160e-01
118 1.536400e-02 1.600000e-05 9.846200e-01
119 1.536000e-02 1.600000e-05 9.846240e-01
120 1.536000e-02 1.200000e-05 9.846280e-01
121 1.536000e-02 1.200000e-05 9.846280e-01
122 1.536000e-02 8.000000e-06 9.846320e-01
123 1.536000e-02 4.000000e-06 9.846360e-01
124 1.536000e-02 4.000000e-06 9.846360e-01
125 1.536000e-02 4.000000e-06 9.846360e-01
126 1.536000e-02 4.000000e-06 9.846360e-01
127 1.536000e-02 0.000000e+00 9.846400e-01
128 1.536000e-02 0.000000e+00 9.846400e-01
129 1.536000e-02 0.000000e+00 9.846400e-01
130 1.536000e-02 0.000000e+00 9.846400e-01
131 1.536000e-02 0.000000e+00 9.846400e-01
132 1.536000e-02 0.000000e+00 9.846400e-01
133 1.536000e-02 0.000000e+00 9.846400e-01
134 1.536000e-02 0.000000e+00 9.846400e-01
135 1.536000e-02 0.000000e+00 9.846400e-01
136 1.536000e-02 0.000000e+00 9.846400e-01
137 1.536000e-02 0.000000e+00 9.846400e-01
138 1.536000e-02 0.000000e+00 9.846400e-01
139 1.536000e-02 0.000000e+00 9.846400e-01
140 1.536000e-02 0.000000e+00 9.846400e-01
141 1.536000e-02 0.000000e+00 9.846400e-01
142 1.536000e-02 0.000000e+00 9.846400e-01
143 1.536000e-02 0.000000e+00 9.846400e-01
144 1.536000e-02 0.000000e+00 9.846400e-01
145 1.536000e-02 0.000000e+00 9.846400e-01
146 1.536000e-02 0.000000e+00 9.846400e-01
147 1.536000e-02 0.000000e+00 9.846400e-01
148 1.536000e-02 0.000000e+00 9.846400e-01
149 1.536000e-02 0.000000e+00 9.846400e-01
150 1.536000e-02 0.000000e+00 9.846400e-01
151 1.536000e-02 0.000000e+00 9.846400e-01
152 1.536000e-02 0.000000e+00 9.846400e-01
153 1.536000e-02 0.000000e+00 9.846400e-01
154 1.536000e-02 0.000000e+00 9.846400e-01
155 1.536000e-02 0.000000e+00 9.846400e-01
156 1.536000e-02 0.000000e+00 9.846400e-01
157 1.536000e-02 0.000000e+00 9.846400e-01
158 1.536000e-02 0.000000e+00 9.846400e-01
159 1.536000e-02 0.000000e+00 9.846400e-01
160 1.536000e-02 0.000000e+00 9.846400e-01
161 1.536000e-02 0.000000e+00 9.846400e-01
162 1.536000e-02 0.000000e+00 9.846400e-01
163 1.536000e-02 0.000000e+00 9.846400e-01
164 1.536000e-02 0.000000e+00 9.846400e-01
165 1.536000e-02 0.000000e+00 9.846400e-01
166 1.536000e-02 0.000000e+00 9.846400e-01
167 1.536000e-02 0.000000e+00 9.846400e-01
168 1.536000e-02 0.000000e+00 9.846400e-01
169 1.536000e-02 0.000000e+00 9.846400e-01
170 1.536000e-02 0.000000e+00 9.846400e-01
171 1.536000e-02 0.000000e+00 9.846400e-01
172 1.536000e-02 0.000000e+00 9.846400e-01
173 1.536000e-02 0.000000e+00 9.846400e-01
174 1.536000e-02 0.000000e+00 9.846400e-01
175 1.536000e-02 0.000000e+00 9.846400e-01
176 1.536000e-02 0.000000e+00 9.846400e-01
177 1.536000e-02 0.000000e+00 9.846400e-01
178 1.536000e-02 0.000000e+00 9.846400e-01
179 1.536000e-02 0.000000e+00 9.846400e-01
180 1.536000e-02 0.000000e+00 9.846400e-01
181 1.536000e-02 0.000000e+00 9.846400e-01
182 1.536000e-02 0.000000e+00 9.846400e-01
183 1.536000e-02 0.000000e+00 9.846400e-01
184 1.536000e-02 0.000000e+00 9.846400e-01
185 1.536000e-02 0.000000e+00 9.846400e-01
186 1.536000e-02 0.000000e+00 9.846400e-01
187 1.536000e-02 0.000000e+00 9.846400e-01
188 1.536000e-02 0.000000e+00 9.846400e-01
189 1.536000e-02 0.000000e+00 9.846400e-01
190 1.536000e-02 0.000000e+00 9.846400e-01
191 1.536000e-02 0.000000e+00 9.846400e-01
192 1.536000e-02 0.000000e+00 9.846400e-01
193 1.536000e-02 0.000000e+00 9.846400e-01
194 1.536000e-02 0.000000e+00 9.846400e-01
195 1.536000e-02 0.000000e+00 9.846400e-01
196 1.536000e-02 0.000000e+00 9.846400e-01
197 1.536000e-02 0.000000e+00 9.846400e-01
198 1.536000e-02 0.000000e+00 9.846400e-01
199 1.536000e-02 0.000000e+00 9.846400e-01
200 1.536000e-02 0.000000e+00 9.846400e-01
201 1.536000e-02 0.000000e+00 9.846400e-01
202 1.536000e-02 0.000000e+00 9.846400e-01
203 1.536000e-02 0.000000e+00 9.846400e-01
204 1.536000e-02 0.000000e+00 9.846400e-01
205 1.536000e-02 0.000000e+00 9.846400e-01
206 1.536000e-02 0.000000e+00 9.846400e-01
207 1.536000e-02 0.000000e+00 9.846400e-01
208 1.536000e-02 0.000000e+00 9.846400e-01
209 1.536000e-02 0.000000e+00 9.846400e-01
210 1.536000e-02 0.000000e+00 9.846400e-01
211 1.536000e-02 0.000000e+00 9.846400e-01
212 1.536000e-02 0.000000e+00 9.846400e-01
213 1.536000e-02 0.000000e+00 9.846400e-01
214 1.536000e-02 0.000000e+00 9.846400e-01
215 1.536000e-02 0.000000e+00 9.846400e-01
216 1.536000e-02 0.000000e+00 9.846400e-01
217 1.536000e-02 0.000000e+00 9.846400e-01
218 1.536000e-02 0.000000e+00 9.846400e-01
219 1.536000e-02 0.000000e+00 9.846400e-01
220 1.536000e-02 0.000000e+00 9.846400e-01
221 1.536000e-02 0.000000e+00 9.846400e-01
222 1.536000e-02 0.000000e+00 9.846400e-01
223 1.536000e-02 0.000000e+00 9.846400e-01
224 1.536000e-02 0.000000e+00 9.846400e-01
225 1.536000e-02 0.000000e+00 9.846400e-01
226 1.536000e-02 0.000000e+00 9.846400e-01
227 1.536000e-02 0.000000e+00 9.846400e-01
228 1.536000e-02 0.000000e+00 9.846400e-01
229 1.536000e-02 0.000000e+00 9.846400e-01
230 1.536000e-02 0.000000e+00 9.846400e-01
231 1.536000e-02 0.000000e+00 9.846400e-01
232 1.536000e-02 0.000000e+00 9.846400e-01
233 1.536000e-02 0.000000e+00 9.846400e-01
234 1.536000e-02 0.000000e+00 9.846400e-01
235 1.536000e-02 0.000000e+00 9.846400e-01
236 1.536000e-02 0.000000e+00 9.846400e-01
237 1.536000e-02 0.000000e+00 9.846400e-01
238 1.536000e-02 0.000000e+00 9.846400e-01
239 1.536000e-02 0.000000e+00 9.846400e-01
240 1.536000e-02 0.000000e+00 9.846400e-01
241 1.536000e-02 0.000000e+00 9.846400e-01
242 1.536000e-02 0.000000e+00 9.846400e-01
243 1.536000e-02 0.000000e+00 9.846400e-01
244 1.536000e-02 0.000000e+00 9.846400e-01
245 1.536000e-02 0.000000e+00 9.846400e-01
246 1.536000e-02 0.000000e+00 9.846400e-01
247 1.536000e-02 0.000000e+00 9.846400e-01
248 1.536000e-02 0.000000e+00 9.846400e-01
249 1.536000e-02 0.000000e+00 9.846400e-01
250 1.536000e-02 0.000000e+00 9.846400e-01
251 1.536000e-02 0.000000e+00 9.846400e-01
252 1.536000e-02 0.000000e+00 9.846400e-01
253 1.536000e-02 0.000000e+00 9.846400e-01
254 1.536000e-02 0.000000e+00 9.846400e-01
255 1.536000e-02 0.000000e+00 9.846400e-01
256 1.536000e-02 0.000000e+00 9.846400e-01
257 1.536000e-02 0.000000e+00 9.846400e-01
258 1.536000e-02 0.000000e+00 9.846400e-01
259 1.536000e-02 0.000000e+00 9.846400e-01
260 1.536000e-02 0.000000e+00 9.846400e-01
261 1.536000e-02 0.000000e+00 9.846400e-01
262 1.536000e-02 0.000000e+00 9.846400e-01
263 1.536000e-02 0.000000e+00 9.846400e-01
264 1.536000e-02 0.000000e+00 9.846400e-01
265 1.536000e-02 0.000000e+00 9.846400e-01
266 1.536000e-02 0.000000e+00 9.846400e-01
267 1.536000e-02 0.000000e+00 9.846400e-01
268 1.536000e-02 0.000000e+00 9.846400e-01
269 1.536000e-02 0.000000e+00 9.846400e-01
270 1.536000e-02 0.000000e+00 9.846400e-01
271 1.536000e-02 0.000000e+00 9.846400e-01
272 1.536000e-02 0.000000e+00 9.846400e-01
273 1.536000e-02 0.000000e+00 9.846400e-01
274 1.536000e-02 0.000000e+00 9.846400e-01
275 1.536000e-02 0.000000e+00 9.846400e-01
276 1.536000e-02 0.000000e+00 9.846400e-01
277 1.536000e-02 0.000000e+00 9.846400e-01
278 1.536000e-02 0.000000e+00 9.846400e-01
279 1.536000e-02 0.000000e+00 9.846400e-01
280 1.536000e-02 0.000000e+00 9.846400e-01
281 1.536000e-02 0.000000e+00 9.846400e-01
282 1.536000e-02 0.000000e+00 9.846400e-01
283 1.536000e-02 0.000000e+00 9.846400e-01
284 1.536000e-02 0.000000e+00 9.846400e-01
285 1.536000e-02 0.000000e+00 9.846400e-01
286 1.536000e-02 0.000000e+00 9.846400e-01
287 1.536000e-02 0.000000e+00 9.846400e-01
288 1.536000e-02 0.000000e+00 9.846400e-01
289 1.536000e-02 0.000000e+00 9.846400e-01
290 1.536000e-02 0.000000e+00 9.846400e-01
291 1.536000e-02 0.000000e+00 9.846400e-01
292 1.536000e-02 0.000000e+00 9.846400e-01
293 1.536000e-02 0.000000e+00 9.846400e-01
294 1.536000e-02 0.000000e+00 9.846400e-01
295 1.536000e-02 0.000000e+00 9.846400e-01
296 1.536000e-02 0.000000e+00 9.846400e-01
297 1.536000e-02 0.000000e+00 9.846400e-01
298 1.536000e-02 0.000000e+00 9.846400e-01
299 1.536000e-02 0.000000e+00 9.846400e-01
300 1.536000e-02 0.000000e+00 9.846400e-01
301 1.536000e-02 0.000000e+00 9.846400e-01
302 1.536000e-02 0.000000e+00 9.846400e-01
303 1.536000e-02 0.000000e+00 9.846400e-01
304 1.536000e-02 0.000000e+00 9.846400e-01
305 1.536000e-02 0.000000e+00 9.846400e-01
306 1.536000e-02 0.000000e+00 9.846400e-01
307 1.536000e-02 0.000000e+00 9.846400e-01
308 1.536000e-02 0.000000e+00 9.846400e-01
309 1.536000e-02 0.000000e+00 9.846400e-01
310 1.536000e-02 0.000000e+00 9.846400e-01
311 1.536000e-02 0.000000e+00 9.846400e-01
312 1.536000e-02 0.000000e+00 9.846400e-01
313 1.536000e-02 0.000000e+00 9.846400e-01
314 1.536000e-02 0.000000e+00 9.846400e-01
315 1.536000e-02 0.000000e+00 9.846400e-01
316 1.536000e-02 0.000000e+00 9.846400e-01
317 1.536000e-02 0.000000e+00 9.846400e-01
318 1.536000e-02 0.000000e+00 9.846400e-01
319 1.536000e-02 0.000000e+00 9.846400e-01
320 1.536000e-02 0.000000e+00 9.846400e-01
321 1.536000e-02 0.000000e+00 9.846400e-01
322 1.536000e-02 0.000000e+00 9.846400e-01
323 1.536000e-02 0.000000e+00 9.846400e-01
324 1.536000e-02 0.000000e+00 9.846400e-01
325 1.536000e-02 0.000000e+00 9.846400e-01
326 1.536000e-02 0.000000e+00 9.846400e-01
327 1.536000e-02 0.000000e+00 9.846400e-01
328 1.536000e-02 0.000000e+00 9.846400e-01
329 1.536000e-02 0.000000e+00 9.846400e-01
330 1.536000e-02 0.000000e+00 9.846400e-01
331 1.536000e-02 0.000000e+00 9.846400e-01
332 1.536000e-02 0.000000e+00 9.846400e-01
333 1.536000e-02 0.000000e+00 9.846400e-01
334 1.536000e-02 0.000000e+00 9.846400e-01
335 1.536000e-02 0.000000e+00 9.846400e-01
336 1.536000e-02 0.000000e+00 9.846400e-01
337 1.536000e-02 0.000000e+00 9.846400e-01
338 1.536000e-02 0.000000e+00 9.846400e-01
339 1.536000e-02 0.000000e+00 9.846400e-01
340 1.536000e-02 0.000000e+00 9.846400e-01
341 1.536000e-02 0.000000e+00 9.846400e-01
342 1.536000e-02 0.000000e+00 9.846400e-01
343 1.536000e-02 0.000000e+00 9.846400e-01
344 1.536000e-02 0.000000e+00 9.846400e-01
345 1.536000e-02 0.000000e+00 9.846400e-01
346 1.536000e-02 0.000000e+00 9.846400e-01
347 1.536000e-02 0.000000e+00 9.846400e-01
348 1.536000e-02 0.000000e+00 9.846400e-01
349 1.536000e-02 0.000000e+00 9.846400e-01
350 1.536000e-02 0.000000e+00 9.846400e-01
351 1.536000e-02 0.000000e+00 9.846400e-01
352 1.536000e-02 0.000000e+00 9.846400e-01
353 1.536000e-02 0.000000e+00 9.846400e-01
354 1.536000e-02 0.000000e+00 9.846400e-01
355 1.536000e-02 0.000000e+00 9.846400e-01
356 1.536000e-02 0.000000e+00 9.846400e-01
357 1.536000e-02 0.000000e+00 9.846400e-01
358 1.536000e-02 0.000000e+00 9.846400e-01
359 1.536000e-02 0.000000e+00 9.846400e-01
360 1.536000e-02 0.000000e+00 9.846400e-01
361 1.536000e-02 0.000000e+00 9.846400e-01
362 1.536000e-02 0.000000e+00 9.846400e-01
363 1.536000e-02 0.000000e+00 9.846400e-01
364 1.536000e-02 0.000000e+00 9.846400e-01
365 1.536000e-02 0.000000e+00 9.846400e-01
366 1.536000e-02 0.000000e+00 9.846400e-01
367 1.536000e-02 0.000000e+00 9.846400e-01
368 1.536000e-02 0.000000e+00 9.846400e-01
369 1.536000e-02 0.000000e+00 9.846400e-01
370 1.536000e-02 0.000000e+00 9.846400e-01
371 1.536000e-02 0.000000e+00 9.846400e-01
372 1.536000e-02 0.000000e+00 9.846400e-01
373 1.536000e-02 0.000000e+00 9.846400e-01
374 1.536000e-02 0.000000e+00 9.846400e-01
375 1.536000e-02 0.000000e+00 9.846400e-01
376 1.536000e-02 0.000000e+00 9.846400e-01
377 1.536000e-02 0.000000e+00 9.846400e-01
378 1.536000e-02 0.000000e+00 9.846400e-01
379 1.536000e-02 0.000000e+00 9.846400e-01
380 1.536000e-02 0.000000e+00 9.846400e-01
381 1.536000e-02 0.000000e+00 9.846400e-01
382 1.536000e-02 0.000000e+00 9.846400e-01
383 1.536000e-02 0.000000e+00 9.846400e-01
384 1.536000e-02 0.000000e+00 9.846400e-01
385 1.536000e-02 0.000000e+00 9.846400e-01
386 1.536000e-02 0.000000e+00 9.846400e-01
387 1.536000e-02 0.000000e+00 9.846400e-01
388 1.536000e-02 0.000000e+00 9.846400e-01
389 1.536000e-02 0.000000e+00 9.846400e-01
390 1.536000e-02 0.000000e+00 9.846400e-01
391 1.536000e-02 0.000000e+00 9.846400e-01
392 1.536000e-02 0.000000e+00 9.846400e-01
393 1.536000e-02 0.000000e+00 9.846400e-01
394 1.536000e-02 0.000000e+00 9.846400e-01
395 1.536000e-02 0.000000e+00 9.846400e-01
396 1.536000e-02 0.000000e+00 9.846400e-01
397 1.536000e-02 0.000000e+00 9.846400e-01
398 1.536000e-02 0.000000e+00 9.846400e-01
399 1.536000e-02 0.000000e+00 9.846400e-01
400 1.536000e-02 0.000000e+00 9.846400e-01
401 1.536000e-02 0.000000e+00 9.846400e-01
402 1.536000e-02 0.000000e+00 9.846400e-01
403 1.536000e-02 0.000000e+00 9.846400e-01
404 1.536000e-02 0.000000e+00 9.846400e-01
405 1.536000e-02 0.000000e+00 9.846400e-01
406 1.536000e-02 0.000000e+00 9.846400e-01
407 1.536000e-02 0.000000e+00 9.846400e-01
408 1.536000e-02 0.000000e+00 9.846400e-01
409 1.536000e-02 0.000000e+00 9.846400e-01
410 1.536000e-02 0.000000e+00 9.846400e-01
411 1.536000e-02 0.000000e+00 9.846400e-01
412 1.536000e-02 0.000000e+00 9.846400e-01
413 1.536000e-02 0.000000e+00 9.846400e-01
414 1.536000e-02 0.000000e+00 9.846400e-01
415 1.536000e-02 0.000000e+00 9.846400e-01
416 1.536000e-02 0.000000e+00 9.846400e-01
417 1.536000e-02 0.000000e+00 9.846400e-01
418 1.536000e-02 0.000000e+00 9.846400e-01
419 1.536000e-02 0.000000e+00 9.846400e-01
420 1.536000e-02 0.000000e+00 9.846400e-01
421 1.536000e-02 0.000000e+00 9.846400e-01
422 1.536000e-02 0.000000e+00 9.846400e-01
423 1.536000e-02 0.000000e+00 9.846400e-01
424 1.536000e-02 0.000000e+00 9.846400e-01
425 1.536000e-02 0.000000e+00 9.846400e-01
426 1.536000e-02 0.000000e+00 9.846400e-01
427 1.536000e-02 0.000000e+00 9.846400e-01
428 1.536000e-02 0.000000e+00 9.846400e-01
429 1.536000e-02 0.000000e+00 9.846400e-01
430 1.536000e-02 0.000000e+00 9.846400e-01
431 1.536000e-02 0.000000e+00 9.846400e-01
432 1.536000e-02 0.000000e+00 9.846400e-01
433 1.536000e-02 0.000000e+00 9.846400e-01
434 1.536000e-02 0.000000e+00 9.846400e-01
435 1.536000e-02 0.000000e+00 9.846400e-01
436 1.536000e-02 0.000000e+00 9.846400e-01
437 1.536000e-02 0.000000e+00 9.846400e-01
438 1.536000e-02 0.000000e+00 9.846400e-01
439 1.536000e-02 0.000000e+00 9.846400e-01
440 1.536000e-02 0.000000e+00 9.846400e-01
441 1.536000e-02 0.000000e+00 9.846400e-01
442 1.536000e-02 0.000000e+00 9.846400e-01
443 1.536000e-02 0.000000e+00 9.846400e-01
444 1.536000e-02 0.000000e+00 9.846400e-01
445 1.536000e-02 0.000000e+00 9.846400e-01
446 1.536000e-02 0.000000e+00 9.846400e-01
447 1.536000e-02 0.000000e+00 9.846400e-01
448 1.536000e-02 0.000000e+00 9.846400e-01
449 1.536000e-02 0.000000e+00 9.846400e-01
450 1.536000e-02 0.000000e+00 9.846400e-01
451 1.536000e-02 0.000000e+00 9.846400e-01
452 1.536000e-02 0.000000e+00 9.846400e-01
453 1.536000e-02 0.000000e+00 9.846400e-01
454 1.536000e-02 0.000000e+00 9.846400e-01
455 1.536000e-02 0.000000e+00 9.846400e-01
456 1.536000e-02 0.000000e+00 9.846400e-01
457 1.536000e-02 0.000000e+00 9.846400e-01
458 1.536000e-02 0.000000e+00 9.846400e-01
459 1.536000e-02 0.000000e+00 9.846400e-01
460 1.536000e-02 0.000000e+00 9.846400e-01
461 1.536000e-02 0.000000e+00 9.846400e-01
462 1.536000e-02 0.000000e+00 9.846400e-01
463 1.536000e-02 0.000000e+00 9.846400e-01
464 1.536000e-02 0.000000e+00 9.846400e-01
465 1.536000e-02 0.000000e+00 9.846400e-01
466 1.536000e-02 0.000000e+00 9.846400e-01
467 1.536000e-02 0.000000e+00 9.846400e-01
468 1.536000e-02 0.000000e+00 9.846400e-01
469 1.536000e-02 0.000000e+00 9.846400e-01
470 1.536000e-02 0.000000e+00 9.846400e-01
471 1.536000e-02 0.000000e+00 9.846400e-01
472 1.536000e-02 0.000000e+00 9.846400e-01
473 1.536000e-02 0.000000e+00 9.846400e-01
474 1.536000e-02 0.000000e+00 9.846400e-01
475 1.536000e-02 0.000000e+00 9.846400e-01
476 1.536000e-02 0.000000e+00 9.846400e-01
477 1.536000e-02 0.000000e+00 9.846400e-01
478 1.536000e-02 0.000000e+00 9.846400e-01
479 1.536000e-02 0.000000e+00 9.846400e-01
480 1.536000e-02 0.000000e+00 9.846400e-01
481 1.536000e-02 0.000000e+00 9.846400e-01
482 1.536000e-02 0.000000e+00 9.846400e-01
483 1.536000e-02 0.000000e+00 9.846400e-01
484 1.536000e-02 0.000000e+00 9.846400e-01
485 1.536000e-02 0.000000e+00 9.846400e-01
486 1.536000e-02 0.000000e+00 9.846400e-01
487 1.536000e-02 0.000000e+00 9.846400e-01
488 1.536000e-02 0.000000e+00 9.846400e-01
489 1.536000e-02 0.000000e+00 9.846400e-01
490 1.536000e-02 0.000000e+00 9.846400e-01
491 1.536000e-02 0.000000e+00 9.846400e-01
492 1.536000e-02 0.000000e+00 9.846400e-01
493 1.536000e-02 0.000000e+00 9.846400e-01
494 1.536000e-02 0.000000e+00 9.846400e-01
495 1.536000e-02 0.000000e+00 9.846400e-01
496 1.536000e-02 0.000000e+00 9.846400e-01
497 1.536000e-02 0.000000e+00 9.846400e-01
498 1.536000e-02 0.000000e+00 9.846400e-01
499 1.536000e-02 0.000000e+00 9.846400e-01
500 1.536000e-02 0.000000e+00 9.846400e-01
