1 9.992160e-01 6.960000e-04 8.800000e-05
2 9.984680e-01 1.288000e-03 2.440000e-04
3 9.971400e-01 2.332000e-03 5.280000e-04
4 9.952880e-01 3.672000e-03 1.040000e-03
5 9.925920e-01 5.552000e-03 1.856000e-03
6 9.887920e-01 8.120000e-03 3.088000e-03
7 9.840680e-01 1.116800e-02 4.764000e-03
8 9.785560e-01 1.443200e-02 7.012000e-03
9 9.713200e-01 1.886000e-02 9.820000e-03
10 9.626840e-01 2.379600e-02 1.352000e-02
11 9.527280e-01 2.909200e-02 1.818000e-02
12 9.406000e-01 3.559600e-02 2.380400e-02
13 9.274360e-01 4.170400e-02 3.086000e-02
14 9.120560e-01 4.920800e-02 3.873600e-02
15 8.954400e-01 5.675600e-02 4.780400e-02
16 8.767880e-01 6.456400e-02 5.864800e-02
17 8.566880e-01 7.262800e-02 7.068400e-02
18 8.349560e-01 8.108800e-02 8.395600e-02
19 8.111480e-01 8.987200e-02 9.898000e-02
20 7.864320e-01 9.816000e-02 1.154080e-01
21 7.602680e-01 1.067840e-01 1.329480e-01
22 7.334200e-01 1.140600e-01 1.525200e-01
23 7.057320e-01 1.210000e-01 1.732680e-01
24 6.774600e-01 1.275680e-01 1.949720e-01
25 6.480000e-01 1.338920e-01 2.181080e-01
26 6.183720e-01 1.398080e-01 2.418200e-01
27 5.884120e-01 1.445960e-01 2.669920e-01
28 5.579120e-01 1.491720e-01 2.929160e-01
29 5.283680e-01 1.521680e-01 3.194640e-01
30 4.987560e-01 1.542520e-01 3.469920e-01
31 4.691240e-01 1.566520e-01 3.742240e-01
32 4.402720e-01 1.581120e-01 4.016160e-01
33 4.114800e-01 1.593160e-01 4.292040e-01
34 3.835920e-01 1.594320e-01 4.569760e-01
35 3.569000e-01 1.582920e-01 4.848080e-01
36 3.302760e-01 1.573480e-01 5.123760e-01
37 3.056200e-01 1.543280e-01 5.400520e-01
38 2.813360e-01 1.521840e-01 5.664800e-01
39 2.593040e-01 1.476640e-01 5.930320e-01
40 2.380200e-01 1.433080e-01 6.186720e-01
41 2.180720e-01 1.383720e-01 6.435560e-01
42 1.994400e-01 1.337240e-01 6.668360e-01
43 1.820960e-01 1.280880e-01 6.898160e-01
44 1.659600e-01 1.218600e-01 7.121800e-01
45 1.506520e-01 1.158480e-01 7.335000e-01
46 1.370680e-01 1.096080e-01 7.533240e-01
47 1.242800e-01 1.036320e-01 7.720880e-01
48 1.122600e-01 9.809600e-02 7.896440e-01
49 1.012080e-01 9.266000e-02 8.061320e-01
50 9.104400e-02 8.704800e-02 8.219080e-01
51 8.194800e-02 8.150800e-02 8.365440e-01
52 7.402800e-02 7.565600e-02 8.503160e-01
53 6.680000e-02 7.004800e-02 8.631520e-01
54 6.024000e-02 6.450800e-02 8.752520e-01
55 5.424800e-02 5.972800e-02 8.860240e-01
56 4.940000e-02 5.473200e-02 8.958680e-01
57 4.461600e-02 5.036400e-02 9.050200e-01
58 4.053600e-02 4.603200e-02 9.134320e-01
59 3.680000e-02 4.221200e-02 9.209880e-01
60 3.370800e-02 3.810800e-02 9.281840e-01
61 3.108800e-02 3.433200e-02 9.345800e-01
62 2.876800e-02 3.093200e-02 9.403000e-01
63 2.680400e-02 2.780400e-02 9.453920e-01
64 2.531200e-02 2.486000e-02 9.498280e-01
65 2.381200e-02 2.216000e-02 9.540280e-01
66 2.251600e-02 1.987600e-02 9.576080e-01
67 2.135600e-02 1.773200e-02 9.609120e-01
68 2.035200e-02 1.573600e-02 9.639120e-01
69 1.955200e-02 1.391600e-02 9.665320e-01
70 1.888000e-02 1.232800e-02 9.687920e-01
71 1.830400e-02 1.100800e-02 9.706880e-01
72 1.782800e-02 9.704000e-03 9.724680e-01
73 1.740800e-02 8.588000e-03 9.740040e-01
74 1.705200e-02 7.440000e-03 9.755080e-01
75 1.681200e-02 6.444000e-03 9.767440e-01
76 1.660800e-02 5.572000e-03 9.778200e-01
77 1.641200e-02 4.808000e-03 9.787800e-01
78 1.631600e-02 4.004000e-03 9.796800e-01
79 1.626400e-02 3.440000e-03 9.802960e-01
80 1.622000e-02 2.932000e-03 9.808480e-01
81 1.618400e-02 2.488000e-03 9.813280e-01
82 1.614400e-02 2.084000e-03 9.817720e-01
83 1.612400e-02 1.748000e-03 9.821280e-01
84 1.610800e-02 1.524000e-03 9.823680e-01
85 1.609600e-02 1.296000e-03 9.826080e-01
86 1.608800e-02 1.132000e-03 9.827800e-01
87 1.608000e-02 9.840000e-04 9.829360e-01
88 1.606400e-02 8.640000e-04 9.830720e-01
89 1.605200e-02 7.440000e-04 9.832040e-01
90 1.604000e-02 6.600000e-04 9.833000e-01
91 1.603200e-02 5.640000e-04 9.834040e-01
92 1.602400e-02 5.200000e-04 9.834560e-01
93 1.602000e-02 4.320000e-04 9.835480e-01
94 1.602000e-02 3.400000e-04 9.836400e-01
95 1.601600e-02 2.600000e-04 9.837240e-01
96 1.601600e-02 2.040000e-04 9.837800e-01
97 1.601600e-02 1.600000e-04 9.838240e-01
98 1.601600e-02 1.400000e-04 9.838440e-01
99 1.601600e-02 1.240000e-04 9.838600e-01
100 1.601600e-02 1.120000e-04 9.838720e-01
101 1.601600e-02 8.800000e-05 9.838960e-01
102 1.601600e-02 7.200000e-05 9.839120e-01
103 1.601600e-02 5.600000e-05 9.839280e-01
104 1.601600e-02 3.600000e-05 9.839480e-01
105 1.601600e-02 3.600000e-05 9.839480e-01
106 1.601600e-02 2.800000e-05 9.839560e-01
107 1.601600e-02 2.400000e-05 9.839600e-01
108 1.601600e-02 1.600000e-05 9.839680e-01
109 1.601600e-02 1.200000e-05 9.839720e-01
110 1.601600e-02 1.200000e-05 9.839720e-01
111 1.601600e-02 1.200000e-05 9.839720e-01
112 1.601600e-02 1.200000e-05 9.839720e-01
113 1.601600e-02 8.000000e-06 9.839760e-01
114 1.601600e-02 4.000000e-06 9.839800e-01
115 1.601600e-02 4.000000e-06 9.839800e-01
116 1.601600e-02 4.000000e-06 9.839800e-01
117 1.601600e-02 4.000000e-06 9.839800e-01
118 1.601600e-02 4.000000e-06 9.839800e-01
119 1.601600e-02 4.000000e-06 9.839800e-01
120 1.601600e-02 4.000000e-06 9.839800e-01
121 1.601600e-02 0.000000e+00 9.839840e-01
122 1.601600e-02 0.000000e+00 9.839840e-01
123 1.601600e-02 0.000000e+00 9.839840e-01
124 1.601600e-02 0.000000e+00 9.839840e-01
125 1.601600e-02 0.000000e+00 9.839840e-01
126 1.601600e-02 0.000000e+00 9.839840e-01
127 1.601600e-02 0.000000e+00 9.839840e-01
128 1.601600e-02 0.000000e+00 9.839840e-01
129 1.601600e-02 0.000000e+00 9.839840e-01
130 1.601600e-02 0.000000e+00 9.839840e-01
131 1.601600e-02 0.000000e+00 9.839840e-01
132 1.601600e-02 0.000000e+00 9.839840e-01
133 1.601600e-02 0.000000e+00 9.839840e-01
134 1.601600e-02 0.000000e+00 9.839840e-01
135 1.601600e-02 0.000000e+00 9.839840e-01
136 1.601600e-02 0.000000e+00 9.839840e-01
137 1.601600e-02 0.000000e+00 9.839840e-01
138 1.601600e-02 0.000000e+00 9.839840e-01
139 1.601600e-02 0.000000e+00 9.839840e-01
140 1.601600e-02 0.000000e+00 9.839840e-01
141 1.601600e-02 0.000000e+00 9.839840e-01
142 1.601600e-02 0.000000e+00 9.839840e-01
143 1.601600e-02 0.000000e+00 9.839840e-01
144 1.601600e-02 0.000000e+00 9.839840e-01
145 1.601600e-02 0.000000e+00 9.839840e-01
146 1.601600e-02 0.000000e+00 9.839840e-01
147 1.601600e-02 0.000000e+00 9.839840e-01
148 1.601600e-02 0.000000e+00 9.839840e-01
149 1.601600e-02 0.000000e+00 9.839840e-01
150 1.601600e-02 0.000000e+00 9.839840e-01
151 1.601600e-02 0.000000e+00 9.839840e-01
152 1.601600e-02 0.000000e+00 9.839840e-01
153 1.601600e-02 0.000000e+00 9.839840e-01
154 1.601600e-02 0.000000e+00 9.839840e-01
155 1.601600e-02 0.000000e+00 9.839840e-01
156 1.601600e-02 0.000000e+00 9.839840e-01
157 1.601600e-02 0.000000e+00 9.839840e-01
158 1.601600e-02 0.000000e+00 9.839840e-01
159 1.601600e-02 0.000000e+00 9.839840e-01
160 1.601600e-02 0.000000e+00 9.839840e-01
161 1.601600e-02 0.000000e+00 9.839840e-01
162 1.601600e-02 0.000000e+00 9.839840e-01
163 1.601600e-02 0.000000e+00 9.839840e-01
164 1.601600e-02 0.000000e+00 9.839840e-01
165 1.601600e-02 0.000000e+00 9.839840e-01
166 1.601600e-02 0.000000e+00 9.839840e-01
167 1.601600e-02 0.000000e+00 9.839840e-01
168 1.601600e-02 0.000000e+00 9.839840e-01
169 1.601600e-02 0.000000e+00 9.839840e-01
170 1.601600e-02 0.000000e+00 9.839840e-01
171 1.601600e-02 0.000000e+00 9.839840e-01
172 1.601600e-02 0.000000e+00 9.839840e-01
173 1.601600e-02 0.000000e+00 9.839840e-01
174 1.601600e-02 0.000000e+00 9.839840e-01
175 1.601600e-02 0.000000e+00 9.839840e-01
176 1.601600e-02 0.000000e+00 9.839840e-01
177 1.601600e-02 0.000000e+00 9.839840e-01
178 1.601600e-02 0.000000e+00 9.839840e-01
179 1.601600e-02 0.000000e+00 9.839840e-01
180 1.601600e-02 0.000000e+00 9.839840e-01
181 1.601600e-02 0.000000e+00 9.839840e-01
182 1.601600e-02 0.000000e+00 9.839840e-01
183 1.601600e-02 0.000000e+00 9.839840e-01
184 1.601600e-02 0.000000e+00 9.839840e-01
185 1.601600e-02 0.000000e+00 9.839840e-01
186 1.601600e-02 0.000000e+00 9.839840e-01
187 1.601600e-02 0.000000e+00 9.839840e-01
188 1.601600e-02 0.000000e+00 9.839840e-01
189 1.601600e-02 0.000000e+00 9.839840e-01
190 1.601600e-02 0.000000e+00 9.839840e-01
191 1.601600e-02 0.000000e+00 9.839840e-01
192 1.601600e-02 0.000000e+00 9.839840e-01
193 1.601600e-02 0.000000e+00 9.839840e-01
194 1.601600e-02 0.000000e+00 9.839840e-01
195 1.601600e-02 0.000000e+00 9.839840e-01
196 1.601600e-02 0.000000e+00 9.839840e-01
197 1.601600e-02 0.000000e+00 9.839840e-01
198 1.601600e-02 0.000000e+00 9.839840e-01
199 1.601600e-02 0.000000e+00 9.839840e-01
200 1.601600e-02 0.000000e+00 9.839840e-01
201 1.601600e-02 0.000000e+00 9.839840e-01
202 1.601600e-02 0.000000e+00 9.839840e-01
203 1.601600e-02 0.000000e+00 9.839840e-01
204 1.601600e-02 0.000000e+00 9.839840e-01
205 1.601600e-02 0.000000e+00 9.839840e-01
206 1.601600e-02 0.000000e+00 9.839840e-01
207 1.601600e-02 0.000000e+00 9.839840e-01
208 1.601600e-02 0.000000e+00 9.839840e-01
209 1.601600e-02 0.000000e+00 9.839840e-01
210 1.601600e-02 0.000000e+00 9.839840e-01
211 1.601600e-02 0.000000e+00 9.839840e-01
212 1.601600e-02 0.000000e+00 9.839840e-01
213 1.601600e-02 0.000000e+00 9.839840e-01
214 1.601600e-02 0.000000e+00 9.839840e-01
215 1.601600e-02 0.000000e+00 9.839840e-01
216 1.601600e-02 0.000000e+00 9.839840e-01
217 1.601600e-02 0.000000e+00 9.839840e-01
218 1.601600e-02 0.000000e+00 9.839840e-01
219 1.601600e-02 0.000000e+00 9.839840e-01
220 1.601600e-02 0.000000e+00 9.839840e-01
221 1.601600e-02 0.000000e+00 9.839840e-01
222 1.601600e-02 0.000000e+00 9.839840e-01
223 1.601600e-02 0.000000e+00 9.839840e-01
224 1.601600e-02 0.000000e+00 9.839840e-01
225 1.601600e-02 0.000000e+00 9.839840e-01
226 1.601600e-02 0.000000e+00 9.839840e-01
227 1.601600e-02 0.000000e+00 9.839840e-01
228 1.601600e-02 0.000000e+00 9.839840e-01
229 1.601600e-02 0.000000e+00 9.839840e-01
230 1.601600e-02 0.000000e+00 9.839840e-01
231 1.601600e-02 0.000000e+00 9.839840e-01
232 1.601600e-02 0.000000e+00 9.839840e-01
233 1.601600e-02 0.000000e+00 9.839840e-01
234 1.601600e-02 0.000000e+00 9.839840e-01
235 1.601600e-02 0.000000e+00 9.839840e-01
236 1.601600e-02 0.000000e+00 9.839840e-01
237 1.601600e-02 0.000000e+00 9.839840e-01
238 1.601600e-02 0.000000e+00 9.839840e-01
239 1.601600e-02 0.000000e+00 9.839840e-01
240 1.601600e-02 0.000000e+00 9.839840e-01
241 1.601600e-02 0.000000e+00 9.839840e-01
242 1.601600e-02 0.000000e+00 9.839840e-01
243 1.601600e-02 0.000000e+00 9.839840e-01
244 1.601600e-02 0.000000e+00 9.839840e-01
245 1.601600e-02 0.000000e+00 9.839840e-01
246 1.601600e-02 0.000000e+00 9.839840e-01
247 1.601600e-02 0.000000e+00 9.839840e-01
248 1.601600e-02 0.000000e+00 9.839840e-01
249 1.601600e-02 0.000000e+00 9.839840e-01
250 1.601600e-02 0.000000e+00 9.839840e-01
251 1.601600e-02 0.000000e+00 9.839840e-01
252 1.601600e-02 0.000000e+00 9.839840e-01
253 1.601600e-02 0.000000e+00 9.839840e-01
254 1.601600e-02 0.000000e+00 9.839840e-01
255 1.601600e-02 0.000000e+00 9.839840e-01
256 1.601600e-02 0.000000e+00 9.839840e-01
257 1.601600e-02 0.000000e+00 9.839840e-01
258 1.601600e-02 0.000000e+00 9.839840e-01
259 1.601600e-02 0.000000e+00 9.839840e-01
260 1.601600e-02 0.000000e+00 9.839840e-01
261 1.601600e-02 0.000000e+00 9.839840e-01
262 1.601600e-02 0.000000e+00 9.839840e-01
263 1.601600e-02 0.000000e+00 9.839840e-01
264 1.601600e-02 0.000000e+00 9.839840e-01
265 1.601600e-02 0.000000e+00 9.839840e-01
266 1.601600e-02 0.000000e+00 9.839840e-01
267 1.601600e-02 0.000000e+00 9.839840e-01
268 1.601600e-02 0.000000e+00 9.839840e-01
269 1.601600e-02 0.000000e+00 9.839840e-01
270 1.601600e-02 0.000000e+00 9.839840e-01
271 1.601600e-02 0.000000e+00 9.839840e-01
272 1.601600e-02 0.000000e+00 9.839840e-01
273 1.601600e-02 0.000000e+00 9.839840e-01
274 1.601600e-02 0.000000e+00 9.839840e-01
275 1.601600e-02 0.000000e+00 9.839840e-01
276 1.601600e-02 0.000000e+00 9.839840e-01
277 1.601600e-02 0.000000e+00 9.839840e-01
278 1.601600e-02 0.000000e+00 9.839840e-01
279 1.601600e-02 0.000000e+00 9.839840e-01
280 1.601600e-02 0.000000e+00 9.839840e-01
281 1.601600e-02 0.000000e+00 9.839840e-01
282 1.601600e-02 0.000000e+00 9.839840e-01
283 1.601600e-02 0.000000e+00 9.839840e-01
284 1.601600e-02 0.000000e+00 9.839840e-01
285 1.601600e-02 0.000000e+00 9.839840e-01
286 1.601600e-02 0.000000e+00 9.839840e-01
287 1.601600e-02 0.000000e+00 9.839840e-01
288 1.601600e-02 0.000000e+00 9.839840e-01
289 1.601600e-02 0.000000e+00 9.839840e-01
290 1.601600e-02 0.000000e+00 9.839840e-01
291 1.601600e-02 0.000000e+00 9.839840e-01
292 1.601600e-02 0.000000e+00 9.839840e-01
293 1.601600e-02 0.000000e+00 9.839840e-01
294 1.601600e-02 0.000000e+00 9.839840e-01
295 1.601600e-02 0.000000e+00 9.839840e-01
296 1.601600e-02 0.000000e+00 9.839840e-01
297 1.601600e-02 0.000000e+00 9.839840e-01
298 1.601600e-02 0.000000e+00 9.839840e-01
299 1.601600e-02 0.000000e+00 9.839840e-01
300 1.601600e-02 0.000000e+00 9.839840e-01
301 1.601600e-02 0.000000e+00 9.839840e-01
302 1.601600e-02 0.000000e+00 9.839840e-01
303 1.601600e-02 0.000000e+00 9.839840e-01
304 1.601600e-02 0.000000e+00 9.839840e-01
305 1.601600e-02 0.000000e+00 9.839840e-01
306 1.601600e-02 0.000000e+00 9.839840e-01
307 1.601600e-02 0.000000e+00 9.839840e-01
308 1.601600e-02 0.000000e+00 9.839840e-01
309 1.601600e-02 0.000000e+00 9.839840e-01
310 1.601600e-02 0.000000e+00 9.839840e-01
311 1.601600e-02 0.000000e+00 9.839840e-01
312 1.601600e-02 0.000000e+00 9.839840e-01
313 1.601600e-02 0.000000e+00 9.839840e-01
314 1.601600e-02 0.000000e+00 9.839840e-01
315 1.601600e-02 0.000000e+00 9.839840e-01
316 1.601600e-02 0.000000e+00 9.839840e-01
317 1.601600e-02 0.000000e+00 9.839840e-01
318 1.601600e-02 0.000000e+00 9.839840e-01
319 1.601600e-02 0.000000e+00 9.839840e-01
320 1.601600e-02 0.000000e+00 9.839840e-01
321 1.601600e-02 0.000000e+00 9.839840e-01
322 1.601600e-02 0.000000e+00 9.839840e-01
323 1.601600e-02 0.000000e+00 9.839840e-01
324 1.601600e-02 0.000000e+00 9.839840e-01
325 1.601600e-02 0.000000e+00 9.839840e-01
326 1.601600e-02 0.000000e+00 9.839840e-01
327 1.601600e-02 0.000000e+00 9.839840e-01
328 1.601600e-02 0.000000e+00 9.839840e-01
329 1.601600e-02 0.000000e+00 9.839840e-01
330 1.601600e-02 0.000000e+00 9.839840e-01
331 1.601600e-02 0.000000e+00 9.839840e-01
332 1.601600e-02 0.000000e+00 9.839840e-01
333 1.601600e-02 0.000000e+00 9.839840e-01
334 1.601600e-02 0.000000e+00 9.839840e-01
335 1.601600e-02 0.000000e+00 9.839840e-01
336 1.601600e-02 0.000000e+00 9.839840e-01
337 1.601600e-02 0.000000e+00 9.839840e-01
338 1.601600e-02 0.000000e+00 9.839840e-01
339 1.601600e-02 0.000000e+00 9.839840e-01
340 1.601600e-02 0.000000e+00 9.839840e-01
341 1.601600e-02 0.000000e+00 9.839840e-01
342 1.601600e-02 0.000000e+00 9.839840e-01
343 1.601600e-02 0.000000e+00 9.839840e-01
344 1.601600e-02 0.000000e+00 9.839840e-01
345 1.601600e-02 0.000000e+00 9.839840e-01
346 1.601600e-02 0.000000e+00 9.839840e-01
347 1.601600e-02 0.000000e+00 9.839840e-01
348 1.601600e-02 0.000000e+00 9.839840e-01
349 1.601600e-02 0.000000e+00 9.839840e-01
350 1.601600e-02 0.000000e+00 9.839840e-01
351 1.601600e-02 0.000000e+00 9.839840e-01
352 1.601600e-02 0.000000e+00 9.839840e-01
353 1.601600e-02 0.000000e+00 9.839840e-01
354 1.601600e-02 0.000000e+00 9.839840e-01
355 1.601600e-02 0.000000e+00 9.839840e-01
356 1.601600e-02 0.000000e+00 9.839840e-01
357 1.601600e-02 0.000000e+00 9.839840e-01
358 1.601600e-02 0.000000e+00 9.839840e-01
359 1.601600e-02 0.000000e+00 9.839840e-01
360 1.601600e-02 0.000000e+00 9.839840e-01
361 1.601600e-02 0.000000e+00 9.839840e-01
362 1.601600e-02 0.000000e+00 9.839840e-01
363 1.601600e-02 0.000000e+00 9.839840e-01
364 1.601600e-02 0.000000e+00 9.839840e-01
365 1.601600e-02 0.000000e+00 9.839840e-01
366 1.601600e-02 0.000000e+00 9.839840e-01
367 1.601600e-02 0.000000e+00 9.839840e-01
368 1.601600e-02 0.000000e+00 9.839840e-01
369 1.601600e-02 0.000000e+00 9.839840e-01
370 1.601600e-02 0.000000e+00 9.839840e-01
371 1.601600e-02 0.000000e+00 9.839840e-01
372 1.601600e-02 0.000000e+00 9.839840e-01
373 1.601600e-02 0.000000e+00 9.839840e-01
374 1.601600e-02 0.000000e+00 9.839840e-01
375 1.601600e-02 0.000000e+00 9.839840e-01
376 1.601600e-02 0.000000e+00 9.839840e-01
377 1.601600e-02 0.000000e+00 9.839840e-01
378 1.601600e-02 0.000000e+00 9.839840e-01
379 1.601600e-02 0.000000e+00 9.839840e-01
380 1.601600e-02 0.000000e+00 9.839840e-01
381 1.601600e-02 0.000000e+00 9.839840e-01
382 1.601600e-02 0.000000e+00 9.839840e-01
383 1.601600e-02 0.000000e+00 9.839840e-01
384 1.601600e-02 0.000000e+00 9.839840e-01
385 1.601600e-02 0.000000e+00 9.839840e-01
386 1.601600e-02 0.000000e+00 9.839840e-01
387 1.601600e-02 0.000000e+00 9.839840e-01
388 1.601600e-02 0.000000e+00 9.839840e-01
389 1.601600e-02 0.000000e+00 9.839840e-01
390 1.601600e-02 0.000000e+00 9.839840e-01
391 1.601600e-02 0.000000e+00 9.839840e-01
392 1.601600e-02 0.000000e+00 9.839840e-01
393 1.601600e-02 0.000000e+00 9.839840e-01
394 1.601600e-02 0.000000e+00 9.839840e-01
395 1.601600e-02 0.000000e+00 9.839840e-01
396 1.601600e-02 0.000000e+00 9.839840e-01
397 1.601600e-02 0.000000e+00 9.839840e-01
398 1.601600e-02 0.000000e+00 9.839840e-01
399 1.601600e-02 0.000000e+00 9.839840e-01
400 1.601600e-02 0.000000e+00 9.839840e-01
401 1.601600e-02 0.000000e+00 9.839840e-01
402 1.601600e-02 0.000000e+00 9.839840e-01
403 1.601600e-02 0.000000e+00 9.839840e-01
404 1.601600e-02 0.000000e+00 9.839840e-01
405 1.601600e-02 0.000000e+00 9.839840e-01
406 1.601600e-02 0.000000e+00 9.839840e-01
407 1.601600e-02 0.000000e+00 9.839840e-01
408 1.601600e-02 0.000000e+00 9.839840e-01
409 1.601600e-02 0.000000e+00 9.839840e-01
410 1.601600e-02 0.000000e+00 9.839840e-01
411 1.601600e-02 0.000000e+00 9.839840e-01
412 1.601600e-02 0.000000e+00 9.839840e-01
413 1.601600e-02 0.000000e+00 9.839840e-01
414 1.601600e-02 0.000000e+00 9.839840e-01
415 1.601600e-02 0.000000e+00 9.839840e-01
416 1.601600e-02 0.000000e+00 9.839840e-01
417 1.601600e-02 0.000000e+00 9.839840e-01
418 1.601600e-02 0.000000e+00 9.839840e-01
419 1.601600e-02 0.000000e+00 9.839840e-01
420 1.601600e-02 0.000000e+00 9.839840e-01
421 1.601600e-02 0.000000e+00 9.839840e-01
422 1.601600e-02 0.000000e+00 9.839840e-01
423 1.601600e-02 0.000000e+00 9.839840e-01
424 1.601600e-02 0.000000e+00 9.839840e-01
425 1.601600e-02 0.000000e+00 9.839840e-01
426 1.601600e-02 0.000000e+00 9.839840e-01
427 1.601600e-02 0.000000e+00 9.839840e-01
428 1.601600e-02 0.000000e+00 9.839840e-01
429 1.601600e-02 0.000000e+00 9.839840e-01
430 1.601600e-02 0.000000e+00 9.839840e-01
431 1.601600e-02 0.000000e+00 9.839840e-01
432 1.601600e-02 0.000000e+00 9.839840e-01
433 1.601600e-02 0.000000e+00 9.839840e-01
434 1.601600e-02 0.000000e+00 9.839840e-01
435 1.601600e-02 0.000000e+00 9.839840e-01
436 1.601600e-02 0.000000e+00 9.839840e-01
437 1.601600e-02 0.000000e+00 9.839840e-01
438 1.601600e-02 0.000000e+00 9.839840e-01
439 1.601600e-02 0.000000e+00 9.839840e-01
440 1.601600e-02 0.000000e+00 9.839840e-01
441 1.601600e-02 0.000000e+00 9.839840e-01
442 1.601600e-02 0.000000e+00 9.839840e-01
443 1.601600e-02 0.000000e+00 9.839840e-01
444 1.601600e-02 0.000000e+00 9.839840e-01
445 1.601600e-02 0.000000e+00 9.839840e-01
446 1.601600e-02 0.000000e+00 9.839840e-01
447 1.601600e-02 0.000000e+00 9.839840e-01
448 1.601600e-02 0.000000e+00 9.839840e-01
449 1.601600e-02 0.000000e+00 9.839840e-01
450 1.601600e-02 0.000000e+00 9.839840e-01
451 1.601600e-02 0.000000e+00 9.839840e-01
452 1.601600e-02 0.000000e+00 9.839840e-01
453 1.601600e-02 0.000000e+00 9.839840e-01
454 1.601600e-02 0.000000e+00 9.839840e-01
455 1.601600e-02 0.000000e+00 9.839840e-01
456 1.601600e-02 0.000000e+00 9.839840e-01
457 1.601600e-02 0.000000e+00 9.839840e-01
458 1.601600e-02 0.000000e+00 9.839840e-01
459 1.601600e-02 0.000000e+00 9.839840e-01
460 1.601600e-02 0.000000e+00 9.839840e-01
461 1.601600e-02 0.000000e+00 9.839840e-01
462 1.601600e-02 0.000000e+00 9.839840e-01
463 1.601600e-02 0.000000e+00 9.839840e-01
464 1.601600e-02 0.000000e+00 9.839840e-01
465 1.601600e-02 0.000000e+00 9.839840e-01
466 1.601600e-02 0.000000e+00 9.839840e-01
467 1.601600e-02 0.000000e+00 9.839840e-01
468 1.601600e-02 0.000000e+00 9.839840e-01
469 1.601600e-02 0.000000e+00 9.839840e-01
470 1.601600e-02 0.000000e+00 9.839840e-01
471 1.601600e-02 0.000000e+00 9.839840e-01
472 1.601600e-02 0.000000e+00 9.839840e-01
473 1.601600e-02 0.000000e+00 9.839840e-01
474 1.601600e-02 0.000000e+00 9.839840e-01
475 1.601600e-02 0.000000e+00 9.839840e-01
476 1.601600e-02 0.000000e+00 9.839840e-01
477 1.601600e-02 0.000000e+00 9.839840e-01
478 1.601600e-02 0.000000e+00 9.839840e-01
479 1.601600e-02 0.000000e+00 9.839840e-01
480 1.601600e-02 0.000000e+00 9.839840e-01
481 1.601600e-02 0.000000e+00 9.839840e-01
482 1.601600e-02 0.000000e+00 9.839840e-01
483 1.601600e-02 0.000000e+00 9.839840e-01
484 1.601600e-02 0.000000e+00 9.839840e-01
485 1.601600e-02 0.000000e+00 9.839840e-01
486 1.601600e-02 0.000000e+00 9.839840e-01
487 1.601600e-02 0.000000e+00 9.839840e-01
488 1.601600e-02 0.000000e+00 9.839840e-01
489 1.601600e-02 0.000000e+00 9.839840e-01
490 1.601600e-02 0.000000e+00 9.839840e-01
491 1.601600e-02 0.000000e+00 9.839840e-01
492 1.601600e-02 0.000000e+00 9.839840e-01
493 1.601600e-02 0.000000e+00 9.839840e-01
494 1.601600e-02 0.000000e+00 9.839840e-01
495 1.601600e-02 0.000000e+00 9.839840e-01
496 1.601600e-02 0.000000e+00 9.839840e-01
497 1.601600e-02 0.000000e+00 9.839840e-01
498 1.601600e-02 0.000000e+00 9.839840e-01
499 1.601600e-02 0.000000e+00 9.839840e-01
500 1.601600e-02 0.000000e+00 9.839840e-01
