1 9.992440e-01 6.880000e-04 6.800000e-05
2 9.985240e-01 1.232000e-03 2.440000e-04
3 9.975440e-01 1.984000e-03 4.720000e-04
4 9.957240e-01 3.336000e-03 9.400000e-04
5 9.933080e-01 5.040000e-03 1.652000e-03
6 9.902520e-01 7.020000e-03 2.728000e-03
7 9.859960e-01 9.788000e-03 4.216000e-03
8 9.808080e-01 1.308000e-02 6.112000e-03
9 9.744960e-01 1.675600e-02 8.748000e-03
10 9.670200e-01 2.080400e-02 1.217600e-02
11 9.583440e-01 2.537200e-02 1.628400e-02
12 9.489960e-01 2.988000e-02 2.112400e-02
13 9.377520e-01 3.554400e-02 2.670400e-02
14 9.253040e-01 4.093200e-02 3.376400e-02
15 9.116880e-01 4.671600e-02 4.159600e-02
16 8.968360e-01 5.284000e-02 5.032400e-02
17 8.803600e-01 5.945600e-02 6.018400e-02
18 8.622760e-01 6.627200e-02 7.145200e-02
19 8.438160e-01 7.278400e-02 8.340000e-02
20 8.236920e-01 7.964800e-02 9.666000e-02
21 8.022360e-01 8.688400e-02 1.108800e-01
22 7.796640e-01 9.362000e-02 1.267160e-01
23 7.565160e-01 9.997600e-02 1.435080e-01
24 7.328880e-01 1.062560e-01 1.608560e-01
25 7.076880e-01 1.125320e-01 1.797800e-01
26 6.824520e-01 1.173360e-01 2.002120e-01
27 6.571120e-01 1.215400e-01 2.213480e-01
28 6.308840e-01 1.259080e-01 2.432080e-01
29 6.034800e-01 1.308480e-01 2.656720e-01
30 5.763240e-01 1.350040e-01 2.886720e-01
31 5.488720e-01 1.390560e-01 3.120720e-01
32 5.212120e-01 1.422640e-01 3.365240e-01
33 4.934520e-01 1.448720e-01 3.616760e-01
34 4.663200e-01 1.460360e-01 3.876440e-01
35 4.399040e-01 1.465560e-01 4.135400e-01
36 4.142880e-01 1.461320e-01 4.395800e-01
37 3.897160e-01 1.450960e-01 4.651880e-01
38 3.663120e-01 1.429040e-01 4.907840e-01
39 3.440840e-01 1.400560e-01 5.158600e-01
40 3.226800e-01 1.370640e-01 5.402560e-01
41 3.018480e-01 1.339720e-01 5.641800e-01
42 2.818200e-01 1.306680e-01 5.875120e-01
43 2.626880e-01 1.272720e-01 6.100400e-01
44 2.436000e-01 1.242760e-01 6.321240e-01
45 2.258960e-01 1.201080e-01 6.539960e-01
46 2.091320e-01 1.161720e-01 6.746960e-01
47 1.930800e-01 1.126160e-01 6.943040e-01
48 1.777280e-01 1.082520e-01 7.140200e-01
49 1.626680e-01 1.044120e-01 7.329200e-01
50 1.488960e-01 1.001840e-01 7.509200e-01
51 1.357160e-01 9.618800e-02 7.680960e-01
52 1.234720e-01 9.234400e-02 7.841840e-01
53 1.118520e-01 8.844800e-02 7.997000e-01
54 1.008080e-01 8.460800e-02 8.145840e-01
55 9.033600e-02 8.073200e-02 8.289320e-01
56 8.109200e-02 7.628800e-02 8.426200e-01
57 7.260400e-02 7.204400e-02 8.553520e-01
58 6.472800e-02 6.778800e-02 8.674840e-01
59 5.808800e-02 6.271200e-02 8.792000e-01
60 5.217600e-02 5.803200e-02 8.897920e-01
61 4.698400e-02 5.335200e-02 8.996640e-01
62 4.232000e-02 4.916400e-02 9.085160e-01
63 3.818000e-02 4.480800e-02 9.170120e-01
64 3.456400e-02 4.095200e-02 9.244840e-01
65 3.160400e-02 3.690400e-02 9.314920e-01
66 2.914800e-02 3.348800e-02 9.373640e-01
67 2.692400e-02 3.027200e-02 9.428040e-01
68 2.509600e-02 2.700800e-02 9.478960e-01
69 2.374000e-02 2.396800e-02 9.522920e-01
70 2.233200e-02 2.131600e-02 9.563520e-01
71 2.098400e-02 1.913600e-02 9.598800e-01
72 2.000000e-02 1.697200e-02 9.630280e-01
73 1.924800e-02 1.492000e-02 9.658320e-01
74 1.860400e-02 1.302800e-02 9.683680e-01
75 1.804000e-02 1.138800e-02 9.705720e-01
76 1.750000e-02 1.008800e-02 9.724120e-01
77 1.697600e-02 8.984000e-03 9.740400e-01
78 1.659200e-02 7.920000e-03 9.754880e-01
79 1.632400e-02 6.840000e-03 9.768360e-01
80 1.610400e-02 6.016000e-03 9.778800e-01
81 1.595200e-02 5.200000e-03 9.788480e-01
82 1.583600e-02 4.492000e-03 9.796720e-01
83 1.572800e-02 3.912000e-03 9.803600e-01
84 1.564800e-02 3.328000e-03 9.810240e-01
85 1.560800e-02 2.824000e-03 9.815680e-01
86 1.557200e-02 2.468000e-03 9.819600e-01
87 1.554800e-02 2.128000e-03 9.823240e-01
88 1.553600e-02 1.832000e-03 9.826320e-01
89 1.550000e-02 1.532000e-03 9.829680e-01
90 1.547600e-02 1.260000e-03 9.832640e-01
91 1.546400e-02 1.076000e-03 9.834600e-01
92 1.545200e-02 8.920000e-04 9.836560e-01
93 1.545200e-02 7.280000e-04 9.838200e-01
94 1.544400e-02 5.920000e-04 9.839640e-01
95 1.544000e-02 5.080000e-04 9.840520e-01
96 1.544000e-02 4.280000e-04 9.841320e-01
97 1.543600e-02 3.720000e-04 9.841920e-01
98 1.543600e-02 3.240000e-04 9.842400e-01
99 1.543600e-02 2.800000e-04 9.842840e-01
100 1.542800e-02 2.520000e-04 9.843200e-01
101 1.542400e-02 2.160000e-04 9.843600e-01
102 1.542400e-02 1.840000e-04 9.843920e-01
103 1.542400e-02 1.560000e-04 9.844200e-01
104 1.542000e-02 1.320000e-04 9.844480e-01
105 1.542000e-02 1.040000e-04 9.844760e-01
106 1.542000e-02 8.800000e-05 9.844920e-01
107 1.542000e-02 7.200000e-05 9.845080e-01
108 1.542000e-02 5.600000e-05 9.845240e-01
109 1.542000e-02 4.400000e-05 9.845360e-01
110 1.542000e-02 3.600000e-05 9.845440e-01
111 1.542000e-02 2.000000e-05 9.845600e-01
112 1.542000e-02 1.600000e-05 9.845640e-01
113 1.542000e-02 1.600000e-05 9.845640e-01
114 1.542000e-02 8.000000e-06 9.845720e-01
115 1.542000e-02 0.000000e+00 9.845800e-01
116 1.542000e-02 0.000000e+00 9.845800e-01
117 1.542000e-02 0.000000e+00 9.845800e-01
118 1.542000e-02 0.000000e+00 9.845800e-01
119 1.542000e-02 0.000000e+00 9.845800e-01
120 1.542000e-02 0.000000e+00 9.845800e-01
121 1.542000e-02 0.000000e+00 9.845800e-01
122 1.542000e-02 0.000000e+00 9.845800e-01
123 1.542000e-02 0.000000e+00 9.845800e-01
124 1.542000e-02 0.000000e+00 9.845800e-01
125 1.542000e-02 0.000000e+00 9.845800e-01
126 1.542000e-02 0.000000e+00 9.845800e-01
127 1.542000e-02 0.000000e+00 9.845800e-01
128 1.542000e-02 0.000000e+00 9.845800e-01
129 1.542000e-02 0.000000e+00 9.845800e-01
130 1.542000e-02 0.000000e+00 9.845800e-01
131 1.542000e-02 0.000000e+00 9.845800e-01
132 1.542000e-02 0.000000e+00 9.845800e-01
133 1.542000e-02 0.000000e+00 9.845800e-01
134 1.542000e-02 0.000000e+00 9.845800e-01
135 1.542000e-02 0.000000e+00 9.845800e-01
136 1.542000e-02 0.000000e+00 9.845800e-01
137 1.542000e-02 0.000000e+00 9.845800e-01
138 1.542000e-02 0.000000e+00 9.845800e-01
139 1.542000e-02 0.000000e+00 9.845800e-01
140 1.542000e-02 0.000000e+00 9.845800e-01
141 1.542000e-02 0.000000e+00 9.845800e-01
142 1.542000e-02 0.000000e+00 9.845800e-01
143 1.542000e-02 0.000000e+00 9.845800e-01
144 1.542000e-02 0.000000e+00 9.845800e-01
145 1.542000e-02 0.000000e+00 9.845800e-01
146 1.542000e-02 0.000000e+00 9.845800e-01
147 1.542000e-02 0.000000e+00 9.845800e-01
148 1.542000e-02 0.000000e+00 9.845800e-01
149 1.542000e-02 0.000000e+00 9.845800e-01
150 1.542000e-02 0.000000e+00 9.845800e-01
151 1.542000e-02 0.000000e+00 9.845800e-01
152 1.542000e-02 0.000000e+00 9.845800e-01
153 1.542000e-02 0.000000e+00 9.845800e-01
154 1.542000e-02 0.000000e+00 9.845800e-01
155 1.542000e-02 0.000000e+00 9.845800e-01
156 1.542000e-02 0.000000e+00 9.845800e-01
157 1.542000e-02 0.000000e+00 9.845800e-01
158 1.542000e-02 0.000000e+00 9.845800e-01
159 1.542000e-02 0.000000e+00 9.845800e-01
160 1.542000e-02 0.000000e+00 9.845800e-01
161 1.542000e-02 0.000000e+00 9.845800e-01
162 1.542000e-02 0.000000e+00 9.845800e-01
163 1.542000e-02 0.000000e+00 9.845800e-01
164 1.542000e-02 0.000000e+00 9.845800e-01
165 1.542000e-02 0.000000e+00 9.845800e-01
166 1.542000e-02 0.000000e+00 9.845800e-01
167 1.542000e-02 0.000000e+00 9.845800e-01
168 1.542000e-02 0.000000e+00 9.845800e-01
169 1.542000e-02 0.000000e+00 9.845800e-01
170 1.542000e-02 0.000000e+00 9.845800e-01
171 1.542000e-02 0.000000e+00 9.845800e-01
172 1.542000e-02 0.000000e+00 9.845800e-01
173 1.542000e-02 0.000000e+00 9.845800e-01
174 1.542000e-02 0.000000e+00 9.845800e-01
175 1.542000e-02 0.000000e+00 9.845800e-01
176 1.542000e-02 0.000000e+00 9.845800e-01
177 1.542000e-02 0.000000e+00 9.845800e-01
178 1.542000e-02 0.000000e+00 9.845800e-01
179 1.542000e-02 0.000000e+00 9.845800e-01
180 1.542000e-02 0.000000e+00 9.845800e-01
181 1.542000e-02 0.000000e+00 9.845800e-01
182 1.542000e-02 0.000000e+00 9.845800e-01
183 1.542000e-02 0.000000e+00 9.845800e-01
184 1.542000e-02 0.000000e+00 9.845800e-01
185 1.542000e-02 0.000000e+00 9.845800e-01
186 1.542000e-02 0.000000e+00 9.845800e-01
187 1.542000e-02 0.000000e+00 9.845800e-01
188 1.542000e-02 0.000000e+00 9.845800e-01
189 1.542000e-02 0.000000e+00 9.845800e-01
190 1.542000e-02 0.000000e+00 9.845800e-01
191 1.542000e-02 0.000000e+00 9.845800e-01
192 1.542000e-02 0.000000e+00 9.845800e-01
193 1.542000e-02 0.000000e+00 9.845800e-01
194 1.542000e-02 0.000000e+00 9.845800e-01
195 1.542000e-02 0.000000e+00 9.845800e-01
196 1.542000e-02 0.000000e+00 9.845800e-01
197 1.542000e-02 0.000000e+00 9.845800e-01
198 1.542000e-02 0.000000e+00 9.845800e-01
199 1.542000e-02 0.000000e+00 9.845800e-01
200 1.542000e-02 0.000000e+00 9.845800e-01
201 1.542000e-02 0.000000e+00 9.845800e-01
202 1.542000e-02 0.000000e+00 9.845800e-01
203 1.542000e-02 0.000000e+00 9.845800e-01
204 1.542000e-02 0.000000e+00 9.845800e-01
205 1.542000e-02 0.000000e+00 9.845800e-01
206 1.542000e-02 0.000000e+00 9.845800e-01
207 1.542000e-02 0.000000e+00 9.845800e-01
208 1.542000e-02 0.000000e+00 9.845800e-01
209 1.542000e-02 0.000000e+00 9.845800e-01
210 1.542000e-02 0.000000e+00 9.845800e-01
211 1.542000e-02 0.000000e+00 9.845800e-01
212 1.542000e-02 0.000000e+00 9.845800e-01
213 1.542000e-02 0.000000e+00 9.845800e-01
214 1.542000e-02 0.000000e+00 9.845800e-01
215 1.542000e-02 0.000000e+00 9.845800e-01
216 1.542000e-02 0.000000e+00 9.845800e-01
217 1.542000e-02 0.000000e+00 9.845800e-01
218 1.542000e-02 0.000000e+00 9.845800e-01
219 1.542000e-02 0.000000e+00 9.845800e-01
220 1.542000e-02 0.000000e+00 9.845800e-01
221 1.542000e-02 0.000000e+00 9.845800e-01
222 1.542000e-02 0.000000e+00 9.845800e-01
223 1.542000e-02 0.000000e+00 9.845800e-01
224 1.542000e-02 0.000000e+00 9.845800e-01
225 1.542000e-02 0.000000e+00 9.845800e-01
226 1.542000e-02 0.000000e+00 9.845800e-01
227 1.542000e-02 0.000000e+00 9.845800e-01
228 1.542000e-02 0.000000e+00 9.845800e-01
229 1.542000e-02 0.000000e+00 9.845800e-01
230 1.542000e-02 0.000000e+00 9.845800e-01
231 1.542000e-02 0.000000e+00 9.845800e-01
232 1.542000e-02 0.000000e+00 9.845800e-01
233 1.542000e-02 0.000000e+00 9.845800e-01
234 1.542000e-02 0.000000e+00 9.845800e-01
235 1.542000e-02 0.000000e+00 9.845800e-01
236 1.542000e-02 0.000000e+00 9.845800e-01
237 1.542000e-02 0.000000e+00 9.845800e-01
238 1.542000e-02 0.000000e+00 9.845800e-01
239 1.542000e-02 0.000000e+00 9.845800e-01
240 1.542000e-02 0.000000e+00 9.845800e-01
241 1.542000e-02 0.000000e+00 9.845800e-01
242 1.542000e-02 0.000000e+00 9.845800e-01
243 1.542000e-02 0.000000e+00 9.845800e-01
244 1.542000e-02 0.000000e+00 9.845800e-01
245 1.542000e-02 0.000000e+00 9.845800e-01
246 1.542000e-02 0.000000e+00 9.845800e-01
247 1.542000e-02 0.000000e+00 9.845800e-01
248 1.542000e-02 0.000000e+00 9.845800e-01
249 1.542000e-02 0.000000e+00 9.845800e-01
250 1.542000e-02 0.000000e+00 9.845800e-01
251 1.542000e-02 0.000000e+00 9.845800e-01
252 1.542000e-02 0.000000e+00 9.845800e-01
253 1.542000e-02 0.000000e+00 9.845800e-01
254 1.542000e-02 0.000000e+00 9.845800e-01
255 1.542000e-02 0.000000e+00 9.845800e-01
256 1.542000e-02 0.000000e+00 9.845800e-01
257 1.542000e-02 0.000000e+00 9.845800e-01
258 1.542000e-02 0.000000e+00 9.845800e-01
259 1.542000e-02 0.000000e+00 9.845800e-01
260 1.542000e-02 0.000000e+00 9.845800e-01
261 1.542000e-02 0.000000e+00 9.845800e-01
262 1.542000e-02 0.000000e+00 9.845800e-01
263 1.542000e-02 0.000000e+00 9.845800e-01
264 1.542000e-02 0.000000e+00 9.845800e-01
265 1.542000e-02 0.000000e+00 9.845800e-01
266 1.542000e-02 0.000000e+00 9.845800e-01
267 1.542000e-02 0.000000e+00 9.845800e-01
268 1.542000e-02 0.000000e+00 9.845800e-01
269 1.542000e-02 0.000000e+00 9.845800e-01
270 1.542000e-02 0.000000e+00 9.845800e-01
271 1.542000e-02 0.000000e+00 9.845800e-01
272 1.542000e-02 0.000000e+00 9.845800e-01
273 1.542000e-02 0.000000e+00 9.845800e-01
274 1.542000e-02 0.000000e+00 9.845800e-01
275 1.542000e-02 0.000000e+00 9.845800e-01
276 1.542000e-02 0.000000e+00 9.845800e-01
277 1.542000e-02 0.000000e+00 9.845800e-01
278 1.542000e-02 0.000000e+00 9.845800e-01
279 1.542000e-02 0.000000e+00 9.845800e-01
280 1.542000e-02 0.000000e+00 9.845800e-01
281 1.542000e-02 0.000000e+00 9.845800e-01
282 1.542000e-02 0.000000e+00 9.845800e-01
283 1.542000e-02 0.000000e+00 9.845800e-01
284 1.542000e-02 0.000000e+00 9.845800e-01
285 1.542000e-02 0.000000e+00 9.845800e-01
286 1.542000e-02 0.000000e+00 9.845800e-01
287 1.542000e-02 0.000000e+00 9.845800e-01
288 1.542000e-02 0.000000e+00 9.845800e-01
289 1.542000e-02 0.000000e+00 9.845800e-01
290 1.542000e-02 0.000000e+00 9.845800e-01
291 1.542000e-02 0.000000e+00 9.845800e-01
292 1.542000e-02 0.000000e+00 9.845800e-01
293 1.542000e-02 0.000000e+00 9.845800e-01
294 1.542000e-02 0.000000e+00 9.845800e-01
295 1.542000e-02 0.000000e+00 9.845800e-01
296 1.542000e-02 0.000000e+00 9.845800e-01
297 1.542000e-02 0.000000e+00 9.845800e-01
298 1.542000e-02 0.000000e+00 9.845800e-01
299 1.542000e-02 0.000000e+00 9.845800e-01
300 1.542000e-02 0.000000e+00 9.845800e-01
301 1.542000e-02 0.000000e+00 9.845800e-01
302 1.542000e-02 0.000000e+00 9.845800e-01
303 1.542000e-02 0.000000e+00 9.845800e-01
304 1.542000e-02 0.000000e+00 9.845800e-01
305 1.542000e-02 0.000000e+00 9.845800e-01
306 1.542000e-02 0.000000e+00 9.845800e-01
307 1.542000e-02 0.000000e+00 9.845800e-01
308 1.542000e-02 0.000000e+00 9.845800e-01
309 1.542000e-02 0.000000e+00 9.845800e-01
310 1.542000e-02 0.000000e+00 9.845800e-01
311 1.542000e-02 0.000000e+00 9.845800e-01
312 1.542000e-02 0.000000e+00 9.845800e-01
313 1.542000e-02 0.000000e+00 9.845800e-01
314 1.542000e-02 0.000000e+00 9.845800e-01
315 1.542000e-02 0.000000e+00 9.845800e-01
316 1.542000e-02 0.000000e+00 9.845800e-01
317 1.542000e-02 0.000000e+00 9.845800e-01
318 1.542000e-02 0.000000e+00 9.845800e-01
319 1.542000e-02 0.000000e+00 9.845800e-01
320 1.542000e-02 0.000000e+00 9.845800e-01
321 1.542000e-02 0.000000e+00 9.845800e-01
322 1.542000e-02 0.000000e+00 9.845800e-01
323 1.542000e-02 0.000000e+00 9.845800e-01
324 1.542000e-02 0.000000e+00 9.845800e-01
325 1.542000e-02 0.000000e+00 9.845800e-01
326 1.542000e-02 0.000000e+00 9.845800e-01
327 1.542000e-02 0.000000e+00 9.845800e-01
328 1.542000e-02 0.000000e+00 9.845800e-01
329 1.542000e-02 0.000000e+00 9.845800e-01
330 1.542000e-02 0.000000e+00 9.845800e-01
331 1.542000e-02 0.000000e+00 9.845800e-01
332 1.542000e-02 0.000000e+00 9.845800e-01
333 1.542000e-02 0.000000e+00 9.845800e-01
334 1.542000e-02 0.000000e+00 9.845800e-01
335 1.542000e-02 0.000000e+00 9.845800e-01
336 1.542000e-02 0.000000e+00 9.845800e-01
337 1.542000e-02 0.000000e+00 9.845800e-01
338 1.542000e-02 0.000000e+00 9.845800e-01
339 1.542000e-02 0.000000e+00 9.845800e-01
340 1.542000e-02 0.000000e+00 9.845800e-01
341 1.542000e-02 0.000000e+00 9.845800e-01
342 1.542000e-02 0.000000e+00 9.845800e-01
343 1.542000e-02 0.000000e+00 9.845800e-01
344 1.542000e-02 0.000000e+00 9.845800e-01
345 1.542000e-02 0.000000e+00 9.845800e-01
346 1.542000e-02 0.000000e+00 9.845800e-01
347 1.542000e-02 0.000000e+00 9.845800e-01
348 1.542000e-02 0.000000e+00 9.845800e-01
349 1.542000e-02 0.000000e+00 9.845800e-01
350 1.542000e-02 0.000000e+00 9.845800e-01
351 1.542000e-02 0.000000e+00 9.845800e-01
352 1.542000e-02 0.000000e+00 9.845800e-01
353 1.542000e-02 0.000000e+00 9.845800e-01
354 1.542000e-02 0.000000e+00 9.845800e-01
355 1.542000e-02 0.000000e+00 9.845800e-01
356 1.542000e-02 0.000000e+00 9.845800e-01
357 1.542000e-02 0.000000e+00 9.845800e-01
358 1.542000e-02 0.000000e+00 9.845800e-01
359 1.542000e-02 0.000000e+00 9.845800e-01
360 1.542000e-02 0.000000e+00 9.845800e-01
361 1.542000e-02 0.000000e+00 9.845800e-01
362 1.542000e-02 0.000000e+00 9.845800e-01
363 1.542000e-02 0.000000e+00 9.845800e-01
364 1.542000e-02 0.000000e+00 9.845800e-01
365 1.542000e-02 0.000000e+00 9.845800e-01
366 1.542000e-02 0.000000e+00 9.845800e-01
367 1.542000e-02 0.000000e+00 9.845800e-01
368 1.542000e-02 0.000000e+00 9.845800e-01
369 1.542000e-02 0.000000e+00 9.845800e-01
370 1.542000e-02 0.000000e+00 9.845800e-01
371 1.542000e-02 0.000000e+00 9.845800e-01
372 1.542000e-02 0.000000e+00 9.845800e-01
373 1.542000e-02 0.000000e+00 9.845800e-01
374 1.542000e-02 0.000000e+00 9.845800e-01
375 1.542000e-02 0.000000e+00 9.845800e-01
376 1.542000e-02 0.000000e+00 9.845800e-01
377 1.542000e-02 0.000000e+00 9.845800e-01
378 1.542000e-02 0.000000e+00 9.845800e-01
379 1.542000e-02 0.000000e+00 9.845800e-01
380 1.542000e-02 0.000000e+00 9.845800e-01
381 1.542000e-02 0.000000e+00 9.845800e-01
382 1.542000e-02 0.000000e+00 9.845800e-01
383 1.542000e-02 0.000000e+00 9.845800e-01
384 1.542000e-02 0.000000e+00 9.845800e-01
385 1.542000e-02 0.000000e+00 9.845800e-01
386 1.542000e-02 0.000000e+00 9.845800e-01
387 1.542000e-02 0.000000e+00 9.845800e-01
388 1.542000e-02 0.000000e+00 9.845800e-01
389 1.542000e-02 0.000000e+00 9.845800e-01
390 1.542000e-02 0.000000e+00 9.845800e-01
391 1.542000e-02 0.000000e+00 9.845800e-01
392 1.542000e-02 0.000000e+00 9.845800e-01
393 1.542000e-02 0.000000e+00 9.845800e-01
394 1.542000e-02 0.000000e+00 9.845800e-01
395 1.542000e-02 0.000000e+00 9.845800e-01
396 1.542000e-02 0.000000e+00 9.845800e-01
397 1.542000e-02 0.000000e+00 9.845800e-01
398 1.542000e-02 0.000000e+00 9.845800e-01
399 1.542000e-02 0.000000e+00 9.845800e-01
400 1.542000e-02 0.000000e+00 9.845800e-01
401 1.542000e-02 0.000000e+00 9.845800e-01
402 1.542000e-02 0.000000e+00 9.845800e-01
403 1.542000e-02 0.000000e+00 9.845800e-01
404 1.542000e-02 0.000000e+00 9.845800e-01
405 1.542000e-02 0.000000e+00 9.845800e-01
406 1.542000e-02 0.000000e+00 9.845800e-01
407 1.542000e-02 0.000000e+00 9.845800e-01
408 1.542000e-02 0.000000e+00 9.845800e-01
409 1.542000e-02 0.000000e+00 9.845800e-01
410 1.542000e-02 0.000000e+00 9.845800e-01
411 1.542000e-02 0.000000e+00 9.845800e-01
412 1.542000e-02 0.000000e+00 9.845800e-01
413 1.542000e-02 0.000000e+00 9.845800e-01
414 1.542000e-02 0.000000e+00 9.845800e-01
415 1.542000e-02 0.000000e+00 9.845800e-01
416 1.542000e-02 0.000000e+00 9.845800e-01
417 1.542000e-02 0.000000e+00 9.845800e-01
418 1.542000e-02 0.000000e+00 9.845800e-01
419 1.542000e-02 0.000000e+00 9.845800e-01
420 1.542000e-02 0.000000e+00 9.845800e-01
421 1.542000e-02 0.000000e+00 9.845800e-01
422 1.542000e-02 0.000000e+00 9.845800e-01
423 1.542000e-02 0.000000e+00 9.845800e-01
424 1.542000e-02 0.000000e+00 9.845800e-01
425 1.542000e-02 0.000000e+00 9.845800e-01
426 1.542000e-02 0.000000e+00 9.845800e-01
427 1.542000e-02 0.000000e+00 9.845800e-01
428 1.542000e-02 0.000000e+00 9.845800e-01
429 1.542000e-02 0.000000e+00 9.845800e-01
430 1.542000e-02 0.000000e+00 9.845800e-01
431 1.542000e-02 0.000000e+00 9.845800e-01
432 1.542000e-02 0.000000e+00 9.845800e-01
433 1.542000e-02 0.000000e+00 9.845800e-01
434 1.542000e-02 0.000000e+00 9.845800e-01
435 1.542000e-02 0.000000e+00 9.845800e-01
436 1.542000e-02 0.000000e+00 9.845800e-01
437 1.542000e-02 0.000000e+00 9.845800e-01
438 1.542000e-02 0.000000e+00 9.845800e-01
439 1.542000e-02 0.000000e+00 9.845800e-01
440 1.542000e-02 0.000000e+00 9.845800e-01
441 1.542000e-02 0.000000e+00 9.845800e-01
442 1.542000e-02 0.000000e+00 9.845800e-01
443 1.542000e-02 0.000000e+00 9.845800e-01
444 1.542000e-02 0.000000e+00 9.845800e-01
445 1.542000e-02 0.000000e+00 9.845800e-01
446 1.542000e-02 0.000000e+00 9.845800e-01
447 1.542000e-02 0.000000e+00 9.845800e-01
448 1.542000e-02 0.000000e+00 9.845800e-01
449 1.542000e-02 0.000000e+00 9.845800e-01
450 1.542000e-02 0.000000e+00 9.845800e-01
451 1.542000e-02 0.000000e+00 9.845800e-01
452 1.542000e-02 0.000000e+00 9.845800e-01
453 1.542000e-02 0.000000e+00 9.845800e-01
454 1.542000e-02 0.000000e+00 9.845800e-01
455 1.542000e-02 0.000000e+00 9.845800e-01
456 1.542000e-02 0.000000e+00 9.845800e-01
457 1.542000e-02 0.000000e+00 9.845800e-01
458 1.542000e-02 0.000000e+00 9.845800e-01
459 1.542000e-02 0.000000e+00 9.845800e-01
460 1.542000e-02 0.000000e+00 9.845800e-01
461 1.542000e-02 0.000000e+00 9.845800e-01
462 1.542000e-02 0.000000e+00 9.845800e-01
463 1.542000e-02 0.000000e+00 9.845800e-01
464 1.542000e-02 0.000000e+00 9.845800e-01
465 1.542000e-02 0.000000e+00 9.845800e-01
466 1.542000e-02 0.000000e+00 9.845800e-01
467 1.542000e-02 0.000000e+00 9.845800e-01
468 1.542000e-02 0.000000e+00 9.845800e-01
469 1.542000e-02 0.000000e+00 9.845800e-01
470 1.542000e-02 0.000000e+00 9.845800e-01
471 1.542000e-02 0.000000e+00 9.845800e-01
472 1.542000e-02 0.000000e+00 9.845800e-01
473 1.542000e-02 0.000000e+00 9.845800e-01
474 1.542000e-02 0.000000e+00 9.845800e-01
475 1.542000e-02 0.000000e+00 9.845800e-01
476 1.542000e-02 0.000000e+00 9.845800e-01
477 1.542000e-02 0.000000e+00 9.845800e-01
478 1.542000e-02 0.000000e+00 9.845800e-01
479 1.542000e-02 0.000000e+00 9.845800e-01
480 1.542000e-02 0.000000e+00 9.845800e-01
481 1.542000e-02 0.000000e+00 9.845800e-01
482 1.542000e-02 0.000000e+00 9.845800e-01
483 1.542000e-02 0.000000e+00 9.845800e-01
484 1.542000e-02 0.000000e+00 9.845800e-01
485 1.542000e-02 0.000000e+00 9.845800e-01
486 1.542000e-02 0.000000e+00 9.845800e-01
487 1.542000e-02 0.000000e+00 9.845800e-01
488 1.542000e-02 0.000000e+00 9.845800e-01
489 1.542000e-02 0.000000e+00 9.845800e-01
490 1.542000e-02 0.000000e+00 9.845800e-01
491 1.542000e-02 0.000000e+00 9.845800e-01
492 1.542000e-02 0.000000e+00 9.845800e-01
493 1.542000e-02 0.000000e+00 9.845800e-01
494 1.542000e-02 0.000000e+00 9.845800e-01
495 1.542000e-02 0.000000e+00 9.845800e-01
496 1.542000e-02 0.000000e+00 9.845800e-01
497 1.542000e-02 0.000000e+00 9.845800e-01
498 1.542000e-02 0.000000e+00 9.845800e-01
499 1.542000e-02 0.000000e+00 9.845800e-01
500 1.542000e-02 0.000000e+00 9.845800e-01
