1 9.992320e-01 6.640000e-04 1.040000e-04
2 9.984800e-01 1.284000e-03 2.360000e-04
3 9.972880e-01 2.164000e-03 5.480000e-04
4 9.955640e-01 3.348000e-03 1.088000e-03
5 9.931480e-01 5.008000e-03 1.844000e-03
6 9.898200e-01 7.344000e-03 2.836000e-03
7 9.853880e-01 1.030400e-02 4.308000e-03
8 9.799360e-01 1.372400e-02 6.340000e-03
9 9.731640e-01 1.772000e-02 9.116000e-03
10 9.655040e-01 2.204800e-02 1.244800e-02
11 9.562200e-01 2.697600e-02 1.680400e-02
12 9.457240e-01 3.248000e-02 2.179600e-02
13 9.333960e-01 3.858400e-02 2.802000e-02
14 9.197320e-01 4.520400e-02 3.506400e-02
15 9.043280e-01 5.204800e-02 4.362400e-02
16 8.880680e-01 5.820800e-02 5.372400e-02
17 8.698160e-01 6.565600e-02 6.452800e-02
18 8.505440e-01 7.252000e-02 7.693600e-02
19 8.291400e-01 8.070400e-02 9.015600e-02
20 8.065040e-01 8.834800e-02 1.051480e-01
21 7.828680e-01 9.578800e-02 1.213440e-01
22 7.587280e-01 1.023880e-01 1.388840e-01
23 7.329240e-01 1.096240e-01 1.574520e-01
24 7.065880e-01 1.159320e-01 1.774800e-01
25 6.802040e-01 1.214240e-01 1.983720e-01
26 6.532960e-01 1.265360e-01 2.201680e-01
27 6.262120e-01 1.307640e-01 2.430240e-01
28 5.985880e-01 1.347840e-01 2.666280e-01
29 5.707440e-01 1.386000e-01 2.906560e-01
30 5.430560e-01 1.417400e-01 3.152040e-01
31 5.141080e-01 1.459760e-01 3.399160e-01
32 4.868320e-01 1.474880e-01 3.656800e-01
33 4.592720e-01 1.497240e-01 3.910040e-01
34 4.318680e-01 1.510680e-01 4.170640e-01
35 4.056760e-01 1.507320e-01 4.435920e-01
36 3.799520e-01 1.499680e-01 4.700800e-01
37 3.547920e-01 1.490000e-01 4.962080e-01
38 3.300200e-01 1.478840e-01 5.220960e-01
39 3.063240e-01 1.453120e-01 5.483640e-01
40 2.841000e-01 1.424960e-01 5.734040e-01
41 2.627000e-01 1.390360e-01 5.982640e-01
42 2.431720e-01 1.345800e-01 6.222480e-01
43 2.248800e-01 1.295920e-01 6.455280e-01
44 2.080080e-01 1.240040e-01 6.679880e-01
45 1.924000e-01 1.185280e-01 6.890720e-01
46 1.777520e-01 1.128360e-01 7.094120e-01
47 1.640880e-01 1.070480e-01 7.288640e-01
48 1.514480e-01 1.013360e-01 7.472160e-01
49 1.388360e-01 9.693200e-02 7.642320e-01
50 1.272120e-01 9.170000e-02 7.810880e-01
51 1.160480e-01 8.738400e-02 7.965680e-01
52 1.058960e-01 8.256400e-02 8.115400e-01
53 9.635600e-02 7.798000e-02 8.256640e-01
54 8.737600e-02 7.372400e-02 8.389000e-01
55 7.905200e-02 6.951200e-02 8.514360e-01
56 7.146000e-02 6.506800e-02 8.634720e-01
57 6.508000e-02 6.058400e-02 8.743360e-01
58 5.896000e-02 5.646800e-02 8.845720e-01
59 5.366000e-02 5.220400e-02 8.941360e-01
60 4.879200e-02 4.846000e-02 9.027480e-01
61 4.466800e-02 4.434000e-02 9.109920e-01
62 4.095600e-02 4.054800e-02 9.184960e-01
63 3.756000e-02 3.719600e-02 9.252440e-01
64 3.442400e-02 3.408400e-02 9.314920e-01
65 3.156400e-02 3.099200e-02 9.374440e-01
66 2.914800e-02 2.803200e-02 9.428200e-01
67 2.696400e-02 2.553600e-02 9.475000e-01
68 2.507600e-02 2.285600e-02 9.520680e-01
69 2.363200e-02 2.049200e-02 9.558760e-01
70 2.246000e-02 1.831600e-02 9.592240e-01
71 2.153200e-02 1.612800e-02 9.623400e-01
72 2.066400e-02 1.440800e-02 9.649280e-01
73 1.991200e-02 1.283600e-02 9.672520e-01
74 1.916800e-02 1.153600e-02 9.692960e-01
75 1.852400e-02 1.024800e-02 9.712280e-01
76 1.798800e-02 9.144000e-03 9.728680e-01
77 1.749600e-02 8.084000e-03 9.744200e-01
78 1.702000e-02 7.156000e-03 9.758240e-01
79 1.670800e-02 6.280000e-03 9.770120e-01
80 1.641600e-02 5.516000e-03 9.780680e-01
81 1.620000e-02 4.796000e-03 9.790040e-01
82 1.596800e-02 4.232000e-03 9.798000e-01
83 1.580000e-02 3.676000e-03 9.805240e-01
84 1.568800e-02 3.208000e-03 9.811040e-01
85 1.562400e-02 2.716000e-03 9.816600e-01
86 1.558800e-02 2.360000e-03 9.820520e-01
87 1.556000e-02 1.976000e-03 9.824640e-01
88 1.552400e-02 1.656000e-03 9.828200e-01
89 1.550000e-02 1.476000e-03 9.830240e-01
90 1.547600e-02 1.248000e-03 9.832760e-01
91 1.546000e-02 1.044000e-03 9.834960e-01
92 1.545200e-02 9.200000e-04 9.836280e-01
93 1.545200e-02 7.920000e-04 9.837560e-01
94 1.545200e-02 6.520000e-04 9.838960e-01
95 1.543600e-02 5.280000e-04 9.840360e-01
96 1.542800e-02 4.680000e-04 9.841040e-01
97 1.542800e-02 3.880000e-04 9.841840e-01
98 1.542800e-02 3.360000e-04 9.842360e-01
99 1.542800e-02 2.600000e-04 9.843120e-01
100 1.542400e-02 2.360000e-04 9.843400e-01
101 1.542400e-02 2.160000e-04 9.843600e-01
102 1.542400e-02 1.800000e-04 9.843960e-01
103 1.542400e-02 1.480000e-04 9.844280e-01
104 1.542000e-02 1.240000e-04 9.844560e-01
105 1.542000e-02 1.080000e-04 9.844720e-01
106 1.542000e-02 8.400000e-05 9.844960e-01
107 1.541600e-02 8.800000e-05 9.844960e-01
108 1.541200e-02 8.000000e-05 9.845080e-01
109 1.541200e-02 6.800000e-05 9.845200e-01
110 1.541200e-02 5.600000e-05 9.845320e-01
111 1.541200e-02 5.200000e-05 9.845360e-01
112 1.541200e-02 4.800000e-05 9.845400e-01
113 1.541200e-02 4.000000e-05 9.845480e-01
114 1.541200e-02 3.600000e-05 9.845520e-01
115 1.541200e-02 3.600000e-05 9.845520e-01
116 1.541200e-02 3.600000e-05 9.845520e-01
117 1.541200e-02 2.800000e-05 9.845600e-01
118 1.541200e-02 2.400000e-05 9.845640e-01
119 1.541200e-02 2.000000e-05 9.845680e-01
120 1.541200e-02 2.000000e-05 9.845680e-01
121 1.541200e-02 1.200000e-05 9.845760e-01
122 1.541200e-02 8.000000e-06 9.845800e-01
123 1.541200e-02 8.000000e-06 9.845800e-01
124 1.541200e-02 8.000000e-06 9.845800e-01
125 1.541200e-02 8.000000e-06 9.845800e-01
126 1.541200e-02 4.000000e-06 9.845840e-01
127 1.541200e-02 4.000000e-06 9.845840e-01
128 1.541200e-02 4.000000e-06 9.845840e-01
129 1.541200e-02 4.000000e-06 9.845840e-01
130 1.541200e-02 4.000000e-06 9.845840e-01
131 1.541200e-02 4.000000e-06 9.845840e-01
132 1.541200e-02 4.000000e-06 9.845840e-01
133 1.541200e-02 4.000000e-06 9.845840e-01
134 1.541200e-02 4.000000e-06 9.845840e-01
135 1.541200e-02 4.000000e-06 9.845840e-01
136 1.541200e-02 4.000000e-06 9.845840e-01
137 1.541200e-02 4.000000e-06 9.845840e-01
138 1.541200e-02 0.000000e+00 9.845880e-01
139 1.541200e-02 0.000000e+00 9.845880e-01
140 1.541200e-02 0.000000e+00 9.845880e-01
141 1.541200e-02 0.000000e+00 9.845880e-01
142 1.541200e-02 0.000000e+00 9.845880e-01
143 1.541200e-02 0.000000e+00 9.845880e-01
144 1.541200e-02 0.000000e+00 9.845880e-01
145 1.541200e-02 0.000000e+00 9.845880e-01
146 1.541200e-02 0.000000e+00 9.845880e-01
147 1.541200e-02 0.000000e+00 9.845880e-01
148 1.541200e-02 0.000000e+00 9.845880e-01
149 1.541200e-02 0.000000e+00 9.845880e-01
150 1.541200e-02 0.000000e+00 9.845880e-01
151 1.541200e-02 0.000000e+00 9.845880e-01
152 1.541200e-02 0.000000e+00 9.845880e-01
153 1.541200e-02 0.000000e+00 9.845880e-01
154 1.541200e-02 0.000000e+00 9.845880e-01
155 1.541200e-02 0.000000e+00 9.845880e-01
156 1.541200e-02 0.000000e+00 9.845880e-01
157 1.541200e-02 0.000000e+00 9.845880e-01
158 1.541200e-02 0.000000e+00 9.845880e-01
159 1.541200e-02 0.000000e+00 9.845880e-01
160 1.541200e-02 0.000000e+00 9.845880e-01
161 1.541200e-02 0.000000e+00 9.845880e-01
162 1.541200e-02 0.000000e+00 9.845880e-01
163 1.541200e-02 0.000000e+00 9.845880e-01
164 1.541200e-02 0.000000e+00 9.845880e-01
165 1.541200e-02 0.000000e+00 9.845880e-01
166 1.541200e-02 0.000000e+00 9.845880e-01
167 1.541200e-02 0.000000e+00 9.845880e-01
168 1.541200e-02 0.000000e+00 9.845880e-01
169 1.541200e-02 0.000000e+00 9.845880e-01
170 1.541200e-02 0.000000e+00 9.845880e-01
171 1.541200e-02 0.000000e+00 9.845880e-01
172 1.541200e-02 0.000000e+00 9.845880e-01
173 1.541200e-02 0.000000e+00 9.845880e-01
174 1.541200e-02 0.000000e+00 9.845880e-01
175 1.541200e-02 0.000000e+00 9.845880e-01
176 1.541200e-02 0.000000e+00 9.845880e-01
177 1.541200e-02 0.000000e+00 9.845880e-01
178 1.541200e-02 0.000000e+00 9.845880e-01
179 1.541200e-02 0.000000e+00 9.845880e-01
180 1.541200e-02 0.000000e+00 9.845880e-01
181 1.541200e-02 0.000000e+00 9.845880e-01
182 1.541200e-02 0.000000e+00 9.845880e-01
183 1.541200e-02 0.000000e+00 9.845880e-01
184 1.541200e-02 0.000000e+00 9.845880e-01
185 1.541200e-02 0.000000e+00 9.845880e-01
186 1.541200e-02 0.000000e+00 9.845880e-01
187 1.541200e-02 0.000000e+00 9.845880e-01
188 1.541200e-02 0.000000e+00 9.845880e-01
189 1.541200e-02 0.000000e+00 9.845880e-01
190 1.541200e-02 0.000000e+00 9.845880e-01
191 1.541200e-02 0.000000e+00 9.845880e-01
192 1.541200e-02 0.000000e+00 9.845880e-01
193 1.541200e-02 0.000000e+00 9.845880e-01
194 1.541200e-02 0.000000e+00 9.845880e-01
195 1.541200e-02 0.000000e+00 9.845880e-01
196 1.541200e-02 0.000000e+00 9.845880e-01
197 1.541200e-02 0.000000e+00 9.845880e-01
198 1.541200e-02 0.000000e+00 9.845880e-01
199 1.541200e-02 0.000000e+00 9.845880e-01
200 1.541200e-02 0.000000e+00 9.845880e-01
201 1.541200e-02 0.000000e+00 9.845880e-01
202 1.541200e-02 0.000000e+00 9.845880e-01
203 1.541200e-02 0.000000e+00 9.845880e-01
204 1.541200e-02 0.000000e+00 9.845880e-01
205 1.541200e-02 0.000000e+00 9.845880e-01
206 1.541200e-02 0.000000e+00 9.845880e-01
207 1.541200e-02 0.000000e+00 9.845880e-01
208 1.541200e-02 0.000000e+00 9.845880e-01
209 1.541200e-02 0.000000e+00 9.845880e-01
210 1.541200e-02 0.000000e+00 9.845880e-01
211 1.541200e-02 0.000000e+00 9.845880e-01
212 1.541200e-02 0.000000e+00 9.845880e-01
213 1.541200e-02 0.000000e+00 9.845880e-01
214 1.541200e-02 0.000000e+00 9.845880e-01
215 1.541200e-02 0.000000e+00 9.845880e-01
216 1.541200e-02 0.000000e+00 9.845880e-01
217 1.541200e-02 0.000000e+00 9.845880e-01
218 1.541200e-02 0.000000e+00 9.845880e-01
219 1.541200e-02 0.000000e+00 9.845880e-01
220 1.541200e-02 0.000000e+00 9.845880e-01
221 1.541200e-02 0.000000e+00 9.845880e-01
222 1.541200e-02 0.000000e+00 9.845880e-01
223 1.541200e-02 0.000000e+00 9.845880e-01
224 1.541200e-02 0.000000e+00 9.845880e-01
225 1.541200e-02 0.000000e+00 9.845880e-01
226 1.541200e-02 0.000000e+00 9.845880e-01
227 1.541200e-02 0.000000e+00 9.845880e-01
228 1.541200e-02 0.000000e+00 9.845880e-01
229 1.541200e-02 0.000000e+00 9.845880e-01
230 1.541200e-02 0.000000e+00 9.845880e-01
231 1.541200e-02 0.000000e+00 9.845880e-01
232 1.541200e-02 0.000000e+00 9.845880e-01
233 1.541200e-02 0.000000e+00 9.845880e-01
234 1.541200e-02 0.000000e+00 9.845880e-01
235 1.541200e-02 0.000000e+00 9.845880e-01
236 1.541200e-02 0.000000e+00 9.845880e-01
237 1.541200e-02 0.000000e+00 9.845880e-01
238 1.541200e-02 0.000000e+00 9.845880e-01
239 1.541200e-02 0.000000e+00 9.845880e-01
240 1.541200e-02 0.000000e+00 9.845880e-01
241 1.541200e-02 0.000000e+00 9.845880e-01
242 1.541200e-02 0.000000e+00 9.845880e-01
243 1.541200e-02 0.000000e+00 9.845880e-01
244 1.541200e-02 0.000000e+00 9.845880e-01
245 1.541200e-02 0.000000e+00 9.845880e-01
246 1.541200e-02 0.000000e+00 9.845880e-01
247 1.541200e-02 0.000000e+00 9.845880e-01
248 1.541200e-02 0.000000e+00 9.845880e-01
249 1.541200e-02 0.000000e+00 9.845880e-01
250 1.541200e-02 0.000000e+00 9.845880e-01
251 1.541200e-02 0.000000e+00 9.845880e-01
252 1.541200e-02 0.000000e+00 9.845880e-01
253 1.541200e-02 0.000000e+00 9.845880e-01
254 1.541200e-02 0.000000e+00 9.845880e-01
255 1.541200e-02 0.000000e+00 9.845880e-01
256 1.541200e-02 0.000000e+00 9.845880e-01
257 1.541200e-02 0.000000e+00 9.845880e-01
258 1.541200e-02 0.000000e+00 9.845880e-01
259 1.541200e-02 0.000000e+00 9.845880e-01
260 1.541200e-02 0.000000e+00 9.845880e-01
261 1.541200e-02 0.000000e+00 9.845880e-01
262 1.541200e-02 0.000000e+00 9.845880e-01
263 1.541200e-02 0.000000e+00 9.845880e-01
264 1.541200e-02 0.000000e+00 9.845880e-01
265 1.541200e-02 0.000000e+00 9.845880e-01
266 1.541200e-02 0.000000e+00 9.845880e-01
267 1.541200e-02 0.000000e+00 9.845880e-01
268 1.541200e-02 0.000000e+00 9.845880e-01
269 1.541200e-02 0.000000e+00 9.845880e-01
270 1.541200e-02 0.000000e+00 9.845880e-01
271 1.541200e-02 0.000000e+00 9.845880e-01
272 1.541200e-02 0.000000e+00 9.845880e-01
273 1.541200e-02 0.000000e+00 9.845880e-01
274 1.541200e-02 0.000000e+00 9.845880e-01
275 1.541200e-02 0.000000e+00 9.845880e-01
276 1.541200e-02 0.000000e+00 9.845880e-01
277 1.541200e-02 0.000000e+00 9.845880e-01
278 1.541200e-02 0.000000e+00 9.845880e-01
279 1.541200e-02 0.000000e+00 9.845880e-01
280 1.541200e-02 0.000000e+00 9.845880e-01
281 1.541200e-02 0.000000e+00 9.845880e-01
282 1.541200e-02 0.000000e+00 9.845880e-01
283 1.541200e-02 0.000000e+00 9.845880e-01
284 1.541200e-02 0.000000e+00 9.845880e-01
285 1.541200e-02 0.000000e+00 9.845880e-01
286 1.541200e-02 0.000000e+00 9.845880e-01
287 1.541200e-02 0.000000e+00 9.845880e-01
288 1.541200e-02 0.000000e+00 9.845880e-01
289 1.541200e-02 0.000000e+00 9.845880e-01
290 1.541200e-02 0.000000e+00 9.845880e-01
291 1.541200e-02 0.000000e+00 9.845880e-01
292 1.541200e-02 0.000000e+00 9.845880e-01
293 1.541200e-02 0.000000e+00 9.845880e-01
294 1.541200e-02 0.000000e+00 9.845880e-01
295 1.541200e-02 0.000000e+00 9.845880e-01
296 1.541200e-02 0.000000e+00 9.845880e-01
297 1.541200e-02 0.000000e+00 9.845880e-01
298 1.541200e-02 0.000000e+00 9.845880e-01
299 1.541200e-02 0.000000e+00 9.845880e-01
300 1.541200e-02 0.000000e+00 9.845880e-01
301 1.541200e-02 0.000000e+00 9.845880e-01
302 1.541200e-02 0.000000e+00 9.845880e-01
303 1.541200e-02 0.000000e+00 9.845880e-01
304 1.541200e-02 0.000000e+00 9.845880e-01
305 1.541200e-02 0.000000e+00 9.845880e-01
306 1.541200e-02 0.000000e+00 9.845880e-01
307 1.541200e-02 0.000000e+00 9.845880e-01
308 1.541200e-02 0.000000e+00 9.845880e-01
309 1.541200e-02 0.000000e+00 9.845880e-01
310 1.541200e-02 0.000000e+00 9.845880e-01
311 1.541200e-02 0.000000e+00 9.845880e-01
312 1.541200e-02 0.000000e+00 9.845880e-01
313 1.541200e-02 0.000000e+00 9.845880e-01
314 1.541200e-02 0.000000e+00 9.845880e-01
315 1.541200e-02 0.000000e+00 9.845880e-01
316 1.541200e-02 0.000000e+00 9.845880e-01
317 1.541200e-02 0.000000e+00 9.845880e-01
318 1.541200e-02 0.000000e+00 9.845880e-01
319 1.541200e-02 0.000000e+00 9.845880e-01
320 1.541200e-02 0.000000e+00 9.845880e-01
321 1.541200e-02 0.000000e+00 9.845880e-01
322 1.541200e-02 0.000000e+00 9.845880e-01
323 1.541200e-02 0.000000e+00 9.845880e-01
324 1.541200e-02 0.000000e+00 9.845880e-01
325 1.541200e-02 0.000000e+00 9.845880e-01
326 1.541200e-02 0.000000e+00 9.845880e-01
327 1.541200e-02 0.000000e+00 9.845880e-01
328 1.541200e-02 0.000000e+00 9.845880e-01
329 1.541200e-02 0.000000e+00 9.845880e-01
330 1.541200e-02 0.000000e+00 9.845880e-01
331 1.541200e-02 0.000000e+00 9.845880e-01
332 1.541200e-02 0.000000e+00 9.845880e-01
333 1.541200e-02 0.000000e+00 9.845880e-01
334 1.541200e-02 0.000000e+00 9.845880e-01
335 1.541200e-02 0.000000e+00 9.845880e-01
336 1.541200e-02 0.000000e+00 9.845880e-01
337 1.541200e-02 0.000000e+00 9.845880e-01
338 1.541200e-02 0.000000e+00 9.845880e-01
339 1.541200e-02 0.000000e+00 9.845880e-01
340 1.541200e-02 0.000000e+00 9.845880e-01
341 1.541200e-02 0.000000e+00 9.845880e-01
342 1.541200e-02 0.000000e+00 9.845880e-01
343 1.541200e-02 0.000000e+00 9.845880e-01
344 1.541200e-02 0.000000e+00 9.845880e-01
345 1.541200e-02 0.000000e+00 9.845880e-01
346 1.541200e-02 0.000000e+00 9.845880e-01
347 1.541200e-02 0.000000e+00 9.845880e-01
348 1.541200e-02 0.000000e+00 9.845880e-01
349 1.541200e-02 0.000000e+00 9.845880e-01
350 1.541200e-02 0.000000e+00 9.845880e-01
351 1.541200e-02 0.000000e+00 9.845880e-01
352 1.541200e-02 0.000000e+00 9.845880e-01
353 1.541200e-02 0.000000e+00 9.845880e-01
354 1.541200e-02 0.000000e+00 9.845880e-01
355 1.541200e-02 0.000000e+00 9.845880e-01
356 1.541200e-02 0.000000e+00 9.845880e-01
357 1.541200e-02 0.000000e+00 9.845880e-01
358 1.541200e-02 0.000000e+00 9.845880e-01
359 1.541200e-02 0.000000e+00 9.845880e-01
360 1.541200e-02 0.000000e+00 9.845880e-01
361 1.541200e-02 0.000000e+00 9.845880e-01
362 1.541200e-02 0.000000e+00 9.845880e-01
363 1.541200e-02 0.000000e+00 9.845880e-01
364 1.541200e-02 0.000000e+00 9.845880e-01
365 1.541200e-02 0.000000e+00 9.845880e-01
366 1.541200e-02 0.000000e+00 9.845880e-01
367 1.541200e-02 0.000000e+00 9.845880e-01
368 1.541200e-02 0.000000e+00 9.845880e-01
369 1.541200e-02 0.000000e+00 9.845880e-01
370 1.541200e-02 0.000000e+00 9.845880e-01
371 1.541200e-02 0.000000e+00 9.845880e-01
372 1.541200e-02 0.000000e+00 9.845880e-01
373 1.541200e-02 0.000000e+00 9.845880e-01
374 1.541200e-02 0.000000e+00 9.845880e-01
375 1.541200e-02 0.000000e+00 9.845880e-01
376 1.541200e-02 0.000000e+00 9.845880e-01
377 1.541200e-02 0.000000e+00 9.845880e-01
378 1.541200e-02 0.000000e+00 9.845880e-01
379 1.541200e-02 0.000000e+00 9.845880e-01
380 1.541200e-02 0.000000e+00 9.845880e-01
381 1.541200e-02 0.000000e+00 9.845880e-01
382 1.541200e-02 0.000000e+00 9.845880e-01
383 1.541200e-02 0.000000e+00 9.845880e-01
384 1.541200e-02 0.000000e+00 9.845880e-01
385 1.541200e-02 0.000000e+00 9.845880e-01
386 1.541200e-02 0.000000e+00 9.845880e-01
387 1.541200e-02 0.000000e+00 9.845880e-01
388 1.541200e-02 0.000000e+00 9.845880e-01
389 1.541200e-02 0.000000e+00 9.845880e-01
390 1.541200e-02 0.000000e+00 9.845880e-01
391 1.541200e-02 0.000000e+00 9.845880e-01
392 1.541200e-02 0.000000e+00 9.845880e-01
393 1.541200e-02 0.000000e+00 9.845880e-01
394 1.541200e-02 0.000000e+00 9.845880e-01
395 1.541200e-02 0.000000e+00 9.845880e-01
396 1.541200e-02 0.000000e+00 9.845880e-01
397 1.541200e-02 0.000000e+00 9.845880e-01
398 1.541200e-02 0.000000e+00 9.845880e-01
399 1.541200e-02 0.000000e+00 9.845880e-01
400 1.541200e-02 0.000000e+00 9.845880e-01
401 1.541200e-02 0.000000e+00 9.845880e-01
402 1.541200e-02 0.000000e+00 9.845880e-01
403 1.541200e-02 0.000000e+00 9.845880e-01
404 1.541200e-02 0.000000e+00 9.845880e-01
405 1.541200e-02 0.000000e+00 9.845880e-01
406 1.541200e-02 0.000000e+00 9.845880e-01
407 1.541200e-02 0.000000e+00 9.845880e-01
408 1.541200e-02 0.000000e+00 9.845880e-01
409 1.541200e-02 0.000000e+00 9.845880e-01
410 1.541200e-02 0.000000e+00 9.845880e-01
411 1.541200e-02 0.000000e+00 9.845880e-01
412 1.541200e-02 0.000000e+00 9.845880e-01
413 1.541200e-02 0.000000e+00 9.845880e-01
414 1.541200e-02 0.000000e+00 9.845880e-01
415 1.541200e-02 0.000000e+00 9.845880e-01
416 1.541200e-02 0.000000e+00 9.845880e-01
417 1.541200e-02 0.000000e+00 9.845880e-01
418 1.541200e-02 0.000000e+00 9.845880e-01
419 1.541200e-02 0.000000e+00 9.845880e-01
420 1.541200e-02 0.000000e+00 9.845880e-01
421 1.541200e-02 0.000000e+00 9.845880e-01
422 1.541200e-02 0.000000e+00 9.845880e-01
423 1.541200e-02 0.000000e+00 9.845880e-01
424 1.541200e-02 0.000000e+00 9.845880e-01
425 1.541200e-02 0.000000e+00 9.845880e-01
426 1.541200e-02 0.000000e+00 9.845880e-01
427 1.541200e-02 0.000000e+00 9.845880e-01
428 1.541200e-02 0.000000e+00 9.845880e-01
429 1.541200e-02 0.000000e+00 9.845880e-01
430 1.541200e-02 0.000000e+00 9.845880e-01
431 1.541200e-02 0.000000e+00 9.845880e-01
432 1.541200e-02 0.000000e+00 9.845880e-01
433 1.541200e-02 0.000000e+00 9.845880e-01
434 1.541200e-02 0.000000e+00 9.845880e-01
435 1.541200e-02 0.000000e+00 9.845880e-01
436 1.541200e-02 0.000000e+00 9.845880e-01
437 1.541200e-02 0.000000e+00 9.845880e-01
438 1.541200e-02 0.000000e+00 9.845880e-01
439 1.541200e-02 0.000000e+00 9.845880e-01
440 1.541200e-02 0.000000e+00 9.845880e-01
441 1.541200e-02 0.000000e+00 9.845880e-01
442 1.541200e-02 0.000000e+00 9.845880e-01
443 1.541200e-02 0.000000e+00 9.845880e-01
444 1.541200e-02 0.000000e+00 9.845880e-01
445 1.541200e-02 0.000000e+00 9.845880e-01
446 1.541200e-02 0.000000e+00 9.845880e-01
447 1.541200e-02 0.000000e+00 9.845880e-01
448 1.541200e-02 0.000000e+00 9.845880e-01
449 1.541200e-02 0.000000e+00 9.845880e-01
450 1.541200e-02 0.000000e+00 9.845880e-01
451 1.541200e-02 0.000000e+00 9.845880e-01
452 1.541200e-02 0.000000e+00 9.845880e-01
453 1.541200e-02 0.000000e+00 9.845880e-01
454 1.541200e-02 0.000000e+00 9.845880e-01
455 1.541200e-02 0.000000e+00 9.845880e-01
456 1.541200e-02 0.000000e+00 9.845880e-01
457 1.541200e-02 0.000000e+00 9.845880e-01
458 1.541200e-02 0.000000e+00 9.845880e-01
459 1.541200e-02 0.000000e+00 9.845880e-01
460 1.541200e-02 0.000000e+00 9.845880e-01
461 1.541200e-02 0.000000e+00 9.845880e-01
462 1.541200e-02 0.000000e+00 9.845880e-01
463 1.541200e-02 0.000000e+00 9.845880e-01
464 1.541200e-02 0.000000e+00 9.845880e-01
465 1.541200e-02 0.000000e+00 9.845880e-01
466 1.541200e-02 0.000000e+00 9.845880e-01
467 1.541200e-02 0.000000e+00 9.845880e-01
468 1.541200e-02 0.000000e+00 9.845880e-01
469 1.541200e-02 0.000000e+00 9.845880e-01
470 1.541200e-02 0.000000e+00 9.845880e-01
471 1.541200e-02 0.000000e+00 9.845880e-01
472 1.541200e-02 0.000000e+00 9.845880e-01
473 1.541200e-02 0.000000e+00 9.845880e-01
474 1.541200e-02 0.000000e+00 9.845880e-01
475 1.541200e-02 0.000000e+00 9.845880e-01
476 1.541200e-02 0.000000e+00 9.845880e-01
477 1.541200e-02 0.000000e+00 9.845880e-01
478 1.541200e-02 0.000000e+00 9.845880e-01
479 1.541200e-02 0.000000e+00 9.845880e-01
480 1.541200e-02 0.000000e+00 9.845880e-01
481 1.541200e-02 0.000000e+00 9.845880e-01
482 1.541200e-02 0.000000e+00 9.845880e-01
483 1.541200e-02 0.000000e+00 9.845880e-01
484 1.541200e-02 0.000000e+00 9.845880e-01
485 1.541200e-02 0.000000e+00 9.845880e-01
486 1.541200e-02 0.000000e+00 9.845880e-01
487 1.541200e-02 0.000000e+00 9.845880e-01
488 1.541200e-02 0.000000e+00 9.845880e-01
489 1.541200e-02 0.000000e+00 9.845880e-01
490 1.541200e-02 0.000000e+00 9.845880e-01
491 1.541200e-02 0.000000e+00 9.845880e-01
492 1.541200e-02 0.000000e+00 9.845880e-01
493 1.541200e-02 0.000000e+00 9.845880e-01
494 1.541200e-02 0.000000e+00 9.845880e-01
495 1.541200e-02 0.000000e+00 9.845880e-01
496 1.541200e-02 0.000000e+00 9.845880e-01
497 1.541200e-02 0.000000e+00 9.845880e-01
498 1.541200e-02 0.000000e+00 9.845880e-01
499 1.541200e-02 0.000000e+00 9.845880e-01
500 1.541200e-02 0.000000e+00 9.845880e-01
