1 9.992080e-01 6.920000e-04 1.000000e-04
2 9.983760e-01 1.352000e-03 2.720000e-04
3 9.971840e-01 2.240000e-03 5.760000e-04
4 9.954320e-01 3.424000e-03 1.144000e-03
5 9.928880e-01 5.268000e-03 1.844000e-03
6 9.893360e-01 7.712000e-03 2.952000e-03
7 9.844280e-01 1.096000e-02 4.612000e-03
8 9.782560e-01 1.465600e-02 7.088000e-03
9 9.713640e-01 1.882800e-02 9.808000e-03
10 9.629560e-01 2.330800e-02 1.373600e-02
11 9.530360e-01 2.858000e-02 1.838400e-02
12 9.418560e-01 3.433200e-02 2.381200e-02
13 9.293720e-01 4.019200e-02 3.043600e-02
14 9.154160e-01 4.680400e-02 3.778000e-02
15 9.001840e-01 5.312800e-02 4.668800e-02
16 8.834840e-01 5.980000e-02 5.671600e-02
17 8.656640e-01 6.662000e-02 6.771600e-02
18 8.470280e-01 7.298000e-02 7.999200e-02
19 8.271720e-01 7.950800e-02 9.332000e-02
20 8.063480e-01 8.572800e-02 1.079240e-01
21 7.839400e-01 9.300400e-02 1.230560e-01
22 7.606760e-01 9.968400e-02 1.396400e-01
23 7.364000e-01 1.059360e-01 1.576640e-01
24 7.114600e-01 1.112800e-01 1.772600e-01
25 6.860800e-01 1.163280e-01 1.975920e-01
26 6.601000e-01 1.217400e-01 2.181600e-01
27 6.337760e-01 1.263920e-01 2.398320e-01
28 6.069440e-01 1.304520e-01 2.626040e-01
29 5.805440e-01 1.329560e-01 2.865000e-01
30 5.538760e-01 1.360520e-01 3.100720e-01
31 5.278760e-01 1.379880e-01 3.341360e-01
32 5.022840e-01 1.393880e-01 3.583280e-01
33 4.765440e-01 1.401480e-01 3.833080e-01
34 4.510800e-01 1.407600e-01 4.081600e-01
35 4.263480e-01 1.405000e-01 4.331520e-01
36 4.017240e-01 1.404480e-01 4.578280e-01
37 3.779600e-01 1.398760e-01 4.821640e-01
38 3.545200e-01 1.386120e-01 5.068680e-01
39 3.311160e-01 1.377680e-01 5.311160e-01
40 3.073440e-01 1.371600e-01 5.554960e-01
41 2.849520e-01 1.356480e-01 5.794000e-01
42 2.639000e-01 1.329000e-01 6.032000e-01
43 2.434680e-01 1.302720e-01 6.262600e-01
44 2.238280e-01 1.271000e-01 6.490720e-01
45 2.058400e-01 1.229360e-01 6.712240e-01
46 1.888600e-01 1.185400e-01 6.926000e-01
47 1.728320e-01 1.150040e-01 7.121640e-01
48 1.580040e-01 1.101320e-01 7.318640e-01
49 1.440960e-01 1.055040e-01 7.504000e-01
50 1.314760e-01 9.985200e-02 7.686720e-01
51 1.197640e-01 9.486400e-02 7.853720e-01
52 1.086880e-01 8.944800e-02 8.018640e-01
53 9.848000e-02 8.448000e-02 8.170400e-01
54 8.928800e-02 7.931600e-02 8.313960e-01
55 8.105600e-02 7.382400e-02 8.451200e-01
56 7.374000e-02 6.860400e-02 8.576560e-01
57 6.677600e-02 6.387600e-02 8.693480e-01
58 6.052800e-02 5.969600e-02 8.797760e-01
59 5.490000e-02 5.498400e-02 8.901160e-01
60 4.990000e-02 5.089200e-02 8.992080e-01
61 4.492800e-02 4.702800e-02 9.080440e-01
62 4.099200e-02 4.323200e-02 9.157760e-01
63 3.758800e-02 3.898400e-02 9.234280e-01
64 3.470000e-02 3.541600e-02 9.298840e-01
65 3.180400e-02 3.234400e-02 9.358520e-01
66 2.949200e-02 2.931600e-02 9.411920e-01
67 2.748400e-02 2.657600e-02 9.459400e-01
68 2.579200e-02 2.382400e-02 9.503840e-01
69 2.445200e-02 2.123600e-02 9.543120e-01
70 2.316800e-02 1.901200e-02 9.578200e-01
71 2.208000e-02 1.684400e-02 9.610760e-01
72 2.122800e-02 1.492400e-02 9.638480e-01
73 2.037200e-02 1.338400e-02 9.662440e-01
74 1.948000e-02 1.214800e-02 9.683720e-01
75 1.882400e-02 1.079600e-02 9.703800e-01
76 1.825200e-02 9.496000e-03 9.722520e-01
77 1.774000e-02 8.412000e-03 9.738480e-01
78 1.726800e-02 7.632000e-03 9.751000e-01
79 1.690800e-02 6.840000e-03 9.762520e-01
80 1.658400e-02 6.048000e-03 9.773680e-01
81 1.633600e-02 5.140000e-03 9.785240e-01
82 1.619200e-02 4.432000e-03 9.793760e-01
83 1.605200e-02 3.852000e-03 9.800960e-01
84 1.592400e-02 3.360000e-03 9.807160e-01
85 1.584000e-02 2.884000e-03 9.812760e-01
86 1.570400e-02 2.456000e-03 9.818400e-01
87 1.566400e-02 2.120000e-03 9.822160e-01
88 1.564000e-02 1.816000e-03 9.825440e-01
89 1.562000e-02 1.488000e-03 9.828920e-01
90 1.558000e-02 1.304000e-03 9.831160e-01
91 1.555600e-02 1.120000e-03 9.833240e-01
92 1.554800e-02 9.520000e-04 9.835000e-01
93 1.554000e-02 7.960000e-04 9.836640e-01
94 1.554000e-02 6.640000e-04 9.837960e-01
95 1.554000e-02 5.840000e-04 9.838760e-01
96 1.553200e-02 5.040000e-04 9.839640e-01
97 1.552800e-02 4.600000e-04 9.840120e-01
98 1.552400e-02 3.720000e-04 9.841040e-01
99 1.552400e-02 3.160000e-04 9.841600e-01
100 1.552000e-02 2.320000e-04 9.842480e-01
101 1.552000e-02 1.880000e-04 9.842920e-01
102 1.552000e-02 1.560000e-04 9.843240e-01
103 1.552000e-02 1.360000e-04 9.843440e-01
104 1.552000e-02 1.120000e-04 9.843680e-01
105 1.552000e-02 9.600000e-05 9.843840e-01
106 1.551600e-02 7.600000e-05 9.844080e-01
107 1.551600e-02 7.600000e-05 9.844080e-01
108 1.551600e-02 6.000000e-05 9.844240e-01
109 1.551600e-02 4.000000e-05 9.844440e-01
110 1.551600e-02 3.200000e-05 9.844520e-01
111 1.551600e-02 3.200000e-05 9.844520e-01
112 1.551600e-02 2.400000e-05 9.844600e-01
113 1.551600e-02 2.000000e-05 9.844640e-01
114 1.551600e-02 2.000000e-05 9.844640e-01
115 1.551600e-02 2.000000e-05 9.844640e-01
116 1.551200e-02 2.400000e-05 9.844640e-01
117 1.550800e-02 2.000000e-05 9.844720e-01
118 1.550800e-02 1.200000e-05 9.844800e-01
119 1.550800e-02 1.200000e-05 9.844800e-01
120 1.550800e-02 8.000000e-06 9.844840e-01
121 1.550800e-02 8.000000e-06 9.844840e-01
122 1.550800e-02 4.000000e-06 9.844880e-01
123 1.550800e-02 4.000000e-06 9.844880e-01
124 1.550800e-02 0.000000e+00 9.844920e-01
125 1.550800e-02 0.000000e+00 9.844920e-01
126 1.550800e-02 0.000000e+00 9.844920e-01
127 1.550800e-02 0.000000e+00 9.844920e-01
128 1.550800e-02 0.000000e+00 9.844920e-01
129 1.550800e-02 0.000000e+00 9.844920e-01
130 1.550800e-02 0.000000e+00 9.844920e-01
131 1.550800e-02 0.000000e+00 9.844920e-01
132 1.550800e-02 0.000000e+00 9.844920e-01
133 1.550800e-02 0.000000e+00 9.844920e-01
134 1.550800e-02 0.000000e+00 9.844920e-01
135 1.550800e-02 0.000000e+00 9.844920e-01
136 1.550800e-02 0.000000e+00 9.844920e-01
137 1.550800e-02 0.000000e+00 9.844920e-01
138 1.550800e-02 0.000000e+00 9.844920e-01
139 1.550800e-02 0.000000e+00 9.844920e-01
140 1.550800e-02 0.000000e+00 9.844920e-01
141 1.550800e-02 0.000000e+00 9.844920e-01
142 1.550800e-02 0.000000e+00 9.844920e-01
143 1.550800e-02 0.000000e+00 9.844920e-01
144 1.550800e-02 0.000000e+00 9.844920e-01
145 1.550800e-02 0.000000e+00 9.844920e-01
146 1.550800e-02 0.000000e+00 9.844920e-01
147 1.550800e-02 0.000000e+00 9.844920e-01
148 1.550800e-02 0.000000e+00 9.844920e-01
149 1.550800e-02 0.000000e+00 9.844920e-01
150 1.550800e-02 0.000000e+00 9.844920e-01
151 1.550800e-02 0.000000e+00 9.844920e-01
152 1.550800e-02 0.000000e+00 9.844920e-01
153 1.550800e-02 0.000000e+00 9.844920e-01
154 1.550800e-02 0.000000e+00 9.844920e-01
155 1.550800e-02 0.000000e+00 9.844920e-01
156 1.550800e-02 0.000000e+00 9.844920e-01
157 1.550800e-02 0.000000e+00 9.844920e-01
158 1.550800e-02 0.000000e+00 9.844920e-01
159 1.550800e-02 0.000000e+00 9.844920e-01
160 1.550800e-02 0.000000e+00 9.844920e-01
161 1.550800e-02 0.000000e+00 9.844920e-01
162 1.550800e-02 0.000000e+00 9.844920e-01
163 1.550800e-02 0.000000e+00 9.844920e-01
164 1.550800e-02 0.000000e+00 9.844920e-01
165 1.550800e-02 0.000000e+00 9.844920e-01
166 1.550800e-02 0.000000e+00 9.844920e-01
167 1.550800e-02 0.000000e+00 9.844920e-01
168 1.550800e-02 0.000000e+00 9.844920e-01
169 1.550800e-02 0.000000e+00 9.844920e-01
170 1.550800e-02 0.000000e+00 9.844920e-01
171 1.550800e-02 0.000000e+00 9.844920e-01
172 1.550800e-02 0.000000e+00 9.844920e-01
173 1.550800e-02 0.000000e+00 9.844920e-01
174 1.550800e-02 0.000000e+00 9.844920e-01
175 1.550800e-02 0.000000e+00 9.844920e-01
176 1.550800e-02 0.000000e+00 9.844920e-01
177 1.550800e-02 0.000000e+00 9.844920e-01
178 1.550800e-02 0.000000e+00 9.844920e-01
179 1.550800e-02 0.000000e+00 9.844920e-01
180 1.550800e-02 0.000000e+00 9.844920e-01
181 1.550800e-02 0.000000e+00 9.844920e-01
182 1.550800e-02 0.000000e+00 9.844920e-01
183 1.550800e-02 0.000000e+00 9.844920e-01
184 1.550800e-02 0.000000e+00 9.844920e-01
185 1.550800e-02 0.000000e+00 9.844920e-01
186 1.550800e-02 0.000000e+00 9.844920e-01
187 1.550800e-02 0.000000e+00 9.844920e-01
188 1.550800e-02 0.000000e+00 9.844920e-01
189 1.550800e-02 0.000000e+00 9.844920e-01
190 1.550800e-02 0.000000e+00 9.844920e-01
191 1.550800e-02 0.000000e+00 9.844920e-01
192 1.550800e-02 0.000000e+00 9.844920e-01
193 1.550800e-02 0.000000e+00 9.844920e-01
194 1.550800e-02 0.000000e+00 9.844920e-01
195 1.550800e-02 0.000000e+00 9.844920e-01
196 1.550800e-02 0.000000e+00 9.844920e-01
197 1.550800e-02 0.000000e+00 9.844920e-01
198 1.550800e-02 0.000000e+00 9.844920e-01
199 1.550800e-02 0.000000e+00 9.844920e-01
200 1.550800e-02 0.000000e+00 9.844920e-01
201 1.550800e-02 0.000000e+00 9.844920e-01
202 1.550800e-02 0.000000e+00 9.844920e-01
203 1.550800e-02 0.000000e+00 9.844920e-01
204 1.550800e-02 0.000000e+00 9.844920e-01
205 1.550800e-02 0.000000e+00 9.844920e-01
206 1.550800e-02 0.000000e+00 9.844920e-01
207 1.550800e-02 0.000000e+00 9.844920e-01
208 1.550800e-02 0.000000e+00 9.844920e-01
209 1.550800e-02 0.000000e+00 9.844920e-01
210 1.550800e-02 0.000000e+00 9.844920e-01
211 1.550800e-02 0.000000e+00 9.844920e-01
212 1.550800e-02 0.000000e+00 9.844920e-01
213 1.550800e-02 0.000000e+00 9.844920e-01
214 1.550800e-02 0.000000e+00 9.844920e-01
215 1.550800e-02 0.000000e+00 9.844920e-01
216 1.550800e-02 0.000000e+00 9.844920e-01
217 1.550800e-02 0.000000e+00 9.844920e-01
218 1.550800e-02 0.000000e+00 9.844920e-01
219 1.550800e-02 0.000000e+00 9.844920e-01
220 1.550800e-02 0.000000e+00 9.844920e-01
221 1.550800e-02 0.000000e+00 9.844920e-01
222 1.550800e-02 0.000000e+00 9.844920e-01
223 1.550800e-02 0.000000e+00 9.844920e-01
224 1.550800e-02 0.000000e+00 9.844920e-01
225 1.550800e-02 0.000000e+00 9.844920e-01
226 1.550800e-02 0.000000e+00 9.844920e-01
227 1.550800e-02 0.000000e+00 9.844920e-01
228 1.550800e-02 0.000000e+00 9.844920e-01
229 1.550800e-02 0.000000e+00 9.844920e-01
230 1.550800e-02 0.000000e+00 9.844920e-01
231 1.550800e-02 0.000000e+00 9.844920e-01
232 1.550800e-02 0.000000e+00 9.844920e-01
233 1.550800e-02 0.000000e+00 9.844920e-01
234 1.550800e-02 0.000000e+00 9.844920e-01
235 1.550800e-02 0.000000e+00 9.844920e-01
236 1.550800e-02 0.000000e+00 9.844920e-01
237 1.550800e-02 0.000000e+00 9.844920e-01
238 1.550800e-02 0.000000e+00 9.844920e-01
239 1.550800e-02 0.000000e+00 9.844920e-01
240 1.550800e-02 0.000000e+00 9.844920e-01
241 1.550800e-02 0.000000e+00 9.844920e-01
242 1.550800e-02 0.000000e+00 9.844920e-01
243 1.550800e-02 0.000000e+00 9.844920e-01
244 1.550800e-02 0.000000e+00 9.844920e-01
245 1.550800e-02 0.000000e+00 9.844920e-01
246 1.550800e-02 0.000000e+00 9.844920e-01
247 1.550800e-02 0.000000e+00 9.844920e-01
248 1.550800e-02 0.000000e+00 9.844920e-01
249 1.550800e-02 0.000000e+00 9.844920e-01
250 1.550800e-02 0.000000e+00 9.844920e-01
251 1.550800e-02 0.000000e+00 9.844920e-01
252 1.550800e-02 0.000000e+00 9.844920e-01
253 1.550800e-02 0.000000e+00 9.844920e-01
254 1.550800e-02 0.000000e+00 9.844920e-01
255 1.550800e-02 0.000000e+00 9.844920e-01
256 1.550800e-02 0.000000e+00 9.844920e-01
257 1.550800e-02 0.000000e+00 9.844920e-01
258 1.550800e-02 0.000000e+00 9.844920e-01
259 1.550800e-02 0.000000e+00 9.844920e-01
260 1.550800e-02 0.000000e+00 9.844920e-01
261 1.550800e-02 0.000000e+00 9.844920e-01
262 1.550800e-02 0.000000e+00 9.844920e-01
263 1.550800e-02 0.000000e+00 9.844920e-01
264 1.550800e-02 0.000000e+00 9.844920e-01
265 1.550800e-02 0.000000e+00 9.844920e-01
266 1.550800e-02 0.000000e+00 9.844920e-01
267 1.550800e-02 0.000000e+00 9.844920e-01
268 1.550800e-02 0.000000e+00 9.844920e-01
269 1.550800e-02 0.000000e+00 9.844920e-01
270 1.550800e-02 0.000000e+00 9.844920e-01
271 1.550800e-02 0.000000e+00 9.844920e-01
272 1.550800e-02 0.000000e+00 9.844920e-01
273 1.550800e-02 0.000000e+00 9.844920e-01
274 1.550800e-02 0.000000e+00 9.844920e-01
275 1.550800e-02 0.000000e+00 9.844920e-01
276 1.550800e-02 0.000000e+00 9.844920e-01
277 1.550800e-02 0.000000e+00 9.844920e-01
278 1.550800e-02 0.000000e+00 9.844920e-01
279 1.550800e-02 0.000000e+00 9.844920e-01
280 1.550800e-02 0.000000e+00 9.844920e-01
281 1.550800e-02 0.000000e+00 9.844920e-01
282 1.550800e-02 0.000000e+00 9.844920e-01
283 1.550800e-02 0.000000e+00 9.844920e-01
284 1.550800e-02 0.000000e+00 9.844920e-01
285 1.550800e-02 0.000000e+00 9.844920e-01
286 1.550800e-02 0.000000e+00 9.844920e-01
287 1.550800e-02 0.000000e+00 9.844920e-01
288 1.550800e-02 0.000000e+00 9.844920e-01
289 1.550800e-02 0.000000e+00 9.844920e-01
290 1.550800e-02 0.000000e+00 9.844920e-01
291 1.550800e-02 0.000000e+00 9.844920e-01
292 1.550800e-02 0.000000e+00 9.844920e-01
293 1.550800e-02 0.000000e+00 9.844920e-01
294 1.550800e-02 0.000000e+00 9.844920e-01
295 1.550800e-02 0.000000e+00 9.844920e-01
296 1.550800e-02 0.000000e+00 9.844920e-01
297 1.550800e-02 0.000000e+00 9.844920e-01
298 1.550800e-02 0.000000e+00 9.844920e-01
299 1.550800e-02 0.000000e+00 9.844920e-01
300 1.550800e-02 0.000000e+00 9.844920e-01
301 1.550800e-02 0.000000e+00 9.844920e-01
302 1.550800e-02 0.000000e+00 9.844920e-01
303 1.550800e-02 0.000000e+00 9.844920e-01
304 1.550800e-02 0.000000e+00 9.844920e-01
305 1.550800e-02 0.000000e+00 9.844920e-01
306 1.550800e-02 0.000000e+00 9.844920e-01
307 1.550800e-02 0.000000e+00 9.844920e-01
308 1.550800e-02 0.000000e+00 9.844920e-01
309 1.550800e-02 0.000000e+00 9.844920e-01
310 1.550800e-02 0.000000e+00 9.844920e-01
311 1.550800e-02 0.000000e+00 9.844920e-01
312 1.550800e-02 0.000000e+00 9.844920e-01
313 1.550800e-02 0.000000e+00 9.844920e-01
314 1.550800e-02 0.000000e+00 9.844920e-01
315 1.550800e-02 0.000000e+00 9.844920e-01
316 1.550800e-02 0.000000e+00 9.844920e-01
317 1.550800e-02 0.000000e+00 9.844920e-01
318 1.550800e-02 0.000000e+00 9.844920e-01
319 1.550800e-02 0.000000e+00 9.844920e-01
320 1.550800e-02 0.000000e+00 9.844920e-01
321 1.550800e-02 0.000000e+00 9.844920e-01
322 1.550800e-02 0.000000e+00 9.844920e-01
323 1.550800e-02 0.000000e+00 9.844920e-01
324 1.550800e-02 0.000000e+00 9.844920e-01
325 1.550800e-02 0.000000e+00 9.844920e-01
326 1.550800e-02 0.000000e+00 9.844920e-01
327 1.550800e-02 0.000000e+00 9.844920e-01
328 1.550800e-02 0.000000e+00 9.844920e-01
329 1.550800e-02 0.000000e+00 9.844920e-01
330 1.550800e-02 0.000000e+00 9.844920e-01
331 1.550800e-02 0.000000e+00 9.844920e-01
332 1.550800e-02 0.000000e+00 9.844920e-01
333 1.550800e-02 0.000000e+00 9.844920e-01
334 1.550800e-02 0.000000e+00 9.844920e-01
335 1.550800e-02 0.000000e+00 9.844920e-01
336 1.550800e-02 0.000000e+00 9.844920e-01
337 1.550800e-02 0.000000e+00 9.844920e-01
338 1.550800e-02 0.000000e+00 9.844920e-01
339 1.550800e-02 0.000000e+00 9.844920e-01
340 1.550800e-02 0.000000e+00 9.844920e-01
341 1.550800e-02 0.000000e+00 9.844920e-01
342 1.550800e-02 0.000000e+00 9.844920e-01
343 1.550800e-02 0.000000e+00 9.844920e-01
344 1.550800e-02 0.000000e+00 9.844920e-01
345 1.550800e-02 0.000000e+00 9.844920e-01
346 1.550800e-02 0.000000e+00 9.844920e-01
347 1.550800e-02 0.000000e+00 9.844920e-01
348 1.550800e-02 0.000000e+00 9.844920e-01
349 1.550800e-02 0.000000e+00 9.844920e-01
350 1.550800e-02 0.000000e+00 9.844920e-01
351 1.550800e-02 0.000000e+00 9.844920e-01
352 1.550800e-02 0.000000e+00 9.844920e-01
353 1.550800e-02 0.000000e+00 9.844920e-01
354 1.550800e-02 0.000000e+00 9.844920e-01
355 1.550800e-02 0.000000e+00 9.844920e-01
356 1.550800e-02 0.000000e+00 9.844920e-01
357 1.550800e-02 0.000000e+00 9.844920e-01
358 1.550800e-02 0.000000e+00 9.844920e-01
359 1.550800e-02 0.000000e+00 9.844920e-01
360 1.550800e-02 0.000000e+00 9.844920e-01
361 1.550800e-02 0.000000e+00 9.844920e-01
362 1.550800e-02 0.000000e+00 9.844920e-01
363 1.550800e-02 0.000000e+00 9.844920e-01
364 1.550800e-02 0.000000e+00 9.844920e-01
365 1.550800e-02 0.000000e+00 9.844920e-01
366 1.550800e-02 0.000000e+00 9.844920e-01
367 1.550800e-02 0.000000e+00 9.844920e-01
368 1.550800e-02 0.000000e+00 9.844920e-01
369 1.550800e-02 0.000000e+00 9.844920e-01
370 1.550800e-02 0.000000e+00 9.844920e-01
371 1.550800e-02 0.000000e+00 9.844920e-01
372 1.550800e-02 0.000000e+00 9.844920e-01
373 1.550800e-02 0.000000e+00 9.844920e-01
374 1.550800e-02 0.000000e+00 9.844920e-01
375 1.550800e-02 0.000000e+00 9.844920e-01
376 1.550800e-02 0.000000e+00 9.844920e-01
377 1.550800e-02 0.000000e+00 9.844920e-01
378 1.550800e-02 0.000000e+00 9.844920e-01
379 1.550800e-02 0.000000e+00 9.844920e-01
380 1.550800e-02 0.000000e+00 9.844920e-01
381 1.550800e-02 0.000000e+00 9.844920e-01
382 1.550800e-02 0.000000e+00 9.844920e-01
383 1.550800e-02 0.000000e+00 9.844920e-01
384 1.550800e-02 0.000000e+00 9.844920e-01
385 1.550800e-02 0.000000e+00 9.844920e-01
386 1.550800e-02 0.000000e+00 9.844920e-01
387 1.550800e-02 0.000000e+00 9.844920e-01
388 1.550800e-02 0.000000e+00 9.844920e-01
389 1.550800e-02 0.000000e+00 9.844920e-01
390 1.550800e-02 0.000000e+00 9.844920e-01
391 1.550800e-02 0.000000e+00 9.844920e-01
392 1.550800e-02 0.000000e+00 9.844920e-01
393 1.550800e-02 0.000000e+00 9.844920e-01
394 1.550800e-02 0.000000e+00 9.844920e-01
395 1.550800e-02 0.000000e+00 9.844920e-01
396 1.550800e-02 0.000000e+00 9.844920e-01
397 1.550800e-02 0.000000e+00 9.844920e-01
398 1.550800e-02 0.000000e+00 9.844920e-01
399 1.550800e-02 0.000000e+00 9.844920e-01
400 1.550800e-02 0.000000e+00 9.844920e-01
401 1.550800e-02 0.000000e+00 9.844920e-01
402 1.550800e-02 0.000000e+00 9.844920e-01
403 1.550800e-02 0.000000e+00 9.844920e-01
404 1.550800e-02 0.000000e+00 9.844920e-01
405 1.550800e-02 0.000000e+00 9.844920e-01
406 1.550800e-02 0.000000e+00 9.844920e-01
407 1.550800e-02 0.000000e+00 9.844920e-01
408 1.550800e-02 0.000000e+00 9.844920e-01
409 1.550800e-02 0.000000e+00 9.844920e-01
410 1.550800e-02 0.000000e+00 9.844920e-01
411 1.550800e-02 0.000000e+00 9.844920e-01
412 1.550800e-02 0.000000e+00 9.844920e-01
413 1.550800e-02 0.000000e+00 9.844920e-01
414 1.550800e-02 0.000000e+00 9.844920e-01
415 1.550800e-02 0.000000e+00 9.844920e-01
416 1.550800e-02 0.000000e+00 9.844920e-01
417 1.550800e-02 0.000000e+00 9.844920e-01
418 1.550800e-02 0.000000e+00 9.844920e-01
419 1.550800e-02 0.000000e+00 9.844920e-01
420 1.550800e-02 0.000000e+00 9.844920e-01
421 1.550800e-02 0.000000e+00 9.844920e-01
422 1.550800e-02 0.000000e+00 9.844920e-01
423 1.550800e-02 0.000000e+00 9.844920e-01
424 1.550800e-02 0.000000e+00 9.844920e-01
425 1.550800e-02 0.000000e+00 9.844920e-01
426 1.550800e-02 0.000000e+00 9.844920e-01
427 1.550800e-02 0.000000e+00 9.844920e-01
428 1.550800e-02 0.000000e+00 9.844920e-01
429 1.550800e-02 0.000000e+00 9.844920e-01
430 1.550800e-02 0.000000e+00 9.844920e-01
431 1.550800e-02 0.000000e+00 9.844920e-01
432 1.550800e-02 0.000000e+00 9.844920e-01
433 1.550800e-02 0.000000e+00 9.844920e-01
434 1.550800e-02 0.000000e+00 9.844920e-01
435 1.550800e-02 0.000000e+00 9.844920e-01
436 1.550800e-02 0.000000e+00 9.844920e-01
437 1.550800e-02 0.000000e+00 9.844920e-01
438 1.550800e-02 0.000000e+00 9.844920e-01
439 1.550800e-02 0.000000e+00 9.844920e-01
440 1.550800e-02 0.000000e+00 9.844920e-01
441 1.550800e-02 0.000000e+00 9.844920e-01
442 1.550800e-02 0.000000e+00 9.844920e-01
443 1.550800e-02 0.000000e+00 9.844920e-01
444 1.550800e-02 0.000000e+00 9.844920e-01
445 1.550800e-02 0.000000e+00 9.844920e-01
446 1.550800e-02 0.000000e+00 9.844920e-01
447 1.550800e-02 0.000000e+00 9.844920e-01
448 1.550800e-02 0.000000e+00 9.844920e-01
449 1.550800e-02 0.000000e+00 9.844920e-01
450 1.550800e-02 0.000000e+00 9.844920e-01
451 1.550800e-02 0.000000e+00 9.844920e-01
452 1.550800e-02 0.000000e+00 9.844920e-01
453 1.550800e-02 0.000000e+00 9.844920e-01
454 1.550800e-02 0.000000e+00 9.844920e-01
455 1.550800e-02 0.000000e+00 9.844920e-01
456 1.550800e-02 0.000000e+00 9.844920e-01
457 1.550800e-02 0.000000e+00 9.844920e-01
458 1.550800e-02 0.000000e+00 9.844920e-01
459 1.550800e-02 0.000000e+00 9.844920e-01
460 1.550800e-02 0.000000e+00 9.844920e-01
461 1.550800e-02 0.000000e+00 9.844920e-01
462 1.550800e-02 0.000000e+00 9.844920e-01
463 1.550800e-02 0.000000e+00 9.844920e-01
464 1.550800e-02 0.000000e+00 9.844920e-01
465 1.550800e-02 0.000000e+00 9.844920e-01
466 1.550800e-02 0.000000e+00 9.844920e-01
467 1.550800e-02 0.000000e+00 9.844920e-01
468 1.550800e-02 0.000000e+00 9.844920e-01
469 1.550800e-02 0.000000e+00 9.844920e-01
470 1.550800e-02 0.000000e+00 9.844920e-01
471 1.550800e-02 0.000000e+00 9.844920e-01
472 1.550800e-02 0.000000e+00 9.844920e-01
473 1.550800e-02 0.000000e+00 9.844920e-01
474 1.550800e-02 0.000000e+00 9.844920e-01
475 1.550800e-02 0.000000e+00 9.844920e-01
476 1.550800e-02 0.000000e+00 9.844920e-01
477 1.550800e-02 0.000000e+00 9.844920e-01
478 1.550800e-02 0.000000e+00 9.844920e-01
479 1.550800e-02 0.000000e+00 9.844920e-01
480 1.550800e-02 0.000000e+00 9.844920e-01
481 1.550800e-02 0.000000e+00 9.844920e-01
482 1.550800e-02 0.000000e+00 9.844920e-01
483 1.550800e-02 0.000000e+00 9.844920e-01
484 1.550800e-02 0.000000e+00 9.844920e-01
485 1.550800e-02 0.000000e+00 9.844920e-01
486 1.550800e-02 0.000000e+00 9.844920e-01
487 1.550800e-02 0.000000e+00 9.844920e-01
488 1.550800e-02 0.000000e+00 9.844920e-01
489 1.550800e-02 0.000000e+00 9.844920e-01
490 1.550800e-02 0.000000e+00 9.844920e-01
491 1.550800e-02 0.000000e+00 9.844920e-01
492 1.550800e-02 0.000000e+00 9.844920e-01
493 1.550800e-02 0.000000e+00 9.844920e-01
494 1.550800e-02 0.000000e+00 9.844920e-01
495 1.550800e-02 0.000000e+00 9.844920e-01
496 1.550800e-02 0.000000e+00 9.844920e-01
497 1.550800e-02 0.000000e+00 9.844920e-01
498 1.550800e-02 0.000000e+00 9.844920e-01
499 1.550800e-02 0.000000e+00 9.844920e-01
500 1.550800e-02 0.000000e+00 9.844920e-01
