1 9.991920e-01 7.200000e-04 8.800000e-05
2 9.985880e-01 1.204000e-03 2.080000e-04
3 9.974600e-01 2.044000e-03 4.960000e-04
4 9.955240e-01 3.512000e-03 9.640000e-04
5 9.926440e-01 5.676000e-03 1.680000e-03
6 9.888120e-01 8.304000e-03 2.884000e-03
7 9.836160e-01 1.186000e-02 4.524000e-03
8 9.769760e-01 1.626000e-02 6.764000e-03
9 9.690560e-01 2.069200e-02 1.025200e-02
10 9.598320e-01 2.597600e-02 1.419200e-02
11 9.490440e-01 3.161200e-02 1.934400e-02
12 9.369760e-01 3.796800e-02 2.505600e-02
13 9.230280e-01 4.464000e-02 3.233200e-02
14 9.076920e-01 5.170400e-02 4.060400e-02
15 8.912720e-01 5.845200e-02 5.027600e-02
16 8.735440e-01 6.521200e-02 6.124400e-02
17 8.547080e-01 7.212800e-02 7.316400e-02
18 8.341560e-01 7.936800e-02 8.647600e-02
19 8.124200e-01 8.673600e-02 1.008440e-01
20 7.901760e-01 9.284800e-02 1.169760e-01
21 7.664760e-01 9.971600e-02 1.338080e-01
22 7.423240e-01 1.057800e-01 1.518960e-01
23 7.174200e-01 1.114000e-01 1.711800e-01
24 6.905120e-01 1.186120e-01 1.908760e-01
25 6.633160e-01 1.248640e-01 2.118200e-01
26 6.348760e-01 1.307040e-01 2.344200e-01
27 6.065960e-01 1.353040e-01 2.581000e-01
28 5.779560e-01 1.398000e-01 2.822440e-01
29 5.496560e-01 1.432160e-01 3.071280e-01
30 5.213440e-01 1.459960e-01 3.326600e-01
31 4.937000e-01 1.481840e-01 3.581160e-01
32 4.668000e-01 1.483160e-01 3.848840e-01
33 4.402560e-01 1.492400e-01 4.105040e-01
34 4.140560e-01 1.486640e-01 4.372800e-01
35 3.898920e-01 1.470160e-01 4.630920e-01
36 3.667320e-01 1.449200e-01 4.883480e-01
37 3.444600e-01 1.422400e-01 5.133000e-01
38 3.228880e-01 1.391160e-01 5.379960e-01
39 3.021600e-01 1.364360e-01 5.614040e-01
40 2.812560e-01 1.340360e-01 5.847080e-01
41 2.614280e-01 1.307120e-01 6.078600e-01
42 2.430720e-01 1.266680e-01 6.302600e-01
43 2.255640e-01 1.225600e-01 6.518760e-01
44 2.085240e-01 1.189440e-01 6.725320e-01
45 1.924160e-01 1.143120e-01 6.932720e-01
46 1.770400e-01 1.097480e-01 7.132120e-01
47 1.623440e-01 1.056640e-01 7.319920e-01
48 1.481960e-01 1.022800e-01 7.495240e-01
49 1.351440e-01 9.766000e-02 7.671960e-01
50 1.224520e-01 9.388000e-02 7.836680e-01
51 1.110320e-01 8.946000e-02 7.995080e-01
52 1.000320e-01 8.520400e-02 8.147640e-01
53 9.008400e-02 8.046400e-02 8.294520e-01
54 8.096400e-02 7.596800e-02 8.430680e-01
55 7.225200e-02 7.195200e-02 8.557960e-01
56 6.437200e-02 6.792800e-02 8.677000e-01
57 5.718400e-02 6.383600e-02 8.789800e-01
58 5.094800e-02 5.909600e-02 8.899560e-01
59 4.532800e-02 5.507200e-02 8.996000e-01
60 4.019200e-02 5.081600e-02 9.089920e-01
61 3.600800e-02 4.665600e-02 9.173360e-01
62 3.231200e-02 4.248800e-02 9.252000e-01
63 2.924000e-02 3.828800e-02 9.324720e-01
64 2.663600e-02 3.466000e-02 9.387040e-01
65 2.439600e-02 3.125200e-02 9.443520e-01
66 2.271600e-02 2.763200e-02 9.496520e-01
67 2.125200e-02 2.448000e-02 9.542680e-01
68 2.000800e-02 2.144800e-02 9.585440e-01
69 1.884000e-02 1.912400e-02 9.620360e-01
70 1.794800e-02 1.700000e-02 9.650520e-01
71 1.721200e-02 1.496800e-02 9.678200e-01
72 1.673600e-02 1.302400e-02 9.702400e-01
73 1.626000e-02 1.126400e-02 9.724760e-01
74 1.598400e-02 9.808000e-03 9.742080e-01
75 1.576400e-02 8.464000e-03 9.757720e-01
76 1.558400e-02 7.264000e-03 9.771520e-01
77 1.546400e-02 6.268000e-03 9.782680e-01
78 1.535600e-02 5.344000e-03 9.793000e-01
79 1.527600e-02 4.684000e-03 9.800400e-01
80 1.520800e-02 3.984000e-03 9.808080e-01
81 1.514400e-02 3.348000e-03 9.815080e-01
82 1.511200e-02 2.848000e-03 9.820400e-01
83 1.506800e-02 2.416000e-03 9.825160e-01
84 1.505200e-02 2.084000e-03 9.828640e-01
85 1.504400e-02 1.768000e-03 9.831880e-01
86 1.503200e-02 1.516000e-03 9.834520e-01
87 1.503200e-02 1.268000e-03 9.837000e-01
88 1.502800e-02 1.040000e-03 9.839320e-01
89 1.501600e-02 9.360000e-04 9.840480e-01
90 1.499600e-02 8.000000e-04 9.842040e-01
91 1.498000e-02 6.760000e-04 9.843440e-01
92 1.496800e-02 6.000000e-04 9.844320e-01
93 1.496800e-02 5.240000e-04 9.845080e-01
94 1.496400e-02 4.240000e-04 9.846120e-01
95 1.496400e-02 3.560000e-04 9.846800e-01
96 1.496400e-02 2.960000e-04 9.847400e-01
97 1.496000e-02 2.560000e-04 9.847840e-01
98 1.496000e-02 2.280000e-04 9.848120e-01
99 1.496000e-02 1.960000e-04 9.848440e-01
100 1.495600e-02 1.680000e-04 9.848760e-01
101 1.495600e-02 1.440000e-04 9.849000e-01
102 1.495600e-02 1.160000e-04 9.849280e-01
103 1.495600e-02 9.200000e-05 9.849520e-01
104 1.495600e-02 7.600000e-05 9.849680e-01
105 1.495600e-02 5.200000e-05 9.849920e-01
106 1.495600e-02 3.200000e-05 9.850120e-01
107 1.495600e-02 3.200000e-05 9.850120e-01
108 1.495600e-02 2.000000e-05 9.850240e-01
109 1.495600e-02 2.000000e-05 9.850240e-01
110 1.495600e-02 2.000000e-05 9.850240e-01
111 1.495600e-02 1.600000e-05 9.850280e-01
112 1.495600e-02 1.600000e-05 9.850280e-01
113 1.495600e-02 8.000000e-06 9.850360e-01
114 1.495600e-02 8.000000e-06 9.850360e-01
115 1.495600e-02 8.000000e-06 9.850360e-01
116 1.495600e-02 8.000000e-06 9.850360e-01
117 1.495600e-02 4.000000e-06 9.850400e-01
118 1.495600e-02 0.000000e+00 9.850440e-01
119 1.495600e-02 0.000000e+00 9.850440e-01
120 1.495600e-02 0.000000e+00 9.850440e-01
121 1.495600e-02 0.000000e+00 9.850440e-01
122 1.495600e-02 0.000000e+00 9.850440e-01
123 1.495600e-02 0.000000e+00 9.850440e-01
124 1.495600e-02 0.000000e+00 9.850440e-01
125 1.495600e-02 0.000000e+00 9.850440e-01
126 1.495600e-02 0.000000e+00 9.850440e-01
127 1.495600e-02 0.000000e+00 9.850440e-01
128 1.495600e-02 0.000000e+00 9.850440e-01
129 1.495600e-02 0.000000e+00 9.850440e-01
130 1.495600e-02 0.000000e+00 9.850440e-01
131 1.495600e-02 0.000000e+00 9.850440e-01
132 1.495600e-02 0.000000e+00 9.850440e-01
133 1.495600e-02 0.000000e+00 9.850440e-01
134 1.495600e-02 0.000000e+00 9.850440e-01
135 1.495600e-02 0.000000e+00 9.850440e-01
136 1.495600e-02 0.000000e+00 9.850440e-01
137 1.495600e-02 0.000000e+00 9.850440e-01
138 1.495600e-02 0.000000e+00 9.850440e-01
139 1.495600e-02 0.000000e+00 9.850440e-01
140 1.495600e-02 0.000000e+00 9.850440e-01
141 1.495600e-02 0.000000e+00 9.850440e-01
142 1.495600e-02 0.000000e+00 9.850440e-01
143 1.495600e-02 0.000000e+00 9.850440e-01
144 1.495600e-02 0.000000e+00 9.850440e-01
145 1.495600e-02 0.000000e+00 9.850440e-01
146 1.495600e-02 0.000000e+00 9.850440e-01
147 1.495600e-02 0.000000e+00 9.850440e-01
148 1.495600e-02 0.000000e+00 9.850440e-01
149 1.495600e-02 0.000000e+00 9.850440e-01
150 1.495600e-02 0.000000e+00 9.850440e-01
151 1.495600e-02 0.000000e+00 9.850440e-01
152 1.495600e-02 0.000000e+00 9.850440e-01
153 1.495600e-02 0.000000e+00 9.850440e-01
154 1.495600e-02 0.000000e+00 9.850440e-01
155 1.495600e-02 0.000000e+00 9.850440e-01
156 1.495600e-02 0.000000e+00 9.850440e-01
157 1.495600e-02 0.000000e+00 9.850440e-01
158 1.495600e-02 0.000000e+00 9.850440e-01
159 1.495600e-02 0.000000e+00 9.850440e-01
160 1.495600e-02 0.000000e+00 9.850440e-01
161 1.495600e-02 0.000000e+00 9.850440e-01
162 1.495600e-02 0.000000e+00 9.850440e-01
163 1.495600e-02 0.000000e+00 9.850440e-01
164 1.495600e-02 0.000000e+00 9.850440e-01
165 1.495600e-02 0.000000e+00 9.850440e-01
166 1.495600e-02 0.000000e+00 9.850440e-01
167 1.495600e-02 0.000000e+00 9.850440e-01
168 1.495600e-02 0.000000e+00 9.850440e-01
169 1.495600e-02 0.000000e+00 9.850440e-01
170 1.495600e-02 0.000000e+00 9.850440e-01
171 1.495600e-02 0.000000e+00 9.850440e-01
172 1.495600e-02 0.000000e+00 9.850440e-01
173 1.495600e-02 0.000000e+00 9.850440e-01
174 1.495600e-02 0.000000e+00 9.850440e-01
175 1.495600e-02 0.000000e+00 9.850440e-01
176 1.495600e-02 0.000000e+00 9.850440e-01
177 1.495600e-02 0.000000e+00 9.850440e-01
178 1.495600e-02 0.000000e+00 9.850440e-01
179 1.495600e-02 0.000000e+00 9.850440e-01
180 1.495600e-02 0.000000e+00 9.850440e-01
181 1.495600e-02 0.000000e+00 9.850440e-01
182 1.495600e-02 0.000000e+00 9.850440e-01
183 1.495600e-02 0.000000e+00 9.850440e-01
184 1.495600e-02 0.000000e+00 9.850440e-01
185 1.495600e-02 0.000000e+00 9.850440e-01
186 1.495600e-02 0.000000e+00 9.850440e-01
187 1.495600e-02 0.000000e+00 9.850440e-01
188 1.495600e-02 0.000000e+00 9.850440e-01
189 1.495600e-02 0.000000e+00 9.850440e-01
190 1.495600e-02 0.000000e+00 9.850440e-01
191 1.495600e-02 0.000000e+00 9.850440e-01
192 1.495600e-02 0.000000e+00 9.850440e-01
193 1.495600e-02 0.000000e+00 9.850440e-01
194 1.495600e-02 0.000000e+00 9.850440e-01
195 1.495600e-02 0.000000e+00 9.850440e-01
196 1.495600e-02 0.000000e+00 9.850440e-01
197 1.495600e-02 0.000000e+00 9.850440e-01
198 1.495600e-02 0.000000e+00 9.850440e-01
199 1.495600e-02 0.000000e+00 9.850440e-01
200 1.495600e-02 0.000000e+00 9.850440e-01
201 1.495600e-02 0.000000e+00 9.850440e-01
202 1.495600e-02 0.000000e+00 9.850440e-01
203 1.495600e-02 0.000000e+00 9.850440e-01
204 1.495600e-02 0.000000e+00 9.850440e-01
205 1.495600e-02 0.000000e+00 9.850440e-01
206 1.495600e-02 0.000000e+00 9.850440e-01
207 1.495600e-02 0.000000e+00 9.850440e-01
208 1.495600e-02 0.000000e+00 9.850440e-01
209 1.495600e-02 0.000000e+00 9.850440e-01
210 1.495600e-02 0.000000e+00 9.850440e-01
211 1.495600e-02 0.000000e+00 9.850440e-01
212 1.495600e-02 0.000000e+00 9.850440e-01
213 1.495600e-02 0.000000e+00 9.850440e-01
214 1.495600e-02 0.000000e+00 9.850440e-01
215 1.495600e-02 0.000000e+00 9.850440e-01
216 1.495600e-02 0.000000e+00 9.850440e-01
217 1.495600e-02 0.000000e+00 9.850440e-01
218 1.495600e-02 0.000000e+00 9.850440e-01
219 1.495600e-02 0.000000e+00 9.850440e-01
220 1.495600e-02 0.000000e+00 9.850440e-01
221 1.495600e-02 0.000000e+00 9.850440e-01
222 1.495600e-02 0.000000e+00 9.850440e-01
223 1.495600e-02 0.000000e+00 9.850440e-01
224 1.495600e-02 0.000000e+00 9.850440e-01
225 1.495600e-02 0.000000e+00 9.850440e-01
226 1.495600e-02 0.000000e+00 9.850440e-01
227 1.495600e-02 0.000000e+00 9.850440e-01
228 1.495600e-02 0.000000e+00 9.850440e-01
229 1.495600e-02 0.000000e+00 9.850440e-01
230 1.495600e-02 0.000000e+00 9.850440e-01
231 1.495600e-02 0.000000e+00 9.850440e-01
232 1.495600e-02 0.000000e+00 9.850440e-01
233 1.495600e-02 0.000000e+00 9.850440e-01
234 1.495600e-02 0.000000e+00 9.850440e-01
235 1.495600e-02 0.000000e+00 9.850440e-01
236 1.495600e-02 0.000000e+00 9.850440e-01
237 1.495600e-02 0.000000e+00 9.850440e-01
238 1.495600e-02 0.000000e+00 9.850440e-01
239 1.495600e-02 0.000000e+00 9.850440e-01
240 1.495600e-02 0.000000e+00 9.850440e-01
241 1.495600e-02 0.000000e+00 9.850440e-01
242 1.495600e-02 0.000000e+00 9.850440e-01
243 1.495600e-02 0.000000e+00 9.850440e-01
244 1.495600e-02 0.000000e+00 9.850440e-01
245 1.495600e-02 0.000000e+00 9.850440e-01
246 1.495600e-02 0.000000e+00 9.850440e-01
247 1.495600e-02 0.000000e+00 9.850440e-01
248 1.495600e-02 0.000000e+00 9.850440e-01
249 1.495600e-02 0.000000e+00 9.850440e-01
250 1.495600e-02 0.000000e+00 9.850440e-01
251 1.495600e-02 0.000000e+00 9.850440e-01
252 1.495600e-02 0.000000e+00 9.850440e-01
253 1.495600e-02 0.000000e+00 9.850440e-01
254 1.495600e-02 0.000000e+00 9.850440e-01
255 1.495600e-02 0.000000e+00 9.850440e-01
256 1.495600e-02 0.000000e+00 9.850440e-01
257 1.495600e-02 0.000000e+00 9.850440e-01
258 1.495600e-02 0.000000e+00 9.850440e-01
259 1.495600e-02 0.000000e+00 9.850440e-01
260 1.495600e-02 0.000000e+00 9.850440e-01
261 1.495600e-02 0.000000e+00 9.850440e-01
262 1.495600e-02 0.000000e+00 9.850440e-01
263 1.495600e-02 0.000000e+00 9.850440e-01
264 1.495600e-02 0.000000e+00 9.850440e-01
265 1.495600e-02 0.000000e+00 9.850440e-01
266 1.495600e-02 0.000000e+00 9.850440e-01
267 1.495600e-02 0.000000e+00 9.850440e-01
268 1.495600e-02 0.000000e+00 9.850440e-01
269 1.495600e-02 0.000000e+00 9.850440e-01
270 1.495600e-02 0.000000e+00 9.850440e-01
271 1.495600e-02 0.000000e+00 9.850440e-01
272 1.495600e-02 0.000000e+00 9.850440e-01
273 1.495600e-02 0.000000e+00 9.850440e-01
274 1.495600e-02 0.000000e+00 9.850440e-01
275 1.495600e-02 0.000000e+00 9.850440e-01
276 1.495600e-02 0.000000e+00 9.850440e-01
277 1.495600e-02 0.000000e+00 9.850440e-01
278 1.495600e-02 0.000000e+00 9.850440e-01
279 1.495600e-02 0.000000e+00 9.850440e-01
280 1.495600e-02 0.000000e+00 9.850440e-01
281 1.495600e-02 0.000000e+00 9.850440e-01
282 1.495600e-02 0.000000e+00 9.850440e-01
283 1.495600e-02 0.000000e+00 9.850440e-01
284 1.495600e-02 0.000000e+00 9.850440e-01
285 1.495600e-02 0.000000e+00 9.850440e-01
286 1.495600e-02 0.000000e+00 9.850440e-01
287 1.495600e-02 0.000000e+00 9.850440e-01
288 1.495600e-02 0.000000e+00 9.850440e-01
289 1.495600e-02 0.000000e+00 9.850440e-01
290 1.495600e-02 0.000000e+00 9.850440e-01
291 1.495600e-02 0.000000e+00 9.850440e-01
292 1.495600e-02 0.000000e+00 9.850440e-01
293 1.495600e-02 0.000000e+00 9.850440e-01
294 1.495600e-02 0.000000e+00 9.850440e-01
295 1.495600e-02 0.000000e+00 9.850440e-01
296 1.495600e-02 0.000000e+00 9.850440e-01
297 1.495600e-02 0.000000e+00 9.850440e-01
298 1.495600e-02 0.000000e+00 9.850440e-01
299 1.495600e-02 0.000000e+00 9.850440e-01
300 1.495600e-02 0.000000e+00 9.850440e-01
301 1.495600e-02 0.000000e+00 9.850440e-01
302 1.495600e-02 0.000000e+00 9.850440e-01
303 1.495600e-02 0.000000e+00 9.850440e-01
304 1.495600e-02 0.000000e+00 9.850440e-01
305 1.495600e-02 0.000000e+00 9.850440e-01
306 1.495600e-02 0.000000e+00 9.850440e-01
307 1.495600e-02 0.000000e+00 9.850440e-01
308 1.495600e-02 0.000000e+00 9.850440e-01
309 1.495600e-02 0.000000e+00 9.850440e-01
310 1.495600e-02 0.000000e+00 9.850440e-01
311 1.495600e-02 0.000000e+00 9.850440e-01
312 1.495600e-02 0.000000e+00 9.850440e-01
313 1.495600e-02 0.000000e+00 9.850440e-01
314 1.495600e-02 0.000000e+00 9.850440e-01
315 1.495600e-02 0.000000e+00 9.850440e-01
316 1.495600e-02 0.000000e+00 9.850440e-01
317 1.495600e-02 0.000000e+00 9.850440e-01
318 1.495600e-02 0.000000e+00 9.850440e-01
319 1.495600e-02 0.000000e+00 9.850440e-01
320 1.495600e-02 0.000000e+00 9.850440e-01
321 1.495600e-02 0.000000e+00 9.850440e-01
322 1.495600e-02 0.000000e+00 9.850440e-01
323 1.495600e-02 0.000000e+00 9.850440e-01
324 1.495600e-02 0.000000e+00 9.850440e-01
325 1.495600e-02 0.000000e+00 9.850440e-01
326 1.495600e-02 0.000000e+00 9.850440e-01
327 1.495600e-02 0.000000e+00 9.850440e-01
328 1.495600e-02 0.000000e+00 9.850440e-01
329 1.495600e-02 0.000000e+00 9.850440e-01
330 1.495600e-02 0.000000e+00 9.850440e-01
331 1.495600e-02 0.000000e+00 9.850440e-01
332 1.495600e-02 0.000000e+00 9.850440e-01
333 1.495600e-02 0.000000e+00 9.850440e-01
334 1.495600e-02 0.000000e+00 9.850440e-01
335 1.495600e-02 0.000000e+00 9.850440e-01
336 1.495600e-02 0.000000e+00 9.850440e-01
337 1.495600e-02 0.000000e+00 9.850440e-01
338 1.495600e-02 0.000000e+00 9.850440e-01
339 1.495600e-02 0.000000e+00 9.850440e-01
340 1.495600e-02 0.000000e+00 9.850440e-01
341 1.495600e-02 0.000000e+00 9.850440e-01
342 1.495600e-02 0.000000e+00 9.850440e-01
343 1.495600e-02 0.000000e+00 9.850440e-01
344 1.495600e-02 0.000000e+00 9.850440e-01
345 1.495600e-02 0.000000e+00 9.850440e-01
346 1.495600e-02 0.000000e+00 9.850440e-01
347 1.495600e-02 0.000000e+00 9.850440e-01
348 1.495600e-02 0.000000e+00 9.850440e-01
349 1.495600e-02 0.000000e+00 9.850440e-01
350 1.495600e-02 0.000000e+00 9.850440e-01
351 1.495600e-02 0.000000e+00 9.850440e-01
352 1.495600e-02 0.000000e+00 9.850440e-01
353 1.495600e-02 0.000000e+00 9.850440e-01
354 1.495600e-02 0.000000e+00 9.850440e-01
355 1.495600e-02 0.000000e+00 9.850440e-01
356 1.495600e-02 0.000000e+00 9.850440e-01
357 1.495600e-02 0.000000e+00 9.850440e-01
358 1.495600e-02 0.000000e+00 9.850440e-01
359 1.495600e-02 0.000000e+00 9.850440e-01
360 1.495600e-02 0.000000e+00 9.850440e-01
361 1.495600e-02 0.000000e+00 9.850440e-01
362 1.495600e-02 0.000000e+00 9.850440e-01
363 1.495600e-02 0.000000e+00 9.850440e-01
364 1.495600e-02 0.000000e+00 9.850440e-01
365 1.495600e-02 0.000000e+00 9.850440e-01
366 1.495600e-02 0.000000e+00 9.850440e-01
367 1.495600e-02 0.000000e+00 9.850440e-01
368 1.495600e-02 0.000000e+00 9.850440e-01
369 1.495600e-02 0.000000e+00 9.850440e-01
370 1.495600e-02 0.000000e+00 9.850440e-01
371 1.495600e-02 0.000000e+00 9.850440e-01
372 1.495600e-02 0.000000e+00 9.850440e-01
373 1.495600e-02 0.000000e+00 9.850440e-01
374 1.495600e-02 0.000000e+00 9.850440e-01
375 1.495600e-02 0.000000e+00 9.850440e-01
376 1.495600e-02 0.000000e+00 9.850440e-01
377 1.495600e-02 0.000000e+00 9.850440e-01
378 1.495600e-02 0.000000e+00 9.850440e-01
379 1.495600e-02 0.000000e+00 9.850440e-01
380 1.495600e-02 0.000000e+00 9.850440e-01
381 1.495600e-02 0.000000e+00 9.850440e-01
382 1.495600e-02 0.000000e+00 9.850440e-01
383 1.495600e-02 0.000000e+00 9.850440e-01
384 1.495600e-02 0.000000e+00 9.850440e-01
385 1.495600e-02 0.000000e+00 9.850440e-01
386 1.495600e-02 0.000000e+00 9.850440e-01
387 1.495600e-02 0.000000e+00 9.850440e-01
388 1.495600e-02 0.000000e+00 9.850440e-01
389 1.495600e-02 0.000000e+00 9.850440e-01
390 1.495600e-02 0.000000e+00 9.850440e-01
391 1.495600e-02 0.000000e+00 9.850440e-01
392 1.495600e-02 0.000000e+00 9.850440e-01
393 1.495600e-02 0.000000e+00 9.850440e-01
394 1.495600e-02 0.000000e+00 9.850440e-01
395 1.495600e-02 0.000000e+00 9.850440e-01
396 1.495600e-02 0.000000e+00 9.850440e-01
397 1.495600e-02 0.000000e+00 9.850440e-01
398 1.495600e-02 0.000000e+00 9.850440e-01
399 1.495600e-02 0.000000e+00 9.850440e-01
400 1.495600e-02 0.000000e+00 9.850440e-01
401 1.495600e-02 0.000000e+00 9.850440e-01
402 1.495600e-02 0.000000e+00 9.850440e-01
403 1.495600e-02 0.000000e+00 9.850440e-01
404 1.495600e-02 0.000000e+00 9.850440e-01
405 1.495600e-02 0.000000e+00 9.850440e-01
406 1.495600e-02 0.000000e+00 9.850440e-01
407 1.495600e-02 0.000000e+00 9.850440e-01
408 1.495600e-02 0.000000e+00 9.850440e-01
409 1.495600e-02 0.000000e+00 9.850440e-01
410 1.495600e-02 0.000000e+00 9.850440e-01
411 1.495600e-02 0.000000e+00 9.850440e-01
412 1.495600e-02 0.000000e+00 9.850440e-01
413 1.495600e-02 0.000000e+00 9.850440e-01
414 1.495600e-02 0.000000e+00 9.850440e-01
415 1.495600e-02 0.000000e+00 9.850440e-01
416 1.495600e-02 0.000000e+00 9.850440e-01
417 1.495600e-02 0.000000e+00 9.850440e-01
418 1.495600e-02 0.000000e+00 9.850440e-01
419 1.495600e-02 0.000000e+00 9.850440e-01
420 1.495600e-02 0.000000e+00 9.850440e-01
421 1.495600e-02 0.000000e+00 9.850440e-01
422 1.495600e-02 0.000000e+00 9.850440e-01
423 1.495600e-02 0.000000e+00 9.850440e-01
424 1.495600e-02 0.000000e+00 9.850440e-01
425 1.495600e-02 0.000000e+00 9.850440e-01
426 1.495600e-02 0.000000e+00 9.850440e-01
427 1.495600e-02 0.000000e+00 9.850440e-01
428 1.495600e-02 0.000000e+00 9.850440e-01
429 1.495600e-02 0.000000e+00 9.850440e-01
430 1.495600e-02 0.000000e+00 9.850440e-01
431 1.495600e-02 0.000000e+00 9.850440e-01
432 1.495600e-02 0.000000e+00 9.850440e-01
433 1.495600e-02 0.000000e+00 9.850440e-01
434 1.495600e-02 0.000000e+00 9.850440e-01
435 1.495600e-02 0.000000e+00 9.850440e-01
436 1.495600e-02 0.000000e+00 9.850440e-01
437 1.495600e-02 0.000000e+00 9.850440e-01
438 1.495600e-02 0.000000e+00 9.850440e-01
439 1.495600e-02 0.000000e+00 9.850440e-01
440 1.495600e-02 0.000000e+00 9.850440e-01
441 1.495600e-02 0.000000e+00 9.850440e-01
442 1.495600e-02 0.000000e+00 9.850440e-01
443 1.495600e-02 0.000000e+00 9.850440e-01
444 1.495600e-02 0.000000e+00 9.850440e-01
445 1.495600e-02 0.000000e+00 9.850440e-01
446 1.495600e-02 0.000000e+00 9.850440e-01
447 1.495600e-02 0.000000e+00 9.850440e-01
448 1.495600e-02 0.000000e+00 9.850440e-01
449 1.495600e-02 0.000000e+00 9.850440e-01
450 1.495600e-02 0.000000e+00 9.850440e-01
451 1.495600e-02 0.000000e+00 9.850440e-01
452 1.495600e-02 0.000000e+00 9.850440e-01
453 1.495600e-02 0.000000e+00 9.850440e-01
454 1.495600e-02 0.000000e+00 9.850440e-01
455 1.495600e-02 0.000000e+00 9.850440e-01
456 1.495600e-02 0.000000e+00 9.850440e-01
457 1.495600e-02 0.000000e+00 9.850440e-01
458 1.495600e-02 0.000000e+00 9.850440e-01
459 1.495600e-02 0.000000e+00 9.850440e-01
460 1.495600e-02 0.000000e+00 9.850440e-01
461 1.495600e-02 0.000000e+00 9.850440e-01
462 1.495600e-02 0.000000e+00 9.850440e-01
463 1.495600e-02 0.000000e+00 9.850440e-01
464 1.495600e-02 0.000000e+00 9.850440e-01
465 1.495600e-02 0.000000e+00 9.850440e-01
466 1.495600e-02 0.000000e+00 9.850440e-01
467 1.495600e-02 0.000000e+00 9.850440e-01
468 1.495600e-02 0.000000e+00 9.850440e-01
469 1.495600e-02 0.000000e+00 9.850440e-01
470 1.495600e-02 0.000000e+00 9.850440e-01
471 1.495600e-02 0.000000e+00 9.850440e-01
472 1.495600e-02 0.000000e+00 9.850440e-01
473 1.495600e-02 0.000000e+00 9.850440e-01
474 1.495600e-02 0.000000e+00 9.850440e-01
475 1.495600e-02 0.000000e+00 9.850440e-01
476 1.495600e-02 0.000000e+00 9.850440e-01
477 1.495600e-02 0.000000e+00 9.850440e-01
478 1.495600e-02 0.000000e+00 9.850440e-01
479 1.495600e-02 0.000000e+00 9.850440e-01
480 1.495600e-02 0.000000e+00 9.850440e-01
481 1.495600e-02 0.000000e+00 9.850440e-01
482 1.495600e-02 0.000000e+00 9.850440e-01
483 1.495600e-02 0.000000e+00 9.850440e-01
484 1.495600e-02 0.000000e+00 9.850440e-01
485 1.495600e-02 0.000000e+00 9.850440e-01
486 1.495600e-02 0.000000e+00 9.850440e-01
487 1.495600e-02 0.000000e+00 9.850440e-01
488 1.495600e-02 0.000000e+00 9.850440e-01
489 1.495600e-02 0.000000e+00 9.850440e-01
490 1.495600e-02 0.000000e+00 9.850440e-01
491 1.495600e-02 0.000000e+00 9.850440e-01
492 1.495600e-02 0.000000e+00 9.850440e-01
493 1.495600e-02 0.000000e+00 9.850440e-01
494 1.495600e-02 0.000000e+00 9.850440e-01
495 1.495600e-02 0.000000e+00 9.850440e-01
496 1.495600e-02 0.000000e+00 9.850440e-01
497 1.495600e-02 0.000000e+00 9.850440e-01
498 1.495600e-02 0.000000e+00 9.850440e-01
499 1.495600e-02 0.000000e+00 9.850440e-01
500 1.495600e-02 0.000000e+00 9.850440e-01
