0 9999 1 0
1 9971 3 26
2 9937 3 60
3 9910 6 84
4 9876 8 116
5 9844 10 146
6 9814 15 171
7 9786 22 192
8 9753 28 219
9 9715 35 250
10 9677 40 283
11 9643 51 306
12 9612 58 330
13 9586 69 345
14 9545 90 365
15 9514 100 386
16 9474 113 413
17 9445 122 433
18 9397 147 456
19 9353 160 487
20 9313 170 517
21 9278 180 542
22 9228 199 573
23 9189 217 594
24 9143 240 617
25 9102 262 636
26 9035 295 670
27 8984 318 698
28 8942 339 719
29 8899 354 747
30 8849 377 774
31 8805 401 794
32 8760 425 815
33 8713 452 835
34 8667 477 856
35 8631 497 872
36 8586 517 897
37 8535 549 916
38 8490 574 936
39 8436 606 958
40 8377 640 983
41 8320 674 1006
42 8258 714 1028
43 8207 750 1043
44 8146 789 1065
45 8096 821 1083
46 8045 855 1100
47 8006 874 1120
48 7957 909 1134
49 7911 934 1155
50 7864 961 1175
51 7808 987 1205
52 7747 1031 1222
53 7683 1077 1240
54 7631 1114 1255
55 7565 1159 1276
56 7510 1191 1299
57 7454 1229 1317
58 7398 1265 1337
59 7332 1317 1351
60 7269 1367 1364
61 7218 1405 1377
62 7158 1446 1396
63 7117 1473 1410
64 7046 1526 1428
65 6978 1579 1443
66 6921 1623 1456
67 6842 1681 1477
68 6786 1718 1496
69 6697 1782 1521
70 6630 1835 1535
71 6574 1874 1552
72 6508 1925 1567
73 6445 1966 1589
74 6375 2031 1594
75 6315 2079 1606
76 6243 2137 1620
77 6184 2178 1638
78 6118 2227 1655
79 6059 2275 1666
80 5995 2326 1679
81 5922 2374 1704
82 5865 2418 1717
83 5790 2474 1736
84 5729 2523 1748
85 5657 2579 1764
86 5582 2639 1779
87 5507 2696 1797
88 5441 2754 1805
89 5379 2805 1816
90 5307 2862 1831
91 5231 2927 1842
92 5167 2979 1854
93 5105 3036 1859
94 5024 3102 1874
95 4957 3156 1887
96 4885 3213 1902
97 4818 3268 1914
98 4746 3331 1923
99 4677 3387 1936
100 4604 3446 1950
101 4529 3505 1966
102 4468 3552 1980
103 4402 3603 1995
104 4335 3660 2005
105 4265 3716 2019
106 4184 3782 2034
107 4106 3848 2046
108 4041 3903 2056
109 3983 3949 2068
110 3918 4002 2080
111 3854 4061 2085
112 3789 4101 2110
113 3732 4147 2121
114 3654 4216 2130
115 3587 4279 2134
116 3518 4334 2148
117 3457 4384 2159
118 3392 4436 2172
119 3319 4498 2183
120 3251 4560 2189
121 3176 4624 2200
122 3123 4672 2205
123 3076 4713 2211
124 3010 4773 2217
125 2938 4833 2229
126 2883 4884 2233
127 2824 4937 2239
128 2771 4984 2245
129 2714 5028 2258
130 2665 5073 2262
131 2603 5132 2265
132 2561 5169 2270
133 2519 5206 2275
134 2470 5249 2281
135 2416 5296 2288
136 2376 5330 2294
137 2315 5379 2306
138 2264 5424 2312
139 2212 5468 2320
140 2145 5527 2328
141 2086 5583 2331
142 2038 5628 2334
143 1985 5676 2339
144 1937 5720 2343
145 1887 5769 2344
146 1831 5820 2349
147 1789 5859 2352
148 1738 5908 2354
149 1683 5957 2360
150 1642 5994 2364
151 1598 6036 2366
152 1553 6078 2369
153 1509 6119 2372
154 1470 6153 2377
155 1427 6194 2379
156 1399 6220 2381
157 1351 6263 2386
158 1325 6286 2389
159 1294 6314 2392
160 1261 6344 2395
161 1233 6370 2397
162 1205 6395 2400
163 1177 6417 2406
164 1137 6454 2409
165 1105 6484 2411
166 1075 6510 2415
167 1041 6542 2417
168 1000 6575 2425
169 977 6595 2428
170 956 6615 2429
171 927 6642 2431
172 901 6663 2436
173 876 6685 2439
174 853 6707 2440
175 831 6728 2441
176 812 6745 2443
177 790 6765 2445
178 768 6785 2447
179 756 6794 2450
180 739 6810 2451
181 726 6821 2453
182 715 6827 2458
183 698 6840 2462
184 690 6848 2462
185 674 6862 2464
186 660 6874 2466
187 642 6890 2468
188 631 6900 2469
189 619 6912 2469
190 610 6919 2471
191 595 6933 2472
192 581 6944 2475
193 564 6956 2480
194 555 6963 2482
195 544 6972 2484
196 538 6978 2484
197 525 6988 2487
198 523 6989 2488
199 513 6998 2489
200 507 7003 2490
201 499 7010 2491
202 491 7015 2494
203 481 7023 2496
204 473 7028 2499
205 468 7032 2500
206 461 7039 2500
207 455 7043 2502
208 451 7046 2503
209 445 7052 2503
210 436 7058 2506
211 427 7062 2511
212 423 7065 2512
213 418 7070 2512
214 413 7074 2513
215 403 7084 2513
216 398 7087 2515
217 393 7092 2515
218 385 7096 2519
219 382 7098 2520
220 377 7103 2520
221 368 7110 2522
222 364 7114 2522
223 356 7121 2523
224 350 7125 2525
225 349 7126 2525
226 343 7131 2526
227 334 7139 2527
228 329 7144 2527
229 324 7148 2528
230 321 7151 2528
231 319 7153 2528
232 316 7155 2529
233 313 7158 2529
234 311 7160 2529
235 306 7164 2530
236 305 7165 2530
237 301 7169 2530
238 299 7170 2531
239 298 7171 2531
240 296 7172 2532
241 290 7178 2532
242 288 7178 2534
243 284 7181 2535
244 282 7182 2536
245 281 7183 2536
246 281 7183 2536
247 280 7184 2536
248 280 7184 2536
249 277 7186 2537
250 274 7188 2538
251 272 7190 2538
252 269 7192 2539
253 264 7194 2542
254 262 7195 2543
255 260 7197 2543
256 258 7199 2543
257 254 7202 2544
258 250 7204 2546
259 238 7214 2548
260 236 7216 2548
261 231 7221 2548
262 227 7223 2550
263 225 7225 2550
264 221 7229 2550
265 216 7232 2552
266 209 7238 2553
267 201 7245 2554
268 197 7247 2556
269 193 7251 2556
270 192 7252 2556
271 190 7253 2557
272 190 7253 2557
273 189 7254 2557
274 188 7254 2558
275 187 7255 2558
276 185 7257 2558
277 185 7257 2558
278 184 7257 2559
279 181 7258 2561
280 179 7259 2562
281 179 7259 2562
282 177 7259 2564
283 176 7260 2564
284 174 7262 2564
285 173 7263 2564
286 172 7263 2565
287 171 7263 2566
288 167 7266 2567
289 167 7266 2567
290 166 7266 2568
291 166 7266 2568
292 164 7267 2569
293 163 7267 2570
294 160 7267 2573
295 160 7267 2573
296 160 7267 2573
297 160 7267 2573
298 160 7267 2573
299 160 7267 2573
300 159 7267 2574
301 159 7267 2574
302 159 7267 2574
303 158 7267 2575
304 155 7267 2578
305 154 7267 2579
306 154 7267 2579
307 153 7267 2580
308 152 7267 2581
309 152 7267 2581
310 152 7267 2581
311 150 7267 2583
312 150 7267 2583
313 150 7267 2583
314 149 7267 2584
315 149 7267 2584
316 148 7267 2585
317 148 7267 2585
318 148 7267 2585
319 148 7267 2585
320 148 7267 2585
321 148 7267 2585
322 148 7267 2585
323 147 7267 2586
324 147 7267 2586
325 147 7267 2586
326 147 7267 2586
327 146 7267 2587
328 145 7267 2588
329 144 7267 2589
330 144 7267 2589
331 144 7267 2589
332 144 7267 2589
333 144 7267 2589
334 144 7267 2589
335 144 7267 2589
336 144 7267 2589
337 144 7267 2589
338 143 7267 2590
339 143 7267 2590
340 143 7267 2590
341 143 7267 2590
342 143 7267 2590
343 142 7267 2591
344 141 7267 2592
345 140 7267 2593
346 139 7267 2594
347 139 7267 2594
348 139 7267 2594
349 139 7267 2594
350 139 7267 2594
351 139 7267 2594
352 138 7267 2595
353 138 7267 2595
354 138 7267 2595
355 138 7267 2595
356 138 7267 2595
357 138 7267 2595
358 138 7267 2595
359 137 7267 2596
360 137 7267 2596
361 137 7267 2596
362 136 7267 2597
363 136 7267 2597
364 136 7267 2597
365 136 7267 2597
366 136 7267 2597
367 136 7267 2597
368 135 7267 2598
369 134 7267 2599
370 134 7267 2599
371 134 7267 2599
372 134 7267 2599
373 130 7267 2603
374 130 7267 2603
375 129 7267 2604
376 129 7267 2604
377 129 7267 2604
378 129 7267 2604
379 128 7267 2605
380 128 7267 2605
381 128 7267 2605
382 128 7267 2605
383 128 7267 2605
384 128 7267 2605
385 128 7267 2605
386 128 7267 2605
387 128 7267 2605
388 128 7267 2605
389 128 7267 2605
390 127 7267 2606
391 126 7267 2607
392 125 7267 2608
393 125 7267 2608
394 124 7267 2609
395 124 7267 2609
396 123 7267 2610
397 123 7267 2610
398 123 7267 2610
399 123 7267 2610
400 122 7267 2611
401 121 7267 2612
402 121 7267 2612
403 121 7267 2612
404 120 7267 2613
405 120 7267 2613
406 120 7267 2613
407 120 7267 2613
408 120 7267 2613
409 120 7267 2613
410 120 7267 2613
411 120 7267 2613
412 117 7267 2616
413 116 7267 2617
414 116 7267 2617
415 116 7267 2617
416 116 7267 2617
417 116 7267 2617
418 115 7267 2618
419 114 7267 2619
420 114 7267 2619
421 114 7267 2619
422 113 7267 2620
423 113 7267 2620
424 113 7267 2620
425 112 7267 2621
426 112 7267 2621
427 112 7267 2621
428 112 7267 2621
429 112 7267 2621
430 112 7267 2621
431 112 7267 2621
432 112 7267 2621
433 112 7267 2621
434 112 7267 2621
435 112 7267 2621
436 111 7267 2622
437 111 7267 2622
438 111 7267 2622
439 111 7267 2622
440 111 7267 2622
441 111 7267 2622
442 111 7267 2622
443 111 7267 2622
444 110 7267 2623
445 110 7267 2623
446 110 7267 2623
447 110 7267 2623
448 110 7267 2623
449 110 7267 2623
450 108 7267 2625
451 108 7267 2625
452 108 7267 2625
453 108 7267 2625
454 108 7267 2625
455 108 7267 2625
456 108 7267 2625
457 108 7267 2625
458 108 7267 2625
459 108 7267 2625
460 108 7267 2625
461 108 7267 2625
462 108 7267 2625
463 108 7267 2625
464 107 7267 2626
465 107 7267 2626
466 107 7267 2626
467 107 7267 2626
468 107 7267 2626
469 107 7267 2626
470 107 7267 2626
471 107 7267 2626
472 107 7267 2626
473 105 7267 2628
474 105 7267 2628
475 105 7267 2628
476 104 7267 2629
477 104 7267 2629
478 103 7267 2630
479 103 7267 2630
480 103 7267 2630
481 103 7267 2630
482 103 7267 2630
483 103 7267 2630
484 103 7267 2630
485 103 7267 2630
486 103 7267 2630
487 103 7267 2630
488 103 7267 2630
489 103 7267 2630
490 103 7267 2630
491 103 7267 2630
492 103 7267 2630
493 103 7267 2630
494 103 7267 2630
495 102 7267 2631
496 102 7267 2631
497 102 7267 2631
498 102 7267 2631
499 102 7267 2631
500 101 7267 2632
501 101 7267 2632
502 101 7267 2632
503 101 7267 2632
504 101 7267 2632
505 100 7267 2633
506 100 7267 2633
507 100 7267 2633
508 100 7267 2633
509 99 7267 2634
510 99 7267 2634
511 99 7267 2634
512 99 7267 2634
513 99 7267 2634
514 99 7267 2634
515 99 7267 2634
516 99 7267 2634
517 99 7267 2634
518 99 7267 2634
519 99 7267 2634
520 98 7267 2635
521 97 7267 2636
522 97 7267 2636
523 97 7267 2636
524 97 7267 2636
525 97 7267 2636
526 97 7267 2636
527 97 7267 2636
528 96 7267 2637
529 96 7267 2637
530 96 7267 2637
531 96 7267 2637
532 96 7267 2637
533 96 7267 2637
534 95 7267 2638
535 95 7267 2638
536 94 7267 2639
537 93 7267 2640
538 93 7267 2640
539 93 7267 2640
540 93 7267 2640
541 93 7267 2640
542 92 7267 2641
543 92 7267 2641
544 92 7267 2641
545 92 7267 2641
546 91 7267 2642
547 91 7267 2642
548 91 7267 2642
549 91 7267 2642
550 91 7267 2642
551 91 7267 2642
552 91 7267 2642
553 91 7267 2642
554 91 7267 2642
555 91 7267 2642
556 91 7267 2642
557 91 7267 2642
558 91 7267 2642
559 91 7267 2642
560 91 7267 2642
561 91 7267 2642
562 91 7267 2642
563 91 7267 2642
564 90 7267 2643
565 90 7267 2643
566 89 7267 2644
567 89 7267 2644
568 87 7267 2646
569 87 7267 2646
570 87 7267 2646
571 86 7267 2647
572 86 7267 2647
573 85 7267 2648
574 85 7267 2648
575 84 7267 2649
576 84 7267 2649
577 84 7267 2649
578 84 7267 2649
579 84 7267 2649
580 84 7267 2649
581 83 7267 2650
582 83 7267 2650
583 83 7267 2650
584 82 7267 2651
585 81 7267 2652
586 81 7267 2652
587 81 7267 2652
588 81 7267 2652
589 81 7267 2652
590 81 7267 2652
591 81 7267 2652
592 81 7267 2652
593 81 7267 2652
594 81 7267 2652
595 81 7267 2652
596 81 7267 2652
597 81 7267 2652
598 81 7267 2652
599 81 7267 2652
600 81 7267 2652
601 81 7267 2652
602 80 7267 2653
603 80 7267 2653
604 80 7267 2653
605 78 7267 2655
606 78 7267 2655
607 78 7267 2655
608 77 7267 2656
609 77 7267 2656
610 77 7267 2656
611 77 7267 2656
612 77 7267 2656
613 77 7267 2656
614 76 7267 2657
615 76 7267 2657
616 76 7267 2657
617 75 7267 2658
618 75 7267 2658
619 75 7267 2658
620 74 7267 2659
621 74 7267 2659
622 73 7267 2660
623 73 7267 2660
624 73 7267 2660
625 73 7267 2660
626 72 7267 2661
627 72 7267 2661
628 72 7267 2661
629 72 7267 2661
630 72 7267 2661
631 72 7267 2661
632 72 7267 2661
633 72 7267 2661
634 72 7267 2661
635 72 7267 2661
636 72 7267 2661
637 72 7267 2661
638 72 7267 2661
639 72 7267 2661
640 70 7267 2663
641 70 7267 2663
642 70 7267 2663
643 69 7267 2664
644 69 7267 2664
645 69 7267 2664
646 69 7267 2664
647 69 7267 2664
648 68 7267 2665
649 68 7267 2665
650 68 7267 2665
651 68 7267 2665
652 68 7267 2665
653 68 7267 2665
654 68 7267 2665
655 68 7267 2665
656 68 7267 2665
657 68 7267 2665
658 68 7267 2665
659 68 7267 2665
660 68 7267 2665
661 68 7267 2665
662 68 7267 2665
663 68 7267 2665
664 68 7267 2665
665 68 7267 2665
666 68 7267 2665
667 68 7267 2665
668 68 7267 2665
669 68 7267 2665
670 68 7267 2665
671 68 7267 2665
672 68 7267 2665
673 68 7267 2665
674 68 7267 2665
675 68 7267 2665
676 68 7267 2665
677 68 7267 2665
678 68 7267 2665
679 67 7267 2666
680 67 7267 2666
681 67 7267 2666
682 66 7267 2667
683 66 7267 2667
684 66 7267 2667
685 66 7267 2667
686 66 7267 2667
687 66 7267 2667
688 66 7267 2667
689 66 7267 2667
690 66 7267 2667
691 66 7267 2667
692 66 7267 2667
693 66 7267 2667
694 66 7267 2667
695 66 7267 2667
696 66 7267 2667
697 65 7267 2668
698 64 7267 2669
699 63 7267 2670
700 63 7267 2670
701 63 7267 2670
702 62 7267 2671
703 62 7267 2671
704 62 7267 2671
705 62 7267 2671
706 62 7267 2671
707 62 7267 2671
708 62 7267 2671
709 62 7267 2671
710 62 7267 2671
711 62 7267 2671
712 62 7267 2671
713 62 7267 2671
714 62 7267 2671
715 62 7267 2671
716 62 7267 2671
717 62 7267 2671
718 62 7267 2671
719 62 7267 2671
720 62 7267 2671
721 62 7267 2671
722 62 7267 2671
723 62 7267 2671
724 62 7267 2671
725 62 7267 2671
726 62 7267 2671
727 61 7267 2672
728 61 7267 2672
729 61 7267 2672
730 61 7267 2672
731 61 7267 2672
732 61 7267 2672
733 60 7267 2673
734 59 7267 2674
735 59 7267 2674
736 59 7267 2674
737 59 7267 2674
738 59 7267 2674
739 59 7267 2674
740 59 7267 2674
741 59 7267 2674
742 59 7267 2674
743 58 7267 2675
744 58 7267 2675
745 58 7267 2675
746 58 7267 2675
747 57 7267 2676
748 57 7267 2676
749 57 7267 2676
750 57 7267 2676
751 57 7267 2676
752 57 7267 2676
753 57 7267 2676
754 57 7267 2676
755 57 7267 2676
756 57 7267 2676
757 57 7267 2676
758 57 7267 2676
759 57 7267 2676
760 57 7267 2676
761 57 7267 2676
762 57 7267 2676
763 57 7267 2676
764 57 7267 2676
765 57 7267 2676
766 57 7267 2676
767 57 7267 2676
768 57 7267 2676
769 56 7267 2677
770 56 7267 2677
771 56 7267 2677
772 56 7267 2677
773 56 7267 2677
774 55 7267 2678
775 55 7267 2678
776 55 7267 2678
777 55 7267 2678
778 55 7267 2678
779 54 7267 2679
780 54 7267 2679
781 54 7267 2679
782 54 7267 2679
783 54 7267 2679
784 54 7267 2679
785 54 7267 2679
786 54 7267 2679
787 52 7267 2681
788 52 7267 2681
789 52 7267 2681
790 52 7267 2681
791 52 7267 2681
792 52 7267 2681
793 52 7267 2681
794 52 7267 2681
795 52 7267 2681
796 51 7267 2682
797 51 7267 2682
798 51 7267 2682
799 51 7267 2682
800 51 7267 2682
801 50 7267 2683
802 50 7267 2683
803 50 7267 2683
804 50 7267 2683
805 50 7267 2683
806 50 7267 2683
807 50 7267 2683
808 50 7267 2683
809 50 7267 2683
810 49 7267 2684
811 49 7267 2684
812 49 7267 2684
813 49 7267 2684
814 49 7267 2684
815 49 7267 2684
816 49 7267 2684
817 49 7267 2684
818 49 7267 2684
819 48 7267 2685
820 48 7267 2685
821 48 7267 2685
822 47 7267 2686
823 47 7267 2686
824 47 7267 2686
825 47 7267 2686
826 46 7267 2687
827 46 7267 2687
828 46 7267 2687
829 46 7267 2687
830 46 7267 2687
831 46 7267 2687
832 46 7267 2687
833 46 7267 2687
834 46 7267 2687
835 46 7267 2687
836 46 7267 2687
837 46 7267 2687
838 46 7267 2687
839 46 7267 2687
840 46 7267 2687
841 46 7267 2687
842 46 7267 2687
843 46 7267 2687
844 46 7267 2687
845 45 7267 2688
846 45 7267 2688
847 45 7267 2688
848 45 7267 2688
849 45 7267 2688
850 45 7267 2688
851 45 7267 2688
852 45 7267 2688
853 45 7267 2688
854 45 7267 2688
855 45 7267 2688
856 45 7267 2688
857 45 7267 2688
858 45 7267 2688
859 45 7267 2688
860 45 7267 2688
861 45 7267 2688
862 45 7267 2688
863 44 7267 2689
864 44 7267 2689
865 44 7267 2689
866 44 7267 2689
867 44 7267 2689
868 44 7267 2689
869 44 7267 2689
870 43 7267 2690
871 43 7267 2690
872 43 7267 2690
873 43 7267 2690
874 43 7267 2690
875 43 7267 2690
876 43 7267 2690
877 42 7267 2691
878 42 7267 2691
879 42 7267 2691
880 42 7267 2691
881 42 7267 2691
882 40 7267 2693
883 40 7267 2693
884 40 7267 2693
885 39 7267 2694
886 39 7267 2694
887 39 7267 2694
888 39 7267 2694
889 39 7267 2694
890 39 7267 2694
891 39 7267 2694
892 39 7267 2694
893 39 7267 2694
894 39 7267 2694
895 39 7267 2694
896 39 7267 2694
897 39 7267 2694
898 39 7267 2694
899 39 7267 2694
900 38 7267 2695
901 38 7267 2695
902 38 7267 2695
903 38 7267 2695
904 38 7267 2695
905 38 7267 2695
906 38 7267 2695
907 38 7267 2695
908 38 7267 2695
909 38 7267 2695
910 38 7267 2695
911 38 7267 2695
912 38 7267 2695
913 38 7267 2695
914 38 7267 2695
915 38 7267 2695
916 38 7267 2695
917 37 7267 2696
918 37 7267 2696
919 37 7267 2696
920 37 7267 2696
921 37 7267 2696
922 37 7267 2696
923 37 7267 2696
924 37 7267 2696
925 37 7267 2696
926 37 7267 2696
927 37 7267 2696
928 37 7267 2696
929 37 7267 2696
930 37 7267 2696
931 37 7267 2696
932 37 7267 2696
933 37 7267 2696
934 37 7267 2696
935 37 7267 2696
936 37 7267 2696
937 37 7267 2696
938 37 7267 2696
939 37 7267 2696
940 37 7267 2696
941 36 7267 2697
942 36 7267 2697
943 36 7267 2697
944 36 7267 2697
945 36 7267 2697
946 36 7267 2697
947 36 7267 2697
948 36 7267 2697
949 36 7267 2697
950 36 7267 2697
951 36 7267 2697
952 36 7267 2697
953 36 7267 2697
954 34 7267 2699
955 34 7267 2699
956 33 7267 2700
957 33 7267 2700
958 33 7267 2700
959 33 7267 2700
960 33 7267 2700
961 33 7267 2700
962 33 7267 2700
963 33 7267 2700
964 33 7267 2700
965 33 7267 2700
966 33 7267 2700
967 33 7267 2700
968 33 7267 2700
969 33 7267 2700
970 33 7267 2700
971 33 7267 2700
972 33 7267 2700
973 33 7267 2700
974 33 7267 2700
975 33 7267 2700
976 33 7267 2700
977 33 7267 2700
978 33 7267 2700
979 32 7267 2701
980 32 7267 2701
981 32 7267 2701
982 32 7267 2701
983 31 7267 2702
984 30 7267 2703
985 29 7267 2704
986 29 7267 2704
987 29 7267 2704
988 29 7267 2704
989 29 7267 2704
990 29 7267 2704
991 29 7267 2704
992 29 7267 2704
993 29 7267 2704
994 29 7267 2704
995 29 7267 2704
996 29 7267 2704
997 29 7267 2704
998 29 7267 2704
999 29 7267 2704
