0 9999 1 0
1 9969 1 30
2 9940 1 59
3 9912 1 87
4 9890 2 108
5 9864 3 133
6 9838 5 157
7 9817 8 175
8 9791 10 199
9 9766 12 222
10 9732 14 254
11 9714 18 268
12 9684 27 289
13 9654 30 316
14 9624 33 343
15 9595 38 367
16 9571 41 388
17 9534 50 416
18 9504 58 438
19 9477 65 458
20 9452 75 473
21 9413 79 508
22 9393 86 521
23 9360 91 549
24 9321 95 584
25 9286 112 602
26 9247 125 628
27 9209 140 651
28 9167 157 676
29 9137 170 693
30 9093 189 718
31 9049 212 739
32 9005 227 768
33 8958 254 788
34 8911 279 810
35 8877 297 826
36 8830 323 847
37 8780 351 869
38 8716 394 890
39 8668 423 909
40 8626 447 927
41 8577 479 944
42 8539 505 956
43 8488 535 977
44 8438 565 997
45 8376 605 1019
46 8329 638 1033
47 8273 679 1048
48 8211 718 1071
49 8161 753 1086
50 8102 795 1103
51 8039 834 1127
52 7986 871 1143
53 7925 919 1156
54 7856 968 1176
55 7800 1007 1193
56 7733 1052 1215
57 7654 1106 1240
58 7597 1146 1257
59 7536 1187 1277
60 7477 1229 1294
61 7425 1265 1310
62 7366 1307 1327
63 7317 1340 1343
64 7252 1380 1368
65 7199 1418 1383
66 7148 1454 1398
67 7075 1512 1413
68 7021 1550 1429
69 6954 1600 1446
70 6894 1643 1463
71 6814 1702 1484
72 6745 1750 1505
73 6673 1807 1520
74 6619 1850 1531
75 6539 1911 1550
76 6461 1973 1566
77 6387 2036 1577
78 6325 2082 1593
79 6245 2141 1614
80 6165 2206 1629
81 6088 2268 1644
82 6028 2311 1661
83 5953 2371 1676
84 5878 2426 1696
85 5806 2479 1715
86 5737 2535 1728
87 5670 2591 1739
88 5597 2646 1757
89 5538 2692 1770
90 5470 2752 1778
91 5389 2819 1792
92 5327 2873 1800
93 5268 2921 1811
94 5214 2966 1820
95 5159 3010 1831
96 5074 3076 1850
97 4992 3144 1864
98 4925 3198 1877
99 4857 3255 1888
100 4786 3311 1903
101 4711 3372 1917
102 4631 3441 1928
103 4535 3522 1943
104 4460 3583 1957
105 4402 3635 1963
106 4336 3692 1972
107 4257 3762 1981
108 4186 3821 1993
109 4124 3869 2007
110 4063 3919 2018
111 3977 3991 2032
112 3908 4046 2046
113 3847 4099 2054
114 3780 4157 2063
115 3724 4204 2072
116 3665 4256 2079
117 3615 4302 2083
118 3552 4351 2097
119 3496 4398 2106
120 3447 4442 2111
121 3395 4488 2117
122 3332 4546 2122
123 3267 4603 2130
124 3211 4649 2140
125 3147 4703 2150
126 3090 4751 2159
127 3022 4813 2165
128 2955 4872 2173
129 2900 4915 2185
130 2843 4967 2190
131 2777 5024 2199
132 2731 5063 2206
133 2671 5115 2214
134 2611 5169 2220
135 2556 5219 2225
136 2499 5265 2236
137 2458 5303 2239
138 2396 5358 2246
139 2339 5407 2254
140 2290 5447 2263
141 2251 5477 2272
142 2209 5515 2276
143 2165 5552 2283
144 2116 5598 2286
145 2055 5657 2288
146 2000 5704 2296
147 1944 5753 2303
148 1898 5796 2306
149 1853 5833 2314
150 1811 5871 2318
151 1767 5910 2323
152 1735 5938 2327
153 1689 5981 2330
154 1645 6017 2338
155 1609 6052 2339
156 1578 6078 2344
157 1538 6111 2351
158 1503 6139 2358
159 1464 6175 2361
160 1426 6213 2361
161 1383 6250 2367
162 1345 6285 2370
163 1316 6310 2374
164 1284 6338 2378
165 1262 6359 2379
166 1237 6383 2380
167 1211 6406 2383
168 1181 6435 2384
169 1153 6457 2390
170 1130 6475 2395
171 1108 6494 2398
172 1090 6509 2401
173 1063 6535 2402
174 1034 6562 2404
175 1002 6593 2405
176 981 6613 2406
177 951 6640 2409
178 923 6666 2411
179 903 6686 2411
180 877 6708 2415
181 853 6731 2416
182 828 6753 2419
183 806 6772 2422
184 789 6786 2425
185 769 6801 2430
186 754 6816 2430
187 725 6841 2434
188 707 6856 2437
189 689 6873 2438
190 670 6892 2438
191 647 6912 2441
192 627 6928 2445
193 602 6952 2446
194 590 6962 2448
195 574 6975 2451
196 553 6993 2454
197 542 7004 2454
198 532 7014 2454
199 516 7028 2456
200 504 7039 2457
201 490 7052 2458
202 475 7065 2460
203 466 7073 2461
204 449 7089 2462
205 431 7107 2462
206 418 7118 2464
207 405 7129 2466
208 396 7137 2467
209 382 7150 2468
210 368 7162 2470
211 354 7175 2471
212 345 7183 2472
213 335 7192 2473
214 324 7202 2474
215 315 7210 2475
216 308 7217 2475
217 300 7224 2476
218 299 7225 2476
219 293 7231 2476
220 287 7236 2477
221 275 7246 2479
222 264 7256 2480
223 263 7257 2480
224 254 7266 2480
225 247 7272 2481
226 241 7278 2481
227 228 7288 2484
228 217 7298 2485
229 212 7303 2485
230 207 7308 2485
231 203 7312 2485
232 199 7316 2485
233 196 7319 2485
234 194 7319 2487
235 191 7322 2487
236 190 7323 2487
237 186 7326 2488
238 182 7330 2488
239 181 7331 2488
240 180 7332 2488
241 179 7333 2488
242 178 7334 2488
243 173 7339 2488
244 173 7339 2488
245 173 7339 2488
246 172 7340 2488
247 172 7340 2488
248 172 7340 2488
249 171 7340 2489
250 171 7340 2489
251 170 7341 2489
252 169 7341 2490
253 168 7341 2491
254 167 7341 2492
255 166 7341 2493
256 166 7341 2493
257 166 7341 2493
258 166 7341 2493
259 163 7342 2495
260 163 7342 2495
261 160 7342 2498
262 160 7342 2498
263 159 7343 2498
264 158 7344 2498
265 158 7344 2498
266 156 7344 2500
267 154 7344 2502
268 154 7344 2502
269 154 7344 2502
270 154 7344 2502
271 154 7344 2502
272 153 7344 2503
273 153 7344 2503
274 153 7344 2503
275 153 7344 2503
276 153 7344 2503
277 153 7344 2503
278 152 7344 2504
279 152 7344 2504
280 152 7344 2504
281 152 7344 2504
282 152 7344 2504
283 151 7344 2505
284 150 7344 2506
285 150 7344 2506
286 150 7344 2506
287 150 7344 2506
288 149 7344 2507
289 149 7344 2507
290 148 7344 2508
291 147 7344 2509
292 147 7344 2509
293 146 7344 2510
294 146 7344 2510
295 146 7344 2510
296 146 7344 2510
297 144 7344 2512
298 143 7344 2513
299 143 7344 2513
300 142 7344 2514
301 141 7344 2515
302 141 7344 2515
303 139 7344 2517
304 139 7344 2517
305 138 7344 2518
306 138 7344 2518
307 138 7344 2518
308 138 7344 2518
309 138 7344 2518
310 138 7344 2518
311 138 7344 2518
312 138 7344 2518
313 138 7344 2518
314 137 7344 2519
315 137 7344 2519
316 136 7344 2520
317 135 7344 2521
318 134 7344 2522
319 132 7344 2524
320 132 7344 2524
321 130 7344 2526
322 129 7344 2527
323 129 7344 2527
324 129 7344 2527
325 129 7344 2527
326 128 7344 2528
327 127 7344 2529
328 126 7344 2530
329 126 7344 2530
330 126 7344 2530
331 126 7344 2530
332 126 7344 2530
333 126 7344 2530
334 126 7344 2530
335 126 7344 2530
336 126 7344 2530
337 125 7344 2531
338 125 7344 2531
339 125 7344 2531
340 125 7344 2531
341 125 7344 2531
342 123 7344 2533
343 123 7344 2533
344 123 7344 2533
345 122 7344 2534
346 122 7344 2534
347 122 7344 2534
348 122 7344 2534
349 122 7344 2534
350 122 7344 2534
351 121 7344 2535
352 121 7344 2535
353 120 7344 2536
354 120 7344 2536
355 119 7344 2537
356 117 7344 2539
357 117 7344 2539
358 117 7344 2539
359 116 7344 2540
360 116 7344 2540
361 116 7344 2540
362 116 7344 2540
363 116 7344 2540
364 115 7344 2541
365 115 7344 2541
366 114 7344 2542
367 114 7344 2542
368 112 7344 2544
369 112 7344 2544
370 112 7344 2544
371 111 7344 2545
372 110 7344 2546
373 109 7344 2547
374 108 7344 2548
375 108 7344 2548
376 107 7344 2549
377 107 7344 2549
378 107 7344 2549
379 107 7344 2549
380 107 7344 2549
381 106 7344 2550
382 106 7344 2550
383 105 7344 2551
384 104 7344 2552
385 104 7344 2552
386 102 7344 2554
387 102 7344 2554
388 102 7344 2554
389 102 7344 2554
390 102 7344 2554
391 102 7344 2554
392 102 7344 2554
393 101 7344 2555
394 100 7344 2556
395 99 7344 2557
396 98 7344 2558
397 98 7344 2558
398 98 7344 2558
399 98 7344 2558
400 98 7344 2558
401 98 7344 2558
402 98 7344 2558
403 98 7344 2558
404 97 7344 2559
405 97 7344 2559
406 97 7344 2559
407 97 7344 2559
408 97 7344 2559
409 97 7344 2559
410 97 7344 2559
411 97 7344 2559
412 97 7344 2559
413 97 7344 2559
414 97 7344 2559
415 97 7344 2559
416 97 7344 2559
417 96 7344 2560
418 96 7344 2560
419 96 7344 2560
420 95 7344 2561
421 95 7344 2561
422 94 7344 2562
423 94 7344 2562
424 94 7344 2562
425 94 7344 2562
426 94 7344 2562
427 94 7344 2562
428 94 7344 2562
429 94 7344 2562
430 94 7344 2562
431 94 7344 2562
432 94 7344 2562
433 94 7344 2562
434 94 7344 2562
435 94 7344 2562
436 93 7344 2563
437 92 7344 2564
438 92 7344 2564
439 92 7344 2564
440 91 7344 2565
441 90 7344 2566
442 90 7344 2566
443 89 7344 2567
444 89 7344 2567
445 88 7344 2568
446 88 7344 2568
447 88 7344 2568
448 88 7344 2568
449 88 7344 2568
450 88 7344 2568
451 88 7344 2568
452 88 7344 2568
453 88 7344 2568
454 88 7344 2568
455 88 7344 2568
456 88 7344 2568
457 88 7344 2568
458 87 7344 2569
459 87 7344 2569
460 86 7344 2570
461 86 7344 2570
462 86 7344 2570
463 85 7344 2571
464 85 7344 2571
465 84 7344 2572
466 84 7344 2572
467 83 7344 2573
468 83 7344 2573
469 83 7344 2573
470 83 7344 2573
471 83 7344 2573
472 83 7344 2573
473 83 7344 2573
474 82 7344 2574
475 82 7344 2574
476 81 7344 2575
477 81 7344 2575
478 81 7344 2575
479 81 7344 2575
480 81 7344 2575
481 81 7344 2575
482 81 7344 2575
483 81 7344 2575
484 81 7344 2575
485 81 7344 2575
486 81 7344 2575
487 81 7344 2575
488 81 7344 2575
489 80 7344 2576
490 79 7344 2577
491 79 7344 2577
492 79 7344 2577
493 79 7344 2577
494 79 7344 2577
495 79 7344 2577
496 78 7344 2578
497 78 7344 2578
498 78 7344 2578
499 78 7344 2578
500 78 7344 2578
501 78 7344 2578
502 78 7344 2578
503 78 7344 2578
504 77 7344 2579
505 77 7344 2579
506 77 7344 2579
507 77 7344 2579
508 77 7344 2579
509 76 7344 2580
510 76 7344 2580
511 76 7344 2580
512 76 7344 2580
513 76 7344 2580
514 76 7344 2580
515 75 7344 2581
516 75 7344 2581
517 75 7344 2581
518 74 7344 2582
519 74 7344 2582
520 74 7344 2582
521 74 7344 2582
522 74 7344 2582
523 74 7344 2582
524 74 7344 2582
525 74 7344 2582
526 74 7344 2582
527 73 7344 2583
528 73 7344 2583
529 73 7344 2583
530 73 7344 2583
531 70 7344 2586
532 70 7344 2586
533 69 7344 2587
534 69 7344 2587
535 69 7344 2587
536 69 7344 2587
537 69 7344 2587
538 69 7344 2587
539 69 7344 2587
540 69 7344 2587
541 69 7344 2587
542 67 7344 2589
543 67 7344 2589
544 67 7344 2589
545 66 7344 2590
546 65 7344 2591
547 65 7344 2591
548 65 7344 2591
549 65 7344 2591
550 65 7344 2591
551 65 7344 2591
552 65 7344 2591
553 65 7344 2591
554 64 7344 2592
555 63 7344 2593
556 62 7344 2594
557 62 7344 2594
558 62 7344 2594
559 61 7344 2595
560 61 7344 2595
561 61 7344 2595
562 61 7344 2595
563 61 7344 2595
564 61 7344 2595
565 61 7344 2595
566 61 7344 2595
567 61 7344 2595
568 61 7344 2595
569 61 7344 2595
570 61 7344 2595
571 61 7344 2595
572 61 7344 2595
573 60 7344 2596
574 60 7344 2596
575 60 7344 2596
576 60 7344 2596
577 60 7344 2596
578 60 7344 2596
579 60 7344 2596
580 60 7344 2596
581 60 7344 2596
582 60 7344 2596
583 60 7344 2596
584 60 7344 2596
585 60 7344 2596
586 60 7344 2596
587 60 7344 2596
588 60 7344 2596
589 60 7344 2596
590 60 7344 2596
591 60 7344 2596
592 60 7344 2596
593 60 7344 2596
594 60 7344 2596
595 59 7344 2597
596 59 7344 2597
597 59 7344 2597
598 57 7344 2599
599 56 7344 2600
600 56 7344 2600
601 56 7344 2600
602 56 7344 2600
603 56 7344 2600
604 56 7344 2600
605 56 7344 2600
606 56 7344 2600
607 56 7344 2600
608 55 7344 2601
609 54 7344 2602
610 54 7344 2602
611 54 7344 2602
612 54 7344 2602
613 54 7344 2602
614 54 7344 2602
615 54 7344 2602
616 54 7344 2602
617 54 7344 2602
618 54 7344 2602
619 54 7344 2602
620 53 7344 2603
621 53 7344 2603
622 53 7344 2603
623 53 7344 2603
624 53 7344 2603
625 52 7344 2604
626 50 7344 2606
627 50 7344 2606
628 50 7344 2606
629 50 7344 2606
630 50 7344 2606
631 50 7344 2606
632 50 7344 2606
633 49 7344 2607
634 49 7344 2607
635 49 7344 2607
636 49 7344 2607
637 49 7344 2607
638 49 7344 2607
639 49 7344 2607
640 49 7344 2607
641 49 7344 2607
642 49 7344 2607
643 48 7344 2608
644 48 7344 2608
645 48 7344 2608
646 47 7344 2609
647 47 7344 2609
648 47 7344 2609
649 47 7344 2609
650 47 7344 2609
651 47 7344 2609
652 47 7344 2609
653 47 7344 2609
654 47 7344 2609
655 47 7344 2609
656 47 7344 2609
657 47 7344 2609
658 46 7344 2610
659 46 7344 2610
660 45 7344 2611
661 45 7344 2611
662 45 7344 2611
663 45 7344 2611
664 45 7344 2611
665 45 7344 2611
666 45 7344 2611
667 45 7344 2611
668 45 7344 2611
669 45 7344 2611
670 45 7344 2611
671 45 7344 2611
672 45 7344 2611
673 45 7344 2611
674 44 7344 2612
675 43 7344 2613
676 43 7344 2613
677 42 7344 2614
678 41 7344 2615
679 41 7344 2615
680 41 7344 2615
681 41 7344 2615
682 41 7344 2615
683 41 7344 2615
684 41 7344 2615
685 41 7344 2615
686 41 7344 2615
687 41 7344 2615
688 41 7344 2615
689 41 7344 2615
690 41 7344 2615
691 41 7344 2615
692 41 7344 2615
693 41 7344 2615
694 41 7344 2615
695 41 7344 2615
696 41 7344 2615
697 41 7344 2615
698 41 7344 2615
699 41 7344 2615
700 41 7344 2615
701 41 7344 2615
702 41 7344 2615
703 41 7344 2615
704 41 7344 2615
705 41 7344 2615
706 41 7344 2615
707 41 7344 2615
708 40 7344 2616
709 40 7344 2616
710 40 7344 2616
711 40 7344 2616
712 40 7344 2616
713 40 7344 2616
714 40 7344 2616
715 40 7344 2616
716 40 7344 2616
717 40 7344 2616
718 40 7344 2616
719 40 7344 2616
720 40 7344 2616
721 40 7344 2616
722 40 7344 2616
723 40 7344 2616
724 40 7344 2616
725 40 7344 2616
726 40 7344 2616
727 40 7344 2616
728 39 7344 2617
729 38 7344 2618
730 38 7344 2618
731 37 7344 2619
732 37 7344 2619
733 37 7344 2619
734 37 7344 2619
735 37 7344 2619
736 37 7344 2619
737 37 7344 2619
738 37 7344 2619
739 36 7344 2620
740 36 7344 2620
741 35 7344 2621
742 35 7344 2621
743 35 7344 2621
744 35 7344 2621
745 35 7344 2621
746 35 7344 2621
747 35 7344 2621
748 34 7344 2622
749 34 7344 2622
750 34 7344 2622
751 34 7344 2622
752 34 7344 2622
753 34 7344 2622
754 34 7344 2622
755 34 7344 2622
756 34 7344 2622
757 34 7344 2622
758 34 7344 2622
759 34 7344 2622
760 34 7344 2622
761 34 7344 2622
762 34 7344 2622
763 34 7344 2622
764 33 7344 2623
765 33 7344 2623
766 33 7344 2623
767 33 7344 2623
768 33 7344 2623
769 33 7344 2623
770 33 7344 2623
771 33 7344 2623
772 33 7344 2623
773 33 7344 2623
774 32 7344 2624
775 32 7344 2624
776 32 7344 2624
777 32 7344 2624
778 32 7344 2624
779 32 7344 2624
780 32 7344 2624
781 32 7344 2624
782 32 7344 2624
783 31 7344 2625
784 31 7344 2625
785 31 7344 2625
786 31 7344 2625
787 31 7344 2625
788 31 7344 2625
789 31 7344 2625
790 31 7344 2625
791 31 7344 2625
792 30 7344 2626
793 30 7344 2626
794 30 7344 2626
795 30 7344 2626
796 30 7344 2626
797 30 7344 2626
798 30 7344 2626
799 30 7344 2626
800 30 7344 2626
801 30 7344 2626
802 30 7344 2626
803 30 7344 2626
804 30 7344 2626
805 30 7344 2626
806 30 7344 2626
807 30 7344 2626
808 30 7344 2626
809 30 7344 2626
810 30 7344 2626
811 30 7344 2626
812 30 7344 2626
813 30 7344 2626
814 30 7344 2626
815 30 7344 2626
816 30 7344 2626
817 30 7344 2626
818 30 7344 2626
819 30 7344 2626
820 30 7344 2626
821 30 7344 2626
822 30 7344 2626
823 30 7344 2626
824 30 7344 2626
825 30 7344 2626
826 30 7344 2626
827 30 7344 2626
828 30 7344 2626
829 30 7344 2626
830 30 7344 2626
831 30 7344 2626
832 30 7344 2626
833 30 7344 2626
834 30 7344 2626
835 30 7344 2626
836 30 7344 2626
837 30 7344 2626
838 29 7344 2627
839 29 7344 2627
840 29 7344 2627
841 29 7344 2627
842 29 7344 2627
843 29 7344 2627
844 29 7344 2627
845 29 7344 2627
846 29 7344 2627
847 29 7344 2627
848 29 7344 2627
849 29 7344 2627
850 29 7344 2627
851 29 7344 2627
852 29 7344 2627
853 29 7344 2627
854 29 7344 2627
855 29 7344 2627
856 29 7344 2627
857 29 7344 2627
858 29 7344 2627
859 29 7344 2627
860 29 7344 2627
861 29 7344 2627
862 29 7344 2627
863 29 7344 2627
864 29 7344 2627
865 29 7344 2627
866 29 7344 2627
867 29 7344 2627
868 29 7344 2627
869 29 7344 2627
870 29 7344 2627
871 29 7344 2627
872 29 7344 2627
873 29 7344 2627
874 29 7344 2627
875 29 7344 2627
876 29 7344 2627
877 29 7344 2627
878 29 7344 2627
879 29 7344 2627
880 29 7344 2627
881 29 7344 2627
882 29 7344 2627
883 29 7344 2627
884 29 7344 2627
885 29 7344 2627
886 29 7344 2627
887 29 7344 2627
888 29 7344 2627
889 29 7344 2627
890 29 7344 2627
891 29 7344 2627
892 29 7344 2627
893 29 7344 2627
894 29 7344 2627
895 29 7344 2627
896 29 7344 2627
897 29 7344 2627
898 29 7344 2627
899 29 7344 2627
900 29 7344 2627
901 29 7344 2627
902 29 7344 2627
903 29 7344 2627
904 29 7344 2627
905 29 7344 2627
906 29 7344 2627
907 29 7344 2627
908 29 7344 2627
909 29 7344 2627
910 29 7344 2627
911 29 7344 2627
912 29 7344 2627
913 29 7344 2627
914 29 7344 2627
915 29 7344 2627
916 29 7344 2627
917 29 7344 2627
918 29 7344 2627
919 29 7344 2627
920 29 7344 2627
921 29 7344 2627
922 29 7344 2627
923 29 7344 2627
924 29 7344 2627
925 29 7344 2627
926 29 7344 2627
927 29 7344 2627
928 29 7344 2627
929 29 7344 2627
930 29 7344 2627
931 29 7344 2627
932 29 7344 2627
933 29 7344 2627
934 29 7344 2627
935 29 7344 2627
936 29 7344 2627
937 29 7344 2627
938 29 7344 2627
939 29 7344 2627
940 29 7344 2627
941 29 7344 2627
942 29 7344 2627
943 29 7344 2627
944 29 7344 2627
945 29 7344 2627
946 29 7344 2627
947 29 7344 2627
948 29 7344 2627
949 29 7344 2627
950 28 7344 2628
951 28 7344 2628
952 28 7344 2628
953 28 7344 2628
954 28 7344 2628
955 27 7344 2629
956 27 7344 2629
957 27 7344 2629
958 27 7344 2629
959 27 7344 2629
960 27 7344 2629
961 27 7344 2629
962 27 7344 2629
963 27 7344 2629
964 27 7344 2629
965 27 7344 2629
966 27 7344 2629
967 27 7344 2629
968 27 7344 2629
969 27 7344 2629
970 27 7344 2629
971 27 7344 2629
972 27 7344 2629
973 27 7344 2629
974 27 7344 2629
975 27 7344 2629
976 27 7344 2629
977 27 7344 2629
978 27 7344 2629
979 27 7344 2629
980 27 7344 2629
981 27 7344 2629
982 27 7344 2629
983 27 7344 2629
984 27 7344 2629
985 27 7344 2629
986 27 7344 2629
987 27 7344 2629
988 27 7344 2629
989 27 7344 2629
990 27 7344 2629
991 27 7344 2629
992 27 7344 2629
993 27 7344 2629
994 27 7344 2629
995 27 7344 2629
996 27 7344 2629
997 27 7344 2629
998 27 7344 2629
999 27 7344 2629
