0 9999 1 0
1 9973 3 24
2 9933 4 63
3 9908 6 86
4 9878 8 114
5 9849 14 137
6 9822 19 159
7 9788 24 188
8 9760 35 205
9 9734 40 226
10 9702 47 251
11 9668 55 277
12 9626 69 305
13 9598 78 324
14 9569 90 341
15 9531 106 363
16 9488 123 389
17 9448 138 414
18 9401 155 444
19 9358 169 473
20 9320 184 496
21 9287 197 516
22 9243 215 542
23 9199 237 564
24 9153 260 587
25 9116 278 606
26 9061 303 636
27 9015 331 654
28 8964 361 675
29 8916 386 698
30 8878 408 714
31 8819 447 734
32 8768 475 757
33 8696 528 776
34 8646 559 795
35 8595 591 814
36 8549 615 836
37 8500 644 856
38 8441 682 877
39 8375 722 903
40 8318 756 926
41 8246 806 948
42 8177 850 973
43 8119 888 993
44 8065 919 1016
45 7998 963 1039
46 7938 1001 1061
47 7881 1046 1073
48 7832 1078 1090
49 7786 1109 1105
50 7720 1156 1124
51 7658 1198 1144
52 7589 1246 1165
53 7527 1293 1180
54 7446 1347 1207
55 7387 1382 1231
56 7333 1418 1249
57 7273 1459 1268
58 7214 1503 1283
59 7150 1553 1297
60 7076 1605 1319
61 6996 1672 1332
62 6925 1727 1348
63 6856 1778 1366
64 6793 1825 1382
65 6720 1882 1398
66 6655 1941 1404
67 6585 1995 1420
68 6533 2035 1432
69 6464 2087 1449
70 6386 2150 1464
71 6301 2215 1484
72 6225 2276 1499
73 6134 2342 1524
74 6064 2401 1535
75 5985 2466 1549
76 5911 2527 1562
77 5837 2585 1578
78 5759 2650 1591
79 5686 2716 1598
80 5613 2775 1612
81 5532 2840 1628
82 5453 2905 1642
83 5381 2963 1656
84 5305 3025 1670
85 5236 3084 1680
86 5154 3153 1693
87 5065 3225 1710
88 5007 3269 1724
89 4938 3330 1732
90 4877 3375 1748
91 4816 3424 1760
92 4742 3484 1774
93 4670 3544 1786
94 4608 3599 1793
95 4535 3661 1804
96 4471 3716 1813
97 4399 3780 1821
98 4328 3835 1837
99 4267 3887 1846
100 4195 3950 1855
101 4138 4003 1859
102 4072 4056 1872
103 3994 4121 1885
104 3914 4186 1900
105 3842 4241 1917
106 3773 4309 1918
107 3699 4372 1929
108 3643 4418 1939
109 3578 4477 1945
110 3515 4534 1951
111 3444 4596 1960
112 3377 4652 1971
113 3321 4700 1979
114 3260 4754 1986
115 3191 4814 1995
116 3113 4882 2005
117 3053 4936 2011
118 2998 4984 2018
119 2933 5043 2024
120 2879 5092 2029
121 2831 5136 2033
122 2773 5188 2039
123 2712 5244 2044
124 2652 5295 2053
125 2601 5340 2059
126 2532 5402 2066
127 2477 5452 2071
128 2393 5531 2076
129 2343 5577 2080
130 2283 5630 2087
131 2214 5693 2093
132 2153 5751 2096
133 2108 5793 2099
134 2045 5853 2102
135 2003 5892 2105
136 1950 5941 2109
137 1910 5978 2112
138 1856 6029 2115
139 1815 6061 2124
140 1759 6113 2128
141 1713 6154 2133
142 1660 6200 2140
143 1615 6240 2145
144 1560 6289 2151
145 1523 6324 2153
146 1481 6362 2157
147 1448 6390 2162
148 1407 6426 2167
149 1353 6476 2171
150 1317 6509 2174
151 1273 6547 2180
152 1238 6579 2183
153 1205 6609 2186
154 1168 6642 2190
155 1146 6664 2190
156 1127 6682 2191
157 1102 6703 2195
158 1081 6722 2197
159 1059 6742 2199
160 1026 6772 2202
161 999 6799 2202
162 969 6825 2206
163 941 6849 2210
164 918 6869 2213
165 887 6897 2216
166 858 6925 2217
167 831 6950 2219
168 805 6975 2220
169 787 6992 2221
170 764 7013 2223
171 752 7023 2225
172 738 7034 2228
173 724 7047 2229
174 707 7063 2230
175 688 7080 2232
176 674 7093 2233
177 646 7118 2236
178 636 7127 2237
179 624 7137 2239
180 613 7146 2241
181 595 7163 2242
182 575 7180 2245
183 561 7193 2246
184 542 7210 2248
185 528 7224 2248
186 513 7239 2248
187 499 7250 2251
188 488 7261 2251
189 478 7270 2252
190 464 7283 2253
191 459 7288 2253
192 446 7299 2255
193 434 7311 2255
194 427 7316 2257
195 418 7325 2257
196 412 7330 2258
197 400 7341 2259
198 391 7348 2261
199 381 7358 2261
200 371 7367 2262
201 360 7376 2264
202 354 7382 2264
203 347 7389 2264
204 337 7398 2265
205 322 7413 2265
206 311 7423 2266
207 307 7427 2266
208 302 7431 2267
209 290 7442 2268
210 288 7444 2268
211 284 7447 2269
212 274 7455 2271
213 268 7461 2271
214 261 7465 2274
215 253 7472 2275
216 246 7479 2275
217 239 7485 2276
218 234 7490 2276
219 228 7496 2276
220 221 7503 2276
221 218 7505 2277
222 211 7512 2277
223 209 7513 2278
224 201 7521 2278
225 199 7523 2278
226 196 7525 2279
227 195 7526 2279
228 193 7528 2279
229 190 7530 2280
230 185 7533 2282
231 184 7533 2283
232 181 7535 2284
233 180 7535 2285
234 176 7535 2289
235 175 7536 2289
236 173 7536 2291
237 173 7536 2291
238 173 7536 2291
239 173 7536 2291
240 171 7537 2292
241 170 7538 2292
242 170 7538 2292
243 168 7538 2294
244 167 7538 2295
245 166 7538 2296
246 165 7538 2297
247 165 7538 2297
248 165 7538 2297
249 165 7538 2297
250 165 7538 2297
251 165 7538 2297
252 165 7538 2297
253 164 7539 2297
254 164 7539 2297
255 164 7539 2297
256 163 7539 2298
257 162 7539 2299
258 162 7539 2299
259 161 7539 2300
260 159 7540 2301
261 159 7540 2301
262 159 7540 2301
263 159 7540 2301
264 158 7540 2302
265 157 7540 2303
266 155 7540 2305
267 155 7540 2305
268 154 7540 2306
269 152 7540 2308
270 151 7540 2309
271 150 7540 2310
272 150 7540 2310
273 150 7540 2310
274 150 7540 2310
275 148 7540 2312
276 148 7540 2312
277 147 7540 2313
278 147 7540 2313
279 146 7540 2314
280 146 7540 2314
281 144 7541 2315
282 144 7541 2315
283 144 7541 2315
284 144 7541 2315
285 144 7541 2315
286 144 7541 2315
287 143 7541 2316
288 142 7541 2317
289 142 7541 2317
290 142 7541 2317
291 142 7541 2317
292 142 7541 2317
293 142 7541 2317
294 142 7541 2317
295 142 7541 2317
296 142 7541 2317
297 140 7541 2319
298 140 7541 2319
299 139 7541 2320
300 139 7541 2320
301 137 7541 2322
302 136 7542 2322
303 136 7542 2322
304 136 7542 2322
305 136 7542 2322
306 136 7542 2322
307 136 7542 2322
308 136 7542 2322
309 136 7542 2322
310 135 7542 2323
311 135 7542 2323
312 135 7542 2323
313 134 7542 2324
314 134 7542 2324
315 133 7542 2325
316 133 7542 2325
317 133 7542 2325
318 133 7542 2325
319 133 7542 2325
320 133 7542 2325
321 133 7542 2325
322 133 7542 2325
323 133 7542 2325
324 133 7542 2325
325 132 7542 2326
326 131 7542 2327
327 131 7542 2327
328 130 7542 2328
329 129 7542 2329
330 129 7542 2329
331 129 7542 2329
332 129 7542 2329
333 128 7542 2330
334 128 7542 2330
335 127 7542 2331
336 127 7542 2331
337 127 7542 2331
338 127 7542 2331
339 126 7542 2332
340 126 7542 2332
341 126 7542 2332
342 126 7542 2332
343 125 7542 2333
344 125 7542 2333
345 125 7542 2333
346 124 7542 2334
347 124 7542 2334
348 124 7542 2334
349 124 7542 2334
350 124 7542 2334
351 124 7542 2334
352 122 7542 2336
353 122 7542 2336
354 121 7542 2337
355 121 7542 2337
356 121 7542 2337
357 120 7542 2338
358 120 7542 2338
359 120 7542 2338
360 120 7542 2338
361 120 7542 2338
362 119 7542 2339
363 118 7542 2340
364 118 7542 2340
365 118 7542 2340
366 116 7542 2342
367 115 7542 2343
368 115 7542 2343
369 115 7542 2343
370 115 7542 2343
371 115 7542 2343
372 114 7542 2344
373 114 7542 2344
374 114 7542 2344
375 114 7542 2344
376 114 7542 2344
377 114 7542 2344
378 114 7542 2344
379 114 7542 2344
380 114 7542 2344
381 114 7542 2344
382 114 7542 2344
383 113 7542 2345
384 113 7542 2345
385 113 7542 2345
386 113 7542 2345
387 113 7542 2345
388 113 7542 2345
389 113 7542 2345
390 113 7542 2345
391 113 7542 2345
392 113 7542 2345
393 113 7542 2345
394 112 7542 2346
395 111 7542 2347
396 111 7542 2347
397 111 7542 2347
398 111 7542 2347
399 110 7542 2348
400 110 7542 2348
401 110 7542 2348
402 110 7542 2348
403 110 7542 2348
404 108 7542 2350
405 108 7542 2350
406 108 7542 2350
407 107 7542 2351
408 107 7542 2351
409 107 7542 2351
410 107 7542 2351
411 107 7542 2351
412 107 7542 2351
413 107 7542 2351
414 107 7542 2351
415 107 7542 2351
416 107 7542 2351
417 107 7542 2351
418 106 7542 2352
419 106 7542 2352
420 106 7542 2352
421 106 7542 2352
422 106 7542 2352
423 105 7542 2353
424 103 7542 2355
425 103 7542 2355
426 101 7542 2357
427 101 7542 2357
428 101 7542 2357
429 101 7542 2357
430 101 7542 2357
431 101 7542 2357
432 101 7542 2357
433 101 7542 2357
434 100 7542 2358
435 100 7542 2358
436 100 7542 2358
437 100 7542 2358
438 100 7542 2358
439 100 7542 2358
440 99 7542 2359
441 99 7542 2359
442 99 7542 2359
443 99 7542 2359
444 99 7542 2359
445 98 7542 2360
446 98 7542 2360
447 98 7542 2360
448 97 7542 2361
449 96 7542 2362
450 95 7542 2363
451 95 7542 2363
452 95 7542 2363
453 95 7542 2363
454 95 7542 2363
455 95 7542 2363
456 94 7542 2364
457 94 7542 2364
458 94 7542 2364
459 93 7542 2365
460 93 7542 2365
461 93 7542 2365
462 93 7542 2365
463 93 7542 2365
464 93 7542 2365
465 93 7542 2365
466 93 7542 2365
467 93 7542 2365
468 93 7542 2365
469 93 7542 2365
470 93 7542 2365
471 93 7542 2365
472 93 7542 2365
473 93 7542 2365
474 93 7542 2365
475 93 7542 2365
476 92 7542 2366
477 92 7542 2366
478 92 7542 2366
479 92 7542 2366
480 92 7542 2366
481 91 7542 2367
482 91 7542 2367
483 91 7542 2367
484 91 7542 2367
485 91 7542 2367
486 91 7542 2367
487 90 7542 2368
488 89 7542 2369
489 88 7542 2370
490 88 7542 2370
491 88 7542 2370
492 87 7542 2371
493 85 7542 2373
494 85 7542 2373
495 85 7542 2373
496 84 7542 2374
497 84 7542 2374
498 84 7542 2374
499 84 7542 2374
500 83 7542 2375
501 80 7542 2378
502 79 7542 2379
503 79 7542 2379
504 79 7542 2379
505 79 7542 2379
506 79 7542 2379
507 79 7542 2379
508 79 7542 2379
509 79 7542 2379
510 79 7542 2379
511 79 7542 2379
512 78 7542 2380
513 78 7542 2380
514 78 7542 2380
515 77 7542 2381
516 77 7542 2381
517 77 7542 2381
518 77 7542 2381
519 77 7542 2381
520 77 7542 2381
521 77 7542 2381
522 77 7542 2381
523 76 7542 2382
524 75 7542 2383
525 75 7542 2383
526 75 7542 2383
527 75 7542 2383
528 75 7542 2383
529 75 7542 2383
530 75 7542 2383
531 75 7542 2383
532 75 7542 2383
533 75 7542 2383
534 75 7542 2383
535 75 7542 2383
536 75 7542 2383
537 75 7542 2383
538 75 7542 2383
539 75 7542 2383
540 75 7542 2383
541 75 7542 2383
542 75 7542 2383
543 75 7542 2383
544 75 7542 2383
545 75 7542 2383
546 74 7542 2384
547 74 7542 2384
548 73 7542 2385
549 73 7542 2385
550 73 7542 2385
551 72 7542 2386
552 72 7542 2386
553 72 7542 2386
554 72 7542 2386
555 72 7542 2386
556 71 7542 2387
557 71 7542 2387
558 71 7542 2387
559 71 7542 2387
560 70 7542 2388
561 70 7542 2388
562 70 7542 2388
563 70 7542 2388
564 69 7542 2389
565 69 7542 2389
566 69 7542 2389
567 69 7542 2389
568 69 7542 2389
569 69 7542 2389
570 68 7542 2390
571 68 7542 2390
572 68 7542 2390
573 68 7542 2390
574 68 7542 2390
575 68 7542 2390
576 68 7542 2390
577 68 7542 2390
578 68 7542 2390
579 68 7542 2390
580 68 7542 2390
581 68 7542 2390
582 67 7542 2391
583 67 7542 2391
584 67 7542 2391
585 67 7542 2391
586 67 7542 2391
587 67 7542 2391
588 66 7542 2392
589 65 7542 2393
590 62 7542 2396
591 62 7542 2396
592 62 7542 2396
593 62 7542 2396
594 62 7542 2396
595 62 7542 2396
596 61 7542 2397
597 60 7542 2398
598 60 7542 2398
599 60 7542 2398
600 60 7542 2398
601 60 7542 2398
602 59 7542 2399
603 59 7542 2399
604 58 7542 2400
605 58 7542 2400
606 58 7542 2400
607 58 7542 2400
608 58 7542 2400
609 58 7542 2400
610 58 7542 2400
611 58 7542 2400
612 58 7542 2400
613 58 7542 2400
614 58 7542 2400
615 58 7542 2400
616 57 7542 2401
617 56 7542 2402
618 56 7542 2402
619 56 7542 2402
620 56 7542 2402
621 56 7542 2402
622 56 7542 2402
623 56 7542 2402
624 56 7542 2402
625 55 7542 2403
626 55 7542 2403
627 55 7542 2403
628 55 7542 2403
629 55 7542 2403
630 55 7542 2403
631 55 7542 2403
632 55 7542 2403
633 55 7542 2403
634 55 7542 2403
635 55 7542 2403
636 55 7542 2403
637 55 7542 2403
638 55 7542 2403
639 55 7542 2403
640 55 7542 2403
641 54 7542 2404
642 54 7542 2404
643 54 7542 2404
644 54 7542 2404
645 54 7542 2404
646 54 7542 2404
647 53 7542 2405
648 53 7542 2405
649 53 7542 2405
650 53 7542 2405
651 52 7542 2406
652 52 7542 2406
653 52 7542 2406
654 52 7542 2406
655 52 7542 2406
656 52 7542 2406
657 52 7542 2406
658 52 7542 2406
659 51 7542 2407
660 51 7542 2407
661 51 7542 2407
662 51 7542 2407
663 51 7542 2407
664 51 7542 2407
665 51 7542 2407
666 51 7542 2407
667 51 7542 2407
668 50 7542 2408
669 50 7542 2408
670 50 7542 2408
671 50 7542 2408
672 50 7542 2408
673 50 7542 2408
674 50 7542 2408
675 50 7542 2408
676 50 7542 2408
677 50 7542 2408
678 50 7542 2408
679 50 7542 2408
680 50 7542 2408
681 50 7542 2408
682 50 7542 2408
683 50 7542 2408
684 50 7542 2408
685 50 7542 2408
686 50 7542 2408
687 50 7542 2408
688 50 7542 2408
689 50 7542 2408
690 50 7542 2408
691 50 7542 2408
692 49 7542 2409
693 49 7542 2409
694 49 7542 2409
695 49 7542 2409
696 49 7542 2409
697 49 7542 2409
698 48 7542 2410
699 48 7542 2410
700 48 7542 2410
701 48 7542 2410
702 48 7542 2410
703 48 7542 2410
704 48 7542 2410
705 48 7542 2410
706 48 7542 2410
707 48 7542 2410
708 48 7542 2410
709 48 7542 2410
710 47 7542 2411
711 46 7542 2412
712 46 7542 2412
713 46 7542 2412
714 46 7542 2412
715 46 7542 2412
716 46 7542 2412
717 46 7542 2412
718 45 7542 2413
719 45 7542 2413
720 45 7542 2413
721 45 7542 2413
722 45 7542 2413
723 45 7542 2413
724 45 7542 2413
725 45 7542 2413
726 45 7542 2413
727 45 7542 2413
728 45 7542 2413
729 44 7542 2414
730 44 7542 2414
731 44 7542 2414
732 44 7542 2414
733 44 7542 2414
734 44 7542 2414
735 44 7542 2414
736 44 7542 2414
737 44 7542 2414
738 44 7542 2414
739 44 7542 2414
740 44 7542 2414
741 44 7542 2414
742 44 7542 2414
743 44 7542 2414
744 44 7542 2414
745 44 7542 2414
746 44 7542 2414
747 44 7542 2414
748 44 7542 2414
749 44 7542 2414
750 44 7542 2414
751 44 7542 2414
752 44 7542 2414
753 43 7542 2415
754 43 7542 2415
755 43 7542 2415
756 42 7542 2416
757 42 7542 2416
758 42 7542 2416
759 42 7542 2416
760 42 7542 2416
761 42 7542 2416
762 42 7542 2416
763 42 7542 2416
764 42 7542 2416
765 42 7542 2416
766 42 7542 2416
767 42 7542 2416
768 42 7542 2416
769 42 7542 2416
770 42 7542 2416
771 42 7542 2416
772 42 7542 2416
773 42 7542 2416
774 42 7542 2416
775 42 7542 2416
776 42 7542 2416
777 42 7542 2416
778 42 7542 2416
779 42 7542 2416
780 42 7542 2416
781 42 7542 2416
782 42 7542 2416
783 42 7542 2416
784 42 7542 2416
785 42 7542 2416
786 42 7542 2416
787 42 7542 2416
788 42 7542 2416
789 42 7542 2416
790 42 7542 2416
791 42 7542 2416
792 42 7542 2416
793 41 7542 2417
794 41 7542 2417
795 41 7542 2417
796 41 7542 2417
797 41 7542 2417
798 41 7542 2417
799 41 7542 2417
800 41 7542 2417
801 41 7542 2417
802 41 7542 2417
803 41 7542 2417
804 41 7542 2417
805 41 7542 2417
806 41 7542 2417
807 41 7542 2417
808 41 7542 2417
809 41 7542 2417
810 41 7542 2417
811 41 7542 2417
812 41 7542 2417
813 41 7542 2417
814 41 7542 2417
815 41 7542 2417
816 41 7542 2417
817 41 7542 2417
818 41 7542 2417
819 41 7542 2417
820 41 7542 2417
821 41 7542 2417
822 41 7542 2417
823 41 7542 2417
824 41 7542 2417
825 41 7542 2417
826 41 7542 2417
827 40 7542 2418
828 40 7542 2418
829 40 7542 2418
830 40 7542 2418
831 40 7542 2418
832 40 7542 2418
833 40 7542 2418
834 40 7542 2418
835 40 7542 2418
836 40 7542 2418
837 40 7542 2418
838 40 7542 2418
839 40 7542 2418
840 40 7542 2418
841 40 7542 2418
842 40 7542 2418
843 40 7542 2418
844 40 7542 2418
845 40 7542 2418
846 40 7542 2418
847 40 7542 2418
848 40 7542 2418
849 40 7542 2418
850 40 7542 2418
851 40 7542 2418
852 40 7542 2418
853 40 7542 2418
854 40 7542 2418
855 40 7542 2418
856 40 7542 2418
857 40 7542 2418
858 40 7542 2418
859 40 7542 2418
860 39 7542 2419
861 39 7542 2419
862 39 7542 2419
863 39 7542 2419
864 39 7542 2419
865 39 7542 2419
866 37 7542 2421
867 37 7542 2421
868 37 7542 2421
869 37 7542 2421
870 37 7542 2421
871 37 7542 2421
872 37 7542 2421
873 37 7542 2421
874 37 7542 2421
875 35 7542 2423
876 35 7542 2423
877 35 7542 2423
878 35 7542 2423
879 35 7542 2423
880 35 7542 2423
881 35 7542 2423
882 35 7542 2423
883 35 7542 2423
884 35 7542 2423
885 35 7542 2423
886 35 7542 2423
887 34 7542 2424
888 34 7542 2424
889 34 7542 2424
890 34 7542 2424
891 34 7542 2424
892 34 7542 2424
893 34 7542 2424
894 34 7542 2424
895 34 7542 2424
896 34 7542 2424
897 34 7542 2424
898 34 7542 2424
899 34 7542 2424
900 34 7542 2424
901 34 7542 2424
902 34 7542 2424
903 34 7542 2424
904 34 7542 2424
905 34 7542 2424
906 34 7542 2424
907 34 7542 2424
908 34 7542 2424
909 34 7542 2424
910 34 7542 2424
911 34 7542 2424
912 34 7542 2424
913 34 7542 2424
914 33 7542 2425
915 33 7542 2425
916 33 7542 2425
917 33 7542 2425
918 33 7542 2425
919 33 7542 2425
920 33 7542 2425
921 33 7542 2425
922 33 7542 2425
923 33 7542 2425
924 33 7542 2425
925 33 7542 2425
926 33 7542 2425
927 33 7542 2425
928 32 7542 2426
929 32 7542 2426
930 32 7542 2426
931 32 7542 2426
932 30 7542 2428
933 30 7542 2428
934 30 7542 2428
935 30 7542 2428
936 30 7542 2428
937 30 7542 2428
938 30 7542 2428
939 30 7542 2428
940 30 7542 2428
941 30 7542 2428
942 30 7542 2428
943 29 7542 2429
944 28 7542 2430
945 28 7542 2430
946 28 7542 2430
947 28 7542 2430
948 27 7542 2431
949 27 7542 2431
950 27 7542 2431
951 27 7542 2431
952 27 7542 2431
953 27 7542 2431
954 27 7542 2431
955 27 7542 2431
956 27 7542 2431
957 26 7542 2432
958 26 7542 2432
959 26 7542 2432
960 26 7542 2432
961 26 7542 2432
962 26 7542 2432
963 26 7542 2432
964 26 7542 2432
965 26 7542 2432
966 26 7542 2432
967 26 7542 2432
968 26 7542 2432
969 26 7542 2432
970 26 7542 2432
971 26 7542 2432
972 26 7542 2432
973 26 7542 2432
974 26 7542 2432
975 26 7542 2432
976 26 7542 2432
977 26 7542 2432
978 26 7542 2432
979 26 7542 2432
980 26 7542 2432
981 25 7542 2433
982 25 7542 2433
983 25 7542 2433
984 25 7542 2433
985 25 7542 2433
986 25 7542 2433
987 25 7542 2433
988 25 7542 2433
989 25 7542 2433
990 25 7542 2433
991 25 7542 2433
992 24 7542 2434
993 24 7542 2434
994 24 7542 2434
995 24 7542 2434
996 24 7542 2434
997 24 7542 2434
998 24 7542 2434
999 24 7542 2434
