0 9999 1 0
1 9995 4 1
2 9991 8 1
3 9991 8 1
4 9986 11 3
5 9982 11 7
6 9982 11 7
7 9976 14 10
8 9965 24 11
9 9957 29 14
10 9948 30 22
11 9943 29 28
12 9937 32 31
13 9932 27 41
14 9930 25 45
15 9928 23 49
16 9925 24 51
17 9920 27 53
18 9915 29 56
19 9909 26 65
20 9909 25 66
21 9903 29 68
22 9899 30 71
23 9896 29 75
24 9890 33 77
25 9884 36 80
26 9879 34 87
27 9868 42 90
28 9858 46 96
29 9846 50 104
30 9830 60 110
31 9811 67 122
32 9790 76 134
33 9774 80 146
34 9761 87 152
35 9743 88 169
36 9723 91 186
37 9704 89 207
38 9696 84 220
39 9686 78 236
40 9679 78 243
41 9672 77 251
42 9652 85 263
43 9637 87 276
44 9614 101 285
45 9609 99 292
46 9596 98 306
47 9587 93 320
48 9574 97 329
49 9565 90 345
50 9553 92 355
51 9537 101 362
52 9519 100 381
53 9499 106 395
54 9480 107 413
55 9470 98 432
56 9448 105 447
57 9438 100 462
58 9426 102 472
59 9406 114 480
60 9391 108 501
61 9375 109 516
62 9368 105 527
63 9347 114 539
64 9338 106 556
65 9325 107 568
66 9309 100 591
67 9294 108 598
68 9283 100 617
69 9279 91 630
70 9272 89 639
71 9263 90 647
72 9252 79 669
73 9244 77 679
74 9231 83 686
75 9221 81 698
76 9216 83 701
77 9208 83 709
78 9209 76 715
79 9200 80 720
80 9198 73 729
81 9186 76 738
82 9177 68 755
83 9176 61 763
84 9175 59 766
85 9167 54 779
86 9168 49 783
87 9164 51 785
88 9158 51 791
89 9157 44 799
90 9162 44 794
91 9163 44 793
92 9165 42 793
93 9162 44 794
94 9164 43 793
95 9173 39 788
96 9164 43 793
97 9160 48 792
98 9176 45 779
99 9177 41 782
100 9181 37 782
101 9181 30 789
102 9180 30 790
103 9173 39 788
104 9172 41 787
105 9167 44 789
106 9166 44 790
107 9168 39 793
108 9172 37 791
109 9174 34 792
110 9177 30 793
111 9179 30 791
112 9182 26 792
113 9183 28 789
114 9185 26 789
115 9193 25 782
116 9197 23 780
117 9200 24 776
118 9205 21 774
119 9209 24 767
120 9209 27 764
121 9217 20 763
122 9219 19 762
123 9223 17 760
124 9230 17 753
125 9235 13 752
126 9237 14 749
127 9246 12 742
128 9251 10 739
129 9256 10 734
130 9261 10 729
131 9267 9 724
132 9270 13 717
133 9275 13 712
134 9278 15 707
135 9282 15 703
136 9288 11 701
137 9289 18 693
138 9296 14 690
139 9296 15 689
140 9298 17 685
141 9306 17 677
142 9307 18 675
143 9309 21 670
144 9309 21 670
145 9308 26 666
146 9305 29 666
147 9305 32 663
148 9306 35 659
149 9303 38 659
150 9305 36 659
151 9300 36 664
152 9300 34 666
153 9299 34 667
154 9304 36 660
155 9302 37 661
156 9299 41 660
157 9294 40 666
158 9293 42 665
159 9291 39 670
160 9290 40 670
161 9285 40 675
162 9285 41 674
163 9279 48 673
164 9275 52 673
165 9272 53 675
166 9268 45 687
167 9268 46 686
168 9268 42 690
169 9271 41 688
170 9260 49 691
171 9248 60 692
172 9237 69 694
173 9233 66 701
174 9225 72 703
175 9218 72 710
176 9216 68 716
177 9213 76 711
178 9196 83 721
179 9184 94 722
180 9179 94 727
181 9160 108 732
182 9149 111 740
183 9141 104 755
184 9129 111 760
185 9118 110 772
186 9103 105 792
187 9089 102 809
188 9075 113 812
189 9065 112 823
190 9051 111 838
191 9040 105 855
192 9031 104 865
193 9033 92 875
194 9011 103 886
195 9001 105 894
196 8974 117 909
197 8966 109 925
198 8956 99 945
199 8962 89 949
200 8962 88 950
201 8950 92 958
202 8932 108 960
203 8920 116 964
204 8911 118 971
205 8892 124 984
206 8887 125 988
207 8870 116 1014
208 8851 124 1025
209 8830 129 1041
210 8815 135 1050
211 8805 133 1062
212 8781 142 1077
213 8778 119 1103
214 8762 130 1108
215 8740 129 1131
216 8730 124 1146
217 8713 132 1155
218 8689 134 1177
219 8674 138 1188
220 8660 137 1203
221 8648 140 1212
222 8629 151 1220
223 8620 158 1222
224 8619 153 1228
225 8605 137 1258
226 8593 136 1271
227 8574 140 1286
228 8564 145 1291
229 8544 147 1309
230 8523 158 1319
231 8517 164 1319
232 8511 163 1326
233 8504 156 1340
234 8493 153 1354
235 8483 149 1368
236 8468 159 1373
237 8453 160 1387
238 8437 159 1404
239 8420 159 1421
240 8399 161 1440
241 8383 157 1460
242 8363 155 1482
243 8334 176 1490
244 8308 188 1504
245 8295 191 1514
246 8283 184 1533
247 8272 179 1549
248 8252 189 1559
249 8235 180 1585
250 8230 166 1604
251 8212 170 1618
252 8196 170 1634
253 8178 180 1642
254 8160 181 1659
255 8153 175 1672
256 8135 173 1692
257 8122 174 1704
258 8111 173 1716
259 8090 172 1738
260 8073 175 1752
261 8053 178 1769
262 8037 181 1782
263 8034 180 1786
264 8017 182 1801
265 7999 176 1825
266 7979 179 1842
267 7964 178 1858
268 7955 176 1869
269 7947 171 1882
270 7939 167 1894
271 7917 182 1901
272 7920 181 1899
273 7907 185 1908
274 7899 180 1921
275 7888 189 1923
276 7875 186 1939
277 7861 195 1944
278 7847 187 1966
279 7837 180 1983
280 7829 186 1985
281 7817 180 2003
282 7811 173 2016
283 7787 190 2023
284 7786 184 2030
285 7761 194 2045
286 7744 191 2065
287 7720 209 2071
288 7705 212 2083
289 7685 214 2101
290 7653 234 2113
291 7631 229 2140
292 7614 227 2159
293 7595 237 2168
294 7579 241 2180
295 7577 228 2195
296 7548 244 2208
297 7506 271 2223
298 7470 282 2248
299 7449 282 2269
300 7417 278 2305
301 7398 279 2323
302 7369 273 2358
303 7341 279 2380
304 7313 281 2406
305 7293 285 2422
306 7251 310 2439
307 7217 320 2463
308 7178 323 2499
309 7141 306 2553
310 7107 302 2591
311 7076 312 2612
312 7046 308 2646
313 7018 295 2687
314 6984 313 2703
315 6953 317 2730
316 6931 314 2755
317 6901 321 2778
318 6870 329 2801
319 6851 322 2827
320 6831 318 2851
321 6801 309 2890
322 6777 311 2912
323 6751 303 2946
324 6744 282 2974
325 6710 305 2985
326 6702 301 2997
327 6688 296 3016
328 6667 290 3043
329 6653 304 3043
330 6627 307 3066
331 6598 309 3093
332 6577 312 3111
333 6551 318 3131
334 6547 312 3141
335 6519 310 3171
336 6491 308 3201
337 6489 293 3218
338 6466 275 3259
339 6455 262 3283
340 6447 252 3301
341 6433 251 3316
342 6421 246 3333
343 6419 245 3336
344 6417 245 3338
345 6398 245 3357
346 6381 252 3367
347 6381 239 3380
348 6377 246 3377
349 6365 239 3396
350 6363 237 3400
351 6369 242 3389
352 6353 237 3410
353 6350 235 3415
354 6354 239 3407
355 6344 249 3407
356 6323 275 3402
357 6301 289 3410
358 6288 289 3423
359 6280 268 3452
360 6301 246 3453
361 6285 241 3474
362 6272 240 3488
363 6277 230 3493
364 6275 224 3501
365 6276 226 3498
366 6292 227 3481
367 6295 216 3489
368 6303 200 3497
369 6309 194 3497
370 6318 188 3494
371 6330 180 3490
372 6330 174 3496
373 6339 175 3486
374 6333 177 3490
375 6354 159 3487
376 6369 160 3471
377 6397 140 3463
378 6396 146 3458
379 6404 147 3449
380 6415 150 3435
381 6435 146 3419
382 6457 138 3405
383 6470 141 3389
384 6479 148 3373
385 6482 154 3364
386 6480 158 3362
387 6502 141 3357
388 6518 119 3363
389 6526 125 3349
390 6535 131 3334
391 6551 132 3317
392 6552 139 3309
393 6570 127 3303
394 6598 132 3270
395 6611 127 3262
396 6614 131 3255
397 6627 132 3241
398 6640 126 3234
399 6662 124 3214
400 6674 122 3204
401 6688 116 3196
402 6698 113 3189
403 6710 107 3183
404 6714 116 3170
405 6727 110 3163
406 6750 111 3139
407 6761 111 3128
408 6777 107 3116
409 6789 103 3108
410 6790 110 3100
411 6796 101 3103
412 6815 104 3081
413 6832 103 3065
414 6832 109 3059
415 6847 92 3061
416 6862 94 3044
417 6877 95 3028
418 6889 89 3022
419 6910 82 3008
420 6932 83 2985
421 6945 85 2970
422 6963 91 2946
423 6977 89 2934
424 6979 101 2920
425 6998 105 2897
426 7016 105 2879
427 7028 109 2863
428 7041 108 2851
429 7047 121 2832
430 7055 124 2821
431 7067 122 2811
432 7080 115 2805
433 7082 117 2801
434 7079 121 2800
435 7096 117 2787
436 7101 123 2776
437 7112 125 2763
438 7116 129 2755
439 7116 134 2750
440 7127 128 2745
441 7135 114 2751
442 7146 106 2748
443 7153 106 2741
444 7159 101 2740
445 7172 104 2724
446 7172 109 2719
447 7188 110 2702
448 7197 112 2691
449 7205 106 2689
450 7223 99 2678
451 7229 98 2673
452 7243 98 2659
453 7252 100 2648
454 7277 98 2625
455 7288 88 2624
456 7311 88 2601
457 7325 94 2581
458 7329 96 2575
459 7349 94 2557
460 7350 94 2556
461 7355 97 2548
462 7370 91 2539
463 7377 93 2530
464 7385 97 2518
465 7405 93 2502
466 7421 96 2483
467 7421 101 2478
468 7429 100 2471
469 7442 103 2455
470 7444 102 2454
471 7439 108 2453
472 7441 109 2450
473 7442 114 2444
474 7453 110 2437
475 7466 112 2422
476 7470 119 2411
477 7466 118 2416
478 7477 112 2411
479 7501 103 2396
480 7512 98 2390
481 7525 94 2381
482 7533 99 2368
483 7546 92 2362
484 7557 93 2350
485 7571 98 2331
486 7580 91 2329
487 7588 91 2321
488 7594 86 2320
489 7604 87 2309
490 7612 90 2298
491 7617 84 2299
492 7631 75 2294
493 7648 67 2285
494 7666 62 2272
495 7687 52 2261
496 7705 51 2244
497 7718 46 2236
498 7733 49 2218
499 7750 47 2203
500 7772 39 2189
501 7779 41 2180
502 7794 44 2162
503 7808 46 2146
504 7818 51 2131
505 7836 44 2120
506 7843 46 2111
507 7854 51 2095
508 7862 55 2083
509 7872 55 2073
510 7876 56 2068
511 7890 54 2056
512 7891 57 2052
513 7896 62 2042
514 7894 69 2037
515 7918 69 2013
516 7926 66 2008
517 7934 65 2001
518 7940 62 1998
519 7956 52 1992
520 7977 46 1977
521 7993 38 1969
522 8009 37 1954
523 8018 31 1951
524 8036 26 1938
525 8051 29 1920
526 8068 26 1906
527 8075 31 1894
528 8084 36 1880
529 8109 36 1855
530 8124 30 1846
531 8136 33 1831
532 8154 35 1811
533 8164 33 1803
534 8182 33 1785
535 8197 32 1771
536 8207 30 1763
537 8223 30 1747
538 8236 29 1735
539 8242 30 1728
540 8243 37 1720
541 8244 40 1716
542 8245 47 1708
543 8243 55 1702
544 8245 63 1692
545 8254 68 1678
546 8258 65 1677
547 8254 68 1678
548 8256 62 1682
549 8251 65 1684
550 8268 60 1672
551 8277 57 1666
552 8290 52 1658
553 8294 59 1647
554 8296 59 1645
555 8298 64 1638
556 8298 63 1639
557 8302 68 1630
558 8307 61 1632
559 8313 65 1622
560 8319 61 1620
561 8320 66 1614
562 8320 66 1614
563 8325 65 1610
564 8328 66 1606
565 8328 62 1610
566 8321 62 1617
567 8324 60 1616
568 8324 57 1619
569 8337 54 1609
570 8334 56 1610
571 8346 56 1598
572 8351 58 1591
573 8358 62 1580
574 8364 58 1578
575 8372 63 1565
576 8377 62 1561
577 8380 62 1558
578 8379 71 1550
579 8386 64 1550
580 8387 65 1548
581 8392 66 1542
582 8399 68 1533
583 8401 73 1526
584 8399 76 1525
585 8396 78 1526
586 8391 80 1529
587 8380 92 1528
588 8379 99 1522
589 8371 98 1531
590 8373 98 1529
591 8375 81 1544
592 8383 79 1538
593 8374 80 1546
594 8373 75 1552
595 8374 85 1541
596 8374 92 1534
597 8367 105 1528
598 8351 111 1538
599 8352 108 1540
600 8350 109 1541
601 8349 107 1544
602 8340 123 1537
603 8336 116 1548
604 8342 116 1542
605 8336 112 1552
606 8342 108 1550
607 8340 111 1549
608 8325 124 1551
609 8313 132 1555
610 8312 127 1561
611 8313 115 1572
612 8303 114 1583
613 8309 107 1584
614 8308 106 1586
615 8311 103 1586
616 8311 92 1597
617 8310 91 1599
618 8322 86 1592
619 8326 87 1587
620 8319 84 1597
621 8330 82 1588
622 8335 77 1588
623 8327 75 1598
624 8325 81 1594
625 8333 78 1589
626 8334 76 1590
627 8338 73 1589
628 8345 72 1583
629 8347 64 1589
630 8346 73 1581
631 8346 74 1580
632 8348 69 1583
633 8345 76 1579
634 8348 88 1564
635 8346 97 1557
636 8336 112 1552
637 8328 111 1561
638 8325 106 1569
639 8320 108 1572
640 8319 112 1569
641 8308 117 1575
642 8299 124 1577
643 8284 136 1580
644 8274 121 1605
645 8261 125 1614
646 8239 135 1626
647 8222 141 1637
648 8210 141 1649
649 8200 147 1653
650 8197 132 1671
651 8188 140 1672
652 8187 136 1677
653 8189 121 1690
654 8183 122 1695
655 8188 105 1707
656 8195 97 1708
657 8196 89 1715
658 8197 83 1720
659 8202 74 1724
660 8204 76 1720
661 8206 75 1719
662 8189 99 1712
663 8188 100 1712
664 8183 105 1712
665 8191 96 1713
666 8188 90 1722
667 8195 84 1721
668 8202 80 1718
669 8202 81 1717
670 8210 73 1717
671 8215 69 1716
672 8214 74 1712
673 8221 79 1700
674 8228 63 1709
675 8229 65 1706
676 8229 62 1709
677 8229 59 1712
678 8239 53 1708
679 8249 45 1706
680 8260 40 1700
681 8267 41 1692
682 8274 42 1684
683 8288 40 1672
684 8304 37 1659
685 8320 38 1642
686 8332 38 1630
687 8347 36 1617
688 8358 35 1607
689 8380 30 1590
690 8400 28 1572
691 8413 27 1560
692 8415 29 1556
693 8420 37 1543
694 8434 37 1529
695 8442 37 1521
696 8453 38 1509
697 8465 40 1495
698 8473 42 1485
699 8481 39 1480
700 8487 36 1477
701 8498 38 1464
702 8504 44 1452
703 8509 45 1446
704 8513 38 1449
705 8524 40 1436
706 8531 43 1426
707 8545 41 1414
708 8559 37 1404
709 8564 38 1398
710 8572 34 1394
711 8584 30 1386
712 8586 30 1384
713 8600 26 1374
714 8606 28 1366
715 8616 27 1357
716 8631 26 1343
717 8642 33 1325
718 8653 36 1311
719 8667 32 1301
720 8678 26 1296
721 8684 27 1289
722 8690 27 1283
723 8704 25 1271
724 8708 24 1268
725 8716 23 1261
726 8716 28 1256
727 8726 34 1240
728 8737 27 1236
729 8744 25 1231
730 8749 25 1226
731 8752 23 1225
732 8762 24 1214
733 8768 19 1213
734 8776 19 1205
735 8782 20 1198
736 8796 19 1185
737 8803 21 1176
738 8811 23 1166
739 8815 23 1162
740 8824 23 1153
741 8832 22 1146
742 8841 25 1134
743 8844 28 1128
744 8849 39 1112
745 8852 39 1109
746 8852 43 1105
747 8865 40 1095
748 8862 46 1092
749 8856 52 1092
750 8864 47 1089
751 8873 44 1083
752 8880 45 1075
753 8883 45 1072
754 8884 43 1073
755 8888 37 1075
756 8885 39 1076
757 8889 40 1071
758 8892 46 1062
759 8894 43 1063
760 8902 46 1052
761 8910 45 1045
762 8911 52 1037
763 8908 54 1038
764 8907 58 1035
765 8907 60 1033
766 8908 60 1032
767 8911 59 1030
768 8911 59 1030
769 8911 59 1030
770 8911 59 1030
771 8919 52 1029
772 8920 50 1030
773 8928 41 1031
774 8930 41 1029
775 8935 40 1025
776 8936 43 1021
777 8939 39 1022
778 8938 39 1023
779 8937 40 1023
780 8938 46 1016
781 8939 41 1020
782 8947 41 1012
783 8934 52 1014
784 8923 61 1016
785 8925 63 1012
786 8925 67 1008
787 8920 76 1004
788 8920 77 1003
789 8918 75 1007
790 8923 71 1006
791 8912 75 1013
792 8898 77 1025
793 8898 65 1037
794 8890 70 1040
795 8894 77 1029
796 8894 74 1032
797 8880 90 1030
798 8875 95 1030
799 8865 97 1038
800 8845 109 1046
801 8827 110 1063
802 8810 108 1082
803 8793 119 1088
804 8790 106 1104
805 8769 115 1116
806 8758 116 1126
807 8737 135 1128
808 8734 126 1140
809 8725 124 1151
810 8708 128 1164
811 8700 122 1178
812 8683 123 1194
813 8681 114 1205
814 8673 113 1214
815 8666 106 1228
816 8664 95 1241
817 8668 88 1244
818 8663 92 1245
819 8665 88 1247
820 8660 88 1252
821 8645 91 1264
822 8658 78 1264
823 8654 82 1264
824 8651 85 1264
825 8650 83 1267
826 8649 82 1269
827 8652 74 1274
828 8646 82 1272
829 8644 76 1280
830 8645 79 1276
831 8645 79 1276
832 8649 74 1277
833 8648 70 1282
834 8650 66 1284
835 8653 66 1281
836 8657 65 1278
837 8661 67 1272
838 8660 63 1277
839 8659 64 1277
840 8659 67 1274
841 8654 68 1278
842 8657 69 1274
843 8659 72 1269
844 8655 70 1275
845 8658 71 1271
846 8661 74 1265
847 8660 70 1270
848 8660 72 1268
849 8659 73 1268
850 8653 73 1274
851 8639 89 1272
852 8630 96 1274
853 8614 103 1283
854 8607 105 1288
855 8599 101 1300
856 8592 105 1303
857 8582 111 1307
858 8587 104 1309
859 8583 110 1307
860 8567 117 1316
861 8550 125 1325
862 8535 127 1338
863 8520 134 1346
864 8510 140 1350
865 8510 139 1351
866 8491 141 1368
867 8484 149 1367
868 8475 135 1390
869 8474 124 1402
870 8477 116 1407
871 8474 110 1416
872 8459 114 1427
873 8451 118 1431
874 8439 122 1439
875 8430 117 1453
876 8429 110 1461
877 8426 109 1465
878 8419 111 1470
879 8414 114 1472
880 8405 122 1473
881 8393 126 1481
882 8374 137 1489
883 8347 157 1496
884 8329 154 1517
885 8326 153 1521
886 8307 165 1528
887 8297 166 1537
888 8288 158 1554
889 8273 164 1563
890 8258 156 1586
891 8245 151 1604
892 8233 140 1627
893 8221 142 1637
894 8223 137 1640
895 8220 129 1651
896 8222 124 1654
897 8223 120 1657
898 8215 121 1664
899 8216 116 1668
900 8208 121 1671
901 8218 117 1665
902 8211 115 1674
903 8210 105 1685
904 8209 100 1691
905 8207 107 1686
906 8200 100 1700
907 8199 107 1694
908 8195 107 1698
909 8194 107 1699
910 8198 105 1697
911 8190 108 1702
912 8187 114 1699
913 8184 114 1702
914 8182 111 1707
915 8184 105 1711
916 8186 93 1721
917 8187 92 1721
918 8194 82 1724
919 8195 83 1722
920 8194 87 1719
921 8197 84 1719
922 8202 81 1717
923 8209 74 1717
924 8212 77 1711
925 8223 67 1710
926 8225 68 1707
927 8235 62 1703
928 8232 72 1696
929 8244 71 1685
930 8247 67 1686
931 8253 73 1674
932 8259 75 1666
933 8259 87 1654
934 8257 95 1648
935 8255 99 1646
936 8250 105 1645
937 8240 108 1652
938 8235 104 1661
939 8236 109 1655
940 8233 106 1661
941 8223 113 1664
942 8203 124 1673
943 8195 121 1684
944 8187 120 1693
945 8180 124 1696
946 8159 132 1709
947 8150 137 1713
948 8151 142 1707
949 8144 148 1708
950 8121 154 1725
951 8103 169 1728
952 8090 175 1735
953 8080 180 1740
954 8073 177 1750
955 8064 170 1766
956 8047 179 1774
957 8032 184 1784
958 8020 185 1795
959 7988 193 1819
960 7987 177 1836
961 7962 192 1846
962 7950 188 1862
963 7938 191 1871
964 7916 192 1892
965 7910 179 1911
966 7897 189 1914
967 7880 188 1932
968 7867 189 1944
969 7861 185 1954
970 7863 180 1957
971 7862 170 1968
972 7851 168 1981
973 7859 150 1991
974 7863 140 1997
975 7857 153 1990
976 7848 158 1994
977 7856 149 1995
978 7856 146 1998
979 7864 135 2001
980 7871 121 2008
981 7881 108 2011
982 7881 105 2014
983 7892 101 2007
984 7899 105 1996
985 7898 104 1998
986 7899 101 2000
987 7913 87 2000
988 7913 86 2001
989 7926 80 1994
990 7930 83 1987
991 7938 89 1973
992 7940 92 1968
993 7949 92 1959
994 7951 94 1955
995 7966 94 1940
996 7975 94 1931
997 7978 100 1922
998 7975 101 1924
999 7975 106 1919
