1 9.991400e-01 7.440000e-04 1.160000e-04
2 9.981480e-01 1.448000e-03 4.040000e-04
3 9.963840e-01 2.868000e-03 7.480000e-04
4 9.930760e-01 5.604000e-03 1.320000e-03
5 9.867680e-01 1.056800e-02 2.664000e-03
6 9.757720e-01 1.917200e-02 5.056000e-03
7 9.564200e-01 3.390000e-02 9.680000e-03
8 9.249440e-01 5.741200e-02 1.764400e-02
9 8.775640e-01 9.213200e-02 3.030400e-02
10 8.116720e-01 1.381280e-01 5.020000e-02
11 7.281840e-01 1.929280e-01 7.888800e-02
12 6.307720e-01 2.516360e-01 1.175920e-01
13 5.285920e-01 3.055640e-01 1.658440e-01
14 4.289760e-01 3.480760e-01 2.229480e-01
15 3.384280e-01 3.748000e-01 2.867720e-01
16 2.605480e-01 3.859200e-01 3.535320e-01
17 1.959320e-01 3.833600e-01 4.207080e-01
18 1.451920e-01 3.677800e-01 4.870280e-01
19 1.071400e-01 3.432320e-01 5.496280e-01
20 8.007200e-02 3.130440e-01 6.068840e-01
21 6.060800e-02 2.805720e-01 6.588200e-01
22 4.637600e-02 2.484040e-01 7.052200e-01
23 3.620400e-02 2.172960e-01 7.465000e-01
24 2.933200e-02 1.891280e-01 7.815400e-01
25 2.450400e-02 1.632880e-01 8.122080e-01
26 2.110800e-02 1.401840e-01 8.387080e-01
27 1.858400e-02 1.198360e-01 8.615800e-01
28 1.675200e-02 1.024640e-01 8.807840e-01
29 1.541600e-02 8.744800e-02 8.971360e-01
30 1.441600e-02 7.416000e-02 9.114240e-01
31 1.353600e-02 6.326000e-02 9.232040e-01
32 1.286000e-02 5.340800e-02 9.337320e-01
33 1.229600e-02 4.564000e-02 9.420640e-01
34 1.180000e-02 3.867600e-02 9.495240e-01
35 1.140000e-02 3.291200e-02 9.556880e-01
36 1.114400e-02 2.786000e-02 9.609960e-01
37 1.092400e-02 2.351200e-02 9.655640e-01
38 1.069600e-02 1.986800e-02 9.694360e-01
39 1.056000e-02 1.692000e-02 9.725200e-01
40 1.044000e-02 1.424800e-02 9.753120e-01
41 1.033200e-02 1.218000e-02 9.774880e-01
42 1.026000e-02 1.022400e-02 9.795160e-01
43 1.019200e-02 8.708000e-03 9.811000e-01
44 1.012000e-02 7.344000e-03 9.825360e-01
45 1.006000e-02 6.252000e-03 9.836880e-01
46 1.004800e-02 5.252000e-03 9.847000e-01
47 1.000800e-02 4.396000e-03 9.855960e-01
48 9.984000e-03 3.804000e-03 9.862120e-01
49 9.948000e-03 3.236000e-03 9.868160e-01
50 9.928000e-03 2.700000e-03 9.873720e-01
51 9.920000e-03 2.268000e-03 9.878120e-01
52 9.904000e-03 1.952000e-03 9.881440e-01
53 9.896000e-03 1.688000e-03 9.884160e-01
54 9.876000e-03 1.420000e-03 9.887040e-01
55 9.872000e-03 1.212000e-03 9.889160e-01
56 9.856000e-03 1.040000e-03 9.891040e-01
57 9.844000e-03 8.800000e-04 9.892760e-01
58 9.824000e-03 7.440000e-04 9.894320e-01
59 9.820000e-03 6.600000e-04 9.895200e-01
60 9.816000e-03 5.400000e-04 9.896440e-01
61 9.812000e-03 4.680000e-04 9.897200e-01
62 9.804000e-03 3.960000e-04 9.898000e-01
63 9.804000e-03 3.360000e-04 9.898600e-01
64 9.800000e-03 3.000000e-04 9.899000e-01
65 9.796000e-03 2.680000e-04 9.899360e-01
66 9.796000e-03 2.080000e-04 9.899960e-01
67 9.796000e-03 1.760000e-04 9.900280e-01
68 9.796000e-03 1.400000e-04 9.900640e-01
69 9.796000e-03 1.000000e-04 9.901040e-01
70 9.796000e-03 8.400000e-05 9.901200e-01
71 9.796000e-03 6.000000e-05 9.901440e-01
72 9.796000e-03 4.400000e-05 9.901600e-01
73 9.796000e-03 3.200000e-05 9.901720e-01
74 9.796000e-03 2.800000e-05 9.901760e-01
75 9.796000e-03 2.800000e-05 9.901760e-01
76 9.796000e-03 2.800000e-05 9.901760e-01
77 9.796000e-03 2.400000e-05 9.901800e-01
78 9.796000e-03 1.600000e-05 9.901880e-01
79 9.796000e-03 1.600000e-05 9.901880e-01
80 9.796000e-03 1.200000e-05 9.901920e-01
81 9.796000e-03 8.000000e-06 9.901960e-01
82 9.796000e-03 8.000000e-06 9.901960e-01
83 9.796000e-03 4.000000e-06 9.902000e-01
84 9.796000e-03 4.000000e-06 9.902000e-01
85 9.796000e-03 4.000000e-06 9.902000e-01
86 9.796000e-03 4.000000e-06 9.902000e-01
87 9.796000e-03 4.000000e-06 9.902000e-01
88 9.796000e-03 4.000000e-06 9.902000e-01
89 9.796000e-03 0.000000e+00 9.902040e-01
90 9.796000e-03 0.000000e+00 9.902040e-01
91 9.796000e-03 0.000000e+00 9.902040e-01
92 9.796000e-03 0.000000e+00 9.902040e-01
93 9.796000e-03 0.000000e+00 9.902040e-01
94 9.796000e-03 0.000000e+00 9.902040e-01
95 9.796000e-03 0.000000e+00 9.902040e-01
96 9.796000e-03 0.000000e+00 9.902040e-01
97 9.796000e-03 0.000000e+00 9.902040e-01
98 9.796000e-03 0.000000e+00 9.902040e-01
99 9.796000e-03 0.000000e+00 9.902040e-01
100 9.796000e-03 0.000000e+00 9.902040e-01
101 9.796000e-03 0.000000e+00 9.902040e-01
102 9.796000e-03 0.000000e+00 9.902040e-01
103 9.796000e-03 0.000000e+00 9.902040e-01
104 9.796000e-03 0.000000e+00 9.902040e-01
105 9.796000e-03 0.000000e+00 9.902040e-01
106 9.796000e-03 0.000000e+00 9.902040e-01
107 9.796000e-03 0.000000e+00 9.902040e-01
108 9.796000e-03 0.000000e+00 9.902040e-01
109 9.796000e-03 0.000000e+00 9.902040e-01
110 9.796000e-03 0.000000e+00 9.902040e-01
111 9.796000e-03 0.000000e+00 9.902040e-01
112 9.796000e-03 0.000000e+00 9.902040e-01
113 9.796000e-03 0.000000e+00 9.902040e-01
114 9.796000e-03 0.000000e+00 9.902040e-01
115 9.796000e-03 0.000000e+00 9.902040e-01
116 9.796000e-03 0.000000e+00 9.902040e-01
117 9.796000e-03 0.000000e+00 9.902040e-01
118 9.796000e-03 0.000000e+00 9.902040e-01
119 9.796000e-03 0.000000e+00 9.902040e-01
120 9.796000e-03 0.000000e+00 9.902040e-01
121 9.796000e-03 0.000000e+00 9.902040e-01
122 9.796000e-03 0.000000e+00 9.902040e-01
123 9.796000e-03 0.000000e+00 9.902040e-01
124 9.796000e-03 0.000000e+00 9.902040e-01
125 9.796000e-03 0.000000e+00 9.902040e-01
126 9.796000e-03 0.000000e+00 9.902040e-01
127 9.796000e-03 0.000000e+00 9.902040e-01
128 9.796000e-03 0.000000e+00 9.902040e-01
129 9.796000e-03 0.000000e+00 9.902040e-01
130 9.796000e-03 0.000000e+00 9.902040e-01
131 9.796000e-03 0.000000e+00 9.902040e-01
132 9.796000e-03 0.000000e+00 9.902040e-01
133 9.796000e-03 0.000000e+00 9.902040e-01
134 9.796000e-03 0.000000e+00 9.902040e-01
135 9.796000e-03 0.000000e+00 9.902040e-01
136 9.796000e-03 0.000000e+00 9.902040e-01
137 9.796000e-03 0.000000e+00 9.902040e-01
138 9.796000e-03 0.000000e+00 9.902040e-01
139 9.796000e-03 0.000000e+00 9.902040e-01
140 9.796000e-03 0.000000e+00 9.902040e-01
141 9.796000e-03 0.000000e+00 9.902040e-01
142 9.796000e-03 0.000000e+00 9.902040e-01
143 9.796000e-03 0.000000e+00 9.902040e-01
144 9.796000e-03 0.000000e+00 9.902040e-01
145 9.796000e-03 0.000000e+00 9.902040e-01
146 9.796000e-03 0.000000e+00 9.902040e-01
147 9.796000e-03 0.000000e+00 9.902040e-01
148 9.796000e-03 0.000000e+00 9.902040e-01
149 9.796000e-03 0.000000e+00 9.902040e-01
150 9.796000e-03 0.000000e+00 9.902040e-01
151 9.796000e-03 0.000000e+00 9.902040e-01
152 9.796000e-03 0.000000e+00 9.902040e-01
153 9.796000e-03 0.000000e+00 9.902040e-01
154 9.796000e-03 0.000000e+00 9.902040e-01
155 9.796000e-03 0.000000e+00 9.902040e-01
156 9.796000e-03 0.000000e+00 9.902040e-01
157 9.796000e-03 0.000000e+00 9.902040e-01
158 9.796000e-03 0.000000e+00 9.902040e-01
159 9.796000e-03 0.000000e+00 9.902040e-01
160 9.796000e-03 0.000000e+00 9.902040e-01
161 9.796000e-03 0.000000e+00 9.902040e-01
162 9.796000e-03 0.000000e+00 9.902040e-01
163 9.796000e-03 0.000000e+00 9.902040e-01
164 9.796000e-03 0.000000e+00 9.902040e-01
165 9.796000e-03 0.000000e+00 9.902040e-01
166 9.796000e-03 0.000000e+00 9.902040e-01
167 9.796000e-03 0.000000e+00 9.902040e-01
168 9.796000e-03 0.000000e+00 9.902040e-01
169 9.796000e-03 0.000000e+00 9.902040e-01
170 9.796000e-03 0.000000e+00 9.902040e-01
171 9.796000e-03 0.000000e+00 9.902040e-01
172 9.796000e-03 0.000000e+00 9.902040e-01
173 9.796000e-03 0.000000e+00 9.902040e-01
174 9.796000e-03 0.000000e+00 9.902040e-01
175 9.796000e-03 0.000000e+00 9.902040e-01
176 9.796000e-03 0.000000e+00 9.902040e-01
177 9.796000e-03 0.000000e+00 9.902040e-01
178 9.796000e-03 0.000000e+00 9.902040e-01
179 9.796000e-03 0.000000e+00 9.902040e-01
180 9.796000e-03 0.000000e+00 9.902040e-01
181 9.796000e-03 0.000000e+00 9.902040e-01
182 9.796000e-03 0.000000e+00 9.902040e-01
183 9.796000e-03 0.000000e+00 9.902040e-01
184 9.796000e-03 0.000000e+00 9.902040e-01
185 9.796000e-03 0.000000e+00 9.902040e-01
186 9.796000e-03 0.000000e+00 9.902040e-01
187 9.796000e-03 0.000000e+00 9.902040e-01
188 9.796000e-03 0.000000e+00 9.902040e-01
189 9.796000e-03 0.000000e+00 9.902040e-01
190 9.796000e-03 0.000000e+00 9.902040e-01
191 9.796000e-03 0.000000e+00 9.902040e-01
192 9.796000e-03 0.000000e+00 9.902040e-01
193 9.796000e-03 0.000000e+00 9.902040e-01
194 9.796000e-03 0.000000e+00 9.902040e-01
195 9.796000e-03 0.000000e+00 9.902040e-01
196 9.796000e-03 0.000000e+00 9.902040e-01
197 9.796000e-03 0.000000e+00 9.902040e-01
198 9.796000e-03 0.000000e+00 9.902040e-01
199 9.796000e-03 0.000000e+00 9.902040e-01
200 9.796000e-03 0.000000e+00 9.902040e-01
201 9.796000e-03 0.000000e+00 9.902040e-01
202 9.796000e-03 0.000000e+00 9.902040e-01
203 9.796000e-03 0.000000e+00 9.902040e-01
204 9.796000e-03 0.000000e+00 9.902040e-01
205 9.796000e-03 0.000000e+00 9.902040e-01
206 9.796000e-03 0.000000e+00 9.902040e-01
207 9.796000e-03 0.000000e+00 9.902040e-01
208 9.796000e-03 0.000000e+00 9.902040e-01
209 9.796000e-03 0.000000e+00 9.902040e-01
210 9.796000e-03 0.000000e+00 9.902040e-01
211 9.796000e-03 0.000000e+00 9.902040e-01
212 9.796000e-03 0.000000e+00 9.902040e-01
213 9.796000e-03 0.000000e+00 9.902040e-01
214 9.796000e-03 0.000000e+00 9.902040e-01
215 9.796000e-03 0.000000e+00 9.902040e-01
216 9.796000e-03 0.000000e+00 9.902040e-01
217 9.796000e-03 0.000000e+00 9.902040e-01
218 9.796000e-03 0.000000e+00 9.902040e-01
219 9.796000e-03 0.000000e+00 9.902040e-01
220 9.796000e-03 0.000000e+00 9.902040e-01
221 9.796000e-03 0.000000e+00 9.902040e-01
222 9.796000e-03 0.000000e+00 9.902040e-01
223 9.796000e-03 0.000000e+00 9.902040e-01
224 9.796000e-03 0.000000e+00 9.902040e-01
225 9.796000e-03 0.000000e+00 9.902040e-01
226 9.796000e-03 0.000000e+00 9.902040e-01
227 9.796000e-03 0.000000e+00 9.902040e-01
228 9.796000e-03 0.000000e+00 9.902040e-01
229 9.796000e-03 0.000000e+00 9.902040e-01
230 9.796000e-03 0.000000e+00 9.902040e-01
231 9.796000e-03 0.000000e+00 9.902040e-01
232 9.796000e-03 0.000000e+00 9.902040e-01
233 9.796000e-03 0.000000e+00 9.902040e-01
234 9.796000e-03 0.000000e+00 9.902040e-01
235 9.796000e-03 0.000000e+00 9.902040e-01
236 9.796000e-03 0.000000e+00 9.902040e-01
237 9.796000e-03 0.000000e+00 9.902040e-01
238 9.796000e-03 0.000000e+00 9.902040e-01
239 9.796000e-03 0.000000e+00 9.902040e-01
240 9.796000e-03 0.000000e+00 9.902040e-01
241 9.796000e-03 0.000000e+00 9.902040e-01
242 9.796000e-03 0.000000e+00 9.902040e-01
243 9.796000e-03 0.000000e+00 9.902040e-01
244 9.796000e-03 0.000000e+00 9.902040e-01
245 9.796000e-03 0.000000e+00 9.902040e-01
246 9.796000e-03 0.000000e+00 9.902040e-01
247 9.796000e-03 0.000000e+00 9.902040e-01
248 9.796000e-03 0.000000e+00 9.902040e-01
249 9.796000e-03 0.000000e+00 9.902040e-01
250 9.796000e-03 0.000000e+00 9.902040e-01
251 9.796000e-03 0.000000e+00 9.902040e-01
252 9.796000e-03 0.000000e+00 9.902040e-01
253 9.796000e-03 0.000000e+00 9.902040e-01
254 9.796000e-03 0.000000e+00 9.902040e-01
255 9.796000e-03 0.000000e+00 9.902040e-01
256 9.796000e-03 0.000000e+00 9.902040e-01
257 9.796000e-03 0.000000e+00 9.902040e-01
258 9.796000e-03 0.000000e+00 9.902040e-01
259 9.796000e-03 0.000000e+00 9.902040e-01
260 9.796000e-03 0.000000e+00 9.902040e-01
261 9.796000e-03 0.000000e+00 9.902040e-01
262 9.796000e-03 0.000000e+00 9.902040e-01
263 9.796000e-03 0.000000e+00 9.902040e-01
264 9.796000e-03 0.000000e+00 9.902040e-01
265 9.796000e-03 0.000000e+00 9.902040e-01
266 9.796000e-03 0.000000e+00 9.902040e-01
267 9.796000e-03 0.000000e+00 9.902040e-01
268 9.796000e-03 0.000000e+00 9.902040e-01
269 9.796000e-03 0.000000e+00 9.902040e-01
270 9.796000e-03 0.000000e+00 9.902040e-01
271 9.796000e-03 0.000000e+00 9.902040e-01
272 9.796000e-03 0.000000e+00 9.902040e-01
273 9.796000e-03 0.000000e+00 9.902040e-01
274 9.796000e-03 0.000000e+00 9.902040e-01
275 9.796000e-03 0.000000e+00 9.902040e-01
276 9.796000e-03 0.000000e+00 9.902040e-01
277 9.796000e-03 0.000000e+00 9.902040e-01
278 9.796000e-03 0.000000e+00 9.902040e-01
279 9.796000e-03 0.000000e+00 9.902040e-01
280 9.796000e-03 0.000000e+00 9.902040e-01
281 9.796000e-03 0.000000e+00 9.902040e-01
282 9.796000e-03 0.000000e+00 9.902040e-01
283 9.796000e-03 0.000000e+00 9.902040e-01
284 9.796000e-03 0.000000e+00 9.902040e-01
285 9.796000e-03 0.000000e+00 9.902040e-01
286 9.796000e-03 0.000000e+00 9.902040e-01
287 9.796000e-03 0.000000e+00 9.902040e-01
288 9.796000e-03 0.000000e+00 9.902040e-01
289 9.796000e-03 0.000000e+00 9.902040e-01
290 9.796000e-03 0.000000e+00 9.902040e-01
291 9.796000e-03 0.000000e+00 9.902040e-01
292 9.796000e-03 0.000000e+00 9.902040e-01
293 9.796000e-03 0.000000e+00 9.902040e-01
294 9.796000e-03 0.000000e+00 9.902040e-01
295 9.796000e-03 0.000000e+00 9.902040e-01
296 9.796000e-03 0.000000e+00 9.902040e-01
297 9.796000e-03 0.000000e+00 9.902040e-01
298 9.796000e-03 0.000000e+00 9.902040e-01
299 9.796000e-03 0.000000e+00 9.902040e-01
300 9.796000e-03 0.000000e+00 9.902040e-01
301 9.796000e-03 0.000000e+00 9.902040e-01
302 9.796000e-03 0.000000e+00 9.902040e-01
303 9.796000e-03 0.000000e+00 9.902040e-01
304 9.796000e-03 0.000000e+00 9.902040e-01
305 9.796000e-03 0.000000e+00 9.902040e-01
306 9.796000e-03 0.000000e+00 9.902040e-01
307 9.796000e-03 0.000000e+00 9.902040e-01
308 9.796000e-03 0.000000e+00 9.902040e-01
309 9.796000e-03 0.000000e+00 9.902040e-01
310 9.796000e-03 0.000000e+00 9.902040e-01
311 9.796000e-03 0.000000e+00 9.902040e-01
312 9.796000e-03 0.000000e+00 9.902040e-01
313 9.796000e-03 0.000000e+00 9.902040e-01
314 9.796000e-03 0.000000e+00 9.902040e-01
315 9.796000e-03 0.000000e+00 9.902040e-01
316 9.796000e-03 0.000000e+00 9.902040e-01
317 9.796000e-03 0.000000e+00 9.902040e-01
318 9.796000e-03 0.000000e+00 9.902040e-01
319 9.796000e-03 0.000000e+00 9.902040e-01
320 9.796000e-03 0.000000e+00 9.902040e-01
321 9.796000e-03 0.000000e+00 9.902040e-01
322 9.796000e-03 0.000000e+00 9.902040e-01
323 9.796000e-03 0.000000e+00 9.902040e-01
324 9.796000e-03 0.000000e+00 9.902040e-01
325 9.796000e-03 0.000000e+00 9.902040e-01
326 9.796000e-03 0.000000e+00 9.902040e-01
327 9.796000e-03 0.000000e+00 9.902040e-01
328 9.796000e-03 0.000000e+00 9.902040e-01
329 9.796000e-03 0.000000e+00 9.902040e-01
330 9.796000e-03 0.000000e+00 9.902040e-01
331 9.796000e-03 0.000000e+00 9.902040e-01
332 9.796000e-03 0.000000e+00 9.902040e-01
333 9.796000e-03 0.000000e+00 9.902040e-01
334 9.796000e-03 0.000000e+00 9.902040e-01
335 9.796000e-03 0.000000e+00 9.902040e-01
336 9.796000e-03 0.000000e+00 9.902040e-01
337 9.796000e-03 0.000000e+00 9.902040e-01
338 9.796000e-03 0.000000e+00 9.902040e-01
339 9.796000e-03 0.000000e+00 9.902040e-01
340 9.796000e-03 0.000000e+00 9.902040e-01
341 9.796000e-03 0.000000e+00 9.902040e-01
342 9.796000e-03 0.000000e+00 9.902040e-01
343 9.796000e-03 0.000000e+00 9.902040e-01
344 9.796000e-03 0.000000e+00 9.902040e-01
345 9.796000e-03 0.000000e+00 9.902040e-01
346 9.796000e-03 0.000000e+00 9.902040e-01
347 9.796000e-03 0.000000e+00 9.902040e-01
348 9.796000e-03 0.000000e+00 9.902040e-01
349 9.796000e-03 0.000000e+00 9.902040e-01
350 9.796000e-03 0.000000e+00 9.902040e-01
351 9.796000e-03 0.000000e+00 9.902040e-01
352 9.796000e-03 0.000000e+00 9.902040e-01
353 9.796000e-03 0.000000e+00 9.902040e-01
354 9.796000e-03 0.000000e+00 9.902040e-01
355 9.796000e-03 0.000000e+00 9.902040e-01
356 9.796000e-03 0.000000e+00 9.902040e-01
357 9.796000e-03 0.000000e+00 9.902040e-01
358 9.796000e-03 0.000000e+00 9.902040e-01
359 9.796000e-03 0.000000e+00 9.902040e-01
360 9.796000e-03 0.000000e+00 9.902040e-01
361 9.796000e-03 0.000000e+00 9.902040e-01
362 9.796000e-03 0.000000e+00 9.902040e-01
363 9.796000e-03 0.000000e+00 9.902040e-01
364 9.796000e-03 0.000000e+00 9.902040e-01
365 9.796000e-03 0.000000e+00 9.902040e-01
366 9.796000e-03 0.000000e+00 9.902040e-01
367 9.796000e-03 0.000000e+00 9.902040e-01
368 9.796000e-03 0.000000e+00 9.902040e-01
369 9.796000e-03 0.000000e+00 9.902040e-01
370 9.796000e-03 0.000000e+00 9.902040e-01
371 9.796000e-03 0.000000e+00 9.902040e-01
372 9.796000e-03 0.000000e+00 9.902040e-01
373 9.796000e-03 0.000000e+00 9.902040e-01
374 9.796000e-03 0.000000e+00 9.902040e-01
375 9.796000e-03 0.000000e+00 9.902040e-01
376 9.796000e-03 0.000000e+00 9.902040e-01
377 9.796000e-03 0.000000e+00 9.902040e-01
378 9.796000e-03 0.000000e+00 9.902040e-01
379 9.796000e-03 0.000000e+00 9.902040e-01
380 9.796000e-03 0.000000e+00 9.902040e-01
381 9.796000e-03 0.000000e+00 9.902040e-01
382 9.796000e-03 0.000000e+00 9.902040e-01
383 9.796000e-03 0.000000e+00 9.902040e-01
384 9.796000e-03 0.000000e+00 9.902040e-01
385 9.796000e-03 0.000000e+00 9.902040e-01
386 9.796000e-03 0.000000e+00 9.902040e-01
387 9.796000e-03 0.000000e+00 9.902040e-01
388 9.796000e-03 0.000000e+00 9.902040e-01
389 9.796000e-03 0.000000e+00 9.902040e-01
390 9.796000e-03 0.000000e+00 9.902040e-01
391 9.796000e-03 0.000000e+00 9.902040e-01
392 9.796000e-03 0.000000e+00 9.902040e-01
393 9.796000e-03 0.000000e+00 9.902040e-01
394 9.796000e-03 0.000000e+00 9.902040e-01
395 9.796000e-03 0.000000e+00 9.902040e-01
396 9.796000e-03 0.000000e+00 9.902040e-01
397 9.796000e-03 0.000000e+00 9.902040e-01
398 9.796000e-03 0.000000e+00 9.902040e-01
399 9.796000e-03 0.000000e+00 9.902040e-01
400 9.796000e-03 0.000000e+00 9.902040e-01
401 9.796000e-03 0.000000e+00 9.902040e-01
402 9.796000e-03 0.000000e+00 9.902040e-01
403 9.796000e-03 0.000000e+00 9.902040e-01
404 9.796000e-03 0.000000e+00 9.902040e-01
405 9.796000e-03 0.000000e+00 9.902040e-01
406 9.796000e-03 0.000000e+00 9.902040e-01
407 9.796000e-03 0.000000e+00 9.902040e-01
408 9.796000e-03 0.000000e+00 9.902040e-01
409 9.796000e-03 0.000000e+00 9.902040e-01
410 9.796000e-03 0.000000e+00 9.902040e-01
411 9.796000e-03 0.000000e+00 9.902040e-01
412 9.796000e-03 0.000000e+00 9.902040e-01
413 9.796000e-03 0.000000e+00 9.902040e-01
414 9.796000e-03 0.000000e+00 9.902040e-01
415 9.796000e-03 0.000000e+00 9.902040e-01
416 9.796000e-03 0.000000e+00 9.902040e-01
417 9.796000e-03 0.000000e+00 9.902040e-01
418 9.796000e-03 0.000000e+00 9.902040e-01
419 9.796000e-03 0.000000e+00 9.902040e-01
420 9.796000e-03 0.000000e+00 9.902040e-01
421 9.796000e-03 0.000000e+00 9.902040e-01
422 9.796000e-03 0.000000e+00 9.902040e-01
423 9.796000e-03 0.000000e+00 9.902040e-01
424 9.796000e-03 0.000000e+00 9.902040e-01
425 9.796000e-03 0.000000e+00 9.902040e-01
426 9.796000e-03 0.000000e+00 9.902040e-01
427 9.796000e-03 0.000000e+00 9.902040e-01
428 9.796000e-03 0.000000e+00 9.902040e-01
429 9.796000e-03 0.000000e+00 9.902040e-01
430 9.796000e-03 0.000000e+00 9.902040e-01
431 9.796000e-03 0.000000e+00 9.902040e-01
432 9.796000e-03 0.000000e+00 9.902040e-01
433 9.796000e-03 0.000000e+00 9.902040e-01
434 9.796000e-03 0.000000e+00 9.902040e-01
435 9.796000e-03 0.000000e+00 9.902040e-01
436 9.796000e-03 0.000000e+00 9.902040e-01
437 9.796000e-03 0.000000e+00 9.902040e-01
438 9.796000e-03 0.000000e+00 9.902040e-01
439 9.796000e-03 0.000000e+00 9.902040e-01
440 9.796000e-03 0.000000e+00 9.902040e-01
441 9.796000e-03 0.000000e+00 9.902040e-01
442 9.796000e-03 0.000000e+00 9.902040e-01
443 9.796000e-03 0.000000e+00 9.902040e-01
444 9.796000e-03 0.000000e+00 9.902040e-01
445 9.796000e-03 0.000000e+00 9.902040e-01
446 9.796000e-03 0.000000e+00 9.902040e-01
447 9.796000e-03 0.000000e+00 9.902040e-01
448 9.796000e-03 0.000000e+00 9.902040e-01
449 9.796000e-03 0.000000e+00 9.902040e-01
450 9.796000e-03 0.000000e+00 9.902040e-01
451 9.796000e-03 0.000000e+00 9.902040e-01
452 9.796000e-03 0.000000e+00 9.902040e-01
453 9.796000e-03 0.000000e+00 9.902040e-01
454 9.796000e-03 0.000000e+00 9.902040e-01
455 9.796000e-03 0.000000e+00 9.902040e-01
456 9.796000e-03 0.000000e+00 9.902040e-01
457 9.796000e-03 0.000000e+00 9.902040e-01
458 9.796000e-03 0.000000e+00 9.902040e-01
459 9.796000e-03 0.000000e+00 9.902040e-01
460 9.796000e-03 0.000000e+00 9.902040e-01
461 9.796000e-03 0.000000e+00 9.902040e-01
462 9.796000e-03 0.000000e+00 9.902040e-01
463 9.796000e-03 0.000000e+00 9.902040e-01
464 9.796000e-03 0.000000e+00 9.902040e-01
465 9.796000e-03 0.000000e+00 9.902040e-01
466 9.796000e-03 0.000000e+00 9.902040e-01
467 9.796000e-03 0.000000e+00 9.902040e-01
468 9.796000e-03 0.000000e+00 9.902040e-01
469 9.796000e-03 0.000000e+00 9.902040e-01
470 9.796000e-03 0.000000e+00 9.902040e-01
471 9.796000e-03 0.000000e+00 9.902040e-01
472 9.796000e-03 0.000000e+00 9.902040e-01
473 9.796000e-03 0.000000e+00 9.902040e-01
474 9.796000e-03 0.000000e+00 9.902040e-01
475 9.796000e-03 0.000000e+00 9.902040e-01
476 9.796000e-03 0.000000e+00 9.902040e-01
477 9.796000e-03 0.000000e+00 9.902040e-01
478 9.796000e-03 0.000000e+00 9.902040e-01
479 9.796000e-03 0.000000e+00 9.902040e-01
480 9.796000e-03 0.000000e+00 9.902040e-01
481 9.796000e-03 0.000000e+00 9.902040e-01
482 9.796000e-03 0.000000e+00 9.902040e-01
483 9.796000e-03 0.000000e+00 9.902040e-01
484 9.796000e-03 0.000000e+00 9.902040e-01
485 9.796000e-03 0.000000e+00 9.902040e-01
486 9.796000e-03 0.000000e+00 9.902040e-01
487 9.796000e-03 0.000000e+00 9.902040e-01
488 9.796000e-03 0.000000e+00 9.902040e-01
489 9.796000e-03 0.000000e+00 9.902040e-01
490 9.796000e-03 0.000000e+00 9.902040e-01
491 9.796000e-03 0.000000e+00 9.902040e-01
492 9.796000e-03 0.000000e+00 9.902040e-01
493 9.796000e-03 0.000000e+00 9.902040e-01
494 9.796000e-03 0.000000e+00 9.902040e-01
495 9.796000e-03 0.000000e+00 9.902040e-01
496 9.796000e-03 0.000000e+00 9.902040e-01
497 9.796000e-03 0.000000e+00 9.902040e-01
498 9.796000e-03 0.000000e+00 9.902040e-01
499 9.796000e-03 0.000000e+00 9.902040e-01
500 9.796000e-03 0.000000e+00 9.902040e-01
