1 9.991760e-01 7.200000e-04 1.040000e-04
2 9.982480e-01 1.476000e-03 2.760000e-04
3 9.965160e-01 2.848000e-03 6.360000e-04
4 9.932920e-01 5.396000e-03 1.312000e-03
5 9.877000e-01 9.632000e-03 2.668000e-03
6 9.778520e-01 1.720000e-02 4.948000e-03
7 9.599040e-01 3.104400e-02 9.052000e-03
8 9.300080e-01 5.370400e-02 1.628800e-02
9 8.834440e-01 8.822400e-02 2.833200e-02
10 8.170280e-01 1.351640e-01 4.780800e-02
11 7.324280e-01 1.913160e-01 7.625600e-02
12 6.334040e-01 2.512600e-01 1.153360e-01
13 5.284320e-01 3.076600e-01 1.639080e-01
14 4.245920e-01 3.532080e-01 2.222000e-01
15 3.284120e-01 3.845000e-01 2.870880e-01
16 2.476880e-01 3.959000e-01 3.564120e-01
17 1.835000e-01 3.915680e-01 4.249320e-01
18 1.340640e-01 3.737800e-01 4.921560e-01
19 9.803200e-02 3.467160e-01 5.552520e-01
20 7.291600e-02 3.140160e-01 6.130680e-01
21 5.513600e-02 2.801600e-01 6.647040e-01
22 4.245200e-02 2.471360e-01 7.104120e-01
23 3.365200e-02 2.152600e-01 7.510880e-01
24 2.758000e-02 1.864680e-01 7.859520e-01
25 2.333200e-02 1.599560e-01 8.167120e-01
26 2.028400e-02 1.373480e-01 8.423680e-01
27 1.802000e-02 1.173400e-01 8.646400e-01
28 1.634000e-02 1.000760e-01 8.835840e-01
29 1.517600e-02 8.457200e-02 9.002520e-01
30 1.415600e-02 7.169200e-02 9.141520e-01
31 1.322000e-02 6.082400e-02 9.259560e-01
32 1.262400e-02 5.178000e-02 9.355960e-01
33 1.208000e-02 4.399200e-02 9.439280e-01
34 1.171200e-02 3.724800e-02 9.510400e-01
35 1.138400e-02 3.170400e-02 9.569120e-01
36 1.112400e-02 2.683200e-02 9.620440e-01
37 1.086000e-02 2.280800e-02 9.663320e-01
38 1.065600e-02 1.950800e-02 9.698360e-01
39 1.048400e-02 1.646400e-02 9.730520e-01
40 1.033200e-02 1.391600e-02 9.757520e-01
41 1.020000e-02 1.191600e-02 9.778840e-01
42 1.010400e-02 1.007200e-02 9.798240e-01
43 1.005600e-02 8.492000e-03 9.814520e-01
44 1.000400e-02 7.200000e-03 9.827960e-01
45 9.932000e-03 6.116000e-03 9.839520e-01
46 9.892000e-03 5.224000e-03 9.848840e-01
47 9.836000e-03 4.444000e-03 9.857200e-01
48 9.812000e-03 3.728000e-03 9.864600e-01
49 9.788000e-03 3.128000e-03 9.870840e-01
50 9.776000e-03 2.628000e-03 9.875960e-01
51 9.760000e-03 2.256000e-03 9.879840e-01
52 9.736000e-03 1.892000e-03 9.883720e-01
53 9.732000e-03 1.556000e-03 9.887120e-01
54 9.728000e-03 1.320000e-03 9.889520e-01
55 9.724000e-03 1.188000e-03 9.890880e-01
56 9.704000e-03 9.920000e-04 9.893040e-01
57 9.700000e-03 8.720000e-04 9.894280e-01
58 9.696000e-03 7.200000e-04 9.895840e-01
59 9.692000e-03 6.000000e-04 9.897080e-01
60 9.692000e-03 5.240000e-04 9.897840e-01
61 9.692000e-03 4.240000e-04 9.898840e-01
62 9.692000e-03 3.800000e-04 9.899280e-01
63 9.692000e-03 2.960000e-04 9.900120e-01
64 9.688000e-03 2.520000e-04 9.900600e-01
65 9.688000e-03 2.160000e-04 9.900960e-01
66 9.688000e-03 1.960000e-04 9.901160e-01
67 9.688000e-03 1.640000e-04 9.901480e-01
68 9.680000e-03 1.520000e-04 9.901680e-01
69 9.676000e-03 1.360000e-04 9.901880e-01
70 9.676000e-03 1.080000e-04 9.902160e-01
71 9.676000e-03 9.200000e-05 9.902320e-01
72 9.676000e-03 7.600000e-05 9.902480e-01
73 9.676000e-03 6.000000e-05 9.902640e-01
74 9.676000e-03 5.600000e-05 9.902680e-01
75 9.676000e-03 4.800000e-05 9.902760e-01
76 9.676000e-03 3.600000e-05 9.902880e-01
77 9.676000e-03 3.600000e-05 9.902880e-01
78 9.676000e-03 3.200000e-05 9.902920e-01
79 9.676000e-03 2.400000e-05 9.903000e-01
80 9.676000e-03 1.200000e-05 9.903120e-01
81 9.676000e-03 1.200000e-05 9.903120e-01
82 9.676000e-03 1.200000e-05 9.903120e-01
83 9.676000e-03 1.200000e-05 9.903120e-01
84 9.676000e-03 1.200000e-05 9.903120e-01
85 9.676000e-03 1.200000e-05 9.903120e-01
86 9.676000e-03 8.000000e-06 9.903160e-01
87 9.676000e-03 8.000000e-06 9.903160e-01
88 9.676000e-03 8.000000e-06 9.903160e-01
89 9.676000e-03 8.000000e-06 9.903160e-01
90 9.676000e-03 8.000000e-06 9.903160e-01
91 9.676000e-03 8.000000e-06 9.903160e-01
92 9.676000e-03 8.000000e-06 9.903160e-01
93 9.676000e-03 8.000000e-06 9.903160e-01
94 9.676000e-03 8.000000e-06 9.903160e-01
95 9.676000e-03 8.000000e-06 9.903160e-01
96 9.676000e-03 8.000000e-06 9.903160e-01
97 9.676000e-03 4.000000e-06 9.903200e-01
98 9.676000e-03 0.000000e+00 9.903240e-01
99 9.676000e-03 0.000000e+00 9.903240e-01
100 9.676000e-03 0.000000e+00 9.903240e-01
101 9.676000e-03 0.000000e+00 9.903240e-01
102 9.676000e-03 0.000000e+00 9.903240e-01
103 9.676000e-03 0.000000e+00 9.903240e-01
104 9.676000e-03 0.000000e+00 9.903240e-01
105 9.676000e-03 0.000000e+00 9.903240e-01
106 9.676000e-03 0.000000e+00 9.903240e-01
107 9.676000e-03 0.000000e+00 9.903240e-01
108 9.676000e-03 0.000000e+00 9.903240e-01
109 9.676000e-03 0.000000e+00 9.903240e-01
110 9.676000e-03 0.000000e+00 9.903240e-01
111 9.676000e-03 0.000000e+00 9.903240e-01
112 9.676000e-03 0.000000e+00 9.903240e-01
113 9.676000e-03 0.000000e+00 9.903240e-01
114 9.676000e-03 0.000000e+00 9.903240e-01
115 9.676000e-03 0.000000e+00 9.903240e-01
116 9.676000e-03 0.000000e+00 9.903240e-01
117 9.676000e-03 0.000000e+00 9.903240e-01
118 9.676000e-03 0.000000e+00 9.903240e-01
119 9.676000e-03 0.000000e+00 9.903240e-01
120 9.676000e-03 0.000000e+00 9.903240e-01
121 9.676000e-03 0.000000e+00 9.903240e-01
122 9.676000e-03 0.000000e+00 9.903240e-01
123 9.676000e-03 0.000000e+00 9.903240e-01
124 9.676000e-03 0.000000e+00 9.903240e-01
125 9.676000e-03 0.000000e+00 9.903240e-01
126 9.676000e-03 0.000000e+00 9.903240e-01
127 9.676000e-03 0.000000e+00 9.903240e-01
128 9.676000e-03 0.000000e+00 9.903240e-01
129 9.676000e-03 0.000000e+00 9.903240e-01
130 9.676000e-03 0.000000e+00 9.903240e-01
131 9.676000e-03 0.000000e+00 9.903240e-01
132 9.676000e-03 0.000000e+00 9.903240e-01
133 9.676000e-03 0.000000e+00 9.903240e-01
134 9.676000e-03 0.000000e+00 9.903240e-01
135 9.676000e-03 0.000000e+00 9.903240e-01
136 9.676000e-03 0.000000e+00 9.903240e-01
137 9.676000e-03 0.000000e+00 9.903240e-01
138 9.676000e-03 0.000000e+00 9.903240e-01
139 9.676000e-03 0.000000e+00 9.903240e-01
140 9.676000e-03 0.000000e+00 9.903240e-01
141 9.676000e-03 0.000000e+00 9.903240e-01
142 9.676000e-03 0.000000e+00 9.903240e-01
143 9.676000e-03 0.000000e+00 9.903240e-01
144 9.676000e-03 0.000000e+00 9.903240e-01
145 9.676000e-03 0.000000e+00 9.903240e-01
146 9.676000e-03 0.000000e+00 9.903240e-01
147 9.676000e-03 0.000000e+00 9.903240e-01
148 9.676000e-03 0.000000e+00 9.903240e-01
149 9.676000e-03 0.000000e+00 9.903240e-01
150 9.676000e-03 0.000000e+00 9.903240e-01
151 9.676000e-03 0.000000e+00 9.903240e-01
152 9.676000e-03 0.000000e+00 9.903240e-01
153 9.676000e-03 0.000000e+00 9.903240e-01
154 9.676000e-03 0.000000e+00 9.903240e-01
155 9.676000e-03 0.000000e+00 9.903240e-01
156 9.676000e-03 0.000000e+00 9.903240e-01
157 9.676000e-03 0.000000e+00 9.903240e-01
158 9.676000e-03 0.000000e+00 9.903240e-01
159 9.676000e-03 0.000000e+00 9.903240e-01
160 9.676000e-03 0.000000e+00 9.903240e-01
161 9.676000e-03 0.000000e+00 9.903240e-01
162 9.676000e-03 0.000000e+00 9.903240e-01
163 9.676000e-03 0.000000e+00 9.903240e-01
164 9.676000e-03 0.000000e+00 9.903240e-01
165 9.676000e-03 0.000000e+00 9.903240e-01
166 9.676000e-03 0.000000e+00 9.903240e-01
167 9.676000e-03 0.000000e+00 9.903240e-01
168 9.676000e-03 0.000000e+00 9.903240e-01
169 9.676000e-03 0.000000e+00 9.903240e-01
170 9.676000e-03 0.000000e+00 9.903240e-01
171 9.676000e-03 0.000000e+00 9.903240e-01
172 9.676000e-03 0.000000e+00 9.903240e-01
173 9.676000e-03 0.000000e+00 9.903240e-01
174 9.676000e-03 0.000000e+00 9.903240e-01
175 9.676000e-03 0.000000e+00 9.903240e-01
176 9.676000e-03 0.000000e+00 9.903240e-01
177 9.676000e-03 0.000000e+00 9.903240e-01
178 9.676000e-03 0.000000e+00 9.903240e-01
179 9.676000e-03 0.000000e+00 9.903240e-01
180 9.676000e-03 0.000000e+00 9.903240e-01
181 9.676000e-03 0.000000e+00 9.903240e-01
182 9.676000e-03 0.000000e+00 9.903240e-01
183 9.676000e-03 0.000000e+00 9.903240e-01
184 9.676000e-03 0.000000e+00 9.903240e-01
185 9.676000e-03 0.000000e+00 9.903240e-01
186 9.676000e-03 0.000000e+00 9.903240e-01
187 9.676000e-03 0.000000e+00 9.903240e-01
188 9.676000e-03 0.000000e+00 9.903240e-01
189 9.676000e-03 0.000000e+00 9.903240e-01
190 9.676000e-03 0.000000e+00 9.903240e-01
191 9.676000e-03 0.000000e+00 9.903240e-01
192 9.676000e-03 0.000000e+00 9.903240e-01
193 9.676000e-03 0.000000e+00 9.903240e-01
194 9.676000e-03 0.000000e+00 9.903240e-01
195 9.676000e-03 0.000000e+00 9.903240e-01
196 9.676000e-03 0.000000e+00 9.903240e-01
197 9.676000e-03 0.000000e+00 9.903240e-01
198 9.676000e-03 0.000000e+00 9.903240e-01
199 9.676000e-03 0.000000e+00 9.903240e-01
200 9.676000e-03 0.000000e+00 9.903240e-01
201 9.676000e-03 0.000000e+00 9.903240e-01
202 9.676000e-03 0.000000e+00 9.903240e-01
203 9.676000e-03 0.000000e+00 9.903240e-01
204 9.676000e-03 0.000000e+00 9.903240e-01
205 9.676000e-03 0.000000e+00 9.903240e-01
206 9.676000e-03 0.000000e+00 9.903240e-01
207 9.676000e-03 0.000000e+00 9.903240e-01
208 9.676000e-03 0.000000e+00 9.903240e-01
209 9.676000e-03 0.000000e+00 9.903240e-01
210 9.676000e-03 0.000000e+00 9.903240e-01
211 9.676000e-03 0.000000e+00 9.903240e-01
212 9.676000e-03 0.000000e+00 9.903240e-01
213 9.676000e-03 0.000000e+00 9.903240e-01
214 9.676000e-03 0.000000e+00 9.903240e-01
215 9.676000e-03 0.000000e+00 9.903240e-01
216 9.676000e-03 0.000000e+00 9.903240e-01
217 9.676000e-03 0.000000e+00 9.903240e-01
218 9.676000e-03 0.000000e+00 9.903240e-01
219 9.676000e-03 0.000000e+00 9.903240e-01
220 9.676000e-03 0.000000e+00 9.903240e-01
221 9.676000e-03 0.000000e+00 9.903240e-01
222 9.676000e-03 0.000000e+00 9.903240e-01
223 9.676000e-03 0.000000e+00 9.903240e-01
224 9.676000e-03 0.000000e+00 9.903240e-01
225 9.676000e-03 0.000000e+00 9.903240e-01
226 9.676000e-03 0.000000e+00 9.903240e-01
227 9.676000e-03 0.000000e+00 9.903240e-01
228 9.676000e-03 0.000000e+00 9.903240e-01
229 9.676000e-03 0.000000e+00 9.903240e-01
230 9.676000e-03 0.000000e+00 9.903240e-01
231 9.676000e-03 0.000000e+00 9.903240e-01
232 9.676000e-03 0.000000e+00 9.903240e-01
233 9.676000e-03 0.000000e+00 9.903240e-01
234 9.676000e-03 0.000000e+00 9.903240e-01
235 9.676000e-03 0.000000e+00 9.903240e-01
236 9.676000e-03 0.000000e+00 9.903240e-01
237 9.676000e-03 0.000000e+00 9.903240e-01
238 9.676000e-03 0.000000e+00 9.903240e-01
239 9.676000e-03 0.000000e+00 9.903240e-01
240 9.676000e-03 0.000000e+00 9.903240e-01
241 9.676000e-03 0.000000e+00 9.903240e-01
242 9.676000e-03 0.000000e+00 9.903240e-01
243 9.676000e-03 0.000000e+00 9.903240e-01
244 9.676000e-03 0.000000e+00 9.903240e-01
245 9.676000e-03 0.000000e+00 9.903240e-01
246 9.676000e-03 0.000000e+00 9.903240e-01
247 9.676000e-03 0.000000e+00 9.903240e-01
248 9.676000e-03 0.000000e+00 9.903240e-01
249 9.676000e-03 0.000000e+00 9.903240e-01
250 9.676000e-03 0.000000e+00 9.903240e-01
251 9.676000e-03 0.000000e+00 9.903240e-01
252 9.676000e-03 0.000000e+00 9.903240e-01
253 9.676000e-03 0.000000e+00 9.903240e-01
254 9.676000e-03 0.000000e+00 9.903240e-01
255 9.676000e-03 0.000000e+00 9.903240e-01
256 9.676000e-03 0.000000e+00 9.903240e-01
257 9.676000e-03 0.000000e+00 9.903240e-01
258 9.676000e-03 0.000000e+00 9.903240e-01
259 9.676000e-03 0.000000e+00 9.903240e-01
260 9.676000e-03 0.000000e+00 9.903240e-01
261 9.676000e-03 0.000000e+00 9.903240e-01
262 9.676000e-03 0.000000e+00 9.903240e-01
263 9.676000e-03 0.000000e+00 9.903240e-01
264 9.676000e-03 0.000000e+00 9.903240e-01
265 9.676000e-03 0.000000e+00 9.903240e-01
266 9.676000e-03 0.000000e+00 9.903240e-01
267 9.676000e-03 0.000000e+00 9.903240e-01
268 9.676000e-03 0.000000e+00 9.903240e-01
269 9.676000e-03 0.000000e+00 9.903240e-01
270 9.676000e-03 0.000000e+00 9.903240e-01
271 9.676000e-03 0.000000e+00 9.903240e-01
272 9.676000e-03 0.000000e+00 9.903240e-01
273 9.676000e-03 0.000000e+00 9.903240e-01
274 9.676000e-03 0.000000e+00 9.903240e-01
275 9.676000e-03 0.000000e+00 9.903240e-01
276 9.676000e-03 0.000000e+00 9.903240e-01
277 9.676000e-03 0.000000e+00 9.903240e-01
278 9.676000e-03 0.000000e+00 9.903240e-01
279 9.676000e-03 0.000000e+00 9.903240e-01
280 9.676000e-03 0.000000e+00 9.903240e-01
281 9.676000e-03 0.000000e+00 9.903240e-01
282 9.676000e-03 0.000000e+00 9.903240e-01
283 9.676000e-03 0.000000e+00 9.903240e-01
284 9.676000e-03 0.000000e+00 9.903240e-01
285 9.676000e-03 0.000000e+00 9.903240e-01
286 9.676000e-03 0.000000e+00 9.903240e-01
287 9.676000e-03 0.000000e+00 9.903240e-01
288 9.676000e-03 0.000000e+00 9.903240e-01
289 9.676000e-03 0.000000e+00 9.903240e-01
290 9.676000e-03 0.000000e+00 9.903240e-01
291 9.676000e-03 0.000000e+00 9.903240e-01
292 9.676000e-03 0.000000e+00 9.903240e-01
293 9.676000e-03 0.000000e+00 9.903240e-01
294 9.676000e-03 0.000000e+00 9.903240e-01
295 9.676000e-03 0.000000e+00 9.903240e-01
296 9.676000e-03 0.000000e+00 9.903240e-01
297 9.676000e-03 0.000000e+00 9.903240e-01
298 9.676000e-03 0.000000e+00 9.903240e-01
299 9.676000e-03 0.000000e+00 9.903240e-01
300 9.676000e-03 0.000000e+00 9.903240e-01
301 9.676000e-03 0.000000e+00 9.903240e-01
302 9.676000e-03 0.000000e+00 9.903240e-01
303 9.676000e-03 0.000000e+00 9.903240e-01
304 9.676000e-03 0.000000e+00 9.903240e-01
305 9.676000e-03 0.000000e+00 9.903240e-01
306 9.676000e-03 0.000000e+00 9.903240e-01
307 9.676000e-03 0.000000e+00 9.903240e-01
308 9.676000e-03 0.000000e+00 9.903240e-01
309 9.676000e-03 0.000000e+00 9.903240e-01
310 9.676000e-03 0.000000e+00 9.903240e-01
311 9.676000e-03 0.000000e+00 9.903240e-01
312 9.676000e-03 0.000000e+00 9.903240e-01
313 9.676000e-03 0.000000e+00 9.903240e-01
314 9.676000e-03 0.000000e+00 9.903240e-01
315 9.676000e-03 0.000000e+00 9.903240e-01
316 9.676000e-03 0.000000e+00 9.903240e-01
317 9.676000e-03 0.000000e+00 9.903240e-01
318 9.676000e-03 0.000000e+00 9.903240e-01
319 9.676000e-03 0.000000e+00 9.903240e-01
320 9.676000e-03 0.000000e+00 9.903240e-01
321 9.676000e-03 0.000000e+00 9.903240e-01
322 9.676000e-03 0.000000e+00 9.903240e-01
323 9.676000e-03 0.000000e+00 9.903240e-01
324 9.676000e-03 0.000000e+00 9.903240e-01
325 9.676000e-03 0.000000e+00 9.903240e-01
326 9.676000e-03 0.000000e+00 9.903240e-01
327 9.676000e-03 0.000000e+00 9.903240e-01
328 9.676000e-03 0.000000e+00 9.903240e-01
329 9.676000e-03 0.000000e+00 9.903240e-01
330 9.676000e-03 0.000000e+00 9.903240e-01
331 9.676000e-03 0.000000e+00 9.903240e-01
332 9.676000e-03 0.000000e+00 9.903240e-01
333 9.676000e-03 0.000000e+00 9.903240e-01
334 9.676000e-03 0.000000e+00 9.903240e-01
335 9.676000e-03 0.000000e+00 9.903240e-01
336 9.676000e-03 0.000000e+00 9.903240e-01
337 9.676000e-03 0.000000e+00 9.903240e-01
338 9.676000e-03 0.000000e+00 9.903240e-01
339 9.676000e-03 0.000000e+00 9.903240e-01
340 9.676000e-03 0.000000e+00 9.903240e-01
341 9.676000e-03 0.000000e+00 9.903240e-01
342 9.676000e-03 0.000000e+00 9.903240e-01
343 9.676000e-03 0.000000e+00 9.903240e-01
344 9.676000e-03 0.000000e+00 9.903240e-01
345 9.676000e-03 0.000000e+00 9.903240e-01
346 9.676000e-03 0.000000e+00 9.903240e-01
347 9.676000e-03 0.000000e+00 9.903240e-01
348 9.676000e-03 0.000000e+00 9.903240e-01
349 9.676000e-03 0.000000e+00 9.903240e-01
350 9.676000e-03 0.000000e+00 9.903240e-01
351 9.676000e-03 0.000000e+00 9.903240e-01
352 9.676000e-03 0.000000e+00 9.903240e-01
353 9.676000e-03 0.000000e+00 9.903240e-01
354 9.676000e-03 0.000000e+00 9.903240e-01
355 9.676000e-03 0.000000e+00 9.903240e-01
356 9.676000e-03 0.000000e+00 9.903240e-01
357 9.676000e-03 0.000000e+00 9.903240e-01
358 9.676000e-03 0.000000e+00 9.903240e-01
359 9.676000e-03 0.000000e+00 9.903240e-01
360 9.676000e-03 0.000000e+00 9.903240e-01
361 9.676000e-03 0.000000e+00 9.903240e-01
362 9.676000e-03 0.000000e+00 9.903240e-01
363 9.676000e-03 0.000000e+00 9.903240e-01
364 9.676000e-03 0.000000e+00 9.903240e-01
365 9.676000e-03 0.000000e+00 9.903240e-01
366 9.676000e-03 0.000000e+00 9.903240e-01
367 9.676000e-03 0.000000e+00 9.903240e-01
368 9.676000e-03 0.000000e+00 9.903240e-01
369 9.676000e-03 0.000000e+00 9.903240e-01
370 9.676000e-03 0.000000e+00 9.903240e-01
371 9.676000e-03 0.000000e+00 9.903240e-01
372 9.676000e-03 0.000000e+00 9.903240e-01
373 9.676000e-03 0.000000e+00 9.903240e-01
374 9.676000e-03 0.000000e+00 9.903240e-01
375 9.676000e-03 0.000000e+00 9.903240e-01
376 9.676000e-03 0.000000e+00 9.903240e-01
377 9.676000e-03 0.000000e+00 9.903240e-01
378 9.676000e-03 0.000000e+00 9.903240e-01
379 9.676000e-03 0.000000e+00 9.903240e-01
380 9.676000e-03 0.000000e+00 9.903240e-01
381 9.676000e-03 0.000000e+00 9.903240e-01
382 9.676000e-03 0.000000e+00 9.903240e-01
383 9.676000e-03 0.000000e+00 9.903240e-01
384 9.676000e-03 0.000000e+00 9.903240e-01
385 9.676000e-03 0.000000e+00 9.903240e-01
386 9.676000e-03 0.000000e+00 9.903240e-01
387 9.676000e-03 0.000000e+00 9.903240e-01
388 9.676000e-03 0.000000e+00 9.903240e-01
389 9.676000e-03 0.000000e+00 9.903240e-01
390 9.676000e-03 0.000000e+00 9.903240e-01
391 9.676000e-03 0.000000e+00 9.903240e-01
392 9.676000e-03 0.000000e+00 9.903240e-01
393 9.676000e-03 0.000000e+00 9.903240e-01
394 9.676000e-03 0.000000e+00 9.903240e-01
395 9.676000e-03 0.000000e+00 9.903240e-01
396 9.676000e-03 0.000000e+00 9.903240e-01
397 9.676000e-03 0.000000e+00 9.903240e-01
398 9.676000e-03 0.000000e+00 9.903240e-01
399 9.676000e-03 0.000000e+00 9.903240e-01
400 9.676000e-03 0.000000e+00 9.903240e-01
401 9.676000e-03 0.000000e+00 9.903240e-01
402 9.676000e-03 0.000000e+00 9.903240e-01
403 9.676000e-03 0.000000e+00 9.903240e-01
404 9.676000e-03 0.000000e+00 9.903240e-01
405 9.676000e-03 0.000000e+00 9.903240e-01
406 9.676000e-03 0.000000e+00 9.903240e-01
407 9.676000e-03 0.000000e+00 9.903240e-01
408 9.676000e-03 0.000000e+00 9.903240e-01
409 9.676000e-03 0.000000e+00 9.903240e-01
410 9.676000e-03 0.000000e+00 9.903240e-01
411 9.676000e-03 0.000000e+00 9.903240e-01
412 9.676000e-03 0.000000e+00 9.903240e-01
413 9.676000e-03 0.000000e+00 9.903240e-01
414 9.676000e-03 0.000000e+00 9.903240e-01
415 9.676000e-03 0.000000e+00 9.903240e-01
416 9.676000e-03 0.000000e+00 9.903240e-01
417 9.676000e-03 0.000000e+00 9.903240e-01
418 9.676000e-03 0.000000e+00 9.903240e-01
419 9.676000e-03 0.000000e+00 9.903240e-01
420 9.676000e-03 0.000000e+00 9.903240e-01
421 9.676000e-03 0.000000e+00 9.903240e-01
422 9.676000e-03 0.000000e+00 9.903240e-01
423 9.676000e-03 0.000000e+00 9.903240e-01
424 9.676000e-03 0.000000e+00 9.903240e-01
425 9.676000e-03 0.000000e+00 9.903240e-01
426 9.676000e-03 0.000000e+00 9.903240e-01
427 9.676000e-03 0.000000e+00 9.903240e-01
428 9.676000e-03 0.000000e+00 9.903240e-01
429 9.676000e-03 0.000000e+00 9.903240e-01
430 9.676000e-03 0.000000e+00 9.903240e-01
431 9.676000e-03 0.000000e+00 9.903240e-01
432 9.676000e-03 0.000000e+00 9.903240e-01
433 9.676000e-03 0.000000e+00 9.903240e-01
434 9.676000e-03 0.000000e+00 9.903240e-01
435 9.676000e-03 0.000000e+00 9.903240e-01
436 9.676000e-03 0.000000e+00 9.903240e-01
437 9.676000e-03 0.000000e+00 9.903240e-01
438 9.676000e-03 0.000000e+00 9.903240e-01
439 9.676000e-03 0.000000e+00 9.903240e-01
440 9.676000e-03 0.000000e+00 9.903240e-01
441 9.676000e-03 0.000000e+00 9.903240e-01
442 9.676000e-03 0.000000e+00 9.903240e-01
443 9.676000e-03 0.000000e+00 9.903240e-01
444 9.676000e-03 0.000000e+00 9.903240e-01
445 9.676000e-03 0.000000e+00 9.903240e-01
446 9.676000e-03 0.000000e+00 9.903240e-01
447 9.676000e-03 0.000000e+00 9.903240e-01
448 9.676000e-03 0.000000e+00 9.903240e-01
449 9.676000e-03 0.000000e+00 9.903240e-01
450 9.676000e-03 0.000000e+00 9.903240e-01
451 9.676000e-03 0.000000e+00 9.903240e-01
452 9.676000e-03 0.000000e+00 9.903240e-01
453 9.676000e-03 0.000000e+00 9.903240e-01
454 9.676000e-03 0.000000e+00 9.903240e-01
455 9.676000e-03 0.000000e+00 9.903240e-01
456 9.676000e-03 0.000000e+00 9.903240e-01
457 9.676000e-03 0.000000e+00 9.903240e-01
458 9.676000e-03 0.000000e+00 9.903240e-01
459 9.676000e-03 0.000000e+00 9.903240e-01
460 9.676000e-03 0.000000e+00 9.903240e-01
461 9.676000e-03 0.000000e+00 9.903240e-01
462 9.676000e-03 0.000000e+00 9.903240e-01
463 9.676000e-03 0.000000e+00 9.903240e-01
464 9.676000e-03 0.000000e+00 9.903240e-01
465 9.676000e-03 0.000000e+00 9.903240e-01
466 9.676000e-03 0.000000e+00 9.903240e-01
467 9.676000e-03 0.000000e+00 9.903240e-01
468 9.676000e-03 0.000000e+00 9.903240e-01
469 9.676000e-03 0.000000e+00 9.903240e-01
470 9.676000e-03 0.000000e+00 9.903240e-01
471 9.676000e-03 0.000000e+00 9.903240e-01
472 9.676000e-03 0.000000e+00 9.903240e-01
473 9.676000e-03 0.000000e+00 9.903240e-01
474 9.676000e-03 0.000000e+00 9.903240e-01
475 9.676000e-03 0.000000e+00 9.903240e-01
476 9.676000e-03 0.000000e+00 9.903240e-01
477 9.676000e-03 0.000000e+00 9.903240e-01
478 9.676000e-03 0.000000e+00 9.903240e-01
479 9.676000e-03 0.000000e+00 9.903240e-01
480 9.676000e-03 0.000000e+00 9.903240e-01
481 9.676000e-03 0.000000e+00 9.903240e-01
482 9.676000e-03 0.000000e+00 9.903240e-01
483 9.676000e-03 0.000000e+00 9.903240e-01
484 9.676000e-03 0.000000e+00 9.903240e-01
485 9.676000e-03 0.000000e+00 9.903240e-01
486 9.676000e-03 0.000000e+00 9.903240e-01
487 9.676000e-03 0.000000e+00 9.903240e-01
488 9.676000e-03 0.000000e+00 9.903240e-01
489 9.676000e-03 0.000000e+00 9.903240e-01
490 9.676000e-03 0.000000e+00 9.903240e-01
491 9.676000e-03 0.000000e+00 9.903240e-01
492 9.676000e-03 0.000000e+00 9.903240e-01
493 9.676000e-03 0.000000e+00 9.903240e-01
494 9.676000e-03 0.000000e+00 9.903240e-01
495 9.676000e-03 0.000000e+00 9.903240e-01
496 9.676000e-03 0.000000e+00 9.903240e-01
497 9.676000e-03 0.000000e+00 9.903240e-01
498 9.676000e-03 0.000000e+00 9.903240e-01
499 9.676000e-03 0.000000e+00 9.903240e-01
500 9.676000e-03 0.000000e+00 9.903240e-01
