1 9.992600e-01 6.560000e-04 8.400000e-05
2 9.986000e-01 1.128000e-03 2.720000e-04
3 9.972240e-01 2.188000e-03 5.880000e-04
4 9.947320e-01 4.088000e-03 1.180000e-03
5 9.902880e-01 7.584000e-03 2.128000e-03
6 9.819320e-01 1.417200e-02 3.896000e-03
7 9.671760e-01 2.567600e-02 7.148000e-03
8 9.427520e-01 4.408800e-02 1.316000e-02
9 9.042240e-01 7.290000e-02 2.287600e-02
10 8.489520e-01 1.122560e-01 3.879200e-02
11 7.758520e-01 1.618920e-01 6.225600e-02
12 6.861960e-01 2.184640e-01 9.534000e-02
13 5.865320e-01 2.749240e-01 1.385440e-01
14 4.875440e-01 3.213880e-01 1.910680e-01
15 3.948560e-01 3.550280e-01 2.501160e-01
16 3.118040e-01 3.742520e-01 3.139440e-01
17 2.395640e-01 3.797480e-01 3.806880e-01
18 1.792480e-01 3.745400e-01 4.462120e-01
19 1.314080e-01 3.580720e-01 5.105200e-01
20 9.526000e-02 3.338520e-01 5.708880e-01
21 6.962800e-02 3.034080e-01 6.269640e-01
22 5.162400e-02 2.717000e-01 6.766760e-01
23 3.966800e-02 2.387760e-01 7.215560e-01
24 3.162000e-02 2.080640e-01 7.603160e-01
25 2.610000e-02 1.799040e-01 7.939960e-01
26 2.223600e-02 1.546160e-01 8.231480e-01
27 1.942400e-02 1.317520e-01 8.488240e-01
28 1.740400e-02 1.128960e-01 8.697000e-01
29 1.572800e-02 9.651600e-02 8.877560e-01
30 1.447600e-02 8.225600e-02 9.032680e-01
31 1.352800e-02 6.981600e-02 9.166560e-01
32 1.275200e-02 5.929200e-02 9.279560e-01
33 1.213600e-02 5.030800e-02 9.375560e-01
34 1.162800e-02 4.248800e-02 9.458840e-01
35 1.121600e-02 3.602400e-02 9.527600e-01
36 1.093600e-02 3.052800e-02 9.585360e-01
37 1.068000e-02 2.588400e-02 9.634360e-01
38 1.047200e-02 2.183200e-02 9.676960e-01
39 1.030800e-02 1.868000e-02 9.710120e-01
40 1.013600e-02 1.573600e-02 9.741280e-01
41 1.000400e-02 1.311600e-02 9.768800e-01
42 9.868000e-03 1.127200e-02 9.788600e-01
43 9.768000e-03 9.504000e-03 9.807280e-01
44 9.712000e-03 8.080000e-03 9.822080e-01
45 9.652000e-03 6.764000e-03 9.835840e-01
46 9.608000e-03 5.628000e-03 9.847640e-01
47 9.540000e-03 4.812000e-03 9.856480e-01
48 9.516000e-03 4.072000e-03 9.864120e-01
49 9.496000e-03 3.332000e-03 9.871720e-01
50 9.484000e-03 2.812000e-03 9.877040e-01
51 9.472000e-03 2.368000e-03 9.881600e-01
52 9.464000e-03 2.008000e-03 9.885280e-01
53 9.448000e-03 1.732000e-03 9.888200e-01
54 9.424000e-03 1.556000e-03 9.890200e-01
55 9.408000e-03 1.360000e-03 9.892320e-01
56 9.400000e-03 1.176000e-03 9.894240e-01
57 9.392000e-03 9.520000e-04 9.896560e-01
58 9.388000e-03 8.240000e-04 9.897880e-01
59 9.384000e-03 7.040000e-04 9.899120e-01
60 9.384000e-03 6.160000e-04 9.900000e-01
61 9.380000e-03 5.160000e-04 9.901040e-01
62 9.380000e-03 4.640000e-04 9.901560e-01
63 9.372000e-03 4.000000e-04 9.902280e-01
64 9.364000e-03 3.520000e-04 9.902840e-01
65 9.360000e-03 2.800000e-04 9.903600e-01
66 9.356000e-03 2.200000e-04 9.904240e-01
67 9.356000e-03 1.680000e-04 9.904760e-01
68 9.356000e-03 1.480000e-04 9.904960e-01
69 9.356000e-03 1.400000e-04 9.905040e-01
70 9.356000e-03 1.120000e-04 9.905320e-01
71 9.356000e-03 1.040000e-04 9.905400e-01
72 9.352000e-03 9.200000e-05 9.905560e-01
73 9.352000e-03 8.400000e-05 9.905640e-01
74 9.352000e-03 7.200000e-05 9.905760e-01
75 9.352000e-03 5.600000e-05 9.905920e-01
76 9.352000e-03 4.000000e-05 9.906080e-01
77 9.352000e-03 4.000000e-05 9.906080e-01
78 9.352000e-03 4.000000e-05 9.906080e-01
79 9.352000e-03 3.600000e-05 9.906120e-01
80 9.352000e-03 3.600000e-05 9.906120e-01
81 9.352000e-03 2.400000e-05 9.906240e-01
82 9.352000e-03 2.000000e-05 9.906280e-01
83 9.352000e-03 2.000000e-05 9.906280e-01
84 9.352000e-03 1.200000e-05 9.906360e-01
85 9.352000e-03 8.000000e-06 9.906400e-01
86 9.352000e-03 4.000000e-06 9.906440e-01
87 9.352000e-03 4.000000e-06 9.906440e-01
88 9.352000e-03 4.000000e-06 9.906440e-01
89 9.352000e-03 0.000000e+00 9.906480e-01
90 9.352000e-03 0.000000e+00 9.906480e-01
91 9.352000e-03 0.000000e+00 9.906480e-01
92 9.352000e-03 0.000000e+00 9.906480e-01
93 9.352000e-03 0.000000e+00 9.906480e-01
94 9.352000e-03 0.000000e+00 9.906480e-01
95 9.352000e-03 0.000000e+00 9.906480e-01
96 9.352000e-03 0.000000e+00 9.906480e-01
97 9.352000e-03 0.000000e+00 9.906480e-01
98 9.352000e-03 0.000000e+00 9.906480e-01
99 9.352000e-03 0.000000e+00 9.906480e-01
100 9.352000e-03 0.000000e+00 9.906480e-01
101 9.352000e-03 0.000000e+00 9.906480e-01
102 9.352000e-03 0.000000e+00 9.906480e-01
103 9.352000e-03 0.000000e+00 9.906480e-01
104 9.352000e-03 0.000000e+00 9.906480e-01
105 9.352000e-03 0.000000e+00 9.906480e-01
106 9.352000e-03 0.000000e+00 9.906480e-01
107 9.352000e-03 0.000000e+00 9.906480e-01
108 9.352000e-03 0.000000e+00 9.906480e-01
109 9.352000e-03 0.000000e+00 9.906480e-01
110 9.352000e-03 0.000000e+00 9.906480e-01
111 9.352000e-03 0.000000e+00 9.906480e-01
112 9.352000e-03 0.000000e+00 9.906480e-01
113 9.352000e-03 0.000000e+00 9.906480e-01
114 9.352000e-03 0.000000e+00 9.906480e-01
115 9.352000e-03 0.000000e+00 9.906480e-01
116 9.352000e-03 0.000000e+00 9.906480e-01
117 9.352000e-03 0.000000e+00 9.906480e-01
118 9.352000e-03 0.000000e+00 9.906480e-01
119 9.352000e-03 0.000000e+00 9.906480e-01
120 9.352000e-03 0.000000e+00 9.906480e-01
121 9.352000e-03 0.000000e+00 9.906480e-01
122 9.352000e-03 0.000000e+00 9.906480e-01
123 9.352000e-03 0.000000e+00 9.906480e-01
124 9.352000e-03 0.000000e+00 9.906480e-01
125 9.352000e-03 0.000000e+00 9.906480e-01
126 9.352000e-03 0.000000e+00 9.906480e-01
127 9.352000e-03 0.000000e+00 9.906480e-01
128 9.352000e-03 0.000000e+00 9.906480e-01
129 9.352000e-03 0.000000e+00 9.906480e-01
130 9.352000e-03 0.000000e+00 9.906480e-01
131 9.352000e-03 0.000000e+00 9.906480e-01
132 9.352000e-03 0.000000e+00 9.906480e-01
133 9.352000e-03 0.000000e+00 9.906480e-01
134 9.352000e-03 0.000000e+00 9.906480e-01
135 9.352000e-03 0.000000e+00 9.906480e-01
136 9.352000e-03 0.000000e+00 9.906480e-01
137 9.352000e-03 0.000000e+00 9.906480e-01
138 9.352000e-03 0.000000e+00 9.906480e-01
139 9.352000e-03 0.000000e+00 9.906480e-01
140 9.352000e-03 0.000000e+00 9.906480e-01
141 9.352000e-03 0.000000e+00 9.906480e-01
142 9.352000e-03 0.000000e+00 9.906480e-01
143 9.352000e-03 0.000000e+00 9.906480e-01
144 9.352000e-03 0.000000e+00 9.906480e-01
145 9.352000e-03 0.000000e+00 9.906480e-01
146 9.352000e-03 0.000000e+00 9.906480e-01
147 9.352000e-03 0.000000e+00 9.906480e-01
148 9.352000e-03 0.000000e+00 9.906480e-01
149 9.352000e-03 0.000000e+00 9.906480e-01
150 9.352000e-03 0.000000e+00 9.906480e-01
151 9.352000e-03 0.000000e+00 9.906480e-01
152 9.352000e-03 0.000000e+00 9.906480e-01
153 9.352000e-03 0.000000e+00 9.906480e-01
154 9.352000e-03 0.000000e+00 9.906480e-01
155 9.352000e-03 0.000000e+00 9.906480e-01
156 9.352000e-03 0.000000e+00 9.906480e-01
157 9.352000e-03 0.000000e+00 9.906480e-01
158 9.352000e-03 0.000000e+00 9.906480e-01
159 9.352000e-03 0.000000e+00 9.906480e-01
160 9.352000e-03 0.000000e+00 9.906480e-01
161 9.352000e-03 0.000000e+00 9.906480e-01
162 9.352000e-03 0.000000e+00 9.906480e-01
163 9.352000e-03 0.000000e+00 9.906480e-01
164 9.352000e-03 0.000000e+00 9.906480e-01
165 9.352000e-03 0.000000e+00 9.906480e-01
166 9.352000e-03 0.000000e+00 9.906480e-01
167 9.352000e-03 0.000000e+00 9.906480e-01
168 9.352000e-03 0.000000e+00 9.906480e-01
169 9.352000e-03 0.000000e+00 9.906480e-01
170 9.352000e-03 0.000000e+00 9.906480e-01
171 9.352000e-03 0.000000e+00 9.906480e-01
172 9.352000e-03 0.000000e+00 9.906480e-01
173 9.352000e-03 0.000000e+00 9.906480e-01
174 9.352000e-03 0.000000e+00 9.906480e-01
175 9.352000e-03 0.000000e+00 9.906480e-01
176 9.352000e-03 0.000000e+00 9.906480e-01
177 9.352000e-03 0.000000e+00 9.906480e-01
178 9.352000e-03 0.000000e+00 9.906480e-01
179 9.352000e-03 0.000000e+00 9.906480e-01
180 9.352000e-03 0.000000e+00 9.906480e-01
181 9.352000e-03 0.000000e+00 9.906480e-01
182 9.352000e-03 0.000000e+00 9.906480e-01
183 9.352000e-03 0.000000e+00 9.906480e-01
184 9.352000e-03 0.000000e+00 9.906480e-01
185 9.352000e-03 0.000000e+00 9.906480e-01
186 9.352000e-03 0.000000e+00 9.906480e-01
187 9.352000e-03 0.000000e+00 9.906480e-01
188 9.352000e-03 0.000000e+00 9.906480e-01
189 9.352000e-03 0.000000e+00 9.906480e-01
190 9.352000e-03 0.000000e+00 9.906480e-01
191 9.352000e-03 0.000000e+00 9.906480e-01
192 9.352000e-03 0.000000e+00 9.906480e-01
193 9.352000e-03 0.000000e+00 9.906480e-01
194 9.352000e-03 0.000000e+00 9.906480e-01
195 9.352000e-03 0.000000e+00 9.906480e-01
196 9.352000e-03 0.000000e+00 9.906480e-01
197 9.352000e-03 0.000000e+00 9.906480e-01
198 9.352000e-03 0.000000e+00 9.906480e-01
199 9.352000e-03 0.000000e+00 9.906480e-01
200 9.352000e-03 0.000000e+00 9.906480e-01
201 9.352000e-03 0.000000e+00 9.906480e-01
202 9.352000e-03 0.000000e+00 9.906480e-01
203 9.352000e-03 0.000000e+00 9.906480e-01
204 9.352000e-03 0.000000e+00 9.906480e-01
205 9.352000e-03 0.000000e+00 9.906480e-01
206 9.352000e-03 0.000000e+00 9.906480e-01
207 9.352000e-03 0.000000e+00 9.906480e-01
208 9.352000e-03 0.000000e+00 9.906480e-01
209 9.352000e-03 0.000000e+00 9.906480e-01
210 9.352000e-03 0.000000e+00 9.906480e-01
211 9.352000e-03 0.000000e+00 9.906480e-01
212 9.352000e-03 0.000000e+00 9.906480e-01
213 9.352000e-03 0.000000e+00 9.906480e-01
214 9.352000e-03 0.000000e+00 9.906480e-01
215 9.352000e-03 0.000000e+00 9.906480e-01
216 9.352000e-03 0.000000e+00 9.906480e-01
217 9.352000e-03 0.000000e+00 9.906480e-01
218 9.352000e-03 0.000000e+00 9.906480e-01
219 9.352000e-03 0.000000e+00 9.906480e-01
220 9.352000e-03 0.000000e+00 9.906480e-01
221 9.352000e-03 0.000000e+00 9.906480e-01
222 9.352000e-03 0.000000e+00 9.906480e-01
223 9.352000e-03 0.000000e+00 9.906480e-01
224 9.352000e-03 0.000000e+00 9.906480e-01
225 9.352000e-03 0.000000e+00 9.906480e-01
226 9.352000e-03 0.000000e+00 9.906480e-01
227 9.352000e-03 0.000000e+00 9.906480e-01
228 9.352000e-03 0.000000e+00 9.906480e-01
229 9.352000e-03 0.000000e+00 9.906480e-01
230 9.352000e-03 0.000000e+00 9.906480e-01
231 9.352000e-03 0.000000e+00 9.906480e-01
232 9.352000e-03 0.000000e+00 9.906480e-01
233 9.352000e-03 0.000000e+00 9.906480e-01
234 9.352000e-03 0.000000e+00 9.906480e-01
235 9.352000e-03 0.000000e+00 9.906480e-01
236 9.352000e-03 0.000000e+00 9.906480e-01
237 9.352000e-03 0.000000e+00 9.906480e-01
238 9.352000e-03 0.000000e+00 9.906480e-01
239 9.352000e-03 0.000000e+00 9.906480e-01
240 9.352000e-03 0.000000e+00 9.906480e-01
241 9.352000e-03 0.000000e+00 9.906480e-01
242 9.352000e-03 0.000000e+00 9.906480e-01
243 9.352000e-03 0.000000e+00 9.906480e-01
244 9.352000e-03 0.000000e+00 9.906480e-01
245 9.352000e-03 0.000000e+00 9.906480e-01
246 9.352000e-03 0.000000e+00 9.906480e-01
247 9.352000e-03 0.000000e+00 9.906480e-01
248 9.352000e-03 0.000000e+00 9.906480e-01
249 9.352000e-03 0.000000e+00 9.906480e-01
250 9.352000e-03 0.000000e+00 9.906480e-01
251 9.352000e-03 0.000000e+00 9.906480e-01
252 9.352000e-03 0.000000e+00 9.906480e-01
253 9.352000e-03 0.000000e+00 9.906480e-01
254 9.352000e-03 0.000000e+00 9.906480e-01
255 9.352000e-03 0.000000e+00 9.906480e-01
256 9.352000e-03 0.000000e+00 9.906480e-01
257 9.352000e-03 0.000000e+00 9.906480e-01
258 9.352000e-03 0.000000e+00 9.906480e-01
259 9.352000e-03 0.000000e+00 9.906480e-01
260 9.352000e-03 0.000000e+00 9.906480e-01
261 9.352000e-03 0.000000e+00 9.906480e-01
262 9.352000e-03 0.000000e+00 9.906480e-01
263 9.352000e-03 0.000000e+00 9.906480e-01
264 9.352000e-03 0.000000e+00 9.906480e-01
265 9.352000e-03 0.000000e+00 9.906480e-01
266 9.352000e-03 0.000000e+00 9.906480e-01
267 9.352000e-03 0.000000e+00 9.906480e-01
268 9.352000e-03 0.000000e+00 9.906480e-01
269 9.352000e-03 0.000000e+00 9.906480e-01
270 9.352000e-03 0.000000e+00 9.906480e-01
271 9.352000e-03 0.000000e+00 9.906480e-01
272 9.352000e-03 0.000000e+00 9.906480e-01
273 9.352000e-03 0.000000e+00 9.906480e-01
274 9.352000e-03 0.000000e+00 9.906480e-01
275 9.352000e-03 0.000000e+00 9.906480e-01
276 9.352000e-03 0.000000e+00 9.906480e-01
277 9.352000e-03 0.000000e+00 9.906480e-01
278 9.352000e-03 0.000000e+00 9.906480e-01
279 9.352000e-03 0.000000e+00 9.906480e-01
280 9.352000e-03 0.000000e+00 9.906480e-01
281 9.352000e-03 0.000000e+00 9.906480e-01
282 9.352000e-03 0.000000e+00 9.906480e-01
283 9.352000e-03 0.000000e+00 9.906480e-01
284 9.352000e-03 0.000000e+00 9.906480e-01
285 9.352000e-03 0.000000e+00 9.906480e-01
286 9.352000e-03 0.000000e+00 9.906480e-01
287 9.352000e-03 0.000000e+00 9.906480e-01
288 9.352000e-03 0.000000e+00 9.906480e-01
289 9.352000e-03 0.000000e+00 9.906480e-01
290 9.352000e-03 0.000000e+00 9.906480e-01
291 9.352000e-03 0.000000e+00 9.906480e-01
292 9.352000e-03 0.000000e+00 9.906480e-01
293 9.352000e-03 0.000000e+00 9.906480e-01
294 9.352000e-03 0.000000e+00 9.906480e-01
295 9.352000e-03 0.000000e+00 9.906480e-01
296 9.352000e-03 0.000000e+00 9.906480e-01
297 9.352000e-03 0.000000e+00 9.906480e-01
298 9.352000e-03 0.000000e+00 9.906480e-01
299 9.352000e-03 0.000000e+00 9.906480e-01
300 9.352000e-03 0.000000e+00 9.906480e-01
301 9.352000e-03 0.000000e+00 9.906480e-01
302 9.352000e-03 0.000000e+00 9.906480e-01
303 9.352000e-03 0.000000e+00 9.906480e-01
304 9.352000e-03 0.000000e+00 9.906480e-01
305 9.352000e-03 0.000000e+00 9.906480e-01
306 9.352000e-03 0.000000e+00 9.906480e-01
307 9.352000e-03 0.000000e+00 9.906480e-01
308 9.352000e-03 0.000000e+00 9.906480e-01
309 9.352000e-03 0.000000e+00 9.906480e-01
310 9.352000e-03 0.000000e+00 9.906480e-01
311 9.352000e-03 0.000000e+00 9.906480e-01
312 9.352000e-03 0.000000e+00 9.906480e-01
313 9.352000e-03 0.000000e+00 9.906480e-01
314 9.352000e-03 0.000000e+00 9.906480e-01
315 9.352000e-03 0.000000e+00 9.906480e-01
316 9.352000e-03 0.000000e+00 9.906480e-01
317 9.352000e-03 0.000000e+00 9.906480e-01
318 9.352000e-03 0.000000e+00 9.906480e-01
319 9.352000e-03 0.000000e+00 9.906480e-01
320 9.352000e-03 0.000000e+00 9.906480e-01
321 9.352000e-03 0.000000e+00 9.906480e-01
322 9.352000e-03 0.000000e+00 9.906480e-01
323 9.352000e-03 0.000000e+00 9.906480e-01
324 9.352000e-03 0.000000e+00 9.906480e-01
325 9.352000e-03 0.000000e+00 9.906480e-01
326 9.352000e-03 0.000000e+00 9.906480e-01
327 9.352000e-03 0.000000e+00 9.906480e-01
328 9.352000e-03 0.000000e+00 9.906480e-01
329 9.352000e-03 0.000000e+00 9.906480e-01
330 9.352000e-03 0.000000e+00 9.906480e-01
331 9.352000e-03 0.000000e+00 9.906480e-01
332 9.352000e-03 0.000000e+00 9.906480e-01
333 9.352000e-03 0.000000e+00 9.906480e-01
334 9.352000e-03 0.000000e+00 9.906480e-01
335 9.352000e-03 0.000000e+00 9.906480e-01
336 9.352000e-03 0.000000e+00 9.906480e-01
337 9.352000e-03 0.000000e+00 9.906480e-01
338 9.352000e-03 0.000000e+00 9.906480e-01
339 9.352000e-03 0.000000e+00 9.906480e-01
340 9.352000e-03 0.000000e+00 9.906480e-01
341 9.352000e-03 0.000000e+00 9.906480e-01
342 9.352000e-03 0.000000e+00 9.906480e-01
343 9.352000e-03 0.000000e+00 9.906480e-01
344 9.352000e-03 0.000000e+00 9.906480e-01
345 9.352000e-03 0.000000e+00 9.906480e-01
346 9.352000e-03 0.000000e+00 9.906480e-01
347 9.352000e-03 0.000000e+00 9.906480e-01
348 9.352000e-03 0.000000e+00 9.906480e-01
349 9.352000e-03 0.000000e+00 9.906480e-01
350 9.352000e-03 0.000000e+00 9.906480e-01
351 9.352000e-03 0.000000e+00 9.906480e-01
352 9.352000e-03 0.000000e+00 9.906480e-01
353 9.352000e-03 0.000000e+00 9.906480e-01
354 9.352000e-03 0.000000e+00 9.906480e-01
355 9.352000e-03 0.000000e+00 9.906480e-01
356 9.352000e-03 0.000000e+00 9.906480e-01
357 9.352000e-03 0.000000e+00 9.906480e-01
358 9.352000e-03 0.000000e+00 9.906480e-01
359 9.352000e-03 0.000000e+00 9.906480e-01
360 9.352000e-03 0.000000e+00 9.906480e-01
361 9.352000e-03 0.000000e+00 9.906480e-01
362 9.352000e-03 0.000000e+00 9.906480e-01
363 9.352000e-03 0.000000e+00 9.906480e-01
364 9.352000e-03 0.000000e+00 9.906480e-01
365 9.352000e-03 0.000000e+00 9.906480e-01
366 9.352000e-03 0.000000e+00 9.906480e-01
367 9.352000e-03 0.000000e+00 9.906480e-01
368 9.352000e-03 0.000000e+00 9.906480e-01
369 9.352000e-03 0.000000e+00 9.906480e-01
370 9.352000e-03 0.000000e+00 9.906480e-01
371 9.352000e-03 0.000000e+00 9.906480e-01
372 9.352000e-03 0.000000e+00 9.906480e-01
373 9.352000e-03 0.000000e+00 9.906480e-01
374 9.352000e-03 0.000000e+00 9.906480e-01
375 9.352000e-03 0.000000e+00 9.906480e-01
376 9.352000e-03 0.000000e+00 9.906480e-01
377 9.352000e-03 0.000000e+00 9.906480e-01
378 9.352000e-03 0.000000e+00 9.906480e-01
379 9.352000e-03 0.000000e+00 9.906480e-01
380 9.352000e-03 0.000000e+00 9.906480e-01
381 9.352000e-03 0.000000e+00 9.906480e-01
382 9.352000e-03 0.000000e+00 9.906480e-01
383 9.352000e-03 0.000000e+00 9.906480e-01
384 9.352000e-03 0.000000e+00 9.906480e-01
385 9.352000e-03 0.000000e+00 9.906480e-01
386 9.352000e-03 0.000000e+00 9.906480e-01
387 9.352000e-03 0.000000e+00 9.906480e-01
388 9.352000e-03 0.000000e+00 9.906480e-01
389 9.352000e-03 0.000000e+00 9.906480e-01
390 9.352000e-03 0.000000e+00 9.906480e-01
391 9.352000e-03 0.000000e+00 9.906480e-01
392 9.352000e-03 0.000000e+00 9.906480e-01
393 9.352000e-03 0.000000e+00 9.906480e-01
394 9.352000e-03 0.000000e+00 9.906480e-01
395 9.352000e-03 0.000000e+00 9.906480e-01
396 9.352000e-03 0.000000e+00 9.906480e-01
397 9.352000e-03 0.000000e+00 9.906480e-01
398 9.352000e-03 0.000000e+00 9.906480e-01
399 9.352000e-03 0.000000e+00 9.906480e-01
400 9.352000e-03 0.000000e+00 9.906480e-01
401 9.352000e-03 0.000000e+00 9.906480e-01
402 9.352000e-03 0.000000e+00 9.906480e-01
403 9.352000e-03 0.000000e+00 9.906480e-01
404 9.352000e-03 0.000000e+00 9.906480e-01
405 9.352000e-03 0.000000e+00 9.906480e-01
406 9.352000e-03 0.000000e+00 9.906480e-01
407 9.352000e-03 0.000000e+00 9.906480e-01
408 9.352000e-03 0.000000e+00 9.906480e-01
409 9.352000e-03 0.000000e+00 9.906480e-01
410 9.352000e-03 0.000000e+00 9.906480e-01
411 9.352000e-03 0.000000e+00 9.906480e-01
412 9.352000e-03 0.000000e+00 9.906480e-01
413 9.352000e-03 0.000000e+00 9.906480e-01
414 9.352000e-03 0.000000e+00 9.906480e-01
415 9.352000e-03 0.000000e+00 9.906480e-01
416 9.352000e-03 0.000000e+00 9.906480e-01
417 9.352000e-03 0.000000e+00 9.906480e-01
418 9.352000e-03 0.000000e+00 9.906480e-01
419 9.352000e-03 0.000000e+00 9.906480e-01
420 9.352000e-03 0.000000e+00 9.906480e-01
421 9.352000e-03 0.000000e+00 9.906480e-01
422 9.352000e-03 0.000000e+00 9.906480e-01
423 9.352000e-03 0.000000e+00 9.906480e-01
424 9.352000e-03 0.000000e+00 9.906480e-01
425 9.352000e-03 0.000000e+00 9.906480e-01
426 9.352000e-03 0.000000e+00 9.906480e-01
427 9.352000e-03 0.000000e+00 9.906480e-01
428 9.352000e-03 0.000000e+00 9.906480e-01
429 9.352000e-03 0.000000e+00 9.906480e-01
430 9.352000e-03 0.000000e+00 9.906480e-01
431 9.352000e-03 0.000000e+00 9.906480e-01
432 9.352000e-03 0.000000e+00 9.906480e-01
433 9.352000e-03 0.000000e+00 9.906480e-01
434 9.352000e-03 0.000000e+00 9.906480e-01
435 9.352000e-03 0.000000e+00 9.906480e-01
436 9.352000e-03 0.000000e+00 9.906480e-01
437 9.352000e-03 0.000000e+00 9.906480e-01
438 9.352000e-03 0.000000e+00 9.906480e-01
439 9.352000e-03 0.000000e+00 9.906480e-01
440 9.352000e-03 0.000000e+00 9.906480e-01
441 9.352000e-03 0.000000e+00 9.906480e-01
442 9.352000e-03 0.000000e+00 9.906480e-01
443 9.352000e-03 0.000000e+00 9.906480e-01
444 9.352000e-03 0.000000e+00 9.906480e-01
445 9.352000e-03 0.000000e+00 9.906480e-01
446 9.352000e-03 0.000000e+00 9.906480e-01
447 9.352000e-03 0.000000e+00 9.906480e-01
448 9.352000e-03 0.000000e+00 9.906480e-01
449 9.352000e-03 0.000000e+00 9.906480e-01
450 9.352000e-03 0.000000e+00 9.906480e-01
451 9.352000e-03 0.000000e+00 9.906480e-01
452 9.352000e-03 0.000000e+00 9.906480e-01
453 9.352000e-03 0.000000e+00 9.906480e-01
454 9.352000e-03 0.000000e+00 9.906480e-01
455 9.352000e-03 0.000000e+00 9.906480e-01
456 9.352000e-03 0.000000e+00 9.906480e-01
457 9.352000e-03 0.000000e+00 9.906480e-01
458 9.352000e-03 0.000000e+00 9.906480e-01
459 9.352000e-03 0.000000e+00 9.906480e-01
460 9.352000e-03 0.000000e+00 9.906480e-01
461 9.352000e-03 0.000000e+00 9.906480e-01
462 9.352000e-03 0.000000e+00 9.906480e-01
463 9.352000e-03 0.000000e+00 9.906480e-01
464 9.352000e-03 0.000000e+00 9.906480e-01
465 9.352000e-03 0.000000e+00 9.906480e-01
466 9.352000e-03 0.000000e+00 9.906480e-01
467 9.352000e-03 0.000000e+00 9.906480e-01
468 9.352000e-03 0.000000e+00 9.906480e-01
469 9.352000e-03 0.000000e+00 9.906480e-01
470 9.352000e-03 0.000000e+00 9.906480e-01
471 9.352000e-03 0.000000e+00 9.906480e-01
472 9.352000e-03 0.000000e+00 9.906480e-01
473 9.352000e-03 0.000000e+00 9.906480e-01
474 9.352000e-03 0.000000e+00 9.906480e-01
475 9.352000e-03 0.000000e+00 9.906480e-01
476 9.352000e-03 0.000000e+00 9.906480e-01
477 9.352000e-03 0.000000e+00 9.906480e-01
478 9.352000e-03 0.000000e+00 9.906480e-01
479 9.352000e-03 0.000000e+00 9.906480e-01
480 9.352000e-03 0.000000e+00 9.906480e-01
481 9.352000e-03 0.000000e+00 9.906480e-01
482 9.352000e-03 0.000000e+00 9.906480e-01
483 9.352000e-03 0.000000e+00 9.906480e-01
484 9.352000e-03 0.000000e+00 9.906480e-01
485 9.352000e-03 0.000000e+00 9.906480e-01
486 9.352000e-03 0.000000e+00 9.906480e-01
487 9.352000e-03 0.000000e+00 9.906480e-01
488 9.352000e-03 0.000000e+00 9.906480e-01
489 9.352000e-03 0.000000e+00 9.906480e-01
490 9.352000e-03 0.000000e+00 9.906480e-01
491 9.352000e-03 0.000000e+00 9.906480e-01
492 9.352000e-03 0.000000e+00 9.906480e-01
493 9.352000e-03 0.000000e+00 9.906480e-01
494 9.352000e-03 0.000000e+00 9.906480e-01
495 9.352000e-03 0.000000e+00 9.906480e-01
496 9.352000e-03 0.000000e+00 9.906480e-01
497 9.352000e-03 0.000000e+00 9.906480e-01
498 9.352000e-03 0.000000e+00 9.906480e-01
499 9.352000e-03 0.000000e+00 9.906480e-01
500 9.352000e-03 0.000000e+00 9.906480e-01
