1 9.991600e-01 7.560000e-04 8.400000e-05
2 9.983480e-01 1.384000e-03 2.680000e-04
3 9.968160e-01 2.580000e-03 6.040000e-04
4 9.939160e-01 4.816000e-03 1.268000e-03
5 9.888760e-01 8.736000e-03 2.388000e-03
6 9.792560e-01 1.628800e-02 4.456000e-03
7 9.627080e-01 2.885600e-02 8.436000e-03
8 9.349440e-01 4.993200e-02 1.512400e-02
9 8.923960e-01 8.126800e-02 2.633600e-02
10 8.319360e-01 1.237880e-01 4.427600e-02
11 7.536600e-01 1.763840e-01 6.995600e-02
12 6.609240e-01 2.329920e-01 1.060840e-01
13 5.620120e-01 2.864320e-01 1.515560e-01
14 4.629040e-01 3.308600e-01 2.062360e-01
15 3.689920e-01 3.644280e-01 2.665800e-01
16 2.861240e-01 3.813120e-01 3.325640e-01
17 2.166240e-01 3.832800e-01 4.000960e-01
18 1.605400e-01 3.729480e-01 4.665120e-01
19 1.178720e-01 3.520760e-01 5.300520e-01
20 8.649200e-02 3.245680e-01 5.889400e-01
21 6.332800e-02 2.930160e-01 6.436560e-01
22 4.775200e-02 2.600160e-01 6.922320e-01
23 3.748000e-02 2.272600e-01 7.352600e-01
24 3.024800e-02 1.975320e-01 7.722200e-01
25 2.516000e-02 1.707080e-01 8.041320e-01
26 2.158000e-02 1.467120e-01 8.317080e-01
27 1.890000e-02 1.257760e-01 8.553240e-01
28 1.707600e-02 1.072280e-01 8.756960e-01
29 1.560400e-02 9.128800e-02 8.931080e-01
30 1.454000e-02 7.792400e-02 9.075360e-01
31 1.370000e-02 6.592400e-02 9.203760e-01
32 1.303600e-02 5.600400e-02 9.309600e-01
33 1.233600e-02 4.776800e-02 9.398960e-01
34 1.181200e-02 4.066800e-02 9.475200e-01
35 1.141600e-02 3.460000e-02 9.539840e-01
36 1.116000e-02 2.907600e-02 9.597640e-01
37 1.094000e-02 2.477600e-02 9.642840e-01
38 1.069600e-02 2.114400e-02 9.681600e-01
39 1.053600e-02 1.785200e-02 9.716120e-01
40 1.036400e-02 1.542000e-02 9.742160e-01
41 1.026000e-02 1.312800e-02 9.766120e-01
42 1.014800e-02 1.111200e-02 9.787400e-01
43 1.004800e-02 9.392000e-03 9.805600e-01
44 9.984000e-03 7.944000e-03 9.820720e-01
45 9.900000e-03 6.712000e-03 9.833880e-01
46 9.872000e-03 5.612000e-03 9.845160e-01
47 9.848000e-03 4.712000e-03 9.854400e-01
48 9.820000e-03 3.988000e-03 9.861920e-01
49 9.812000e-03 3.336000e-03 9.868520e-01
50 9.800000e-03 2.752000e-03 9.874480e-01
51 9.768000e-03 2.384000e-03 9.878480e-01
52 9.744000e-03 2.020000e-03 9.882360e-01
53 9.732000e-03 1.680000e-03 9.885880e-01
54 9.720000e-03 1.476000e-03 9.888040e-01
55 9.712000e-03 1.260000e-03 9.890280e-01
56 9.696000e-03 1.064000e-03 9.892400e-01
57 9.688000e-03 9.080000e-04 9.894040e-01
58 9.688000e-03 7.240000e-04 9.895880e-01
59 9.684000e-03 5.760000e-04 9.897400e-01
60 9.676000e-03 5.000000e-04 9.898240e-01
61 9.668000e-03 4.560000e-04 9.898760e-01
62 9.668000e-03 4.000000e-04 9.899320e-01
63 9.664000e-03 3.200000e-04 9.900160e-01
64 9.660000e-03 2.840000e-04 9.900560e-01
65 9.660000e-03 2.280000e-04 9.901120e-01
66 9.656000e-03 1.960000e-04 9.901480e-01
67 9.656000e-03 1.520000e-04 9.901920e-01
68 9.656000e-03 1.400000e-04 9.902040e-01
69 9.656000e-03 1.160000e-04 9.902280e-01
70 9.656000e-03 8.400000e-05 9.902600e-01
71 9.656000e-03 6.800000e-05 9.902760e-01
72 9.656000e-03 5.200000e-05 9.902920e-01
73 9.656000e-03 3.600000e-05 9.903080e-01
74 9.656000e-03 3.600000e-05 9.903080e-01
75 9.656000e-03 3.200000e-05 9.903120e-01
76 9.656000e-03 2.800000e-05 9.903160e-01
77 9.656000e-03 2.400000e-05 9.903200e-01
78 9.656000e-03 2.400000e-05 9.903200e-01
79 9.656000e-03 1.200000e-05 9.903320e-01
80 9.656000e-03 8.000000e-06 9.903360e-01
81 9.656000e-03 8.000000e-06 9.903360e-01
82 9.656000e-03 8.000000e-06 9.903360e-01
83 9.656000e-03 4.000000e-06 9.903400e-01
84 9.656000e-03 0.000000e+00 9.903440e-01
85 9.656000e-03 0.000000e+00 9.903440e-01
86 9.656000e-03 0.000000e+00 9.903440e-01
87 9.656000e-03 0.000000e+00 9.903440e-01
88 9.656000e-03 0.000000e+00 9.903440e-01
89 9.656000e-03 0.000000e+00 9.903440e-01
90 9.656000e-03 0.000000e+00 9.903440e-01
91 9.656000e-03 0.000000e+00 9.903440e-01
92 9.656000e-03 0.000000e+00 9.903440e-01
93 9.656000e-03 0.000000e+00 9.903440e-01
94 9.656000e-03 0.000000e+00 9.903440e-01
95 9.656000e-03 0.000000e+00 9.903440e-01
96 9.656000e-03 0.000000e+00 9.903440e-01
97 9.656000e-03 0.000000e+00 9.903440e-01
98 9.656000e-03 0.000000e+00 9.903440e-01
99 9.656000e-03 0.000000e+00 9.903440e-01
100 9.656000e-03 0.000000e+00 9.903440e-01
101 9.656000e-03 0.000000e+00 9.903440e-01
102 9.656000e-03 0.000000e+00 9.903440e-01
103 9.656000e-03 0.000000e+00 9.903440e-01
104 9.656000e-03 0.000000e+00 9.903440e-01
105 9.656000e-03 0.000000e+00 9.903440e-01
106 9.656000e-03 0.000000e+00 9.903440e-01
107 9.656000e-03 0.000000e+00 9.903440e-01
108 9.656000e-03 0.000000e+00 9.903440e-01
109 9.656000e-03 0.000000e+00 9.903440e-01
110 9.656000e-03 0.000000e+00 9.903440e-01
111 9.656000e-03 0.000000e+00 9.903440e-01
112 9.656000e-03 0.000000e+00 9.903440e-01
113 9.656000e-03 0.000000e+00 9.903440e-01
114 9.656000e-03 0.000000e+00 9.903440e-01
115 9.656000e-03 0.000000e+00 9.903440e-01
116 9.656000e-03 0.000000e+00 9.903440e-01
117 9.656000e-03 0.000000e+00 9.903440e-01
118 9.656000e-03 0.000000e+00 9.903440e-01
119 9.656000e-03 0.000000e+00 9.903440e-01
120 9.656000e-03 0.000000e+00 9.903440e-01
121 9.656000e-03 0.000000e+00 9.903440e-01
122 9.656000e-03 0.000000e+00 9.903440e-01
123 9.656000e-03 0.000000e+00 9.903440e-01
124 9.656000e-03 0.000000e+00 9.903440e-01
125 9.656000e-03 0.000000e+00 9.903440e-01
126 9.656000e-03 0.000000e+00 9.903440e-01
127 9.656000e-03 0.000000e+00 9.903440e-01
128 9.656000e-03 0.000000e+00 9.903440e-01
129 9.656000e-03 0.000000e+00 9.903440e-01
130 9.656000e-03 0.000000e+00 9.903440e-01
131 9.656000e-03 0.000000e+00 9.903440e-01
132 9.656000e-03 0.000000e+00 9.903440e-01
133 9.656000e-03 0.000000e+00 9.903440e-01
134 9.656000e-03 0.000000e+00 9.903440e-01
135 9.656000e-03 0.000000e+00 9.903440e-01
136 9.656000e-03 0.000000e+00 9.903440e-01
137 9.656000e-03 0.000000e+00 9.903440e-01
138 9.656000e-03 0.000000e+00 9.903440e-01
139 9.656000e-03 0.000000e+00 9.903440e-01
140 9.656000e-03 0.000000e+00 9.903440e-01
141 9.656000e-03 0.000000e+00 9.903440e-01
142 9.656000e-03 0.000000e+00 9.903440e-01
143 9.656000e-03 0.000000e+00 9.903440e-01
144 9.656000e-03 0.000000e+00 9.903440e-01
145 9.656000e-03 0.000000e+00 9.903440e-01
146 9.656000e-03 0.000000e+00 9.903440e-01
147 9.656000e-03 0.000000e+00 9.903440e-01
148 9.656000e-03 0.000000e+00 9.903440e-01
149 9.656000e-03 0.000000e+00 9.903440e-01
150 9.656000e-03 0.000000e+00 9.903440e-01
151 9.656000e-03 0.000000e+00 9.903440e-01
152 9.656000e-03 0.000000e+00 9.903440e-01
153 9.656000e-03 0.000000e+00 9.903440e-01
154 9.656000e-03 0.000000e+00 9.903440e-01
155 9.656000e-03 0.000000e+00 9.903440e-01
156 9.656000e-03 0.000000e+00 9.903440e-01
157 9.656000e-03 0.000000e+00 9.903440e-01
158 9.656000e-03 0.000000e+00 9.903440e-01
159 9.656000e-03 0.000000e+00 9.903440e-01
160 9.656000e-03 0.000000e+00 9.903440e-01
161 9.656000e-03 0.000000e+00 9.903440e-01
162 9.656000e-03 0.000000e+00 9.903440e-01
163 9.656000e-03 0.000000e+00 9.903440e-01
164 9.656000e-03 0.000000e+00 9.903440e-01
165 9.656000e-03 0.000000e+00 9.903440e-01
166 9.656000e-03 0.000000e+00 9.903440e-01
167 9.656000e-03 0.000000e+00 9.903440e-01
168 9.656000e-03 0.000000e+00 9.903440e-01
169 9.656000e-03 0.000000e+00 9.903440e-01
170 9.656000e-03 0.000000e+00 9.903440e-01
171 9.656000e-03 0.000000e+00 9.903440e-01
172 9.656000e-03 0.000000e+00 9.903440e-01
173 9.656000e-03 0.000000e+00 9.903440e-01
174 9.656000e-03 0.000000e+00 9.903440e-01
175 9.656000e-03 0.000000e+00 9.903440e-01
176 9.656000e-03 0.000000e+00 9.903440e-01
177 9.656000e-03 0.000000e+00 9.903440e-01
178 9.656000e-03 0.000000e+00 9.903440e-01
179 9.656000e-03 0.000000e+00 9.903440e-01
180 9.656000e-03 0.000000e+00 9.903440e-01
181 9.656000e-03 0.000000e+00 9.903440e-01
182 9.656000e-03 0.000000e+00 9.903440e-01
183 9.656000e-03 0.000000e+00 9.903440e-01
184 9.656000e-03 0.000000e+00 9.903440e-01
185 9.656000e-03 0.000000e+00 9.903440e-01
186 9.656000e-03 0.000000e+00 9.903440e-01
187 9.656000e-03 0.000000e+00 9.903440e-01
188 9.656000e-03 0.000000e+00 9.903440e-01
189 9.656000e-03 0.000000e+00 9.903440e-01
190 9.656000e-03 0.000000e+00 9.903440e-01
191 9.656000e-03 0.000000e+00 9.903440e-01
192 9.656000e-03 0.000000e+00 9.903440e-01
193 9.656000e-03 0.000000e+00 9.903440e-01
194 9.656000e-03 0.000000e+00 9.903440e-01
195 9.656000e-03 0.000000e+00 9.903440e-01
196 9.656000e-03 0.000000e+00 9.903440e-01
197 9.656000e-03 0.000000e+00 9.903440e-01
198 9.656000e-03 0.000000e+00 9.903440e-01
199 9.656000e-03 0.000000e+00 9.903440e-01
200 9.656000e-03 0.000000e+00 9.903440e-01
201 9.656000e-03 0.000000e+00 9.903440e-01
202 9.656000e-03 0.000000e+00 9.903440e-01
203 9.656000e-03 0.000000e+00 9.903440e-01
204 9.656000e-03 0.000000e+00 9.903440e-01
205 9.656000e-03 0.000000e+00 9.903440e-01
206 9.656000e-03 0.000000e+00 9.903440e-01
207 9.656000e-03 0.000000e+00 9.903440e-01
208 9.656000e-03 0.000000e+00 9.903440e-01
209 9.656000e-03 0.000000e+00 9.903440e-01
210 9.656000e-03 0.000000e+00 9.903440e-01
211 9.656000e-03 0.000000e+00 9.903440e-01
212 9.656000e-03 0.000000e+00 9.903440e-01
213 9.656000e-03 0.000000e+00 9.903440e-01
214 9.656000e-03 0.000000e+00 9.903440e-01
215 9.656000e-03 0.000000e+00 9.903440e-01
216 9.656000e-03 0.000000e+00 9.903440e-01
217 9.656000e-03 0.000000e+00 9.903440e-01
218 9.656000e-03 0.000000e+00 9.903440e-01
219 9.656000e-03 0.000000e+00 9.903440e-01
220 9.656000e-03 0.000000e+00 9.903440e-01
221 9.656000e-03 0.000000e+00 9.903440e-01
222 9.656000e-03 0.000000e+00 9.903440e-01
223 9.656000e-03 0.000000e+00 9.903440e-01
224 9.656000e-03 0.000000e+00 9.903440e-01
225 9.656000e-03 0.000000e+00 9.903440e-01
226 9.656000e-03 0.000000e+00 9.903440e-01
227 9.656000e-03 0.000000e+00 9.903440e-01
228 9.656000e-03 0.000000e+00 9.903440e-01
229 9.656000e-03 0.000000e+00 9.903440e-01
230 9.656000e-03 0.000000e+00 9.903440e-01
231 9.656000e-03 0.000000e+00 9.903440e-01
232 9.656000e-03 0.000000e+00 9.903440e-01
233 9.656000e-03 0.000000e+00 9.903440e-01
234 9.656000e-03 0.000000e+00 9.903440e-01
235 9.656000e-03 0.000000e+00 9.903440e-01
236 9.656000e-03 0.000000e+00 9.903440e-01
237 9.656000e-03 0.000000e+00 9.903440e-01
238 9.656000e-03 0.000000e+00 9.903440e-01
239 9.656000e-03 0.000000e+00 9.903440e-01
240 9.656000e-03 0.000000e+00 9.903440e-01
241 9.656000e-03 0.000000e+00 9.903440e-01
242 9.656000e-03 0.000000e+00 9.903440e-01
243 9.656000e-03 0.000000e+00 9.903440e-01
244 9.656000e-03 0.000000e+00 9.903440e-01
245 9.656000e-03 0.000000e+00 9.903440e-01
246 9.656000e-03 0.000000e+00 9.903440e-01
247 9.656000e-03 0.000000e+00 9.903440e-01
248 9.656000e-03 0.000000e+00 9.903440e-01
249 9.656000e-03 0.000000e+00 9.903440e-01
250 9.656000e-03 0.000000e+00 9.903440e-01
251 9.656000e-03 0.000000e+00 9.903440e-01
252 9.656000e-03 0.000000e+00 9.903440e-01
253 9.656000e-03 0.000000e+00 9.903440e-01
254 9.656000e-03 0.000000e+00 9.903440e-01
255 9.656000e-03 0.000000e+00 9.903440e-01
256 9.656000e-03 0.000000e+00 9.903440e-01
257 9.656000e-03 0.000000e+00 9.903440e-01
258 9.656000e-03 0.000000e+00 9.903440e-01
259 9.656000e-03 0.000000e+00 9.903440e-01
260 9.656000e-03 0.000000e+00 9.903440e-01
261 9.656000e-03 0.000000e+00 9.903440e-01
262 9.656000e-03 0.000000e+00 9.903440e-01
263 9.656000e-03 0.000000e+00 9.903440e-01
264 9.656000e-03 0.000000e+00 9.903440e-01
265 9.656000e-03 0.000000e+00 9.903440e-01
266 9.656000e-03 0.000000e+00 9.903440e-01
267 9.656000e-03 0.000000e+00 9.903440e-01
268 9.656000e-03 0.000000e+00 9.903440e-01
269 9.656000e-03 0.000000e+00 9.903440e-01
270 9.656000e-03 0.000000e+00 9.903440e-01
271 9.656000e-03 0.000000e+00 9.903440e-01
272 9.656000e-03 0.000000e+00 9.903440e-01
273 9.656000e-03 0.000000e+00 9.903440e-01
274 9.656000e-03 0.000000e+00 9.903440e-01
275 9.656000e-03 0.000000e+00 9.903440e-01
276 9.656000e-03 0.000000e+00 9.903440e-01
277 9.656000e-03 0.000000e+00 9.903440e-01
278 9.656000e-03 0.000000e+00 9.903440e-01
279 9.656000e-03 0.000000e+00 9.903440e-01
280 9.656000e-03 0.000000e+00 9.903440e-01
281 9.656000e-03 0.000000e+00 9.903440e-01
282 9.656000e-03 0.000000e+00 9.903440e-01
283 9.656000e-03 0.000000e+00 9.903440e-01
284 9.656000e-03 0.000000e+00 9.903440e-01
285 9.656000e-03 0.000000e+00 9.903440e-01
286 9.656000e-03 0.000000e+00 9.903440e-01
287 9.656000e-03 0.000000e+00 9.903440e-01
288 9.656000e-03 0.000000e+00 9.903440e-01
289 9.656000e-03 0.000000e+00 9.903440e-01
290 9.656000e-03 0.000000e+00 9.903440e-01
291 9.656000e-03 0.000000e+00 9.903440e-01
292 9.656000e-03 0.000000e+00 9.903440e-01
293 9.656000e-03 0.000000e+00 9.903440e-01
294 9.656000e-03 0.000000e+00 9.903440e-01
295 9.656000e-03 0.000000e+00 9.903440e-01
296 9.656000e-03 0.000000e+00 9.903440e-01
297 9.656000e-03 0.000000e+00 9.903440e-01
298 9.656000e-03 0.000000e+00 9.903440e-01
299 9.656000e-03 0.000000e+00 9.903440e-01
300 9.656000e-03 0.000000e+00 9.903440e-01
301 9.656000e-03 0.000000e+00 9.903440e-01
302 9.656000e-03 0.000000e+00 9.903440e-01
303 9.656000e-03 0.000000e+00 9.903440e-01
304 9.656000e-03 0.000000e+00 9.903440e-01
305 9.656000e-03 0.000000e+00 9.903440e-01
306 9.656000e-03 0.000000e+00 9.903440e-01
307 9.656000e-03 0.000000e+00 9.903440e-01
308 9.656000e-03 0.000000e+00 9.903440e-01
309 9.656000e-03 0.000000e+00 9.903440e-01
310 9.656000e-03 0.000000e+00 9.903440e-01
311 9.656000e-03 0.000000e+00 9.903440e-01
312 9.656000e-03 0.000000e+00 9.903440e-01
313 9.656000e-03 0.000000e+00 9.903440e-01
314 9.656000e-03 0.000000e+00 9.903440e-01
315 9.656000e-03 0.000000e+00 9.903440e-01
316 9.656000e-03 0.000000e+00 9.903440e-01
317 9.656000e-03 0.000000e+00 9.903440e-01
318 9.656000e-03 0.000000e+00 9.903440e-01
319 9.656000e-03 0.000000e+00 9.903440e-01
320 9.656000e-03 0.000000e+00 9.903440e-01
321 9.656000e-03 0.000000e+00 9.903440e-01
322 9.656000e-03 0.000000e+00 9.903440e-01
323 9.656000e-03 0.000000e+00 9.903440e-01
324 9.656000e-03 0.000000e+00 9.903440e-01
325 9.656000e-03 0.000000e+00 9.903440e-01
326 9.656000e-03 0.000000e+00 9.903440e-01
327 9.656000e-03 0.000000e+00 9.903440e-01
328 9.656000e-03 0.000000e+00 9.903440e-01
329 9.656000e-03 0.000000e+00 9.903440e-01
330 9.656000e-03 0.000000e+00 9.903440e-01
331 9.656000e-03 0.000000e+00 9.903440e-01
332 9.656000e-03 0.000000e+00 9.903440e-01
333 9.656000e-03 0.000000e+00 9.903440e-01
334 9.656000e-03 0.000000e+00 9.903440e-01
335 9.656000e-03 0.000000e+00 9.903440e-01
336 9.656000e-03 0.000000e+00 9.903440e-01
337 9.656000e-03 0.000000e+00 9.903440e-01
338 9.656000e-03 0.000000e+00 9.903440e-01
339 9.656000e-03 0.000000e+00 9.903440e-01
340 9.656000e-03 0.000000e+00 9.903440e-01
341 9.656000e-03 0.000000e+00 9.903440e-01
342 9.656000e-03 0.000000e+00 9.903440e-01
343 9.656000e-03 0.000000e+00 9.903440e-01
344 9.656000e-03 0.000000e+00 9.903440e-01
345 9.656000e-03 0.000000e+00 9.903440e-01
346 9.656000e-03 0.000000e+00 9.903440e-01
347 9.656000e-03 0.000000e+00 9.903440e-01
348 9.656000e-03 0.000000e+00 9.903440e-01
349 9.656000e-03 0.000000e+00 9.903440e-01
350 9.656000e-03 0.000000e+00 9.903440e-01
351 9.656000e-03 0.000000e+00 9.903440e-01
352 9.656000e-03 0.000000e+00 9.903440e-01
353 9.656000e-03 0.000000e+00 9.903440e-01
354 9.656000e-03 0.000000e+00 9.903440e-01
355 9.656000e-03 0.000000e+00 9.903440e-01
356 9.656000e-03 0.000000e+00 9.903440e-01
357 9.656000e-03 0.000000e+00 9.903440e-01
358 9.656000e-03 0.000000e+00 9.903440e-01
359 9.656000e-03 0.000000e+00 9.903440e-01
360 9.656000e-03 0.000000e+00 9.903440e-01
361 9.656000e-03 0.000000e+00 9.903440e-01
362 9.656000e-03 0.000000e+00 9.903440e-01
363 9.656000e-03 0.000000e+00 9.903440e-01
364 9.656000e-03 0.000000e+00 9.903440e-01
365 9.656000e-03 0.000000e+00 9.903440e-01
366 9.656000e-03 0.000000e+00 9.903440e-01
367 9.656000e-03 0.000000e+00 9.903440e-01
368 9.656000e-03 0.000000e+00 9.903440e-01
369 9.656000e-03 0.000000e+00 9.903440e-01
370 9.656000e-03 0.000000e+00 9.903440e-01
371 9.656000e-03 0.000000e+00 9.903440e-01
372 9.656000e-03 0.000000e+00 9.903440e-01
373 9.656000e-03 0.000000e+00 9.903440e-01
374 9.656000e-03 0.000000e+00 9.903440e-01
375 9.656000e-03 0.000000e+00 9.903440e-01
376 9.656000e-03 0.000000e+00 9.903440e-01
377 9.656000e-03 0.000000e+00 9.903440e-01
378 9.656000e-03 0.000000e+00 9.903440e-01
379 9.656000e-03 0.000000e+00 9.903440e-01
380 9.656000e-03 0.000000e+00 9.903440e-01
381 9.656000e-03 0.000000e+00 9.903440e-01
382 9.656000e-03 0.000000e+00 9.903440e-01
383 9.656000e-03 0.000000e+00 9.903440e-01
384 9.656000e-03 0.000000e+00 9.903440e-01
385 9.656000e-03 0.000000e+00 9.903440e-01
386 9.656000e-03 0.000000e+00 9.903440e-01
387 9.656000e-03 0.000000e+00 9.903440e-01
388 9.656000e-03 0.000000e+00 9.903440e-01
389 9.656000e-03 0.000000e+00 9.903440e-01
390 9.656000e-03 0.000000e+00 9.903440e-01
391 9.656000e-03 0.000000e+00 9.903440e-01
392 9.656000e-03 0.000000e+00 9.903440e-01
393 9.656000e-03 0.000000e+00 9.903440e-01
394 9.656000e-03 0.000000e+00 9.903440e-01
395 9.656000e-03 0.000000e+00 9.903440e-01
396 9.656000e-03 0.000000e+00 9.903440e-01
397 9.656000e-03 0.000000e+00 9.903440e-01
398 9.656000e-03 0.000000e+00 9.903440e-01
399 9.656000e-03 0.000000e+00 9.903440e-01
400 9.656000e-03 0.000000e+00 9.903440e-01
401 9.656000e-03 0.000000e+00 9.903440e-01
402 9.656000e-03 0.000000e+00 9.903440e-01
403 9.656000e-03 0.000000e+00 9.903440e-01
404 9.656000e-03 0.000000e+00 9.903440e-01
405 9.656000e-03 0.000000e+00 9.903440e-01
406 9.656000e-03 0.000000e+00 9.903440e-01
407 9.656000e-03 0.000000e+00 9.903440e-01
408 9.656000e-03 0.000000e+00 9.903440e-01
409 9.656000e-03 0.000000e+00 9.903440e-01
410 9.656000e-03 0.000000e+00 9.903440e-01
411 9.656000e-03 0.000000e+00 9.903440e-01
412 9.656000e-03 0.000000e+00 9.903440e-01
413 9.656000e-03 0.000000e+00 9.903440e-01
414 9.656000e-03 0.000000e+00 9.903440e-01
415 9.656000e-03 0.000000e+00 9.903440e-01
416 9.656000e-03 0.000000e+00 9.903440e-01
417 9.656000e-03 0.000000e+00 9.903440e-01
418 9.656000e-03 0.000000e+00 9.903440e-01
419 9.656000e-03 0.000000e+00 9.903440e-01
420 9.656000e-03 0.000000e+00 9.903440e-01
421 9.656000e-03 0.000000e+00 9.903440e-01
422 9.656000e-03 0.000000e+00 9.903440e-01
423 9.656000e-03 0.000000e+00 9.903440e-01
424 9.656000e-03 0.000000e+00 9.903440e-01
425 9.656000e-03 0.000000e+00 9.903440e-01
426 9.656000e-03 0.000000e+00 9.903440e-01
427 9.656000e-03 0.000000e+00 9.903440e-01
428 9.656000e-03 0.000000e+00 9.903440e-01
429 9.656000e-03 0.000000e+00 9.903440e-01
430 9.656000e-03 0.000000e+00 9.903440e-01
431 9.656000e-03 0.000000e+00 9.903440e-01
432 9.656000e-03 0.000000e+00 9.903440e-01
433 9.656000e-03 0.000000e+00 9.903440e-01
434 9.656000e-03 0.000000e+00 9.903440e-01
435 9.656000e-03 0.000000e+00 9.903440e-01
436 9.656000e-03 0.000000e+00 9.903440e-01
437 9.656000e-03 0.000000e+00 9.903440e-01
438 9.656000e-03 0.000000e+00 9.903440e-01
439 9.656000e-03 0.000000e+00 9.903440e-01
440 9.656000e-03 0.000000e+00 9.903440e-01
441 9.656000e-03 0.000000e+00 9.903440e-01
442 9.656000e-03 0.000000e+00 9.903440e-01
443 9.656000e-03 0.000000e+00 9.903440e-01
444 9.656000e-03 0.000000e+00 9.903440e-01
445 9.656000e-03 0.000000e+00 9.903440e-01
446 9.656000e-03 0.000000e+00 9.903440e-01
447 9.656000e-03 0.000000e+00 9.903440e-01
448 9.656000e-03 0.000000e+00 9.903440e-01
449 9.656000e-03 0.000000e+00 9.903440e-01
450 9.656000e-03 0.000000e+00 9.903440e-01
451 9.656000e-03 0.000000e+00 9.903440e-01
452 9.656000e-03 0.000000e+00 9.903440e-01
453 9.656000e-03 0.000000e+00 9.903440e-01
454 9.656000e-03 0.000000e+00 9.903440e-01
455 9.656000e-03 0.000000e+00 9.903440e-01
456 9.656000e-03 0.000000e+00 9.903440e-01
457 9.656000e-03 0.000000e+00 9.903440e-01
458 9.656000e-03 0.000000e+00 9.903440e-01
459 9.656000e-03 0.000000e+00 9.903440e-01
460 9.656000e-03 0.000000e+00 9.903440e-01
461 9.656000e-03 0.000000e+00 9.903440e-01
462 9.656000e-03 0.000000e+00 9.903440e-01
463 9.656000e-03 0.000000e+00 9.903440e-01
464 9.656000e-03 0.000000e+00 9.903440e-01
465 9.656000e-03 0.000000e+00 9.903440e-01
466 9.656000e-03 0.000000e+00 9.903440e-01
467 9.656000e-03 0.000000e+00 9.903440e-01
468 9.656000e-03 0.000000e+00 9.903440e-01
469 9.656000e-03 0.000000e+00 9.903440e-01
470 9.656000e-03 0.000000e+00 9.903440e-01
471 9.656000e-03 0.000000e+00 9.903440e-01
472 9.656000e-03 0.000000e+00 9.903440e-01
473 9.656000e-03 0.000000e+00 9.903440e-01
474 9.656000e-03 0.000000e+00 9.903440e-01
475 9.656000e-03 0.000000e+00 9.903440e-01
476 9.656000e-03 0.000000e+00 9.903440e-01
477 9.656000e-03 0.000000e+00 9.903440e-01
478 9.656000e-03 0.000000e+00 9.903440e-01
479 9.656000e-03 0.000000e+00 9.903440e-01
480 9.656000e-03 0.000000e+00 9.903440e-01
481 9.656000e-03 0.000000e+00 9.903440e-01
482 9.656000e-03 0.000000e+00 9.903440e-01
483 9.656000e-03 0.000000e+00 9.903440e-01
484 9.656000e-03 0.000000e+00 9.903440e-01
485 9.656000e-03 0.000000e+00 9.903440e-01
486 9.656000e-03 0.000000e+00 9.903440e-01
487 9.656000e-03 0.000000e+00 9.903440e-01
488 9.656000e-03 0.000000e+00 9.903440e-01
489 9.656000e-03 0.000000e+00 9.903440e-01
490 9.656000e-03 0.000000e+00 9.903440e-01
491 9.656000e-03 0.000000e+00 9.903440e-01
492 9.656000e-03 0.000000e+00 9.903440e-01
493 9.656000e-03 0.000000e+00 9.903440e-01
494 9.656000e-03 0.000000e+00 9.903440e-01
495 9.656000e-03 0.000000e+00 9.903440e-01
496 9.656000e-03 0.000000e+00 9.903440e-01
497 9.656000e-03 0.000000e+00 9.903440e-01
498 9.656000e-03 0.000000e+00 9.903440e-01
499 9.656000e-03 0.000000e+00 9.903440e-01
500 9.656000e-03 0.000000e+00 9.903440e-01
