0 9999 1 0
1 9998 2 0
2 9997 2 1
3 9995 4 1
4 9989 10 1
5 9989 8 3
6 9986 9 5
7 9985 9 6
8 9981 12 7
9 9975 16 9
10 9970 19 11
11 9965 22 13
12 9959 26 15
13 9953 31 16
14 9949 28 23
15 9940 29 31
16 9928 39 33
17 9917 43 40
18 9901 50 49
19 9882 58 60
20 9864 70 66
21 9844 79 77
22 9824 90 86
23 9805 84 111
24 9779 92 129
25 9761 91 148
26 9743 94 163
27 9722 98 180
28 9701 95 204
29 9676 104 220
30 9654 108 238
31 9618 128 254
32 9582 134 284
33 9552 146 302
34 9514 155 331
35 9475 167 358
36 9429 177 394
37 9400 181 419
38 9363 188 449
39 9330 191 479
40 9296 184 520
41 9253 182 565
42 9215 198 587
43 9172 218 610
44 9120 230 650
45 9063 241 696
46 9020 242 738
47 8959 266 775
48 8892 275 833
49 8831 289 880
50 8759 317 924
51 8695 330 975
52 8636 332 1032
53 8549 358 1093
54 8477 358 1165
55 8409 366 1225
56 8340 371 1289
57 8274 372 1354
58 8211 371 1418
59 8116 394 1490
60 8042 398 1560
61 7954 409 1637
62 7881 407 1712
63 7802 414 1784
64 7724 420 1856
65 7631 429 1940
66 7549 429 2022
67 7465 433 2102
68 7373 453 2174
69 7294 442 2264
70 7225 446 2329
71 7146 444 2410
72 7049 466 2485
73 6963 477 2560
74 6878 472 2650
75 6784 493 2723
76 6672 517 2811
77 6558 520 2922
78 6445 539 3016
79 6330 545 3125
80 6202 569 3229
81 6067 595 3338
82 5955 602 3443
83 5838 611 3551
84 5720 632 3648
85 5569 656 3775
86 5437 656 3907
87 5319 671 4010
88 5197 680 4123
89 5074 681 4245
90 4946 696 4358
91 4797 716 4487
92 4669 711 4620
93 4541 722 4737
94 4424 712 4864
95 4289 729 4982
96 4168 716 5116
97 4032 725 5243
98 3916 711 5373
99 3786 730 5484
100 3647 726 5627
101 3509 734 5757
102 3362 749 5889
103 3227 747 6026
104 3085 768 6147
105 2949 766 6285
106 2820 758 6422
107 2688 758 6554
108 2552 759 6689
109 2409 765 6826
110 2287 750 6963
111 2198 712 7090
112 2083 690 7227
113 1968 693 7339
114 1842 706 7452
115 1726 695 7579
116 1621 682 7697
117 1527 643 7830
118 1428 633 7939
119 1353 608 8039
120 1276 576 8148
121 1178 590 8232
122 1077 577 8346
123 994 558 8448
124 930 513 8557
125 879 481 8640
126 826 448 8726
127 782 417 8801
128 745 383 8872
129 709 340 8951
130 673 319 9008
131 643 304 9053
132 619 283 9098
133 579 269 9152
134 549 239 9212
135 511 227 9262
136 482 212 9306
137 460 209 9331
138 439 190 9371
139 428 168 9404
140 407 159 9434
141 387 160 9453
142 376 145 9479
143 369 132 9499
144 360 115 9525
145 352 111 9537
146 350 89 9561
147 349 78 9573
148 349 56 9595
149 345 53 9602
150 344 46 9610
151 344 35 9621
152 342 30 9628
153 341 26 9633
154 339 24 9637
155 336 24 9640
156 334 22 9644
157 333 21 9646
158 332 19 9649
159 332 16 9652
160 331 14 9655
161 330 11 9659
162 330 10 9660
163 330 8 9662
164 330 7 9663
165 330 6 9664
166 330 6 9664
167 330 6 9664
168 330 5 9665
169 329 5 9666
170 329 5 9666
171 329 4 9667
172 329 4 9667
173 328 5 9667
174 328 5 9667
175 328 5 9667
176 328 5 9667
177 328 4 9668
178 328 3 9669
179 328 2 9670
180 328 2 9670
181 328 2 9670
182 328 2 9670
183 328 2 9670
184 328 2 9670
185 328 2 9670
186 328 2 9670
187 328 2 9670
188 328 1 9671
189 328 1 9671
190 328 1 9671
191 328 0 9672
192 328 0 9672
193 328 0 9672
194 328 0 9672
195 328 0 9672
196 328 0 9672
197 328 0 9672
198 328 0 9672
199 328 0 9672
200 328 0 9672
201 328 0 9672
202 328 0 9672
203 328 0 9672
204 328 0 9672
205 328 0 9672
206 328 0 9672
207 328 0 9672
208 328 0 9672
209 328 0 9672
210 328 0 9672
211 328 0 9672
212 328 0 9672
213 328 0 9672
214 328 0 9672
215 328 0 9672
216 328 0 9672
217 328 0 9672
218 328 0 9672
219 328 0 9672
220 328 0 9672
221 328 0 9672
222 328 0 9672
223 328 0 9672
224 328 0 9672
225 328 0 9672
226 328 0 9672
227 328 0 9672
228 328 0 9672
229 328 0 9672
230 328 0 9672
231 328 0 9672
232 328 0 9672
233 328 0 9672
234 328 0 9672
235 328 0 9672
236 328 0 9672
237 328 0 9672
238 328 0 9672
239 328 0 9672
240 328 0 9672
241 328 0 9672
242 328 0 9672
243 328 0 9672
244 328 0 9672
245 328 0 9672
246 328 0 9672
247 328 0 9672
248 328 0 9672
249 328 0 9672
250 328 0 9672
251 328 0 9672
252 328 0 9672
253 328 0 9672
254 328 0 9672
255 328 0 9672
256 328 0 9672
257 328 0 9672
258 328 0 9672
259 328 0 9672
260 328 0 9672
261 328 0 9672
262 328 0 9672
263 328 0 9672
264 328 0 9672
265 328 0 9672
266 328 0 9672
267 328 0 9672
268 328 0 9672
269 328 0 9672
270 328 0 9672
271 328 0 9672
272 328 0 9672
273 328 0 9672
274 328 0 9672
275 328 0 9672
276 328 0 9672
277 328 0 9672
278 328 0 9672
279 328 0 9672
280 328 0 9672
281 328 0 9672
282 328 0 9672
283 328 0 9672
284 328 0 9672
285 328 0 9672
286 328 0 9672
287 328 0 9672
288 328 0 9672
289 328 0 9672
290 328 0 9672
291 328 0 9672
292 328 0 9672
293 328 0 9672
294 328 0 9672
295 328 0 9672
296 328 0 9672
297 328 0 9672
298 328 0 9672
299 328 0 9672
300 328 0 9672
301 328 0 9672
302 328 0 9672
303 328 0 9672
304 328 0 9672
305 328 0 9672
306 328 0 9672
307 328 0 9672
308 328 0 9672
309 328 0 9672
310 328 0 9672
311 328 0 9672
312 328 0 9672
313 328 0 9672
314 328 0 9672
315 328 0 9672
316 328 0 9672
317 328 0 9672
318 328 0 9672
319 328 0 9672
320 328 0 9672
321 328 0 9672
322 328 0 9672
323 328 0 9672
324 328 0 9672
325 328 0 9672
326 328 0 9672
327 328 0 9672
328 328 0 9672
329 328 0 9672
330 328 0 9672
331 328 0 9672
332 328 0 9672
333 328 0 9672
334 328 0 9672
335 328 0 9672
336 328 0 9672
337 328 0 9672
338 328 0 9672
339 328 0 9672
340 328 0 9672
341 328 0 9672
342 328 0 9672
343 328 0 9672
344 328 0 9672
345 328 0 9672
346 328 0 9672
347 328 0 9672
348 328 0 9672
349 328 0 9672
350 328 0 9672
351 328 0 9672
352 328 0 9672
353 328 0 9672
354 328 0 9672
355 328 0 9672
356 328 0 9672
357 328 0 9672
358 328 0 9672
359 328 0 9672
360 328 0 9672
361 328 0 9672
362 328 0 9672
363 328 0 9672
364 328 0 9672
365 328 0 9672
366 328 0 9672
367 328 0 9672
368 328 0 9672
369 328 0 9672
370 328 0 9672
371 328 0 9672
372 328 0 9672
373 328 0 9672
374 328 0 9672
375 328 0 9672
376 328 0 9672
377 328 0 9672
378 328 0 9672
379 328 0 9672
380 328 0 9672
381 328 0 9672
382 328 0 9672
383 328 0 9672
384 328 0 9672
385 328 0 9672
386 328 0 9672
387 328 0 9672
388 328 0 9672
389 328 0 9672
390 328 0 9672
391 328 0 9672
392 328 0 9672
393 328 0 9672
394 328 0 9672
395 328 0 9672
396 328 0 9672
397 328 0 9672
398 328 0 9672
399 328 0 9672
400 328 0 9672
401 328 0 9672
402 328 0 9672
403 328 0 9672
404 328 0 9672
405 328 0 9672
406 328 0 9672
407 328 0 9672
408 328 0 9672
409 328 0 9672
410 328 0 9672
411 328 0 9672
412 328 0 9672
413 328 0 9672
414 328 0 9672
415 328 0 9672
416 328 0 9672
417 328 0 9672
418 328 0 9672
419 328 0 9672
420 328 0 9672
421 328 0 9672
422 328 0 9672
423 328 0 9672
424 328 0 9672
425 328 0 9672
426 328 0 9672
427 328 0 9672
428 328 0 9672
429 328 0 9672
430 328 0 9672
431 328 0 9672
432 328 0 9672
433 328 0 9672
434 328 0 9672
435 328 0 9672
436 328 0 9672
437 328 0 9672
438 328 0 9672
439 328 0 9672
440 328 0 9672
441 328 0 9672
442 328 0 9672
443 328 0 9672
444 328 0 9672
445 328 0 9672
446 328 0 9672
447 328 0 9672
448 328 0 9672
449 328 0 9672
450 328 0 9672
451 328 0 9672
452 328 0 9672
453 328 0 9672
454 328 0 9672
455 328 0 9672
456 328 0 9672
457 328 0 9672
458 328 0 9672
459 328 0 9672
460 328 0 9672
461 328 0 9672
462 328 0 9672
463 328 0 9672
464 328 0 9672
465 328 0 9672
466 328 0 9672
467 328 0 9672
468 328 0 9672
469 328 0 9672
470 328 0 9672
471 328 0 9672
472 328 0 9672
473 328 0 9672
474 328 0 9672
475 328 0 9672
476 328 0 9672
477 328 0 9672
478 328 0 9672
479 328 0 9672
480 328 0 9672
481 328 0 9672
482 328 0 9672
483 328 0 9672
484 328 0 9672
485 328 0 9672
486 328 0 9672
487 328 0 9672
488 328 0 9672
489 328 0 9672
490 328 0 9672
491 328 0 9672
492 328 0 9672
493 328 0 9672
494 328 0 9672
495 328 0 9672
496 328 0 9672
497 328 0 9672
498 328 0 9672
499 328 0 9672
500 328 0 9672
501 328 0 9672
502 328 0 9672
503 328 0 9672
504 328 0 9672
505 328 0 9672
506 328 0 9672
507 328 0 9672
508 328 0 9672
509 328 0 9672
510 328 0 9672
511 328 0 9672
512 328 0 9672
513 328 0 9672
514 328 0 9672
515 328 0 9672
516 328 0 9672
517 328 0 9672
518 328 0 9672
519 328 0 9672
520 328 0 9672
521 328 0 9672
522 328 0 9672
523 328 0 9672
524 328 0 9672
525 328 0 9672
526 328 0 9672
527 328 0 9672
528 328 0 9672
529 328 0 9672
530 328 0 9672
531 328 0 9672
532 328 0 9672
533 328 0 9672
534 328 0 9672
535 328 0 9672
536 328 0 9672
537 328 0 9672
538 328 0 9672
539 328 0 9672
540 328 0 9672
541 328 0 9672
542 328 0 9672
543 328 0 9672
544 328 0 9672
545 328 0 9672
546 328 0 9672
547 328 0 9672
548 328 0 9672
549 328 0 9672
550 328 0 9672
551 328 0 9672
552 328 0 9672
553 328 0 9672
554 328 0 9672
555 328 0 9672
556 328 0 9672
557 328 0 9672
558 328 0 9672
559 328 0 9672
560 328 0 9672
561 328 0 9672
562 328 0 9672
563 328 0 9672
564 328 0 9672
565 328 0 9672
566 328 0 9672
567 328 0 9672
568 328 0 9672
569 328 0 9672
570 328 0 9672
571 328 0 9672
572 328 0 9672
573 328 0 9672
574 328 0 9672
575 328 0 9672
576 328 0 9672
577 328 0 9672
578 328 0 9672
579 328 0 9672
580 328 0 9672
581 328 0 9672
582 328 0 9672
583 328 0 9672
584 328 0 9672
585 328 0 9672
586 328 0 9672
587 328 0 9672
588 328 0 9672
589 328 0 9672
590 328 0 9672
591 328 0 9672
592 328 0 9672
593 328 0 9672
594 328 0 9672
595 328 0 9672
596 328 0 9672
597 328 0 9672
598 328 0 9672
599 328 0 9672
600 328 0 9672
601 328 0 9672
602 328 0 9672
603 328 0 9672
604 328 0 9672
605 328 0 9672
606 328 0 9672
607 328 0 9672
608 328 0 9672
609 328 0 9672
610 328 0 9672
611 328 0 9672
612 328 0 9672
613 328 0 9672
614 328 0 9672
615 328 0 9672
616 328 0 9672
617 328 0 9672
618 328 0 9672
619 328 0 9672
620 328 0 9672
621 328 0 9672
622 328 0 9672
623 328 0 9672
624 328 0 9672
625 328 0 9672
626 328 0 9672
627 328 0 9672
628 328 0 9672
629 328 0 9672
630 328 0 9672
631 328 0 9672
632 328 0 9672
633 328 0 9672
634 328 0 9672
635 328 0 9672
636 328 0 9672
637 328 0 9672
638 328 0 9672
639 328 0 9672
640 328 0 9672
641 328 0 9672
642 328 0 9672
643 328 0 9672
644 328 0 9672
645 328 0 9672
646 328 0 9672
647 328 0 9672
648 328 0 9672
649 328 0 9672
650 328 0 9672
651 328 0 9672
652 328 0 9672
653 328 0 9672
654 328 0 9672
655 328 0 9672
656 328 0 9672
657 328 0 9672
658 328 0 9672
659 328 0 9672
660 328 0 9672
661 328 0 9672
662 328 0 9672
663 328 0 9672
664 328 0 9672
665 328 0 9672
666 328 0 9672
667 328 0 9672
668 328 0 9672
669 328 0 9672
670 328 0 9672
671 328 0 9672
672 328 0 9672
673 328 0 9672
674 328 0 9672
675 328 0 9672
676 328 0 9672
677 328 0 9672
678 328 0 9672
679 328 0 9672
680 328 0 9672
681 328 0 9672
682 328 0 9672
683 328 0 9672
684 328 0 9672
685 328 0 9672
686 328 0 9672
687 328 0 9672
688 328 0 9672
689 328 0 9672
690 328 0 9672
691 328 0 9672
692 328 0 9672
693 328 0 9672
694 328 0 9672
695 328 0 9672
696 328 0 9672
697 328 0 9672
698 328 0 9672
699 328 0 9672
700 328 0 9672
701 328 0 9672
702 328 0 9672
703 328 0 9672
704 328 0 9672
705 328 0 9672
706 328 0 9672
707 328 0 9672
708 328 0 9672
709 328 0 9672
710 328 0 9672
711 328 0 9672
712 328 0 9672
713 328 0 9672
714 328 0 9672
715 328 0 9672
716 328 0 9672
717 328 0 9672
718 328 0 9672
719 328 0 9672
720 328 0 9672
721 328 0 9672
722 328 0 9672
723 328 0 9672
724 328 0 9672
725 328 0 9672
726 328 0 9672
727 328 0 9672
728 328 0 9672
729 328 0 9672
730 328 0 9672
731 328 0 9672
732 328 0 9672
733 328 0 9672
734 328 0 9672
735 328 0 9672
736 328 0 9672
737 328 0 9672
738 328 0 9672
739 328 0 9672
740 328 0 9672
741 328 0 9672
742 328 0 9672
743 328 0 9672
744 328 0 9672
745 328 0 9672
746 328 0 9672
747 328 0 9672
748 328 0 9672
749 328 0 9672
750 328 0 9672
751 328 0 9672
752 328 0 9672
753 328 0 9672
754 328 0 9672
755 328 0 9672
756 328 0 9672
757 328 0 9672
758 328 0 9672
759 328 0 9672
760 328 0 9672
761 328 0 9672
762 328 0 9672
763 328 0 9672
764 328 0 9672
765 328 0 9672
766 328 0 9672
767 328 0 9672
768 328 0 9672
769 328 0 9672
770 328 0 9672
771 328 0 9672
772 328 0 9672
773 328 0 9672
774 328 0 9672
775 328 0 9672
776 328 0 9672
777 328 0 9672
778 328 0 9672
779 328 0 9672
780 328 0 9672
781 328 0 9672
782 328 0 9672
783 328 0 9672
784 328 0 9672
785 328 0 9672
786 328 0 9672
787 328 0 9672
788 328 0 9672
789 328 0 9672
790 328 0 9672
791 328 0 9672
792 328 0 9672
793 328 0 9672
794 328 0 9672
795 328 0 9672
796 328 0 9672
797 328 0 9672
798 328 0 9672
799 328 0 9672
800 328 0 9672
801 328 0 9672
802 328 0 9672
803 328 0 9672
804 328 0 9672
805 328 0 9672
806 328 0 9672
807 328 0 9672
808 328 0 9672
809 328 0 9672
810 328 0 9672
811 328 0 9672
812 328 0 9672
813 328 0 9672
814 328 0 9672
815 328 0 9672
816 328 0 9672
817 328 0 9672
818 328 0 9672
819 328 0 9672
820 328 0 9672
821 328 0 9672
822 328 0 9672
823 328 0 9672
824 328 0 9672
825 328 0 9672
826 328 0 9672
827 328 0 9672
828 328 0 9672
829 328 0 9672
830 328 0 9672
831 328 0 9672
832 328 0 9672
833 328 0 9672
834 328 0 9672
835 328 0 9672
836 328 0 9672
837 328 0 9672
838 328 0 9672
839 328 0 9672
840 328 0 9672
841 328 0 9672
842 328 0 9672
843 328 0 9672
844 328 0 9672
845 328 0 9672
846 328 0 9672
847 328 0 9672
848 328 0 9672
849 328 0 9672
850 328 0 9672
851 328 0 9672
852 328 0 9672
853 328 0 9672
854 328 0 9672
855 328 0 9672
856 328 0 9672
857 328 0 9672
858 328 0 9672
859 328 0 9672
860 328 0 9672
861 328 0 9672
862 328 0 9672
863 328 0 9672
864 328 0 9672
865 328 0 9672
866 328 0 9672
867 328 0 9672
868 328 0 9672
869 328 0 9672
870 328 0 9672
871 328 0 9672
872 328 0 9672
873 328 0 9672
874 328 0 9672
875 328 0 9672
876 328 0 9672
877 328 0 9672
878 328 0 9672
879 328 0 9672
880 328 0 9672
881 328 0 9672
882 328 0 9672
883 328 0 9672
884 328 0 9672
885 328 0 9672
886 328 0 9672
887 328 0 9672
888 328 0 9672
889 328 0 9672
890 328 0 9672
891 328 0 9672
892 328 0 9672
893 328 0 9672
894 328 0 9672
895 328 0 9672
896 328 0 9672
897 328 0 9672
898 328 0 9672
899 328 0 9672
900 328 0 9672
901 328 0 9672
902 328 0 9672
903 328 0 9672
904 328 0 9672
905 328 0 9672
906 328 0 9672
907 328 0 9672
908 328 0 9672
909 328 0 9672
910 328 0 9672
911 328 0 9672
912 328 0 9672
913 328 0 9672
914 328 0 9672
915 328 0 9672
916 328 0 9672
917 328 0 9672
918 328 0 9672
919 328 0 9672
920 328 0 9672
921 328 0 9672
922 328 0 9672
923 328 0 9672
924 328 0 9672
925 328 0 9672
926 328 0 9672
927 328 0 9672
928 328 0 9672
929 328 0 9672
930 328 0 9672
931 328 0 9672
932 328 0 9672
933 328 0 9672
934 328 0 9672
935 328 0 9672
936 328 0 9672
937 328 0 9672
938 328 0 9672
939 328 0 9672
940 328 0 9672
941 328 0 9672
942 328 0 9672
943 328 0 9672
944 328 0 9672
945 328 0 9672
946 328 0 9672
947 328 0 9672
948 328 0 9672
949 328 0 9672
950 328 0 9672
951 328 0 9672
952 328 0 9672
953 328 0 9672
954 328 0 9672
955 328 0 9672
956 328 0 9672
957 328 0 9672
958 328 0 9672
959 328 0 9672
960 328 0 9672
961 328 0 9672
962 328 0 9672
963 328 0 9672
964 328 0 9672
965 328 0 9672
966 328 0 9672
967 328 0 9672
968 328 0 9672
969 328 0 9672
970 328 0 9672
971 328 0 9672
972 328 0 9672
973 328 0 9672
974 328 0 9672
975 328 0 9672
976 328 0 9672
977 328 0 9672
978 328 0 9672
979 328 0 9672
980 328 0 9672
981 328 0 9672
982 328 0 9672
983 328 0 9672
984 328 0 9672
985 328 0 9672
986 328 0 9672
987 328 0 9672
988 328 0 9672
989 328 0 9672
990 328 0 9672
991 328 0 9672
992 328 0 9672
993 328 0 9672
994 328 0 9672
995 328 0 9672
996 328 0 9672
997 328 0 9672
998 328 0 9672
999 328 0 9672
