0 9999 1 0
1 9998 2 0
2 9997 3 0
3 9993 7 0
4 9989 9 2
5 9986 9 5
6 9982 12 6
7 9979 15 6
8 9975 19 6
9 9971 20 9
10 9967 21 12
11 9965 19 16
12 9962 19 19
13 9956 22 22
14 9951 21 28
15 9947 24 29
16 9943 24 33
17 9937 28 35
18 9927 30 43
19 9920 34 46
20 9917 34 49
21 9913 32 55
22 9904 31 65
23 9898 35 67
24 9896 35 69
25 9891 35 74
26 9888 33 79
27 9883 32 85
28 9876 35 89
29 9863 42 95
30 9857 45 98
31 9849 45 106
32 9841 52 107
33 9829 60 111
34 9815 68 117
35 9799 71 130
36 9785 72 143
37 9762 83 155
38 9742 88 170
39 9733 83 184
40 9726 83 191
41 9709 88 203
42 9692 90 218
43 9668 96 236
44 9655 96 249
45 9634 102 264
46 9622 101 277
47 9612 95 293
48 9592 100 308
49 9583 93 324
50 9567 89 344
51 9553 96 351
52 9542 96 362
53 9521 107 372
54 9505 99 396
55 9483 104 413
56 9473 100 427
57 9455 100 445
58 9435 112 453
59 9415 114 471
60 9389 124 487
61 9377 122 501
62 9357 129 514
63 9337 137 526
64 9314 137 549
65 9296 146 558
66 9281 144 575
67 9258 143 599
68 9229 154 617
69 9210 153 637
70 9187 152 661
71 9169 154 677
72 9143 153 704
73 9121 152 727
74 9086 160 754
75 9061 160 779
76 9049 156 795
77 9028 152 820
78 9010 149 841
79 9005 132 863
80 8991 134 875
81 8966 146 888
82 8944 144 912
83 8921 146 933
84 8915 143 942
85 8903 141 956
86 8891 141 968
87 8868 145 987
88 8853 151 996
89 8841 138 1021
90 8820 140 1040
91 8811 142 1047
92 8805 141 1054
93 8774 153 1073
94 8764 144 1092
95 8753 139 1108
96 8730 147 1123
97 8713 150 1137
98 8698 151 1151
99 8685 153 1162
100 8680 143 1177
101 8668 141 1191
102 8654 142 1204
103 8644 139 1217
104 8629 139 1232
105 8614 147 1239
106 8590 153 1257
107 8560 158 1282
108 8549 157 1294
109 8530 165 1305
110 8497 181 1322
111 8476 184 1340
112 8466 181 1353
113 8445 187 1368
114 8419 199 1382
115 8384 212 1404
116 8357 214 1429
117 8328 207 1465
118 8299 201 1500
119 8283 194 1523
120 8259 191 1550
121 8237 190 1573
122 8218 192 1590
123 8206 190 1604
124 8171 207 1622
125 8160 193 1647
126 8146 184 1670
127 8120 193 1687
128 8103 190 1707
129 8085 181 1734
130 8083 175 1742
131 8066 171 1763
132 8039 184 1777
133 8028 166 1806
134 8024 169 1807
135 7995 172 1833
136 7977 167 1856
137 7964 175 1861
138 7953 176 1871
139 7933 177 1890
140 7923 163 1914
141 7908 181 1911
142 7887 185 1928
143 7870 177 1953
144 7874 172 1954
145 7872 167 1961
146 7856 174 1970
147 7849 180 1971
148 7836 182 1982
149 7813 194 1993
150 7797 191 2012
151 7787 189 2024
152 7778 189 2033
153 7758 196 2046
154 7731 204 2065
155 7714 204 2082
156 7692 211 2097
157 7674 210 2116
158 7656 209 2135
159 7649 207 2144
160 7654 197 2149
161 7641 198 2161
162 7631 202 2167
163 7624 197 2179
164 7614 188 2198
165 7589 195 2216
166 7590 195 2215
167 7600 178 2222
168 7590 183 2227
169 7561 207 2232
170 7555 188 2257
171 7550 171 2279
172 7535 176 2289
173 7535 176 2289
174 7528 175 2297
175 7521 170 2309
176 7497 181 2322
177 7479 183 2338
178 7473 165 2362
179 7461 168 2371
180 7455 167 2378
181 7447 168 2385
182 7447 170 2383
183 7444 160 2396
184 7436 157 2407
185 7441 154 2405
186 7438 157 2405
187 7437 152 2411
188 7439 140 2421
189 7440 133 2427
190 7453 126 2421
191 7454 126 2420
192 7438 142 2420
193 7447 130 2423
194 7451 122 2427
195 7465 106 2429
196 7475 95 2430
197 7482 93 2425
198 7504 83 2413
199 7518 79 2403
200 7530 77 2393
201 7543 81 2376
202 7546 86 2368
203 7552 82 2366
204 7567 78 2355
205 7587 73 2340
206 7590 82 2328
207 7596 89 2315
208 7602 92 2306
209 7611 92 2297
210 7607 107 2286
211 7604 110 2286
212 7599 115 2286
213 7590 121 2289
214 7590 121 2289
215 7586 116 2298
216 7591 116 2293
217 7603 119 2278
218 7607 120 2273
219 7603 122 2275
220 7593 128 2279
221 7588 139 2273
222 7569 148 2283
223 7569 147 2284
224 7560 144 2296
225 7577 132 2291
226 7591 120 2289
227 7594 117 2289
228 7589 122 2289
229 7597 126 2277
230 7584 139 2277
231 7585 137 2278
232 7590 138 2272
233 7586 137 2277
234 7580 140 2280
235 7565 142 2293
236 7564 152 2284
237 7559 159 2282
238 7553 162 2285
239 7541 169 2290
240 7540 166 2294
241 7526 172 2302
242 7505 182 2313
243 7498 188 2314
244 7491 179 2330
245 7481 180 2339
246 7472 171 2357
247 7467 166 2367
248 7447 179 2374
249 7442 176 2382
250 7425 189 2386
251 7418 188 2394
252 7406 193 2401
253 7403 188 2409
254 7388 195 2417
255 7371 210 2419
256 7374 205 2421
257 7361 201 2438
258 7346 204 2450
259 7341 198 2461
260 7322 199 2479
261 7315 191 2494
262 7304 203 2493
263 7291 210 2499
264 7284 212 2504
265 7272 216 2512
266 7264 203 2533
267 7259 202 2539
268 7256 195 2549
269 7252 192 2556
270 7251 196 2553
271 7234 204 2562
272 7229 197 2574
273 7229 190 2581
274 7219 190 2591
275 7215 191 2594
276 7209 184 2607
277 7198 181 2621
278 7174 188 2638
279 7160 199 2641
280 7135 210 2655
281 7122 204 2674
282 7102 208 2690
283 7103 200 2697
284 7092 211 2697
285 7076 210 2714
286 7069 208 2723
287 7051 216 2733
288 7042 222 2736
289 7044 222 2734
290 7044 226 2730
291 7032 228 2740
292 7020 228 2752
293 7009 230 2761
294 7000 220 2780
295 6990 227 2783
296 6985 232 2783
297 6970 234 2796
298 6962 237 2801
299 6964 223 2813
300 6962 204 2834
301 6949 197 2854
302 6959 186 2855
303 6949 189 2862
304 6948 183 2869
305 6948 189 2863
306 6962 188 2850
307 6965 189 2846
308 6976 183 2841
309 6992 173 2835
310 7001 165 2834
311 7011 160 2829
312 7036 158 2806
313 7063 152 2785
314 7072 140 2788
315 7084 136 2780
316 7082 140 2778
317 7096 134 2770
318 7090 135 2775
319 7103 130 2767
320 7102 131 2767
321 7114 136 2750
322 7136 140 2724
323 7153 128 2719
324 7163 117 2720
325 7168 119 2713
326 7183 114 2703
327 7195 114 2691
328 7204 107 2689
329 7213 103 2684
330 7229 96 2675
331 7248 87 2665
332 7276 78 2646
333 7283 77 2640
334 7308 77 2615
335 7323 71 2606
336 7341 70 2589
337 7352 68 2580
338 7371 69 2560
339 7394 70 2536
340 7407 78 2515
341 7408 79 2513
342 7425 75 2500
343 7446 70 2484
344 7463 70 2467
345 7465 73 2462
346 7483 64 2453
347 7496 65 2439
348 7504 55 2441
349 7526 54 2420
350 7549 55 2396
351 7563 68 2369
352 7574 71 2355
353 7589 65 2346
354 7597 67 2336
355 7617 63 2320
356 7633 61 2306
357 7640 54 2306
358 7664 48 2288
359 7678 49 2273
360 7693 46 2261
361 7708 42 2250
362 7722 44 2234
363 7749 38 2213
364 7757 38 2205
365 7776 32 2192
366 7792 33 2175
367 7805 32 2163
368 7816 36 2148
369 7829 36 2135
370 7845 33 2122
371 7865 34 2101
372 7879 38 2083
373 7898 39 2063
374 7912 38 2050
375 7918 46 2036
376 7929 43 2028
377 7946 48 2006
378 7953 45 2002
379 7974 43 1983
380 7988 35 1977
381 8001 34 1965
382 8010 38 1952
383 8023 36 1941
384 8035 38 1927
385 8050 39 1911
386 8064 36 1900
387 8075 38 1887
388 8082 45 1873
389 8090 42 1868
390 8095 48 1857
391 8109 45 1846
392 8132 44 1824
393 8145 41 1814
394 8143 45 1812
395 8154 43 1803
396 8162 50 1788
397 8163 49 1788
398 8167 54 1779
399 8167 57 1776
400 8173 58 1769
401 8186 56 1758
402 8194 50 1756
403 8201 54 1745
404 8207 53 1740
405 8205 66 1729
406 8207 66 1727
407 8223 68 1709
408 8223 70 1707
409 8230 64 1706
410 8235 66 1699
411 8247 68 1685
412 8255 65 1680
413 8259 63 1678
414 8258 69 1673
415 8261 77 1662
416 8262 81 1657
417 8267 84 1649
418 8259 89 1652
419 8255 85 1660
420 8237 91 1672
421 8237 87 1676
422 8234 77 1689
423 8230 80 1690
424 8233 84 1683
425 8226 92 1682
426 8226 98 1676
427 8230 95 1675
428 8234 95 1671
429 8238 90 1672
430 8245 94 1661
431 8246 88 1666
432 8251 79 1670
433 8258 79 1663
434 8251 87 1662
435 8265 84 1651
436 8279 75 1646
437 8280 82 1638
438 8285 78 1637
439 8288 84 1628
440 8295 75 1630
441 8293 79 1628
442 8296 76 1628
443 8299 78 1623
444 8298 86 1616
445 8308 85 1607
446 8317 75 1608
447 8316 78 1606
448 8313 79 1608
449 8320 81 1599
450 8325 81 1594
451 8326 87 1587
452 8325 78 1597
453 8319 85 1596
454 8311 97 1592
455 8313 91 1596
456 8317 87 1596
457 8320 91 1589
458 8317 92 1591
459 8320 96 1584
460 8321 95 1584
461 8325 92 1583
462 8322 94 1584
463 8319 99 1582
464 8322 97 1581
465 8333 89 1578
466 8333 80 1587
467 8340 82 1578
468 8340 89 1571
469 8335 90 1575
470 8342 91 1567
471 8333 102 1565
472 8332 100 1568
473 8326 98 1576
474 8318 96 1586
475 8319 92 1589
476 8330 85 1585
477 8337 83 1580
478 8337 83 1580
479 8340 81 1579
480 8350 74 1576
481 8351 77 1572
482 8342 82 1576
483 8349 73 1578
484 8363 69 1568
485 8380 57 1563
486 8395 50 1555
487 8399 46 1555
488 8399 53 1548
489 8408 52 1540
490 8420 50 1530
491 8418 53 1529
492 8423 53 1524
493 8428 53 1519
494 8434 47 1519
495 8438 46 1516
496 8447 45 1508
497 8455 45 1500
498 8464 45 1491
499 8467 52 1481
500 8465 62 1473
501 8463 71 1466
502 8469 67 1464
503 8478 63 1459
504 8480 62 1458
505 8483 57 1460
506 8478 62 1460
507 8482 64 1454
508 8483 69 1448
509 8476 73 1451
510 8477 75 1448
511 8472 77 1451
512 8475 82 1443
513 8469 83 1448
514 8471 85 1444
515 8463 88 1449
516 8472 83 1445
517 8473 85 1442
518 8467 90 1443
519 8469 91 1440
520 8469 95 1436
521 8455 99 1446
522 8442 102 1456
523 8440 98 1462
524 8430 105 1465
525 8440 96 1464
526 8447 87 1466
527 8447 88 1465
528 8451 79 1470
529 8448 88 1464
530 8448 91 1461
531 8452 91 1457
532 8454 85 1461
533 8458 82 1460
534 8465 77 1458
535 8462 84 1454
536 8470 81 1449
537 8465 96 1439
538 8467 95 1438
539 8480 84 1436
540 8475 88 1437
541 8479 88 1433
542 8477 92 1431
543 8488 87 1425
544 8488 82 1430
545 8486 78 1436
546 8486 77 1437
547 8485 76 1439
548 8491 68 1441
549 8482 75 1443
550 8480 74 1446
551 8487 67 1446
552 8494 68 1438
553 8492 71 1437
554 8493 74 1433
555 8499 68 1433
556 8499 73 1428
557 8502 74 1424
558 8506 79 1415
559 8510 80 1410
560 8514 74 1412
561 8517 68 1415
562 8521 70 1409
563 8525 71 1404
564 8527 71 1402
565 8543 68 1389
566 8538 76 1386
567 8538 86 1376
568 8541 84 1375
569 8533 85 1382
570 8528 94 1378
571 8522 94 1384
572 8530 94 1376
573 8534 89 1377
574 8536 86 1378
575 8537 81 1382
576 8539 76 1385
577 8544 72 1384
578 8547 68 1385
579 8559 62 1379
580 8574 52 1374
581 8575 53 1372
582 8580 48 1372
583 8585 47 1368
584 8593 48 1359
585 8592 55 1353
586 8599 49 1352
587 8604 56 1340
588 8603 60 1337
589 8605 61 1334
590 8602 68 1330
591 8606 67 1327
592 8605 77 1318
593 8594 94 1312
594 8590 91 1319
595 8581 92 1327
596 8589 87 1324
597 8593 74 1333
598 8590 87 1323
599 8581 90 1329
600 8578 97 1325
601 8561 105 1334
602 8553 106 1341
603 8542 106 1352
604 8527 122 1351
605 8521 123 1356
606 8514 116 1370
607 8494 131 1375
608 8482 133 1385
609 8462 147 1391
610 8442 159 1399
611 8435 160 1405
612 8432 151 1417
613 8430 151 1419
614 8428 144 1428
615 8419 143 1438
616 8402 141 1457
617 8386 148 1466
618 8370 150 1480
619 8359 149 1492
620 8341 152 1507
621 8329 143 1528
622 8320 140 1540
623 8305 133 1562
624 8303 129 1568
625 8289 130 1581
626 8280 140 1580
627 8263 142 1595
628 8241 152 1607
629 8231 159 1610
630 8223 158 1619
631 8211 165 1624
632 8201 169 1630
633 8190 165 1645
634 8187 175 1638
635 8172 170 1658
636 8169 159 1672
637 8159 157 1684
638 8158 150 1692
639 8152 152 1696
640 8133 158 1709
641 8129 158 1713
642 8130 158 1712
643 8112 157 1731
644 8099 157 1744
645 8083 165 1752
646 8067 162 1771
647 8060 158 1782
648 8051 149 1800
649 8043 145 1812
650 8048 131 1821
651 8041 133 1826
652 8034 130 1836
653 8021 144 1835
654 8020 138 1842
655 8017 136 1847
656 8009 142 1849
657 8007 139 1854
658 8008 134 1858
659 8012 123 1865
660 8007 127 1866
661 8001 126 1873
662 7996 132 1872
663 7973 146 1881
664 7957 151 1892
665 7949 155 1896
666 7936 151 1913
667 7929 148 1923
668 7913 147 1940
669 7908 152 1940
670 7884 169 1947
671 7873 167 1960
672 7858 162 1980
673 7847 175 1978
674 7820 178 2002
675 7798 182 2020
676 7773 195 2032
677 7758 197 2045
678 7731 209 2060
679 7702 215 2083
680 7688 208 2104
681 7663 223 2114
682 7628 250 2122
683 7597 252 2151
684 7577 252 2171
685 7549 260 2191
686 7532 262 2206
687 7507 258 2235
688 7495 245 2260
689 7474 243 2283
690 7449 248 2303
691 7429 254 2317
692 7422 240 2338
693 7425 238 2337
694 7402 226 2372
695 7364 249 2387
696 7345 246 2409
697 7326 248 2426
698 7323 226 2451
699 7311 221 2468
700 7312 221 2467
701 7300 233 2467
702 7265 245 2490
703 7244 251 2505
704 7228 248 2524
705 7210 246 2544
706 7182 253 2565
707 7187 239 2574
708 7167 231 2602
709 7156 221 2623
710 7147 218 2635
711 7151 206 2643
712 7134 213 2653
713 7125 207 2668
714 7113 206 2681
715 7098 200 2702
716 7088 198 2714
717 7089 197 2714
718 7075 194 2731
719 7065 195 2740
720 7055 200 2745
721 7063 197 2740
722 7064 195 2741
723 7053 198 2749
724 7036 205 2759
725 7041 211 2748
726 7030 211 2759
727 7012 213 2775
728 7008 206 2786
729 7006 213 2781
730 7014 199 2787
731 7000 203 2797
732 6979 216 2805
733 6970 212 2818
734 6957 210 2833
735 6952 215 2833
736 6944 231 2825
737 6945 238 2817
738 6940 233 2827
739 6926 222 2852
740 6921 199 2880
741 6916 215 2869
742 6912 205 2883
743 6895 209 2896
744 6901 198 2901
745 6903 181 2916
746 6916 170 2914
747 6920 161 2919
748 6925 155 2920
749 6937 155 2908
750 6934 160 2906
751 6935 157 2908
752 6949 148 2903
753 6953 150 2897
754 6967 142 2891
755 6975 136 2889
756 6985 138 2877
757 6987 147 2866
758 6986 145 2869
759 7004 138 2858
760 7006 144 2850
761 7019 146 2835
762 7038 143 2819
763 7044 140 2816
764 7054 140 2806
765 7060 144 2796
766 7060 162 2778
767 7074 162 2764
768 7066 176 2758
769 7060 179 2761
770 7052 174 2774
771 7047 183 2770
772 7036 184 2780
773 7030 184 2786
774 7036 169 2795
775 7043 161 2796
776 7048 172 2780
777 7047 165 2788
778 7044 170 2786
779 7047 184 2769
780 7020 197 2783
781 7015 203 2782
782 7012 194 2794
783 7002 195 2803
784 6998 179 2823
785 6998 168 2834
786 7004 164 2832
787 7016 161 2823
788 7022 160 2818
789 7026 153 2821
790 7019 156 2825
791 7034 136 2830
792 7036 136 2828
793 7044 129 2827
794 7051 137 2812
795 7049 140 2811
796 7052 137 2811
797 7073 122 2805
798 7089 114 2797
799 7090 108 2802
800 7098 101 2801
801 7111 95 2794
802 7138 82 2780
803 7143 82 2775
804 7149 80 2771
805 7169 81 2750
806 7193 75 2732
807 7210 66 2724
808 7211 74 2715
809 7227 65 2708
810 7246 56 2698
811 7273 55 2672
812 7289 53 2658
813 7306 54 2640
814 7311 60 2629
815 7339 61 2600
816 7355 59 2586
817 7364 62 2574
818 7388 55 2557
819 7396 62 2542
820 7407 68 2525
821 7414 65 2521
822 7432 60 2508
823 7452 61 2487
824 7462 61 2477
825 7467 53 2480
826 7478 52 2470
827 7496 47 2457
828 7521 49 2430
829 7538 50 2412
830 7551 56 2393
831 7579 56 2365
832 7584 64 2352
833 7602 67 2331
834 7610 71 2319
835 7629 77 2294
836 7639 76 2285
837 7654 71 2275
838 7669 74 2257
839 7684 76 2240
840 7695 73 2232
841 7706 73 2221
842 7724 67 2209
843 7739 66 2195
844 7753 61 2186
845 7769 56 2175
846 7775 58 2167
847 7791 53 2156
848 7800 54 2146
849 7809 59 2132
850 7821 50 2129
851 7845 54 2101
852 7853 54 2093
853 7863 58 2079
854 7864 52 2084
855 7877 46 2077
856 7900 42 2058
857 7908 37 2055
858 7917 37 2046
859 7915 46 2039
860 7931 36 2033
861 7948 33 2019
862 7968 28 2004
863 7980 27 1993
864 7990 33 1977
865 8011 38 1951
866 8026 40 1934
867 8039 43 1918
868 8052 43 1905
869 8069 44 1887
870 8078 45 1877
871 8097 45 1858
872 8113 44 1843
873 8130 42 1828
874 8155 42 1803
875 8160 50 1790
876 8167 53 1780
877 8166 57 1777
878 8164 64 1772
879 8169 57 1774
880 8174 59 1767
881 8187 56 1757
882 8199 58 1743
883 8205 53 1742
884 8207 52 1741
885 8205 51 1744
886 8217 52 1731
887 8225 53 1722
888 8234 54 1712
889 8242 51 1707
890 8254 54 1692
891 8256 53 1691
892 8259 54 1687
893 8271 47 1682
894 8280 50 1670
895 8292 45 1663
896 8306 50 1644
897 8319 46 1635
898 8334 40 1626
899 8341 38 1621
900 8339 48 1613
901 8348 45 1607
902 8352 45 1603
903 8355 50 1595
904 8360 42 1598
905 8359 44 1597
906 8370 44 1586
907 8383 48 1569
908 8381 52 1567
909 8384 58 1558
910 8389 61 1550
911 8395 65 1540
912 8413 61 1526
913 8421 65 1514
914 8423 64 1513
915 8422 69 1509
916 8421 75 1504
917 8425 82 1493
918 8425 76 1499
919 8425 77 1498
920 8410 96 1494
921 8410 95 1495
922 8412 97 1491
923 8411 94 1495
924 8403 99 1498
925 8398 108 1494
926 8410 98 1492
927 8406 100 1494
928 8408 99 1493
929 8401 100 1499
930 8397 107 1496
931 8404 96 1500
932 8408 85 1507
933 8407 85 1508
934 8408 86 1506
935 8414 82 1504
936 8418 80 1502
937 8429 76 1495
938 8434 79 1487
939 8439 74 1487
940 8439 72 1489
941 8436 76 1488
942 8433 77 1490
943 8425 85 1490
944 8431 78 1491
945 8425 87 1488
946 8430 77 1493
947 8438 68 1494
948 8442 62 1496
949 8440 61 1499
950 8443 64 1493
951 8457 56 1487
952 8465 51 1484
953 8471 50 1479
954 8472 41 1487
955 8484 40 1476
956 8492 41 1467
957 8503 40 1457
958 8502 41 1457
959 8515 38 1447
960 8518 42 1440
961 8533 37 1430
962 8537 38 1425
963 8555 35 1410
964 8565 28 1407
965 8578 25 1397
966 8585 22 1393
967 8594 21 1385
968 8593 25 1382
969 8600 29 1371
970 8612 29 1359
971 8612 35 1353
972 8617 36 1347
973 8634 33 1333
974 8640 33 1327
975 8647 39 1314
976 8652 40 1308
977 8655 38 1307
978 8661 40 1299
979 8667 47 1286
980 8666 48 1286
981 8669 51 1280
982 8679 50 1271
983 8686 46 1268
984 8691 45 1264
985 8697 41 1262
986 8698 46 1256
987 8694 54 1252
988 8690 57 1253
989 8689 57 1254
990 8688 59 1253
991 8695 56 1249
992 8694 60 1246
993 8696 60 1244
994 8702 61 1237
995 8705 59 1236
996 8709 55 1236
997 8711 51 1238
998 8715 52 1233
999 8718 55 1227
