0 9999 1 0
1 9995 5 0
2 9992 5 3
3 9984 11 5
4 9977 16 7
5 9969 23 8
6 9962 25 13
7 9957 22 21
8 9950 27 23
9 9940 30 30
10 9934 28 38
11 9932 27 41
12 9929 28 43
13 9925 30 45
14 9922 27 51
15 9917 26 57
16 9913 23 64
17 9908 26 66
18 9906 24 70
19 9897 27 76
20 9892 27 81
21 9883 33 84
22 9876 36 88
23 9866 36 98
24 9861 39 100
25 9853 42 105
26 9841 40 119
27 9839 40 121
28 9836 36 128
29 9826 41 133
30 9822 42 136
31 9816 39 145
32 9812 39 149
33 9809 35 156
34 9806 33 161
35 9805 27 168
36 9802 25 173
37 9795 30 175
38 9792 32 176
39 9785 33 182
40 9778 37 185
41 9774 35 191
42 9771 32 197
43 9771 33 196
44 9767 32 201
45 9763 32 205
46 9763 29 208
47 9756 36 208
48 9751 39 210
49 9748 39 213
50 9743 42 215
51 9735 45 220
52 9728 49 223
53 9725 45 230
54 9719 45 236
55 9718 44 238
56 9712 42 246
57 9712 43 245
58 9713 33 254
59 9710 32 258
60 9711 27 262
61 9711 25 264
62 9712 19 269
63 9709 19 272
64 9712 18 270
65 9708 22 270
66 9700 26 274
67 9698 24 278
68 9697 21 282
69 9694 21 285
70 9689 20 291
71 9696 18 286
72 9695 16 289
73 9695 19 286
74 9689 25 286
75 9687 24 289
76 9687 25 288
77 9681 32 287
78 9679 29 292
79 9680 24 296
80 9682 23 295
81 9679 24 297
82 9678 26 296
83 9678 28 294
84 9673 34 293
85 9665 39 296
86 9657 43 300
87 9646 45 309
88 9637 49 314
89 9625 58 317
90 9618 60 322
91 9615 57 328
92 9611 59 330
93 9599 62 339
94 9584 68 348
95 9569 69 362
96 9568 64 368
97 9565 55 380
98 9563 54 383
99 9561 47 392
100 9555 51 394
101 9557 45 398
102 9549 42 409
103 9547 40 413
104 9541 40 419
105 9535 43 422
106 9529 41 430
107 9523 42 435
108 9520 41 439
109 9510 44 446
110 9504 48 448
111 9503 50 447
112 9488 59 453
113 9483 58 459
114 9475 59 466
115 9474 61 465
116 9472 60 468
117 9463 63 474
118 9450 70 480
119 9443 71 486
120 9429 78 493
121 9426 76 498
122 9421 77 502
123 9411 78 511
124 9403 79 518
125 9397 76 527
126 9384 77 539
127 9374 77 549
128 9364 79 557
129 9360 75 565
130 9366 63 571
131 9365 64 571
132 9361 66 573
133 9358 63 579
134 9350 63 587
135 9346 59 595
136 9334 67 599
137 9320 73 607
138 9308 80 612
139 9289 98 613
140 9274 105 621
141 9265 100 635
142 9262 95 643
143 9255 95 650
144 9241 98 661
145 9232 96 672
146 9229 88 683
147 9221 84 695
148 9215 83 702
149 9201 84 715
150 9188 94 718
151 9182 85 733
152 9182 85 733
153 9165 91 744
154 9151 91 758
155 9129 106 765
156 9117 110 773
157 9100 111 789
158 9095 104 801
159 9082 113 805
160 9067 120 813
161 9047 123 830
162 9028 119 853
163 9018 113 869
164 8999 120 881
165 8988 117 895
166 8975 121 904
167 8953 129 918
168 8931 128 941
169 8906 145 949
170 8885 147 968
171 8862 152 986
172 8841 152 1007
173 8823 145 1032
174 8807 154 1039
175 8790 154 1056
176 8767 152 1081
177 8755 153 1092
178 8731 165 1104
179 8709 173 1118
180 8692 167 1141
181 8662 176 1162
182 8628 179 1193
183 8618 167 1215
184 8606 168 1226
185 8593 169 1238
186 8578 161 1261
187 8564 157 1279
188 8545 151 1304
189 8526 160 1314
190 8505 161 1334
191 8496 147 1357
192 8475 157 1368
193 8456 154 1390
194 8426 177 1397
195 8404 183 1413
196 8384 186 1430
197 8367 187 1446
198 8354 169 1477
199 8330 177 1493
200 8325 170 1505
201 8307 177 1516
202 8300 170 1530
203 8279 179 1542
204 8262 184 1554
205 8238 195 1567
206 8217 189 1594
207 8210 178 1612
208 8188 194 1618
209 8149 204 1647
210 8131 200 1669
211 8106 195 1699
212 8086 201 1713
213 8064 209 1727
214 8050 208 1742
215 8035 209 1756
216 8034 192 1774
217 8015 190 1795
218 8009 185 1806
219 8005 187 1808
220 7989 187 1824
221 7972 196 1832
222 7951 198 1851
223 7936 195 1869
224 7914 196 1890
225 7906 196 1898
226 7886 203 1911
227 7861 214 1925
228 7827 231 1942
229 7787 247 1966
230 7767 251 1982
231 7736 255 2009
232 7726 254 2020
233 7685 266 2049
234 7654 269 2077
235 7611 286 2103
236 7583 276 2141
237 7560 278 2162
238 7528 273 2199
239 7500 272 2228
240 7486 254 2260
241 7477 248 2275
242 7444 268 2288
243 7417 268 2315
244 7398 259 2343
245 7365 254 2381
246 7341 249 2410
247 7320 248 2432
248 7309 239 2452
249 7303 237 2460
250 7269 244 2487
251 7252 250 2498
252 7233 240 2527
253 7220 228 2552
254 7206 225 2569
255 7198 219 2583
256 7171 235 2594
257 7161 236 2603
258 7141 241 2618
259 7144 222 2634
260 7117 224 2659
261 7111 222 2667
262 7112 204 2684
263 7108 211 2681
264 7100 212 2688
265 7086 218 2696
266 7083 213 2704
267 7074 219 2707
268 7065 208 2727
269 7051 214 2735
270 7031 220 2749
271 7028 207 2765
272 7021 209 2770
273 6991 236 2773
274 6968 244 2788
275 6948 249 2803
276 6939 243 2818
277 6917 250 2833
278 6910 253 2837
279 6879 266 2855
280 6859 276 2865
281 6829 288 2883
282 6799 288 2913
283 6749 313 2938
284 6713 323 2964
285 6680 316 3004
286 6639 334 3027
287 6604 341 3055
288 6577 333 3090
289 6551 325 3124
290 6544 319 3137
291 6522 313 3165
292 6504 311 3185
293 6484 301 3215
294 6465 286 3249
295 6443 289 3268
296 6431 291 3278
297 6394 296 3310
298 6378 280 3342
299 6380 273 3347
300 6382 257 3361
301 6389 246 3365
302 6395 232 3373
303 6395 234 3371
304 6378 246 3376
305 6387 243 3370
306 6376 256 3368
307 6348 269 3383
308 6330 271 3399
309 6310 278 3412
310 6297 282 3421
311 6281 281 3438
312 6249 286 3465
313 6241 284 3475
314 6223 279 3498
315 6224 277 3499
316 6211 277 3512
317 6204 272 3524
318 6194 256 3550
319 6202 228 3570
320 6205 218 3577
321 6200 213 3587
322 6187 216 3597
323 6185 223 3592
324 6192 214 3594
325 6193 215 3592
326 6211 201 3588
327 6223 203 3574
328 6232 196 3572
329 6238 192 3570
330 6257 175 3568
331 6274 174 3552
332 6274 175 3551
333 6292 173 3535
334 6321 157 3522
335 6331 144 3525
336 6344 129 3527
337 6356 120 3524
338 6377 111 3512
339 6389 116 3495
340 6411 115 3474
341 6427 115 3458
342 6450 113 3437
343 6471 110 3419
344 6481 102 3417
345 6499 100 3401
346 6514 95 3391
347 6534 92 3374
348 6552 95 3353
349 6562 107 3331
350 6579 103 3318
351 6591 111 3298
352 6605 115 3280
353 6618 118 3264
354 6625 119 3256
355 6634 117 3249
356 6650 119 3231
357 6665 118 3217
358 6675 121 3204
359 6693 123 3184
360 6701 117 3182
361 6708 107 3185
362 6716 98 3186
363 6721 94 3185
364 6732 97 3171
365 6751 97 3152
366 6760 103 3137
367 6771 99 3130
368 6790 101 3109
369 6810 103 3087
370 6821 99 3080
371 6837 96 3067
372 6859 92 3049
373 6879 99 3022
374 6899 107 2994
375 6908 117 2975
376 6915 120 2965
377 6919 133 2948
378 6937 123 2940
379 6938 134 2928
380 6944 128 2928
381 6945 139 2916
382 6947 132 2921
383 6963 126 2911
384 6970 119 2911
385 7000 112 2888
386 7006 114 2880
387 7015 108 2877
388 7028 106 2866
389 7042 99 2859
390 7060 100 2840
391 7084 96 2820
392 7114 92 2794
393 7124 85 2791
394 7134 80 2786
395 7144 81 2775
396 7159 88 2753
397 7183 79 2738
398 7198 74 2728
399 7216 67 2717
400 7242 66 2692
401 7263 64 2673
402 7284 57 2659
403 7304 49 2647
404 7326 50 2624
405 7351 51 2598
406 7373 51 2576
407 7390 50 2560
408 7396 54 2550
409 7409 66 2525
410 7426 66 2508
411 7453 63 2484
412 7467 59 2474
413 7482 54 2464
414 7495 57 2448
415 7503 58 2439
416 7517 59 2424
417 7533 58 2409
418 7556 53 2391
419 7581 52 2367
420 7599 51 2350
421 7608 49 2343
422 7625 51 2324
423 7637 52 2311
424 7652 47 2301
425 7667 44 2289
426 7681 37 2282
427 7702 34 2264
428 7727 33 2240
429 7747 33 2220
430 7755 40 2205
431 7764 46 2190
432 7779 50 2171
433 7800 43 2157
434 7811 39 2150
435 7824 40 2136
436 7845 42 2113
437 7863 46 2091
438 7876 48 2076
439 7886 45 2069
440 7896 50 2054
441 7913 47 2040
442 7925 44 2031
443 7940 40 2020
444 7946 41 2013
445 7957 41 2002
446 7967 39 1994
447 7990 42 1968
448 8004 46 1950
449 8007 48 1945
450 8013 49 1938
451 8021 49 1930
452 8025 54 1921
453 8038 49 1913
454 8054 47 1899
455 8063 48 1889
456 8078 43 1879
457 8087 49 1864
458 8101 42 1857
459 8118 45 1837
460 8128 48 1824
461 8132 55 1813
462 8139 62 1799
463 8137 63 1800
464 8138 71 1791
465 8149 73 1778
466 8158 80 1762
467 8170 79 1751
468 8178 73 1749
469 8181 69 1750
470 8190 62 1748
471 8204 54 1742
472 8213 46 1741
473 8223 38 1739
474 8247 41 1712
475 8250 47 1703
476 8254 52 1694
477 8262 48 1690
478 8277 41 1682
479 8283 42 1675
480 8291 38 1671
481 8300 38 1662
482 8312 36 1652
483 8327 33 1640
484 8332 37 1631
485 8343 36 1621
486 8359 34 1607
487 8371 31 1598
488 8374 33 1593
489 8384 35 1581
490 8393 33 1574
491 8393 36 1571
492 8406 34 1560
493 8416 34 1550
494 8420 35 1545
495 8430 35 1535
496 8449 30 1521
497 8460 26 1514
498 8474 22 1504
499 8483 27 1490
500 8494 30 1476
501 8503 28 1469
502 8521 27 1452
503 8528 37 1435
504 8542 31 1427
505 8551 35 1414
506 8558 33 1409
507 8571 28 1401
508 8579 28 1393
509 8582 33 1385
510 8584 41 1375
511 8587 41 1372
512 8593 43 1364
513 8602 38 1360
514 8612 37 1351
515 8629 34 1337
516 8634 34 1332
517 8647 31 1322
518 8652 29 1319
519 8650 39 1311
520 8658 34 1308
521 8666 30 1304
522 8673 24 1303
523 8675 21 1304
524 8684 18 1298
525 8692 15 1293
526 8703 12 1285
527 8717 10 1273
528 8730 10 1260
529 8743 10 1247
530 8757 9 1234
531 8767 9 1224
532 8786 6 1208
533 8798 6 1196
534 8810 5 1185
535 8819 7 1174
536 8828 6 1166
537 8836 8 1156
538 8844 7 1149
539 8851 6 1143
540 8862 7 1131
541 8870 8 1122
542 8881 8 1111
543 8888 8 1104
544 8895 6 1099
545 8905 7 1088
546 8916 9 1075
547 8928 9 1063
548 8932 16 1052
549 8937 21 1042
550 8937 28 1035
551 8936 33 1031
552 8941 31 1028
553 8945 36 1019
554 8944 30 1026
555 8948 37 1015
556 8951 34 1015
557 8955 31 1014
558 8955 32 1013
559 8955 38 1007
560 8961 36 1003
561 8969 38 993
562 8974 38 988
563 8983 40 977
564 8987 39 974
565 8987 46 967
566 8992 44 964
567 8994 42 964
568 8994 42 964
569 8997 46 957
570 8998 50 952
571 8997 49 954
572 8996 45 959
573 9009 42 949
574 9000 54 946
575 8999 58 943
576 9005 51 944
577 9009 50 941
578 9004 54 942
579 9009 53 938
580 9007 53 940
581 9009 55 936
582 9011 57 932
583 9007 56 937
584 9009 59 932
585 9002 63 935
586 8999 60 941
587 8993 67 940
588 8986 66 948
589 8979 74 947
590 8974 78 948
591 8967 84 949
592 8957 89 954
593 8946 90 964
594 8947 85 968
595 8942 85 973
596 8935 86 979
597 8935 85 980
598 8935 76 989
599 8938 76 986
600 8929 83 988
601 8924 74 1002
602 8925 67 1008
603 8919 70 1011
604 8918 68 1014
605 8920 58 1022
606 8926 53 1021
607 8939 46 1015
608 8937 45 1018
609 8947 42 1011
610 8944 45 1011
611 8937 47 1016
612 8940 44 1016
613 8944 44 1012
614 8953 43 1004
615 8954 48 998
616 8960 48 992
617 8958 54 988
618 8955 56 989
619 8959 50 991
620 8958 53 989
621 8957 49 994
622 8944 58 998
623 8944 52 1004
624 8937 59 1004
625 8932 59 1009
626 8923 63 1014
627 8926 59 1015
628 8928 56 1016
629 8926 61 1013
630 8921 64 1015
631 8914 69 1017
632 8912 68 1020
633 8904 68 1028
634 8909 71 1020
635 8906 71 1023
636 8896 77 1027
637 8888 80 1032
638 8875 86 1039
639 8871 88 1041
640 8865 89 1046
641 8850 102 1048
642 8839 102 1059
643 8844 92 1064
644 8842 89 1069
645 8834 95 1071
646 8819 104 1077
647 8817 97 1086
648 8794 113 1093
649 8779 121 1100
650 8766 123 1111
651 8747 139 1114
652 8734 143 1123
653 8721 157 1122
654 8694 167 1139
655 8666 163 1171
656 8649 156 1195
657 8633 157 1210
658 8619 158 1223
659 8605 163 1232
660 8588 159 1253
661 8571 161 1268
662 8558 158 1284
663 8546 159 1295
664 8530 148 1322
665 8512 143 1345
666 8491 147 1362
667 8482 146 1372
668 8474 140 1386
669 8470 137 1393
670 8457 143 1400
671 8443 152 1405
672 8441 143 1416
673 8427 140 1433
674 8418 140 1442
675 8406 144 1450
676 8400 137 1463
677 8394 122 1484
678 8404 115 1481
679 8407 107 1486
680 8412 98 1490
681 8414 99 1487
682 8410 101 1489
683 8398 105 1497
684 8402 99 1499
685 8401 95 1504
686 8400 98 1502
687 8406 79 1515
688 8407 80 1513
689 8411 76 1513
690 8419 78 1503
691 8416 79 1505
692 8422 72 1506
693 8430 71 1499
694 8437 67 1496
695 8444 70 1486
696 8451 68 1481
697 8457 67 1476
698 8461 71 1468
699 8472 63 1465
700 8476 69 1455
701 8483 75 1442
702 8480 73 1447
703 8485 67 1448
704 8477 74 1449
705 8474 69 1457
706 8476 64 1460
707 8477 66 1457
708 8485 65 1450
709 8492 72 1436
710 8489 82 1429
711 8494 86 1420
712 8494 74 1432
713 8495 77 1428
714 8498 72 1430
715 8497 73 1430
716 8502 68 1430
717 8506 70 1424
718 8495 75 1430
719 8486 74 1440
720 8490 74 1436
721 8492 75 1433
722 8488 80 1432
723 8483 79 1438
724 8491 75 1434
725 8493 69 1438
726 8492 77 1431
727 8500 75 1425
728 8505 67 1428
729 8516 63 1421
730 8529 54 1417
731 8536 56 1408
732 8538 57 1405
733 8535 60 1405
734 8535 57 1408
735 8538 56 1406
736 8541 52 1407
737 8546 49 1405
738 8548 50 1402
739 8550 51 1399
740 8561 49 1390
741 8567 52 1381
742 8567 47 1386
743 8573 43 1384
744 8580 44 1376
745 8587 44 1369
746 8591 47 1362
747 8603 49 1348
748 8613 48 1339
749 8619 45 1336
750 8631 40 1329
751 8641 34 1325
752 8656 30 1314
753 8664 27 1309
754 8670 27 1303
755 8680 25 1295
756 8684 25 1291
757 8682 29 1289
758 8691 25 1284
759 8695 29 1276
760 8704 29 1267
761 8710 27 1263
762 8715 25 1260
763 8726 25 1249
764 8737 25 1238
765 8749 25 1226
766 8758 22 1220
767 8763 20 1217
768 8772 15 1213
769 8784 12 1204
770 8793 10 1197
771 8802 13 1185
772 8815 14 1171
773 8824 15 1161
774 8833 13 1154
775 8840 21 1139
776 8846 28 1126
777 8860 26 1114
778 8865 28 1107
779 8872 27 1101
780 8879 28 1093
781 8889 23 1088
782 8895 27 1078
783 8890 37 1073
784 8891 41 1068
785 8897 39 1064
786 8900 39 1061
787 8894 42 1064
788 8896 46 1058
789 8888 58 1054
790 8892 57 1051
791 8893 53 1054
792 8886 57 1057
793 8889 59 1052
794 8886 59 1055
795 8888 63 1049
796 8896 58 1046
797 8895 61 1044
798 8894 60 1046
799 8894 66 1040
800 8894 68 1038
801 8887 65 1048
802 8884 67 1049
803 8874 75 1051
804 8872 79 1049
805 8873 78 1049
806 8881 80 1039
807 8882 85 1033
808 8881 80 1039
809 8874 85 1041
810 8868 89 1043
811 8863 85 1052
812 8847 93 1060
813 8837 91 1072
814 8840 85 1075
815 8844 83 1073
816 8842 86 1072
817 8832 83 1085
818 8832 80 1088
819 8832 69 1099
820 8829 74 1097
821 8829 76 1095
822 8835 61 1104
823 8834 58 1108
824 8836 59 1105
825 8832 63 1105
826 8829 68 1103
827 8825 73 1102
828 8828 73 1099
829 8814 84 1102
830 8814 83 1103
831 8811 84 1105
832 8803 89 1108
833 8793 89 1118
834 8788 87 1125
835 8782 85 1133
836 8777 93 1130
837 8772 92 1136
838 8761 94 1145
839 8760 87 1153
840 8744 95 1161
841 8735 98 1167
842 8731 101 1168
843 8735 94 1171
844 8727 104 1169
845 8715 112 1173
846 8706 114 1180
847 8696 121 1183
848 8697 117 1186
849 8683 122 1195
850 8669 129 1202
851 8657 123 1220
852 8646 119 1235
853 8644 116 1240
854 8638 116 1246
855 8636 107 1257
856 8627 112 1261
857 8606 125 1269
858 8593 133 1274
859 8564 157 1279
860 8538 169 1293
861 8511 183 1306
862 8494 196 1310
863 8472 193 1335
864 8435 194 1371
865 8411 197 1392
866 8402 190 1408
867 8382 189 1429
868 8359 187 1454
869 8331 202 1467
870 8309 209 1482
871 8286 199 1515
872 8263 203 1534
873 8251 199 1550
874 8245 185 1570
875 8230 188 1582
876 8212 180 1608
877 8189 185 1626
878 8163 183 1654
879 8154 182 1664
880 8138 181 1681
881 8116 184 1700
882 8099 183 1718
883 8073 188 1739
884 8052 184 1764
885 8040 187 1773
886 8036 175 1789
887 8017 166 1817
888 7991 183 1826
889 7969 181 1850
890 7950 188 1862
891 7939 197 1864
892 7929 192 1879
893 7903 204 1893
894 7884 206 1910
895 7857 211 1932
896 7832 217 1951
897 7822 221 1957
898 7802 221 1977
899 7786 214 2000
900 7767 217 2016
901 7754 222 2024
902 7741 207 2052
903 7717 207 2076
904 7708 208 2084
905 7681 208 2111
906 7662 211 2127
907 7645 213 2142
908 7638 213 2149
909 7604 223 2173
910 7591 225 2184
911 7565 218 2217
912 7537 225 2238
913 7512 249 2239
914 7477 254 2269
915 7458 259 2283
916 7433 259 2308
917 7409 263 2328
918 7390 264 2346
919 7381 255 2364
920 7359 264 2377
921 7344 261 2395
922 7317 262 2421
923 7300 264 2436
924 7276 262 2462
925 7243 260 2497
926 7237 252 2511
927 7224 240 2536
928 7216 216 2568
929 7207 212 2581
930 7185 213 2602
931 7167 230 2603
932 7140 256 2604
933 7106 270 2624
934 7087 269 2644
935 7085 258 2657
936 7066 275 2659
937 7043 279 2678
938 7031 277 2692
939 6997 280 2723
940 6963 285 2752
941 6943 288 2769
942 6908 283 2809
943 6882 294 2824
944 6854 295 2851
945 6810 309 2881
946 6795 299 2906
947 6781 298 2921
948 6752 294 2954
949 6742 275 2983
950 6724 280 2996
951 6694 296 3010
952 6663 306 3031
953 6635 307 3058
954 6615 313 3072
955 6593 315 3092
956 6573 310 3117
957 6545 327 3128
958 6519 337 3144
959 6499 344 3157
960 6470 354 3176
961 6433 363 3204
962 6407 362 3231
963 6385 357 3258
964 6373 332 3295
965 6360 322 3318
966 6325 340 3335
967 6289 333 3378
968 6271 325 3404
969 6252 321 3427
970 6229 339 3432
971 6206 342 3452
972 6199 333 3468
973 6189 320 3491
974 6171 322 3507
975 6158 313 3529
976 6149 297 3554
977 6137 297 3566
978 6111 302 3587
979 6094 302 3604
980 6075 290 3635
981 6087 277 3636
982 6090 264 3646
983 6071 283 3646
984 6062 268 3670
985 6053 269 3678
986 6054 270 3676
987 6042 262 3696
988 6041 259 3700
989 6040 243 3717
990 6038 238 3724
991 6027 242 3731
992 6031 243 3726
993 6035 231 3734
994 6053 214 3733
995 6070 201 3729
996 6072 206 3722
997 6067 204 3729
998 6061 199 3740
999 6076 178 3746
