0 9999 1 0
1 9999 1 0
2 9998 2 0
3 9998 1 1
4 9998 1 1
5 9998 1 1
6 9998 1 1
7 9998 1 1
8 9997 2 1
9 9996 2 2
10 9996 2 2
11 9996 2 2
12 9995 3 2
13 9995 3 2
14 9993 3 4
15 9993 3 4
16 9993 2 5
17 9989 6 5
18 9988 6 6
19 9985 8 7
20 9982 10 8
21 9981 11 8
22 9976 15 9
23 9970 16 14
24 9970 13 17
25 9967 13 20
26 9966 9 25
27 9966 8 26
28 9966 8 26
29 9965 8 27
30 9965 7 28
31 9965 4 31
32 9963 5 32
33 9963 6 31
34 9963 6 31
35 9959 9 32
36 9956 13 31
37 9953 15 32
38 9951 14 35
39 9946 16 38
40 9944 17 39
41 9944 12 44
42 9942 11 47
43 9939 11 50
44 9935 12 53
45 9935 11 54
46 9935 10 55
47 9934 9 57
48 9933 10 57
49 9932 9 59
50 9931 7 62
51 9931 4 65
52 9932 4 64
53 9934 3 63
54 9933 4 63
55 9932 4 64
56 9928 6 66
57 9928 4 68
58 9928 4 68
59 9931 4 65
60 9932 4 64
61 9925 10 65
62 9921 15 64
63 9914 19 67
64 9906 27 67
65 9900 33 67
66 9893 37 70
67 9888 37 75
68 9881 35 84
69 9878 36 86
70 9873 34 93
71 9872 31 97
72 9867 34 99
73 9864 32 104
74 9860 28 112
75 9859 27 114
76 9856 27 117
77 9852 24 124
78 9851 19 130
79 9849 17 134
80 9849 15 136
81 9846 17 137
82 9847 16 137
83 9845 17 138
84 9843 16 141
85 9840 17 143
86 9832 23 145
87 9829 23 148
88 9824 25 151
89 9820 26 154
90 9809 36 155
91 9808 37 155
92 9808 32 160
93 9809 29 162
94 9803 30 167
95 9799 32 169
96 9799 28 173
97 9791 30 179
98 9784 35 181
99 9777 37 186
100 9773 38 189
101 9771 35 194
102 9766 32 202
103 9763 33 204
104 9758 38 204
105 9758 39 203
106 9754 38 208
107 9744 44 212
108 9740 46 214
109 9731 49 220
110 9722 53 225
111 9711 57 232
112 9710 53 237
113 9701 55 244
114 9693 52 255
115 9687 54 259
116 9685 48 267
117 9679 50 271
118 9678 50 272
119 9673 52 275
120 9665 50 285
121 9657 51 292
122 9657 46 297
123 9654 47 299
124 9646 51 303
125 9635 57 308
126 9633 55 312
127 9625 51 324
128 9622 43 335
129 9617 43 340
130 9607 51 342
131 9604 48 348
132 9603 42 355
133 9598 41 361
134 9594 40 366
135 9595 36 369
136 9593 39 368
137 9591 39 370
138 9591 34 375
139 9593 32 375
140 9591 34 375
141 9594 33 373
142 9594 31 375
143 9596 28 376
144 9602 24 374
145 9605 23 372
146 9607 20 373
147 9609 18 373
148 9612 21 367
149 9616 17 367
150 9617 14 369
151 9622 13 365
152 9626 11 363
153 9627 15 358
154 9627 17 356
155 9629 18 353
156 9628 18 354
157 9626 18 356
158 9627 18 355
159 9629 19 352
160 9628 18 354
161 9631 17 352
162 9636 16 348
163 9635 17 348
164 9631 23 346
165 9628 26 346
166 9627 25 348
167 9624 25 351
168 9620 25 355
169 9614 29 357
170 9615 26 359
171 9614 28 358
172 9613 28 359
173 9606 37 357
174 9604 46 350
175 9586 57 357
176 9584 53 363
177 9574 56 370
178 9558 67 375
179 9556 62 382
180 9552 60 388
181 9537 70 393
182 9528 67 405
183 9525 64 411
184 9518 67 415
185 9508 64 428
186 9501 56 443
187 9490 62 448
188 9477 67 456
189 9470 64 466
190 9459 75 466
191 9452 78 470
192 9444 74 482
193 9434 71 495
194 9427 75 498
195 9413 88 499
196 9395 94 511
197 9381 89 530
198 9374 85 541
199 9364 93 543
200 9356 88 556
201 9354 78 568
202 9348 74 578
203 9329 78 593
204 9321 73 606
205 9313 73 614
206 9308 66 626
207 9302 62 636
208 9304 56 640
209 9302 60 638
210 9299 56 645
211 9288 63 649
212 9281 69 650
213 9280 65 655
214 9280 57 663
215 9271 59 670
216 9264 61 675
217 9264 58 678
218 9261 52 687
219 9254 52 694
220 9252 50 698
221 9245 52 703
222 9249 53 698
223 9242 54 704
224 9234 63 703
225 9233 59 708
226 9226 63 711
227 9225 54 721
228 9220 59 721
229 9214 59 727
230 9203 60 737
231 9202 61 737
232 9187 71 742
233 9171 79 750
234 9165 80 755
235 9161 79 760
236 9148 83 769
237 9143 83 774
238 9133 87 780
239 9124 95 781
240 9111 99 790
241 9094 106 800
242 9081 102 817
243 9077 103 820
244 9066 106 828
245 9047 118 835
246 9035 117 848
247 9026 113 861
248 9014 118 868
249 9003 117 880
250 8985 126 889
251 8966 136 898
252 8958 125 917
253 8940 126 934
254 8920 126 954
255 8912 127 961
256 8901 126 973
257 8893 122 985
258 8879 116 1005
259 8871 104 1025
260 8857 100 1043
261 8855 100 1045
262 8838 103 1059
263 8836 108 1056
264 8829 101 1070
265 8828 92 1080
266 8819 96 1085
267 8811 102 1087
268 8808 99 1093
269 8811 102 1087
270 8799 101 1100
271 8784 112 1104
272 8770 119 1111
273 8761 116 1123
274 8750 117 1133
275 8744 118 1138
276 8732 128 1140
277 8714 128 1158
278 8703 124 1173
279 8693 133 1174
280 8682 128 1190
281 8671 132 1197
282 8667 118 1215
283 8659 124 1217
284 8660 116 1224
285 8660 108 1232
286 8652 117 1231
287 8637 122 1241
288 8623 133 1244
289 8623 120 1257
290 8607 128 1265
291 8585 134 1281
292 8575 133 1292
293 8561 134 1305
294 8553 145 1302
295 8544 151 1305
296 8526 150 1324
297 8501 166 1333
298 8474 173 1353
299 8450 184 1366
300 8428 188 1384
301 8401 195 1404
302 8377 186 1437
303 8345 186 1469
304 8333 179 1488
305 8320 176 1504
306 8298 176 1526
307 8278 178 1544
308 8283 175 1542
309 8268 173 1559
310 8240 171 1589
311 8229 171 1600
312 8221 166 1613
313 8197 175 1628
314 8194 167 1639
315 8166 173 1661
316 8149 180 1671
317 8128 194 1678
318 8126 185 1689
319 8121 185 1694
320 8108 183 1709
321 8100 183 1717
322 8086 174 1740
323 8074 168 1758
324 8060 173 1767
325 8049 178 1773
326 8050 168 1782
327 8039 175 1786
328 8028 171 1801
329 8027 164 1809
330 8015 166 1819
331 8004 169 1827
332 7994 162 1844
333 7992 158 1850
334 7997 146 1857
335 7990 145 1865
336 7982 149 1869
337 7974 151 1875
338 7963 153 1884
339 7950 158 1892
340 7944 153 1903
341 7934 149 1917
342 7929 143 1928
343 7932 133 1935
344 7924 142 1934
345 7908 158 1934
346 7892 170 1938
347 7871 164 1965
348 7846 184 1970
349 7816 187 1997
350 7797 196 2007
351 7775 208 2017
352 7770 206 2024
353 7742 201 2057
354 7729 200 2071
355 7695 235 2070
356 7664 252 2084
357 7645 255 2100
358 7614 264 2122
359 7567 282 2151
360 7540 284 2176
361 7505 289 2206
362 7469 291 2240
363 7451 272 2277
364 7419 278 2303
365 7385 276 2339
366 7357 273 2370
367 7335 274 2391
368 7307 281 2412
369 7270 292 2438
370 7238 306 2456
371 7202 317 2481
372 7150 330 2520
373 7125 325 2550
374 7087 336 2577
375 7061 329 2610
376 7039 325 2636
377 7008 324 2668
378 6971 331 2698
379 6944 315 2741
380 6897 340 2763
381 6871 333 2796
382 6831 354 2815
383 6784 353 2863
384 6761 355 2884
385 6740 346 2914
386 6712 364 2924
387 6673 383 2944
388 6622 403 2975
389 6571 409 3020
390 6534 401 3065
391 6504 377 3119
392 6477 368 3155
393 6437 365 3198
394 6408 354 3238
395 6378 341 3281
396 6358 318 3324
397 6343 302 3355
398 6313 315 3372
399 6307 293 3400
400 6302 285 3413
401 6288 305 3407
402 6278 293 3429
403 6273 277 3450
404 6269 265 3466
405 6254 275 3471
406 6228 282 3490
407 6224 287 3489
408 6228 276 3496
409 6195 286 3519
410 6178 279 3543
411 6174 279 3547
412 6163 281 3556
413 6138 271 3591
414 6130 275 3595
415 6124 269 3607
416 6113 265 3622
417 6103 256 3641
418 6107 242 3651
419 6111 242 3647
420 6122 239 3639
421 6127 220 3653
422 6124 223 3653
423 6106 215 3679
424 6109 215 3676
425 6118 209 3673
426 6128 194 3678
427 6154 182 3664
428 6163 180 3657
429 6165 175 3660
430 6160 190 3650
431 6175 180 3645
432 6191 175 3634
433 6190 173 3637
434 6194 185 3621
435 6193 188 3619
436 6195 185 3620
437 6196 179 3625
438 6213 189 3598
439 6227 180 3593
440 6245 177 3578
441 6259 158 3583
442 6253 154 3593
443 6274 151 3575
444 6286 150 3564
445 6301 141 3558
446 6316 132 3552
447 6327 128 3545
448 6343 126 3531
449 6349 136 3515
450 6366 134 3500
451 6381 133 3486
452 6398 130 3472
453 6407 123 3470
454 6421 126 3453
455 6429 129 3442
456 6431 136 3433
457 6429 143 3428
458 6441 140 3419
459 6452 149 3399
460 6448 155 3397
461 6458 152 3390
462 6480 144 3376
463 6500 134 3366
464 6513 131 3356
465 6531 129 3340
466 6533 132 3335
467 6539 132 3329
468 6539 137 3324
469 6554 128 3318
470 6576 124 3300
471 6584 129 3287
472 6591 140 3269
473 6600 146 3254
474 6601 151 3248
475 6610 154 3236
476 6617 142 3241
477 6619 145 3236
478 6625 146 3229
479 6625 145 3230
480 6625 135 3240
481 6631 144 3225
482 6645 141 3214
483 6654 137 3209
484 6669 133 3198
485 6693 128 3179
486 6719 125 3156
487 6735 125 3140
488 6753 123 3124
489 6773 116 3111
490 6790 110 3100
491 6791 118 3091
492 6802 124 3074
493 6817 122 3061
494 6820 123 3057
495 6824 129 3047
496 6831 131 3038
497 6843 135 3022
498 6832 143 3025
499 6842 145 3013
500 6852 136 3012
501 6865 131 3004
502 6869 131 3000
503 6883 118 2999
504 6889 124 2987
505 6908 115 2977
506 6908 119 2973
507 6910 124 2966
508 6914 113 2973
509 6933 105 2962
510 6955 97 2948
511 6982 92 2926
512 7005 86 2909
513 7019 93 2888
514 7037 88 2875
515 7056 87 2857
516 7076 77 2847
517 7085 76 2839
518 7106 68 2826
519 7126 74 2800
520 7144 62 2794
521 7149 67 2784
522 7167 61 2772
523 7186 53 2761
524 7204 55 2741
525 7218 55 2727
526 7229 52 2719
527 7246 50 2704
528 7267 46 2687
529 7289 46 2665
530 7302 48 2650
531 7324 49 2627
532 7341 52 2607
533 7353 50 2597
534 7375 49 2576
535 7389 49 2562
536 7424 42 2534
537 7446 39 2515
538 7466 41 2493
539 7489 46 2465
540 7507 53 2440
541 7530 49 2421
542 7548 50 2402
543 7558 50 2392
544 7574 49 2377
545 7587 52 2361
546 7601 43 2356
547 7612 45 2343
548 7626 42 2332
549 7641 43 2316
550 7656 47 2297
551 7665 54 2281
552 7681 56 2263
553 7691 55 2254
554 7699 55 2246
555 7705 58 2237
556 7714 57 2229
557 7737 59 2204
558 7755 61 2184
559 7757 63 2180
560 7769 51 2180
561 7788 54 2158
562 7808 53 2139
563 7816 53 2131
564 7825 53 2122
565 7834 55 2111
566 7848 45 2107
567 7867 48 2085
568 7879 49 2072
569 7900 53 2047
570 7911 51 2038
571 7923 45 2032
572 7936 44 2020
573 7944 42 2014
574 7951 46 2003
575 7965 46 1989
576 7980 45 1975
577 7995 37 1968
578 8012 36 1952
579 8035 34 1931
580 8050 35 1915
581 8062 37 1901
582 8079 34 1887
583 8093 39 1868
584 8099 39 1862
585 8113 41 1846
586 8132 38 1830
587 8145 36 1819
588 8156 36 1808
589 8175 33 1792
590 8184 29 1787
591 8200 27 1773
592 8218 24 1758
593 8228 21 1751
594 8245 20 1735
595 8264 17 1719
596 8279 16 1705
597 8300 15 1685
598 8314 12 1674
599 8331 13 1656
600 8342 17 1641
601 8359 16 1625
602 8371 16 1613
603 8380 17 1603
604 8394 13 1593
605 8412 12 1576
606 8434 10 1556
607 8448 10 1542
608 8459 5 1536
609 8472 7 1521
610 8486 8 1506
611 8500 7 1493
612 8513 8 1479
613 8528 8 1464
614 8544 7 1449
615 8555 6 1439
616 8571 5 1424
617 8584 4 1412
618 8597 5 1398
619 8616 6 1378
620 8625 7 1368
621 8637 6 1357
622 8649 5 1346
623 8658 7 1335
624 8680 4 1316
625 8686 4 1310
626 8696 4 1300
627 8713 3 1284
628 8718 3 1279
629 8733 3 1264
630 8744 5 1251
631 8749 8 1243
632 8767 6 1227
633 8774 8 1218
634 8781 7 1212
635 8792 7 1201
636 8805 6 1189
637 8822 6 1172
638 8832 4 1164
639 8845 4 1151
640 8851 5 1144
641 8870 4 1126
642 8890 4 1106
643 8900 2 1098
644 8911 2 1087
645 8923 2 1075
646 8934 2 1064
647 8946 2 1052
648 8957 2 1041
649 8968 2 1030
650 8977 4 1019
651 8985 5 1010
652 8997 6 997
653 9002 7 991
654 9008 9 983
655 9018 8 974
656 9022 8 970
657 9026 7 967
658 9036 11 953
659 9041 11 948
660 9046 12 942
661 9053 13 934
662 9062 10 928
663 9074 12 914
664 9077 14 909
665 9079 16 905
666 9077 17 906
667 9089 15 896
668 9097 16 887
669 9097 15 888
670 9109 12 879
671 9112 16 872
672 9116 16 868
673 9125 12 863
674 9129 11 860
675 9140 9 851
676 9153 10 837
677 9155 11 834
678 9161 15 824
679 9165 13 822
680 9170 12 818
681 9175 15 810
682 9174 15 811
683 9179 13 808
684 9187 12 801
685 9190 13 797
686 9193 10 797
687 9193 9 798
688 9199 13 788
689 9207 13 780
690 9215 14 771
691 9222 13 765
692 9224 15 761
693 9231 15 754
694 9231 15 754
695 9243 13 744
696 9252 12 736
697 9255 13 732
698 9259 10 731
699 9264 6 730
700 9274 6 720
701 9281 5 714
702 9287 4 709
703 9295 5 700
704 9297 6 697
705 9305 6 689
706 9309 4 687
707 9313 4 683
708 9321 4 675
709 9333 4 663
710 9339 3 658
711 9343 3 654
712 9352 3 645
713 9357 3 640
714 9362 2 636
715 9370 1 629
716 9374 2 624
717 9377 2 621
718 9384 2 614
719 9392 2 606
720 9400 2 598
721 9403 1 596
722 9405 2 593
723 9406 1 593
724 9410 1 589
725 9417 1 582
726 9424 1 575
727 9431 1 568
728 9441 1 558
729 9447 1 552
730 9452 0 548
731 9458 0 542
732 9462 0 538
733 9466 0 534
734 9475 0 525
735 9479 0 521
736 9483 0 517
737 9491 0 509
738 9493 0 507
739 9497 0 503
740 9502 0 498
741 9506 0 494
742 9508 0 492
743 9510 0 490
744 9514 0 486
745 9521 0 479
746 9522 0 478
747 9527 0 473
748 9531 0 469
749 9535 0 465
750 9542 0 458
751 9546 0 454
752 9552 0 448
753 9555 0 445
754 9560 0 440
755 9564 0 436
756 9568 0 432
757 9573 0 427
758 9579 0 421
759 9583 0 417
760 9591 0 409
761 9594 0 406
762 9601 0 399
763 9604 0 396
764 9608 0 392
765 9613 0 387
766 9613 0 387
767 9617 0 383
768 9622 0 378
769 9624 0 376
770 9626 0 374
771 9632 0 368
772 9636 0 364
773 9640 0 360
774 9646 0 354
775 9651 0 349
776 9657 0 343
777 9660 0 340
778 9664 0 336
779 9669 0 331
780 9674 0 326
781 9677 0 323
782 9680 0 320
783 9682 0 318
784 9685 0 315
785 9687 0 313
786 9690 0 310
787 9692 0 308
788 9696 0 304
789 9699 0 301
790 9701 0 299
791 9704 0 296
792 9706 0 294
793 9708 0 292
794 9713 0 287
795 9717 0 283
796 9720 0 280
797 9721 0 279
798 9723 0 277
799 9725 0 275
800 9725 0 275
801 9726 0 274
802 9728 0 272
803 9729 0 271
804 9733 0 267
805 9735 0 265
806 9738 0 262
807 9740 0 260
808 9745 0 255
809 9747 0 253
810 9753 0 247
811 9756 0 244
812 9758 0 242
813 9761 0 239
814 9761 0 239
815 9764 0 236
816 9766 0 234
817 9767 0 233
818 9772 0 228
819 9775 0 225
820 9776 0 224
821 9780 0 220
822 9782 0 218
823 9787 0 213
824 9790 0 210
825 9790 0 210
826 9790 0 210
827 9791 0 209
828 9792 0 208
829 9794 0 206
830 9795 0 205
831 9796 0 204
832 9799 0 201
833 9800 0 200
834 9802 0 198
835 9804 0 196
836 9805 0 195
837 9806 0 194
838 9808 0 192
839 9812 0 188
840 9813 0 187
841 9817 0 183
842 9817 0 183
843 9819 0 181
844 9820 0 180
845 9822 0 178
846 9825 0 175
847 9826 0 174
848 9826 0 174
849 9826 0 174
850 9827 0 173
851 9832 0 168
852 9835 0 165
853 9837 0 163
854 9841 0 159
855 9844 0 156
856 9844 0 156
857 9845 0 155
858 9847 0 153
859 9847 0 153
860 9851 0 149
861 9854 0 146
862 9855 0 145
863 9855 0 145
864 9856 0 144
865 9857 0 143
866 9859 0 141
867 9859 0 141
868 9859 0 141
869 9861 0 139
870 9862 0 138
871 9865 0 135
872 9866 0 134
873 9866 0 134
874 9866 0 134
875 9867 0 133
876 9867 0 133
877 9868 0 132
878 9869 0 131
879 9871 0 129
880 9874 0 126
881 9875 0 125
882 9878 0 122
883 9879 0 121
884 9881 0 119
885 9883 0 117
886 9883 0 117
887 9885 0 115
888 9885 0 115
889 9885 0 115
890 9888 0 112
891 9889 0 111
892 9889 0 111
893 9891 0 109
894 9892 0 108
895 9893 0 107
896 9894 0 106
897 9898 0 102
898 9898 0 102
899 9900 0 100
900 9900 0 100
901 9900 0 100
902 9903 0 97
903 9903 0 97
904 9904 0 96
905 9904 0 96
906 9904 0 96
907 9905 0 95
908 9907 0 93
909 9907 0 93
910 9909 0 91
911 9909 0 91
912 9910 0 90
913 9911 0 89
914 9912 0 88
915 9912 0 88
916 9913 0 87
917 9913 0 87
918 9915 0 85
919 9916 0 84
920 9916 0 84
921 9916 0 84
922 9920 0 80
923 9920 0 80
924 9920 0 80
925 9922 0 78
926 9924 0 76
927 9926 0 74
928 9926 0 74
929 9926 0 74
930 9926 0 74
931 9926 0 74
932 9926 0 74
933 9928 0 72
934 9929 0 71
935 9929 0 71
936 9929 0 71
937 9931 0 69
938 9932 0 68
939 9933 0 67
940 9933 0 67
941 9934 0 66
942 9934 0 66
943 9934 0 66
944 9935 0 65
945 9935 0 65
946 9935 0 65
947 9935 0 65
948 9935 0 65
949 9935 0 65
950 9936 0 64
951 9936 0 64
952 9937 0 63
953 9938 0 62
954 9941 0 59
955 9941 0 59
956 9943 0 57
957 9945 0 55
958 9945 0 55
959 9945 0 55
960 9945 0 55
961 9946 0 54
962 9947 0 53
963 9949 0 51
964 9950 0 50
965 9950 0 50
966 9951 0 49
967 9951 0 49
968 9955 0 45
969 9955 0 45
970 9955 0 45
971 9958 0 42
972 9959 0 41
973 9959 0 41
974 9959 0 41
975 9959 0 41
976 9960 0 40
977 9960 0 40
978 9960 0 40
979 9960 0 40
980 9961 0 39
981 9961 0 39
982 9962 0 38
983 9962 0 38
984 9962 0 38
985 9963 0 37
986 9963 0 37
987 9964 0 36
988 9964 0 36
989 9964 0 36
990 9964 0 36
991 9964 0 36
992 9964 0 36
993 9965 0 35
994 9965 0 35
995 9965 0 35
996 9966 0 34
997 9967 0 33
998 9967 0 33
999 9967 0 33
