0 9999 1 0
1 9998 2 0
2 9996 3 1
3 9996 3 1
4 9996 2 2
5 9995 3 2
6 9995 3 2
7 9994 4 2
8 9993 4 3
9 9991 6 3
10 9990 7 3
11 9988 7 5
12 9987 8 5
13 9985 8 7
14 9984 9 7
15 9982 8 10
16 9980 9 11
17 9980 8 12
18 9979 7 14
19 9975 9 16
20 9975 7 18
21 9969 13 18
22 9966 14 20
23 9953 26 21
24 9947 27 26
25 9936 34 30
26 9924 38 38
27 9920 33 47
28 9906 36 58
29 9896 34 70
30 9889 35 76
31 9880 38 82
32 9875 36 89
33 9866 38 96
34 9857 41 102
35 9849 44 107
36 9842 35 123
37 9835 33 132
38 9830 29 141
39 9823 29 148
40 9817 31 152
41 9808 35 157
42 9804 37 159
43 9799 35 166
44 9793 36 171
45 9788 32 180
46 9784 31 185
47 9781 27 192
48 9780 23 197
49 9780 20 200
50 9772 25 203
51 9764 30 206
52 9756 31 213
53 9743 38 219
54 9732 40 228
55 9723 42 235
56 9715 46 239
57 9707 41 252
58 9695 42 263
59 9690 42 268
60 9685 39 276
61 9684 36 280
62 9681 34 285
63 9675 36 289
64 9674 33 293
65 9666 34 300
66 9664 28 308
67 9660 26 314
68 9656 25 319
69 9651 25 324
70 9647 23 330
71 9645 23 332
72 9643 24 333
73 9643 19 338
74 9636 20 344
75 9635 16 349
76 9631 20 349
77 9622 24 354
78 9618 24 358
79 9614 23 363
80 9610 22 368
81 9606 23 371
82 9602 22 376
83 9595 23 382
84 9587 27 386
85 9583 21 396
86 9577 24 399
87 9573 22 405
88 9572 18 410
89 9571 14 415
90 9570 14 416
91 9568 14 418
92 9564 15 421
93 9562 16 422
94 9559 17 424
95 9552 20 428
96 9549 21 430
97 9540 26 434
98 9536 27 437
99 9531 29 440
100 9525 30 445
101 9521 27 452
102 9512 31 457
103 9505 32 463
104 9499 33 468
105 9489 40 471
106 9484 38 478
107 9475 39 486
108 9458 50 492
109 9444 52 504
110 9432 58 510
111 9421 55 524
112 9409 46 545
113 9396 51 553
114 9386 53 561
115 9380 46 574
116 9377 38 585
117 9370 37 593
118 9364 37 599
119 9359 37 604
120 9350 40 610
121 9341 43 616
122 9334 44 622
123 9318 52 630
124 9294 68 638
125 9282 68 650
126 9260 82 658
127 9254 72 674
128 9243 66 691
129 9229 70 701
130 9216 72 712
131 9205 73 722
132 9188 76 736
133 9174 76 750
134 9158 84 758
135 9149 82 769
136 9132 84 784
137 9113 90 797
138 9103 81 816
139 9083 84 833
140 9065 82 853
141 9051 84 865
142 9038 84 878
143 9022 85 893
144 9002 91 907
145 8992 87 921
146 8970 84 946
147 8952 93 955
148 8939 95 966
149 8909 105 986
150 8886 105 1009
151 8866 109 1025
152 8836 130 1034
153 8817 121 1062
154 8803 112 1085
155 8786 115 1099
156 8766 106 1128
157 8736 114 1150
158 8720 116 1164
159 8693 123 1184
160 8665 124 1211
161 8634 132 1234
162 8612 133 1255
163 8589 136 1275
164 8574 131 1295
165 8555 124 1321
166 8539 117 1344
167 8522 118 1360
168 8513 100 1387
169 8503 91 1406
170 8496 80 1424
171 8486 74 1440
172 8474 70 1456
173 8465 59 1476
174 8455 60 1485
175 8449 53 1498
176 8441 52 1507
177 8432 52 1516
178 8424 51 1525
179 8417 47 1536
180 8409 45 1546
181 8395 51 1554
182 8378 55 1567
183 8363 65 1572
184 8341 73 1586
185 8325 82 1593
186 8311 79 1610
187 8300 79 1621
188 8285 77 1638
189 8269 81 1650
190 8256 75 1669
191 8237 82 1681
192 8225 72 1703
193 8214 71 1715
194 8199 72 1729
195 8178 75 1747
196 8164 78 1758
197 8148 69 1783
198 8142 68 1790
199 8128 68 1804
200 8119 73 1808
201 8105 75 1820
202 8093 72 1835
203 8076 76 1848
204 8057 78 1865
205 8042 80 1878
206 8029 77 1894
207 8018 80 1902
208 8009 74 1917
209 7993 76 1931
210 7984 69 1947
211 7969 71 1960
212 7950 74 1976
213 7933 79 1988
214 7915 80 2005
215 7893 90 2017
216 7872 100 2028
217 7842 116 2042
218 7823 111 2066
219 7789 131 2080
220 7770 133 2097
221 7747 137 2116
222 7719 140 2141
223 7692 142 2166
224 7675 133 2192
225 7643 135 2222
226 7616 135 2249
227 7595 128 2277
228 7571 128 2301
229 7541 143 2316
230 7521 134 2345
231 7491 135 2374
232 7470 132 2398
233 7451 126 2423
234 7426 128 2446
235 7412 114 2474
236 7397 111 2492
237 7375 114 2511
238 7355 120 2525
239 7333 116 2551
240 7322 111 2567
241 7308 102 2590
242 7288 99 2613
243 7270 105 2625
244 7255 106 2639
245 7230 117 2653
246 7220 108 2672
247 7213 104 2683
248 7195 102 2703
249 7172 106 2722
250 7155 108 2737
251 7145 99 2756
252 7123 101 2776
253 7099 110 2791
254 7079 109 2812
255 7065 104 2831
256 7054 100 2846
257 7036 90 2874
258 7011 95 2894
259 6997 95 2908
260 6980 86 2934
261 6965 89 2946
262 6946 90 2964
263 6937 83 2980
264 6928 73 2999
265 6915 76 3009
266 6897 80 3023
267 6886 77 3037
268 6877 71 3052
269 6868 70 3062
270 6859 65 3076
271 6851 53 3096
272 6844 55 3101
273 6839 52 3109
274 6837 44 3119
275 6832 41 3127
276 6827 37 3136
277 6820 34 3146
278 6817 31 3152
279 6809 33 3158
280 6802 32 3166
281 6799 31 3170
282 6793 32 3175
283 6784 38 3178
284 6777 42 3181
285 6767 43 3190
286 6756 49 3195
287 6752 46 3202
288 6744 46 3210
289 6735 43 3222
290 6724 44 3232
291 6707 54 3239
292 6690 63 3247
293 6677 63 3260
294 6665 60 3275
295 6641 76 3283
296 6626 76 3298
297 6608 76 3316
298 6590 79 3331
299 6575 83 3342
300 6561 84 3355
301 6541 86 3373
302 6531 88 3381
303 6517 87 3396
304 6493 96 3411
305 6474 101 3425
306 6460 98 3442
307 6434 104 3462
308 6414 102 3484
309 6399 96 3505
310 6372 109 3519
311 6353 103 3544
312 6332 114 3554
313 6308 122 3570
314 6287 119 3594
315 6252 131 3617
316 6229 133 3638
317 6186 157 3657
318 6155 163 3682
319 6114 181 3705
320 6090 167 3743
321 6060 164 3776
322 6035 157 3808
323 6008 162 3830
324 5983 154 3863
325 5954 160 3886
326 5933 166 3901
327 5910 151 3939
328 5880 150 3970
329 5858 144 3998
330 5831 143 4026
331 5810 142 4048
332 5791 144 4065
333 5755 151 4094
334 5721 163 4116
335 5680 172 4148
336 5647 166 4187
337 5619 170 4211
338 5591 169 4240
339 5551 176 4273
340 5535 160 4305
341 5491 174 4335
342 5441 197 4362
343 5410 200 4390
344 5362 222 4416
345 5329 212 4459
346 5284 227 4489
347 5244 225 4531
348 5213 220 4567
349 5179 217 4604
350 5127 226 4647
351 5092 222 4686
352 5052 227 4721
353 5012 233 4755
354 4981 217 4802
355 4944 213 4843
356 4910 214 4876
357 4889 201 4910
358 4857 204 4939
359 4818 202 4980
360 4800 188 5012
361 4760 192 5048
362 4728 187 5085
363 4702 187 5111
364 4682 168 5150
365 4671 142 5187
366 4662 126 5212
367 4641 129 5230
368 4620 123 5257
369 4600 115 5285
370 4583 107 5310
371 4564 107 5329
372 4545 105 5350
373 4525 105 5370
374 4503 107 5390
375 4480 111 5409
376 4464 110 5426
377 4447 107 5446
378 4423 110 5467
379 4404 113 5483
380 4389 104 5507
381 4378 95 5527
382 4366 90 5544
383 4358 83 5559
384 4346 85 5569
385 4335 83 5582
386 4328 77 5595
387 4315 76 5609
388 4304 68 5628
389 4295 68 5637
390 4292 57 5651
391 4287 58 5655
392 4283 57 5660
393 4276 49 5675
394 4267 43 5690
395 4263 38 5699
396 4259 37 5704
397 4256 37 5707
398 4247 38 5715
399 4241 39 5720
400 4230 43 5727
401 4224 42 5734
402 4220 41 5739
403 4210 47 5743
404 4206 39 5755
405 4198 41 5761
406 4193 37 5770
407 4187 35 5778
408 4184 35 5781
409 4172 40 5788
410 4162 42 5796
411 4155 37 5808
412 4143 44 5813
413 4126 51 5823
414 4117 47 5836
415 4104 48 5848
416 4095 47 5858
417 4090 40 5870
418 4086 37 5877
419 4078 35 5887
420 4074 31 5895
421 4071 33 5896
422 4062 37 5901
423 4052 43 5905
424 4043 46 5911
425 4029 56 5915
426 4013 65 5922
427 4004 60 5936
428 3993 59 5948
429 3986 52 5962
430 3976 57 5967
431 3957 70 5973
432 3948 70 5982
433 3939 70 5991
434 3933 61 6006
435 3920 66 6014
436 3908 66 6026
437 3896 66 6038
438 3881 69 6050
439 3866 77 6057
440 3856 71 6073
441 3841 78 6081
442 3830 77 6093
443 3812 83 6105
444 3795 85 6120
445 3780 86 6134
446 3766 87 6147
447 3758 82 6160
448 3745 82 6173
449 3737 82 6181
450 3727 74 6199
451 3712 79 6209
452 3701 85 6214
453 3679 95 6226
454 3657 105 6238
455 3640 101 6259
456 3630 95 6275
457 3613 98 6289
458 3597 102 6301
459 3580 104 6316
460 3573 91 6336
461 3563 85 6352
462 3552 80 6368
463 3543 76 6381
464 3531 80 6389
465 3525 74 6401
466 3516 68 6416
467 3504 76 6420
468 3499 70 6431
469 3491 65 6444
470 3479 64 6457
471 3477 49 6474
472 3474 44 6482
473 3470 41 6489
474 3462 38 6500
475 3456 34 6510
476 3447 38 6515
477 3438 42 6520
478 3426 44 6530
479 3419 42 6539
480 3412 42 6546
481 3403 44 6553
482 3396 39 6565
483 3387 40 6573
484 3375 45 6580
485 3364 47 6589
486 3355 47 6598
487 3347 48 6605
488 3344 43 6613
489 3334 45 6621
490 3328 47 6625
491 3319 50 6631
492 3302 58 6640
493 3294 56 6650
494 3280 62 6658
495 3273 55 6672
496 3268 49 6683
497 3261 46 6693
498 3258 39 6703
499 3254 32 6714
500 3253 31 6716
501 3249 29 6722
502 3244 29 6727
503 3234 36 6730
504 3227 37 6736
505 3217 37 6746
506 3207 40 6753
507 3198 41 6761
508 3192 41 6767
509 3185 41 6774
510 3175 45 6780
511 3168 44 6788
512 3159 47 6794
513 3151 50 6799
514 3139 50 6811
515 3128 52 6820
516 3120 52 6828
517 3111 50 6839
518 3103 47 6850
519 3100 36 6864
520 3097 31 6872
521 3090 30 6880
522 3085 29 6886
523 3081 29 6890
524 3075 30 6895
525 3071 29 6900
526 3070 26 6904
527 3070 24 6906
528 3065 25 6910
529 3063 20 6917
530 3063 17 6920
531 3061 17 6922
532 3061 12 6927
533 3061 9 6930
534 3060 9 6931
535 3059 7 6934
536 3059 7 6934
537 3059 6 6935
538 3056 8 6936
539 3056 6 6938
540 3052 9 6939
541 3051 8 6941
542 3050 8 6942
543 3046 10 6944
544 3041 13 6946
545 3040 12 6948
546 3039 10 6951
547 3039 9 6952
548 3039 8 6953
549 3039 6 6955
550 3039 5 6956
551 3036 7 6957
552 3033 10 6957
553 3028 13 6959
554 3027 13 6960
555 3021 16 6963
556 3019 15 6966
557 3019 11 6970
558 3019 7 6974
559 3017 9 6974
560 3011 15 6974
561 3007 16 6977
562 3006 12 6982
563 3004 9 6987
564 3003 5 6992
565 3003 5 6992
566 3000 8 6992
567 3000 5 6995
568 3000 4 6996
569 3000 4 6996
570 3000 3 6997
571 3000 2 6998
572 3000 2 6998
573 3000 2 6998
574 3000 2 6998
575 3000 2 6998
576 3000 1 6999
577 3000 1 6999
578 3000 1 6999
579 3000 1 6999
580 3000 1 6999
581 3000 0 7000
582 3000 0 7000
583 3000 0 7000
584 3000 0 7000
585 3000 0 7000
586 3000 0 7000
587 3000 0 7000
588 3000 0 7000
589 3000 0 7000
590 3000 0 7000
591 3000 0 7000
592 3000 0 7000
593 3000 0 7000
594 3000 0 7000
595 3000 0 7000
596 3000 0 7000
597 3000 0 7000
598 3000 0 7000
599 3000 0 7000
600 3000 0 7000
601 3000 0 7000
602 3000 0 7000
603 3000 0 7000
604 3000 0 7000
605 3000 0 7000
606 3000 0 7000
607 3000 0 7000
608 3000 0 7000
609 3000 0 7000
610 3000 0 7000
611 3000 0 7000
612 3000 0 7000
613 3000 0 7000
614 3000 0 7000
615 3000 0 7000
616 3000 0 7000
617 3000 0 7000
618 3000 0 7000
619 3000 0 7000
620 3000 0 7000
621 3000 0 7000
622 3000 0 7000
623 3000 0 7000
624 3000 0 7000
625 3000 0 7000
626 3000 0 7000
627 3000 0 7000
628 3000 0 7000
629 3000 0 7000
630 3000 0 7000
631 3000 0 7000
632 3000 0 7000
633 3000 0 7000
634 3000 0 7000
635 3000 0 7000
636 3000 0 7000
637 3000 0 7000
638 3000 0 7000
639 3000 0 7000
640 3000 0 7000
641 3000 0 7000
642 3000 0 7000
643 3000 0 7000
644 3000 0 7000
645 3000 0 7000
646 3000 0 7000
647 3000 0 7000
648 3000 0 7000
649 3000 0 7000
650 3000 0 7000
651 3000 0 7000
652 3000 0 7000
653 3000 0 7000
654 3000 0 7000
655 3000 0 7000
656 3000 0 7000
657 3000 0 7000
658 3000 0 7000
659 3000 0 7000
660 3000 0 7000
661 3000 0 7000
662 3000 0 7000
663 3000 0 7000
664 3000 0 7000
665 3000 0 7000
666 3000 0 7000
667 3000 0 7000
668 3000 0 7000
669 3000 0 7000
670 3000 0 7000
671 3000 0 7000
672 3000 0 7000
673 3000 0 7000
674 3000 0 7000
675 3000 0 7000
676 3000 0 7000
677 3000 0 7000
678 3000 0 7000
679 3000 0 7000
680 3000 0 7000
681 3000 0 7000
682 3000 0 7000
683 3000 0 7000
684 3000 0 7000
685 3000 0 7000
686 3000 0 7000
687 3000 0 7000
688 3000 0 7000
689 3000 0 7000
690 3000 0 7000
691 3000 0 7000
692 3000 0 7000
693 3000 0 7000
694 3000 0 7000
695 3000 0 7000
696 3000 0 7000
697 3000 0 7000
698 3000 0 7000
699 3000 0 7000
700 3000 0 7000
701 3000 0 7000
702 3000 0 7000
703 3000 0 7000
704 3000 0 7000
705 3000 0 7000
706 3000 0 7000
707 3000 0 7000
708 3000 0 7000
709 3000 0 7000
710 3000 0 7000
711 3000 0 7000
712 3000 0 7000
713 3000 0 7000
714 3000 0 7000
715 3000 0 7000
716 3000 0 7000
717 3000 0 7000
718 3000 0 7000
719 3000 0 7000
720 3000 0 7000
721 3000 0 7000
722 3000 0 7000
723 3000 0 7000
724 3000 0 7000
725 3000 0 7000
726 3000 0 7000
727 3000 0 7000
728 3000 0 7000
729 3000 0 7000
730 3000 0 7000
731 3000 0 7000
732 3000 0 7000
733 3000 0 7000
734 3000 0 7000
735 3000 0 7000
736 3000 0 7000
737 3000 0 7000
738 3000 0 7000
739 3000 0 7000
740 3000 0 7000
741 3000 0 7000
742 3000 0 7000
743 3000 0 7000
744 3000 0 7000
745 3000 0 7000
746 3000 0 7000
747 3000 0 7000
748 3000 0 7000
749 3000 0 7000
750 3000 0 7000
751 3000 0 7000
752 3000 0 7000
753 3000 0 7000
754 3000 0 7000
755 3000 0 7000
756 3000 0 7000
757 3000 0 7000
758 3000 0 7000
759 3000 0 7000
760 3000 0 7000
761 3000 0 7000
762 3000 0 7000
763 3000 0 7000
764 3000 0 7000
765 3000 0 7000
766 3000 0 7000
767 3000 0 7000
768 3000 0 7000
769 3000 0 7000
770 3000 0 7000
771 3000 0 7000
772 3000 0 7000
773 3000 0 7000
774 3000 0 7000
775 3000 0 7000
776 3000 0 7000
777 3000 0 7000
778 3000 0 7000
779 3000 0 7000
780 3000 0 7000
781 3000 0 7000
782 3000 0 7000
783 3000 0 7000
784 3000 0 7000
785 3000 0 7000
786 3000 0 7000
787 3000 0 7000
788 3000 0 7000
789 3000 0 7000
790 3000 0 7000
791 3000 0 7000
792 3000 0 7000
793 3000 0 7000
794 3000 0 7000
795 3000 0 7000
796 3000 0 7000
797 3000 0 7000
798 3000 0 7000
799 3000 0 7000
800 3000 0 7000
801 3000 0 7000
802 3000 0 7000
803 3000 0 7000
804 3000 0 7000
805 3000 0 7000
806 3000 0 7000
807 3000 0 7000
808 3000 0 7000
809 3000 0 7000
810 3000 0 7000
811 3000 0 7000
812 3000 0 7000
813 3000 0 7000
814 3000 0 7000
815 3000 0 7000
816 3000 0 7000
817 3000 0 7000
818 3000 0 7000
819 3000 0 7000
820 3000 0 7000
821 3000 0 7000
822 3000 0 7000
823 3000 0 7000
824 3000 0 7000
825 3000 0 7000
826 3000 0 7000
827 3000 0 7000
828 3000 0 7000
829 3000 0 7000
830 3000 0 7000
831 3000 0 7000
832 3000 0 7000
833 3000 0 7000
834 3000 0 7000
835 3000 0 7000
836 3000 0 7000
837 3000 0 7000
838 3000 0 7000
839 3000 0 7000
840 3000 0 7000
841 3000 0 7000
842 3000 0 7000
843 3000 0 7000
844 3000 0 7000
845 3000 0 7000
846 3000 0 7000
847 3000 0 7000
848 3000 0 7000
849 3000 0 7000
850 3000 0 7000
851 3000 0 7000
852 3000 0 7000
853 3000 0 7000
854 3000 0 7000
855 3000 0 7000
856 3000 0 7000
857 3000 0 7000
858 3000 0 7000
859 3000 0 7000
860 3000 0 7000
861 3000 0 7000
862 3000 0 7000
863 3000 0 7000
864 3000 0 7000
865 3000 0 7000
866 3000 0 7000
867 3000 0 7000
868 3000 0 7000
869 3000 0 7000
870 3000 0 7000
871 3000 0 7000
872 3000 0 7000
873 3000 0 7000
874 3000 0 7000
875 3000 0 7000
876 3000 0 7000
877 3000 0 7000
878 3000 0 7000
879 3000 0 7000
880 3000 0 7000
881 3000 0 7000
882 3000 0 7000
883 3000 0 7000
884 3000 0 7000
885 3000 0 7000
886 3000 0 7000
887 3000 0 7000
888 3000 0 7000
889 3000 0 7000
890 3000 0 7000
891 3000 0 7000
892 3000 0 7000
893 3000 0 7000
894 3000 0 7000
895 3000 0 7000
896 3000 0 7000
897 3000 0 7000
898 3000 0 7000
899 3000 0 7000
900 3000 0 7000
901 3000 0 7000
902 3000 0 7000
903 3000 0 7000
904 3000 0 7000
905 3000 0 7000
906 3000 0 7000
907 3000 0 7000
908 3000 0 7000
909 3000 0 7000
910 3000 0 7000
911 3000 0 7000
912 3000 0 7000
913 3000 0 7000
914 3000 0 7000
915 3000 0 7000
916 3000 0 7000
917 3000 0 7000
918 3000 0 7000
919 3000 0 7000
920 3000 0 7000
921 3000 0 7000
922 3000 0 7000
923 3000 0 7000
924 3000 0 7000
925 3000 0 7000
926 3000 0 7000
927 3000 0 7000
928 3000 0 7000
929 3000 0 7000
930 3000 0 7000
931 3000 0 7000
932 3000 0 7000
933 3000 0 7000
934 3000 0 7000
935 3000 0 7000
936 3000 0 7000
937 3000 0 7000
938 3000 0 7000
939 3000 0 7000
940 3000 0 7000
941 3000 0 7000
942 3000 0 7000
943 3000 0 7000
944 3000 0 7000
945 3000 0 7000
946 3000 0 7000
947 3000 0 7000
948 3000 0 7000
949 3000 0 7000
950 3000 0 7000
951 3000 0 7000
952 3000 0 7000
953 3000 0 7000
954 3000 0 7000
955 3000 0 7000
956 3000 0 7000
957 3000 0 7000
958 3000 0 7000
959 3000 0 7000
960 3000 0 7000
961 3000 0 7000
962 3000 0 7000
963 3000 0 7000
964 3000 0 7000
965 3000 0 7000
966 3000 0 7000
967 3000 0 7000
968 3000 0 7000
969 3000 0 7000
970 3000 0 7000
971 3000 0 7000
972 3000 0 7000
973 3000 0 7000
974 3000 0 7000
975 3000 0 7000
976 3000 0 7000
977 3000 0 7000
978 3000 0 7000
979 3000 0 7000
980 3000 0 7000
981 3000 0 7000
982 3000 0 7000
983 3000 0 7000
984 3000 0 7000
985 3000 0 7000
986 3000 0 7000
987 3000 0 7000
988 3000 0 7000
989 3000 0 7000
990 3000 0 7000
991 3000 0 7000
992 3000 0 7000
993 3000 0 7000
994 3000 0 7000
995 3000 0 7000
996 3000 0 7000
997 3000 0 7000
998 3000 0 7000
999 3000 0 7000
