0 9999 1 0
1 9998 2 0
2 9996 3 1
3 9995 4 1
4 9994 4 2
5 9994 4 2
6 9990 7 3
7 9990 7 3
8 9987 8 5
9 9982 11 7
10 9979 13 8
11 9978 9 13
12 9976 9 15
13 9973 10 17
14 9972 11 17
15 9964 17 19
16 9960 18 22
17 9954 23 23
18 9947 26 27
19 9939 29 32
20 9934 29 37
21 9929 30 41
22 9922 32 46
23 9914 36 50
24 9903 44 53
25 9886 52 62
26 9880 48 72
27 9868 52 80
28 9857 50 93
29 9852 49 99
30 9847 43 110
31 9838 45 117
32 9828 45 127
33 9823 40 137
34 9818 40 142
35 9808 43 149
36 9796 45 159
37 9788 45 167
38 9782 40 178
39 9766 42 192
40 9752 44 204
41 9745 47 208
42 9736 49 215
43 9727 41 232
44 9716 43 241
45 9705 49 246
46 9697 47 256
47 9693 45 262
48 9683 46 271
49 9678 43 279
50 9668 43 289
51 9664 37 299
52 9659 37 304
53 9649 41 310
54 9642 41 317
55 9635 42 323
56 9626 42 332
57 9620 37 343
58 9612 38 350
59 9610 33 357
60 9607 29 364
61 9604 30 366
62 9595 34 371
63 9591 36 373
64 9584 37 379
65 9574 42 384
66 9568 47 385
67 9560 49 391
68 9555 47 398
69 9548 40 412
70 9546 37 417
71 9539 38 423
72 9528 41 431
73 9525 40 435
74 9516 42 442
75 9511 42 447
76 9503 41 456
77 9487 48 465
78 9475 55 470
79 9465 54 481
80 9448 60 492
81 9435 63 502
82 9426 61 513
83 9414 65 521
84 9404 63 533
85 9394 64 542
86 9368 85 547
87 9349 87 564
88 9336 78 586
89 9327 74 599
90 9307 80 613
91 9292 79 629
92 9278 75 647
93 9268 78 654
94 9256 83 661
95 9243 81 676
96 9223 87 690
97 9203 91 706
98 9185 87 728
99 9151 109 740
100 9131 113 756
101 9118 102 780
102 9104 102 794
103 9091 97 812
104 9073 100 827
105 9059 95 846
106 9051 92 857
107 9035 89 876
108 9028 78 894
109 9014 83 903
110 9004 84 912
111 8990 87 923
112 8979 76 945
113 8968 73 959
114 8957 76 967
115 8950 65 985
116 8939 66 995
117 8930 63 1007
118 8924 57 1019
119 8914 48 1038
120 8907 43 1050
121 8897 45 1058
122 8891 44 1065
123 8884 43 1073
124 8874 47 1079
125 8868 44 1088
126 8861 46 1093
127 8848 53 1099
128 8838 53 1109
129 8832 44 1124
130 8827 40 1133
131 8823 37 1140
132 8815 42 1143
133 8805 40 1155
134 8797 38 1165
135 8789 41 1170
136 8777 48 1175
137 8763 55 1182
138 8755 56 1189
139 8742 54 1204
140 8735 50 1215
141 8721 52 1227
142 8712 47 1241
143 8704 50 1246
144 8693 56 1251
145 8679 63 1258
146 8668 66 1266
147 8649 72 1279
148 8638 69 1293
149 8630 57 1313
150 8620 62 1318
151 8613 57 1330
152 8607 56 1337
153 8603 54 1343
154 8599 49 1352
155 8592 48 1360
156 8590 41 1369
157 8586 44 1370
158 8580 44 1376
159 8578 35 1387
160 8573 36 1391
161 8565 32 1403
162 8562 30 1408
163 8549 39 1412
164 8542 36 1422
165 8538 36 1426
166 8536 34 1430
167 8525 40 1435
168 8519 41 1440
169 8511 43 1446
170 8503 44 1453
171 8488 49 1463
172 8475 54 1471
173 8464 57 1479
174 8460 52 1488
175 8451 49 1500
176 8439 55 1506
177 8422 66 1512
178 8412 62 1526
179 8405 57 1538
180 8387 68 1545
181 8372 64 1564
182 8364 63 1573
183 8358 56 1586
184 8351 47 1602
185 8342 48 1610
186 8337 41 1622
187 8331 39 1630
188 8324 38 1638
189 8317 40 1643
190 8304 46 1650
191 8298 43 1659
192 8285 48 1667
193 8274 51 1675
194 8265 50 1685
195 8248 57 1695
196 8235 61 1704
197 8223 67 1710
198 8205 72 1723
199 8188 82 1730
200 8175 80 1745
201 8165 69 1766
202 8152 70 1778
203 8132 79 1789
204 8118 79 1803
205 8111 77 1812
206 8106 71 1823
207 8096 67 1837
208 8084 63 1853
209 8068 66 1866
210 8048 75 1877
211 8029 86 1885
212 8012 91 1897
213 7997 94 1909
214 7977 104 1919
215 7960 101 1939
216 7947 93 1960
217 7923 104 1973
218 7897 113 1990
219 7878 111 2011
220 7856 118 2026
221 7833 110 2057
222 7811 111 2078
223 7789 114 2097
224 7774 112 2114
225 7755 109 2136
226 7740 104 2156
227 7724 102 2174
228 7704 107 2189
229 7685 104 2211
230 7660 105 2235
231 7638 110 2252
232 7620 106 2274
233 7602 105 2293
234 7582 110 2308
235 7563 111 2326
236 7532 127 2341
237 7499 142 2359
238 7475 148 2377
239 7451 145 2404
240 7419 153 2428
241 7395 147 2458
242 7361 153 2486
243 7317 172 2511
244 7284 179 2537
245 7258 158 2584
246 7228 160 2612
247 7201 158 2641
248 7178 151 2671
249 7156 148 2696
250 7134 151 2715
251 7113 142 2745
252 7081 142 2777
253 7064 141 2795
254 7030 143 2827
255 6998 152 2850
256 6975 149 2876
257 6955 147 2898
258 6925 149 2926
259 6898 152 2950
260 6869 154 2977
261 6844 149 3007
262 6801 170 3029
263 6772 166 3062
264 6723 190 3087
265 6678 203 3119
266 6644 209 3147
267 6606 199 3195
268 6565 204 3231
269 6527 211 3262
270 6483 205 3312
271 6440 215 3345
272 6395 218 3387
273 6352 221 3427
274 6314 220 3466
275 6272 221 3507
276 6239 214 3547
277 6199 217 3584
278 6183 194 3623
279 6152 194 3654
280 6129 189 3682
281 6091 197 3712
282 6070 180 3750
283 6053 157 3790
284 6019 170 3811
285 5998 164 3838
286 5970 167 3863
287 5954 154 3892
288 5922 166 3912
289 5889 178 3933
290 5860 179 3961
291 5834 172 3994
292 5812 162 4026
293 5791 159 4050
294 5755 162 4083
295 5727 155 4118
296 5696 161 4143
297 5660 173 4167
298 5627 165 4208
299 5606 161 4233
300 5582 162 4256
301 5550 166 4284
302 5527 160 4313
303 5489 173 4338
304 5468 163 4369
305 5445 153 4402
306 5420 148 4432
307 5388 153 4459
308 5357 162 4481
309 5329 159 4512
310 5303 152 4545
311 5273 151 4576
312 5242 156 4602
313 5212 147 4641
314 5189 141 4670
315 5170 135 4695
316 5152 130 4718
317 5123 137 4740
318 5094 149 4757
319 5072 144 4784
320 5043 145 4812
321 5024 125 4851
322 5002 122 4876
323 4974 130 4896
324 4955 134 4911
325 4938 132 4930
326 4920 129 4951
327 4902 118 4980
328 4879 122 4999
329 4869 116 5015
330 4853 108 5039
331 4834 107 5059
332 4817 99 5084
333 4800 100 5100
334 4781 100 5119
335 4760 99 5141
336 4752 88 5160
337 4738 94 5168
338 4724 91 5185
339 4711 88 5201
340 4695 91 5214
341 4679 88 5233
342 4655 102 5243
343 4641 94 5265
344 4619 96 5285
345 4604 95 5301
346 4595 85 5320
347 4584 78 5338
348 4566 87 5347
349 4553 87 5360
350 4541 85 5374
351 4526 87 5387
352 4513 76 5411
353 4502 80 5418
354 4485 79 5436
355 4473 75 5452
356 4466 66 5468
357 4461 58 5481
358 4449 61 5490
359 4434 68 5498
360 4421 69 5510
361 4403 74 5523
362 4376 80 5544
363 4361 85 5554
364 4336 89 5575
365 4319 92 5589
366 4302 90 5608
367 4285 91 5624
368 4265 83 5652
369 4255 75 5670
370 4239 77 5684
371 4228 75 5697
372 4221 67 5712
373 4211 64 5725
374 4201 64 5735
375 4192 65 5743
376 4183 71 5746
377 4169 76 5755
378 4154 81 5765
379 4143 72 5785
380 4132 72 5796
381 4112 78 5810
382 4097 81 5822
383 4078 87 5835
384 4063 84 5853
385 4045 88 5867
386 4029 92 5879
387 4010 97 5893
388 3996 92 5912
389 3971 97 5932
390 3948 98 5954
391 3932 94 5974
392 3915 98 5987
393 3891 103 6006
394 3867 110 6023
395 3850 109 6041
396 3831 111 6058
397 3817 104 6079
398 3800 101 6099
399 3779 97 6124
400 3767 93 6140
401 3752 95 6153
402 3739 91 6170
403 3734 82 6184
404 3726 76 6198
405 3712 76 6212
406 3703 74 6223
407 3695 71 6234
408 3688 64 6248
409 3670 67 6263
410 3660 71 6269
411 3651 68 6281
412 3640 66 6294
413 3624 72 6304
414 3612 72 6316
415 3591 85 6324
416 3577 84 6339
417 3564 80 6356
418 3553 84 6363
419 3541 83 6376
420 3525 81 6394
421 3507 82 6411
422 3500 74 6426
423 3486 77 6437
424 3482 65 6453
425 3473 67 6460
426 3461 69 6470
427 3447 71 6482
428 3435 67 6498
429 3427 66 6507
430 3417 65 6518
431 3407 61 6532
432 3399 61 6540
433 3386 62 6552
434 3373 56 6571
435 3363 53 6584
436 3354 55 6591
437 3349 55 6596
438 3340 51 6609
439 3333 46 6621
440 3323 46 6631
441 3321 39 6640
442 3317 38 6645
443 3315 34 6651
444 3313 28 6659
445 3307 28 6665
446 3303 31 6666
447 3299 29 6672
448 3293 32 6675
449 3283 38 6679
450 3280 30 6690
451 3275 30 6695
452 3271 29 6700
453 3265 30 6705
454 3262 28 6710
455 3258 26 6716
456 3254 22 6724
457 3253 21 6726
458 3251 19 6730
459 3250 18 6732
460 3249 18 6733
461 3245 18 6737
462 3241 18 6741
463 3238 16 6746
464 3232 19 6749
465 3224 20 6756
466 3221 21 6758
467 3220 20 6760
468 3214 24 6762
469 3213 19 6768
470 3211 17 6772
471 3207 19 6774
472 3204 18 6778
473 3198 20 6782
474 3194 21 6785
475 3191 19 6790
476 3185 25 6790
477 3178 27 6795
478 3167 33 6800
479 3161 34 6805
480 3157 34 6809
481 3150 36 6814
482 3147 36 6817
483 3145 31 6824
484 3140 33 6827
485 3139 29 6832
486 3138 26 6836
487 3136 22 6842
488 3135 18 6847
489 3135 16 6849
490 3131 16 6853
491 3128 18 6854
492 3124 21 6855
493 3122 17 6861
494 3119 17 6864
495 3116 16 6868
496 3114 14 6872
497 3114 13 6873
498 3111 13 6876
499 3110 11 6879
500 3107 13 6880
501 3106 12 6882
502 3105 11 6884
503 3102 12 6886
504 3101 12 6887
505 3100 12 6888
506 3099 12 6889
507 3098 11 6891
508 3098 9 6893
509 3094 10 6896
510 3091 12 6897
511 3086 13 6901
512 3084 14 6902
513 3079 16 6905
514 3073 22 6905
515 3072 21 6907
516 3071 16 6913
517 3069 16 6915
518 3066 17 6917
519 3065 14 6921
520 3063 14 6923
521 3062 13 6925
522 3062 13 6925
523 3060 11 6929
524 3060 8 6932
525 3060 6 6934
526 3059 6 6935
527 3058 7 6935
528 3057 7 6936
529 3056 7 6937
530 3056 5 6939
531 3056 5 6939
532 3056 4 6940
533 3053 7 6940
534 3053 7 6940
535 3053 6 6941
536 3053 5 6942
537 3053 5 6942
538 3053 4 6943
539 3052 3 6945
540 3051 4 6945
541 3050 4 6946
542 3048 6 6946
543 3048 5 6947
544 3048 4 6948
545 3047 4 6949
546 3046 4 6950
547 3046 4 6950
548 3046 4 6950
549 3044 6 6950
550 3043 7 6950
551 3037 13 6950
552 3033 13 6954
553 3031 12 6957
554 3029 12 6959
555 3026 15 6959
556 3022 17 6961
557 3020 16 6964
558 3019 16 6965
559 3018 16 6966
560 3017 14 6969
561 3015 14 6971
562 3015 10 6975
563 3015 9 6976
564 3015 9 6976
565 3015 7 6978
566 3015 6 6979
567 3015 5 6980
568 3015 4 6981
569 3015 4 6981
570 3015 3 6982
571 3015 1 6984
572 3015 1 6984
573 3015 1 6984
574 3015 1 6984
575 3015 1 6984
576 3015 1 6984
577 3015 1 6984
578 3015 0 6985
579 3015 0 6985
580 3015 0 6985
581 3015 0 6985
582 3015 0 6985
583 3015 0 6985
584 3015 0 6985
585 3015 0 6985
586 3015 0 6985
587 3015 0 6985
588 3015 0 6985
589 3015 0 6985
590 3015 0 6985
591 3015 0 6985
592 3015 0 6985
593 3015 0 6985
594 3015 0 6985
595 3015 0 6985
596 3015 0 6985
597 3015 0 6985
598 3015 0 6985
599 3015 0 6985
600 3015 0 6985
601 3015 0 6985
602 3015 0 6985
603 3015 0 6985
604 3015 0 6985
605 3015 0 6985
606 3015 0 6985
607 3015 0 6985
608 3015 0 6985
609 3015 0 6985
610 3015 0 6985
611 3015 0 6985
612 3015 0 6985
613 3015 0 6985
614 3015 0 6985
615 3015 0 6985
616 3015 0 6985
617 3015 0 6985
618 3015 0 6985
619 3015 0 6985
620 3015 0 6985
621 3015 0 6985
622 3015 0 6985
623 3015 0 6985
624 3015 0 6985
625 3015 0 6985
626 3015 0 6985
627 3015 0 6985
628 3015 0 6985
629 3015 0 6985
630 3015 0 6985
631 3015 0 6985
632 3015 0 6985
633 3015 0 6985
634 3015 0 6985
635 3015 0 6985
636 3015 0 6985
637 3015 0 6985
638 3015 0 6985
639 3015 0 6985
640 3015 0 6985
641 3015 0 6985
642 3015 0 6985
643 3015 0 6985
644 3015 0 6985
645 3015 0 6985
646 3015 0 6985
647 3015 0 6985
648 3015 0 6985
649 3015 0 6985
650 3015 0 6985
651 3015 0 6985
652 3015 0 6985
653 3015 0 6985
654 3015 0 6985
655 3015 0 6985
656 3015 0 6985
657 3015 0 6985
658 3015 0 6985
659 3015 0 6985
660 3015 0 6985
661 3015 0 6985
662 3015 0 6985
663 3015 0 6985
664 3015 0 6985
665 3015 0 6985
666 3015 0 6985
667 3015 0 6985
668 3015 0 6985
669 3015 0 6985
670 3015 0 6985
671 3015 0 6985
672 3015 0 6985
673 3015 0 6985
674 3015 0 6985
675 3015 0 6985
676 3015 0 6985
677 3015 0 6985
678 3015 0 6985
679 3015 0 6985
680 3015 0 6985
681 3015 0 6985
682 3015 0 6985
683 3015 0 6985
684 3015 0 6985
685 3015 0 6985
686 3015 0 6985
687 3015 0 6985
688 3015 0 6985
689 3015 0 6985
690 3015 0 6985
691 3015 0 6985
692 3015 0 6985
693 3015 0 6985
694 3015 0 6985
695 3015 0 6985
696 3015 0 6985
697 3015 0 6985
698 3015 0 6985
699 3015 0 6985
700 3015 0 6985
701 3015 0 6985
702 3015 0 6985
703 3015 0 6985
704 3015 0 6985
705 3015 0 6985
706 3015 0 6985
707 3015 0 6985
708 3015 0 6985
709 3015 0 6985
710 3015 0 6985
711 3015 0 6985
712 3015 0 6985
713 3015 0 6985
714 3015 0 6985
715 3015 0 6985
716 3015 0 6985
717 3015 0 6985
718 3015 0 6985
719 3015 0 6985
720 3015 0 6985
721 3015 0 6985
722 3015 0 6985
723 3015 0 6985
724 3015 0 6985
725 3015 0 6985
726 3015 0 6985
727 3015 0 6985
728 3015 0 6985
729 3015 0 6985
730 3015 0 6985
731 3015 0 6985
732 3015 0 6985
733 3015 0 6985
734 3015 0 6985
735 3015 0 6985
736 3015 0 6985
737 3015 0 6985
738 3015 0 6985
739 3015 0 6985
740 3015 0 6985
741 3015 0 6985
742 3015 0 6985
743 3015 0 6985
744 3015 0 6985
745 3015 0 6985
746 3015 0 6985
747 3015 0 6985
748 3015 0 6985
749 3015 0 6985
750 3015 0 6985
751 3015 0 6985
752 3015 0 6985
753 3015 0 6985
754 3015 0 6985
755 3015 0 6985
756 3015 0 6985
757 3015 0 6985
758 3015 0 6985
759 3015 0 6985
760 3015 0 6985
761 3015 0 6985
762 3015 0 6985
763 3015 0 6985
764 3015 0 6985
765 3015 0 6985
766 3015 0 6985
767 3015 0 6985
768 3015 0 6985
769 3015 0 6985
770 3015 0 6985
771 3015 0 6985
772 3015 0 6985
773 3015 0 6985
774 3015 0 6985
775 3015 0 6985
776 3015 0 6985
777 3015 0 6985
778 3015 0 6985
779 3015 0 6985
780 3015 0 6985
781 3015 0 6985
782 3015 0 6985
783 3015 0 6985
784 3015 0 6985
785 3015 0 6985
786 3015 0 6985
787 3015 0 6985
788 3015 0 6985
789 3015 0 6985
790 3015 0 6985
791 3015 0 6985
792 3015 0 6985
793 3015 0 6985
794 3015 0 6985
795 3015 0 6985
796 3015 0 6985
797 3015 0 6985
798 3015 0 6985
799 3015 0 6985
800 3015 0 6985
801 3015 0 6985
802 3015 0 6985
803 3015 0 6985
804 3015 0 6985
805 3015 0 6985
806 3015 0 6985
807 3015 0 6985
808 3015 0 6985
809 3015 0 6985
810 3015 0 6985
811 3015 0 6985
812 3015 0 6985
813 3015 0 6985
814 3015 0 6985
815 3015 0 6985
816 3015 0 6985
817 3015 0 6985
818 3015 0 6985
819 3015 0 6985
820 3015 0 6985
821 3015 0 6985
822 3015 0 6985
823 3015 0 6985
824 3015 0 6985
825 3015 0 6985
826 3015 0 6985
827 3015 0 6985
828 3015 0 6985
829 3015 0 6985
830 3015 0 6985
831 3015 0 6985
832 3015 0 6985
833 3015 0 6985
834 3015 0 6985
835 3015 0 6985
836 3015 0 6985
837 3015 0 6985
838 3015 0 6985
839 3015 0 6985
840 3015 0 6985
841 3015 0 6985
842 3015 0 6985
843 3015 0 6985
844 3015 0 6985
845 3015 0 6985
846 3015 0 6985
847 3015 0 6985
848 3015 0 6985
849 3015 0 6985
850 3015 0 6985
851 3015 0 6985
852 3015 0 6985
853 3015 0 6985
854 3015 0 6985
855 3015 0 6985
856 3015 0 6985
857 3015 0 6985
858 3015 0 6985
859 3015 0 6985
860 3015 0 6985
861 3015 0 6985
862 3015 0 6985
863 3015 0 6985
864 3015 0 6985
865 3015 0 6985
866 3015 0 6985
867 3015 0 6985
868 3015 0 6985
869 3015 0 6985
870 3015 0 6985
871 3015 0 6985
872 3015 0 6985
873 3015 0 6985
874 3015 0 6985
875 3015 0 6985
876 3015 0 6985
877 3015 0 6985
878 3015 0 6985
879 3015 0 6985
880 3015 0 6985
881 3015 0 6985
882 3015 0 6985
883 3015 0 6985
884 3015 0 6985
885 3015 0 6985
886 3015 0 6985
887 3015 0 6985
888 3015 0 6985
889 3015 0 6985
890 3015 0 6985
891 3015 0 6985
892 3015 0 6985
893 3015 0 6985
894 3015 0 6985
895 3015 0 6985
896 3015 0 6985
897 3015 0 6985
898 3015 0 6985
899 3015 0 6985
900 3015 0 6985
901 3015 0 6985
902 3015 0 6985
903 3015 0 6985
904 3015 0 6985
905 3015 0 6985
906 3015 0 6985
907 3015 0 6985
908 3015 0 6985
909 3015 0 6985
910 3015 0 6985
911 3015 0 6985
912 3015 0 6985
913 3015 0 6985
914 3015 0 6985
915 3015 0 6985
916 3015 0 6985
917 3015 0 6985
918 3015 0 6985
919 3015 0 6985
920 3015 0 6985
921 3015 0 6985
922 3015 0 6985
923 3015 0 6985
924 3015 0 6985
925 3015 0 6985
926 3015 0 6985
927 3015 0 6985
928 3015 0 6985
929 3015 0 6985
930 3015 0 6985
931 3015 0 6985
932 3015 0 6985
933 3015 0 6985
934 3015 0 6985
935 3015 0 6985
936 3015 0 6985
937 3015 0 6985
938 3015 0 6985
939 3015 0 6985
940 3015 0 6985
941 3015 0 6985
942 3015 0 6985
943 3015 0 6985
944 3015 0 6985
945 3015 0 6985
946 3015 0 6985
947 3015 0 6985
948 3015 0 6985
949 3015 0 6985
950 3015 0 6985
951 3015 0 6985
952 3015 0 6985
953 3015 0 6985
954 3015 0 6985
955 3015 0 6985
956 3015 0 6985
957 3015 0 6985
958 3015 0 6985
959 3015 0 6985
960 3015 0 6985
961 3015 0 6985
962 3015 0 6985
963 3015 0 6985
964 3015 0 6985
965 3015 0 6985
966 3015 0 6985
967 3015 0 6985
968 3015 0 6985
969 3015 0 6985
970 3015 0 6985
971 3015 0 6985
972 3015 0 6985
973 3015 0 6985
974 3015 0 6985
975 3015 0 6985
976 3015 0 6985
977 3015 0 6985
978 3015 0 6985
979 3015 0 6985
980 3015 0 6985
981 3015 0 6985
982 3015 0 6985
983 3015 0 6985
984 3015 0 6985
985 3015 0 6985
986 3015 0 6985
987 3015 0 6985
988 3015 0 6985
989 3015 0 6985
990 3015 0 6985
991 3015 0 6985
992 3015 0 6985
993 3015 0 6985
994 3015 0 6985
995 3015 0 6985
996 3015 0 6985
997 3015 0 6985
998 3015 0 6985
999 3015 0 6985
