0 9999 1 0
1 9998 2 0
2 9995 4 1
3 9993 6 1
4 9991 5 4
5 9990 5 5
6 9990 4 6
7 9989 4 7
8 9988 5 7
9 9988 5 7
10 9986 6 8
11 9984 6 10
12 9982 7 11
13 9981 6 13
14 9979 8 13
15 9979 5 16
16 9977 6 17
17 9975 7 18
18 9972 10 18
19 9970 10 20
20 9968 12 20
21 9965 15 20
22 9958 22 20
23 9952 24 24
24 9946 22 32
25 9938 27 35
26 9928 31 41
27 9927 27 46
28 9924 30 46
29 9920 31 49
30 9912 32 56
31 9904 39 57
32 9898 38 64
33 9891 41 68
34 9886 35 79
35 9880 35 85
36 9871 38 91
37 9867 33 100
38 9867 29 104
39 9866 24 110
40 9860 25 115
41 9858 24 118
42 9855 25 120
43 9851 27 122
44 9847 25 128
45 9846 21 133
46 9838 23 139
47 9832 26 142
48 9827 26 147
49 9818 30 152
50 9809 33 158
51 9798 41 161
52 9792 41 167
53 9775 53 172
54 9765 51 184
55 9759 48 193
56 9752 47 201
57 9738 50 212
58 9720 59 221
59 9710 58 232
60 9690 65 245
61 9676 66 258
62 9666 66 268
63 9654 56 290
64 9634 71 295
65 9620 72 308
66 9607 75 318
67 9592 76 332
68 9579 73 348
69 9561 81 358
70 9545 79 376
71 9532 74 394
72 9514 76 410
73 9500 80 420
74 9480 84 436
75 9470 80 450
76 9445 88 467
77 9428 92 480
78 9416 85 499
79 9398 80 522
80 9380 75 545
81 9360 84 556
82 9344 86 570
83 9317 99 584
84 9292 103 605
85 9263 119 618
86 9233 126 641
87 9216 131 653
88 9195 128 677
89 9177 126 697
90 9165 117 718
91 9151 108 741
92 9137 95 768
93 9126 87 787
94 9109 90 801
95 9090 99 811
96 9072 95 833
97 9049 105 846
98 9018 119 863
99 9001 119 880
100 8971 132 897
101 8951 124 925
102 8932 127 941
103 8916 127 957
104 8896 125 979
105 8869 133 998
106 8851 123 1026
107 8836 114 1050
108 8803 128 1069
109 8774 136 1090
110 8748 138 1114
111 8720 144 1136
112 8690 150 1160
113 8675 130 1195
114 8658 125 1217
115 8640 113 1247
116 8621 116 1263
117 8598 117 1285
118 8581 114 1305
119 8565 111 1324
120 8548 103 1349
121 8531 98 1371
122 8524 91 1385
123 8510 82 1408
124 8503 83 1414
125 8489 88 1423
126 8483 81 1436
127 8472 79 1449
128 8457 77 1466
129 8448 71 1481
130 8433 74 1493
131 8424 70 1506
132 8413 67 1520
133 8406 62 1532
134 8393 64 1543
135 8382 64 1554
136 8372 58 1570
137 8362 53 1585
138 8354 51 1595
139 8350 45 1605
140 8334 53 1613
141 8324 58 1618
142 8305 70 1625
143 8287 72 1641
144 8275 77 1648
145 8264 76 1660
146 8257 71 1672
147 8245 71 1684
148 8235 74 1691
149 8226 69 1705
150 8221 56 1723
151 8211 55 1734
152 8205 46 1749
153 8201 45 1754
154 8195 43 1762
155 8188 42 1770
156 8179 46 1775
157 8171 50 1779
158 8159 58 1783
159 8148 56 1796
160 8133 58 1809
161 8125 52 1823
162 8120 42 1838
163 8112 46 1842
164 8103 45 1852
165 8097 39 1864
166 8094 34 1872
167 8091 34 1875
168 8083 33 1884
169 8078 32 1890
170 8073 31 1896
171 8071 29 1900
172 8070 28 1902
173 8065 30 1905
174 8061 28 1911
175 8058 23 1919
176 8048 29 1923
177 8039 31 1930
178 8033 32 1935
179 8023 35 1942
180 8015 36 1949
181 8009 34 1957
182 8008 30 1962
183 7994 39 1967
184 7988 38 1974
185 7982 35 1983
186 7972 36 1992
187 7962 39 1999
188 7954 39 2007
189 7942 46 2012
190 7935 43 2022
191 7928 44 2028
192 7922 43 2035
193 7912 46 2042
194 7903 50 2047
195 7895 46 2059
196 7889 43 2068
197 7874 54 2072
198 7866 52 2082
199 7859 47 2094
200 7851 47 2102
201 7840 46 2114
202 7828 47 2125
203 7814 56 2130
204 7800 63 2137
205 7789 68 2143
206 7777 68 2155
207 7758 78 2164
208 7746 80 2174
209 7738 78 2184
210 7730 71 2199
211 7722 66 2212
212 7720 62 2218
213 7716 55 2229
214 7710 55 2235
215 7702 55 2243
216 7699 49 2252
217 7694 47 2259
218 7687 46 2267
219 7683 42 2275
220 7680 41 2279
221 7670 39 2291
222 7666 33 2301
223 7663 24 2313
224 7662 22 2316
225 7649 27 2324
226 7640 30 2330
227 7631 35 2334
228 7629 33 2338
229 7626 30 2344
230 7622 31 2347
231 7613 36 2351
232 7605 34 2361
233 7600 35 2365
234 7592 40 2368
235 7588 41 2371
236 7585 34 2381
237 7581 32 2387
238 7574 34 2392
239 7569 35 2396
240 7564 35 2401
241 7560 32 2408
242 7556 30 2414
243 7552 27 2421
244 7549 27 2424
245 7545 28 2427
246 7541 27 2432
247 7538 26 2436
248 7532 27 2441
249 7526 27 2447
250 7521 28 2451
251 7517 26 2457
252 7509 31 2460
253 7506 28 2466
254 7499 29 2472
255 7492 31 2477
256 7485 32 2483
257 7478 33 2489
258 7473 33 2494
259 7464 34 2502
260 7455 37 2508
261 7448 39 2513
262 7444 32 2524
263 7442 22 2536
264 7440 19 2541
265 7437 16 2547
266 7434 13 2553
267 7432 13 2555
268 7432 13 2555
269 7431 11 2558
270 7429 10 2561
271 7426 11 2563
272 7424 11 2565
273 7420 12 2568
274 7417 13 2570
275 7413 13 2574
276 7407 18 2575
277 7405 15 2580
278 7399 18 2583
279 7396 19 2585
280 7393 20 2587
281 7390 18 2592
282 7389 16 2595
283 7386 18 2596
284 7384 19 2597
285 7382 20 2598
286 7378 20 2602
287 7373 20 2607
288 7371 20 2609
289 7369 17 2614
290 7364 20 2616
291 7362 21 2617
292 7361 18 2621
293 7359 16 2625
294 7356 16 2628
295 7356 14 2630
296 7356 13 2631
297 7353 16 2631
298 7348 17 2635
299 7340 24 2636
300 7331 30 2639
301 7328 30 2642
302 7321 31 2648
303 7316 31 2653
304 7307 32 2661
305 7302 33 2665
306 7296 32 2672
307 7290 31 2679
308 7284 33 2683
309 7271 42 2687
310 7267 36 2697
311 7258 35 2707
312 7252 33 2715
313 7248 31 2721
314 7242 33 2725
315 7239 33 2728
316 7219 48 2733
317 7210 47 2743
318 7201 48 2751
319 7191 48 2761
320 7187 44 2769
321 7177 47 2776
322 7170 43 2787
323 7167 35 2798
324 7161 39 2800
325 7155 40 2805
326 7153 36 2811
327 7149 32 2819
328 7144 33 2823
329 7138 33 2829
330 7126 42 2832
331 7119 44 2837
332 7109 49 2842
333 7098 52 2850
334 7083 62 2855
335 7071 64 2865
336 7057 63 2880
337 7039 63 2898
338 7031 61 2908
339 7022 59 2919
340 7016 56 2928
341 7001 61 2938
342 6997 58 2945
343 6986 58 2956
344 6976 54 2970
345 6964 55 2981
346 6961 48 2991
347 6951 50 2999
348 6943 52 3005
349 6939 48 3013
350 6936 42 3022
351 6923 48 3029
352 6912 46 3042
353 6901 51 3048
354 6893 52 3055
355 6887 53 3060
356 6873 54 3073
357 6860 60 3080
358 6851 53 3096
359 6839 60 3101
360 6830 60 3110
361 6821 59 3120
362 6810 66 3124
363 6805 57 3138
364 6799 55 3146
365 6783 62 3155
366 6768 65 3167
367 6750 72 3178
368 6738 74 3188
369 6720 80 3200
370 6696 92 3212
371 6685 84 3231
372 6668 85 3247
373 6648 86 3266
374 6626 86 3288
375 6613 88 3299
376 6596 90 3314
377 6582 93 3325
378 6562 99 3339
379 6547 102 3351
380 6538 98 3364
381 6523 97 3380
382 6511 91 3398
383 6498 83 3419
384 6489 77 3434
385 6473 75 3452
386 6459 78 3463
387 6444 81 3475
388 6428 81 3491
389 6408 89 3503
390 6393 76 3531
391 6386 67 3547
392 6376 66 3558
393 6369 57 3574
394 6360 57 3583
395 6344 68 3588
396 6334 68 3598
397 6316 77 3607
398 6303 80 3617
399 6292 77 3631
400 6277 79 3644
401 6264 75 3661
402 6254 79 3667
403 6240 78 3682
404 6229 77 3694
405 6216 73 3711
406 6201 78 3721
407 6188 79 3733
408 6174 78 3748
409 6156 88 3756
410 6139 87 3774
411 6125 81 3794
412 6116 69 3815
413 6109 64 3827
414 6100 59 3841
415 6091 59 3850
416 6082 58 3860
417 6072 57 3871
418 6057 60 3883
419 6045 62 3893
420 6035 60 3905
421 6017 71 3912
422 6005 68 3927
423 5989 73 3938
424 5980 69 3951
425 5958 75 3967
426 5939 82 3979
427 5919 92 3989
428 5897 96 4007
429 5879 95 4026
430 5858 103 4039
431 5841 97 4062
432 5828 95 4077
433 5808 102 4090
434 5792 100 4108
435 5783 97 4120
436 5769 98 4133
437 5754 103 4143
438 5732 102 4166
439 5711 108 4181
440 5688 106 4206
441 5666 100 4234
442 5649 98 4253
443 5629 103 4268
444 5611 97 4292
445 5594 101 4305
446 5572 110 4318
447 5542 124 4334
448 5529 116 4355
449 5518 106 4376
450 5507 102 4391
451 5493 93 4414
452 5476 89 4435
453 5464 91 4445
454 5450 87 4463
455 5436 84 4480
456 5423 78 4499
457 5416 78 4506
458 5410 70 4520
459 5391 78 4531
460 5380 73 4547
461 5359 77 4564
462 5341 85 4574
463 5328 89 4583
464 5315 87 4598
465 5302 83 4615
466 5287 74 4639
467 5271 78 4651
468 5256 80 4664
469 5244 73 4683
470 5233 75 4692
471 5217 76 4707
472 5209 70 4721
473 5198 66 4736
474 5188 63 4749
475 5188 52 4760
476 5171 61 4768
477 5162 61 4777
478 5156 59 4785
479 5141 65 4794
480 5126 74 4800
481 5110 77 4813
482 5108 67 4825
483 5101 65 4834
484 5092 60 4848
485 5086 55 4859
486 5081 53 4866
487 5074 51 4875
488 5067 49 4884
489 5056 52 4892
490 5051 46 4903
491 5043 43 4914
492 5027 48 4925
493 5023 45 4932
494 5014 42 4944
495 5002 51 4947
496 4997 45 4958
497 4986 45 4969
498 4977 42 4981
499 4969 44 4987
500 4961 44 4995
501 4953 43 5004
502 4944 43 5013
503 4930 47 5023
504 4919 50 5031
505 4912 45 5043
506 4903 45 5052
507 4896 38 5066
508 4885 43 5072
509 4875 38 5087
510 4863 43 5094
511 4849 49 5102
512 4837 52 5111
513 4828 50 5122
514 4813 54 5133
515 4795 64 5141
516 4780 69 5151
517 4766 71 5163
518 4750 75 5175
519 4731 78 5191
520 4723 75 5202
521 4716 68 5216
522 4708 65 5227
523 4699 64 5237
524 4682 65 5253
525 4666 70 5264
526 4650 75 5275
527 4632 81 5287
528 4617 82 5301
529 4601 86 5313
530 4584 89 5327
531 4565 96 5339
532 4544 102 5354
533 4526 96 5378
534 4507 97 5396
535 4488 94 5418
536 4463 105 5432
537 4449 100 5451
538 4433 100 5467
539 4421 93 5486
540 4407 90 5503
541 4401 79 5520
542 4392 78 5530
543 4382 74 5544
544 4377 63 5560
545 4368 63 5569
546 4353 68 5579
547 4342 67 5591
548 4332 63 5605
549 4324 59 5617
550 4308 65 5627
551 4301 59 5640
552 4295 59 5646
553 4288 58 5654
554 4271 65 5664
555 4258 67 5675
556 4244 72 5684
557 4231 72 5697
558 4216 75 5709
559 4203 77 5720
560 4197 66 5737
561 4185 69 5746
562 4172 72 5756
563 4143 93 5764
564 4118 100 5782
565 4099 102 5799
566 4081 98 5821
567 4055 106 5839
568 4037 100 5863
569 4019 102 5879
570 4007 98 5895
571 3999 95 5906
572 3986 90 5924
573 3978 84 5938
574 3966 79 5955
575 3958 72 5970
576 3947 72 5981
577 3936 63 6001
578 3919 70 6011
579 3909 71 6020
580 3896 71 6033
581 3880 75 6045
582 3870 76 6054
583 3854 72 6074
584 3840 75 6085
585 3821 82 6097
586 3808 88 6104
587 3795 86 6119
588 3782 80 6138
589 3773 76 6151
590 3762 78 6160
591 3744 82 6174
592 3726 86 6188
593 3707 90 6203
594 3689 91 6220
595 3675 80 6245
596 3662 77 6261
597 3651 72 6277
598 3640 70 6290
599 3621 80 6299
600 3602 86 6312
601 3588 84 6328
602 3568 88 6344
603 3549 91 6360
604 3527 103 6370
605 3517 94 6389
606 3507 91 6402
607 3495 90 6415
608 3481 80 6439
609 3473 75 6452
610 3467 71 6462
611 3460 63 6477
612 3445 70 6485
613 3435 68 6497
614 3423 72 6505
615 3409 76 6515
616 3393 85 6522
617 3375 82 6543
618 3364 77 6559
619 3354 77 6569
620 3344 67 6589
621 3333 64 6603
622 3322 64 6614
623 3308 72 6620
624 3296 70 6634
625 3287 73 6640
626 3276 74 6650
627 3264 73 6663
628 3261 66 6673
629 3246 68 6686
630 3239 69 6692
631 3232 70 6698
632 3215 74 6711
633 3209 70 6721
634 3193 67 6740
635 3184 65 6751
636 3177 58 6765
637 3160 66 6774
638 3153 62 6785
639 3143 58 6799
640 3139 51 6810
641 3129 50 6821
642 3120 49 6831
643 3112 49 6839
644 3103 50 6847
645 3090 57 6853
646 3083 54 6863
647 3073 52 6875
648 3058 55 6887
649 3043 58 6899
650 3032 59 6909
651 3024 59 6917
652 3014 56 6930
653 3005 53 6942
654 2994 54 6952
655 2984 58 6958
656 2973 60 6967
657 2959 62 6979
658 2947 62 6991
659 2936 57 7007
660 2930 51 7019
661 2923 49 7028
662 2917 49 7034
663 2913 42 7045
664 2907 40 7053
665 2898 44 7058
666 2886 48 7066
667 2879 47 7074
668 2866 50 7084
669 2855 51 7094
670 2838 62 7100
671 2825 66 7109
672 2811 65 7124
673 2802 58 7140
674 2796 57 7147
675 2786 62 7152
676 2782 57 7161
677 2778 49 7173
678 2771 46 7183
679 2762 43 7195
680 2759 35 7206
681 2756 31 7213
682 2756 25 7219
683 2756 22 7222
684 2754 19 7227
685 2752 15 7233
686 2751 11 7238
687 2748 11 7241
688 2747 11 7242
689 2744 14 7242
690 2742 15 7243
691 2737 18 7245
692 2734 20 7246
693 2724 25 7251
694 2717 29 7254
695 2714 23 7263
696 2714 17 7269
697 2711 17 7272
698 2708 17 7275
699 2706 19 7275
700 2705 14 7281
701 2704 14 7282
702 2699 18 7283
703 2697 17 7286
704 2695 15 7290
705 2693 15 7292
706 2689 18 7293
707 2684 20 7296
708 2682 19 7299
709 2679 17 7304
710 2678 16 7306
711 2672 17 7311
712 2664 22 7314
713 2658 23 7319
714 2655 23 7322
715 2646 27 7327
716 2641 30 7329
717 2635 27 7338
718 2627 32 7341
719 2613 42 7345
720 2606 40 7354
721 2600 34 7366
722 2595 32 7373
723 2591 28 7381
724 2585 28 7387
725 2583 24 7393
726 2579 23 7398
727 2577 23 7400
728 2574 22 7404
729 2572 20 7408
730 2568 21 7411
731 2563 23 7414
732 2557 26 7417
733 2551 27 7422
734 2544 31 7425
735 2539 29 7432
736 2530 32 7438
737 2526 31 7443
738 2524 22 7454
739 2523 18 7459
740 2520 19 7461
741 2520 18 7462
742 2517 18 7465
743 2517 13 7470
744 2517 11 7472
745 2512 12 7476
746 2508 14 7478
747 2504 15 7481
748 2502 17 7481
749 2499 16 7485
750 2497 17 7486
751 2493 17 7490
752 2492 14 7494
753 2492 10 7498
754 2489 12 7499
755 2489 8 7503
756 2488 8 7504
757 2485 9 7506
758 2482 10 7508
759 2477 14 7509
760 2474 14 7512
761 2470 17 7513
762 2468 14 7518
763 2466 14 7520
764 2465 15 7520
765 2461 18 7521
766 2460 13 7527
767 2455 13 7532
768 2452 14 7534
769 2449 13 7538
770 2449 13 7538
771 2448 12 7540
772 2447 9 7544
773 2446 6 7548
774 2445 5 7550
775 2442 7 7551
776 2442 5 7553
777 2442 3 7555
778 2440 4 7556
779 2439 5 7556
780 2436 7 7557
781 2432 10 7558
782 2427 14 7559
783 2421 16 7563
784 2415 19 7566
785 2411 18 7571
786 2408 19 7573
787 2406 20 7574
788 2403 20 7577
789 2403 18 7579
790 2403 14 7583
791 2402 13 7585
792 2402 11 7587
793 2402 8 7590
794 2400 8 7592
795 2400 5 7595
796 2399 5 7596
797 2396 8 7596
798 2395 7 7598
799 2395 4 7601
800 2395 4 7601
801 2395 4 7601
802 2395 3 7602
803 2395 3 7602
804 2395 2 7603
805 2395 2 7603
806 2395 2 7603
807 2395 2 7603
808 2395 2 7603
809 2395 2 7603
810 2395 2 7603
811 2395 2 7603
812 2395 2 7603
813 2395 1 7604
814 2395 1 7604
815 2395 1 7604
816 2395 1 7604
817 2395 1 7604
818 2395 1 7604
819 2395 1 7604
820 2395 1 7604
821 2395 1 7604
822 2395 1 7604
823 2395 1 7604
824 2395 1 7604
825 2395 1 7604
826 2395 0 7605
827 2395 0 7605
828 2395 0 7605
829 2395 0 7605
830 2395 0 7605
831 2395 0 7605
832 2395 0 7605
833 2395 0 7605
834 2395 0 7605
835 2395 0 7605
836 2395 0 7605
837 2395 0 7605
838 2395 0 7605
839 2395 0 7605
840 2395 0 7605
841 2395 0 7605
842 2395 0 7605
843 2395 0 7605
844 2395 0 7605
845 2395 0 7605
846 2395 0 7605
847 2395 0 7605
848 2395 0 7605
849 2395 0 7605
850 2395 0 7605
851 2395 0 7605
852 2395 0 7605
853 2395 0 7605
854 2395 0 7605
855 2395 0 7605
856 2395 0 7605
857 2395 0 7605
858 2395 0 7605
859 2395 0 7605
860 2395 0 7605
861 2395 0 7605
862 2395 0 7605
863 2395 0 7605
864 2395 0 7605
865 2395 0 7605
866 2395 0 7605
867 2395 0 7605
868 2395 0 7605
869 2395 0 7605
870 2395 0 7605
871 2395 0 7605
872 2395 0 7605
873 2395 0 7605
874 2395 0 7605
875 2395 0 7605
876 2395 0 7605
877 2395 0 7605
878 2395 0 7605
879 2395 0 7605
880 2395 0 7605
881 2395 0 7605
882 2395 0 7605
883 2395 0 7605
884 2395 0 7605
885 2395 0 7605
886 2395 0 7605
887 2395 0 7605
888 2395 0 7605
889 2395 0 7605
890 2395 0 7605
891 2395 0 7605
892 2395 0 7605
893 2395 0 7605
894 2395 0 7605
895 2395 0 7605
896 2395 0 7605
897 2395 0 7605
898 2395 0 7605
899 2395 0 7605
900 2395 0 7605
901 2395 0 7605
902 2395 0 7605
903 2395 0 7605
904 2395 0 7605
905 2395 0 7605
906 2395 0 7605
907 2395 0 7605
908 2395 0 7605
909 2395 0 7605
910 2395 0 7605
911 2395 0 7605
912 2395 0 7605
913 2395 0 7605
914 2395 0 7605
915 2395 0 7605
916 2395 0 7605
917 2395 0 7605
918 2395 0 7605
919 2395 0 7605
920 2395 0 7605
921 2395 0 7605
922 2395 0 7605
923 2395 0 7605
924 2395 0 7605
925 2395 0 7605
926 2395 0 7605
927 2395 0 7605
928 2395 0 7605
929 2395 0 7605
930 2395 0 7605
931 2395 0 7605
932 2395 0 7605
933 2395 0 7605
934 2395 0 7605
935 2395 0 7605
936 2395 0 7605
937 2395 0 7605
938 2395 0 7605
939 2395 0 7605
940 2395 0 7605
941 2395 0 7605
942 2395 0 7605
943 2395 0 7605
944 2395 0 7605
945 2395 0 7605
946 2395 0 7605
947 2395 0 7605
948 2395 0 7605
949 2395 0 7605
950 2395 0 7605
951 2395 0 7605
952 2395 0 7605
953 2395 0 7605
954 2395 0 7605
955 2395 0 7605
956 2395 0 7605
957 2395 0 7605
958 2395 0 7605
959 2395 0 7605
960 2395 0 7605
961 2395 0 7605
962 2395 0 7605
963 2395 0 7605
964 2395 0 7605
965 2395 0 7605
966 2395 0 7605
967 2395 0 7605
968 2395 0 7605
969 2395 0 7605
970 2395 0 7605
971 2395 0 7605
972 2395 0 7605
973 2395 0 7605
974 2395 0 7605
975 2395 0 7605
976 2395 0 7605
977 2395 0 7605
978 2395 0 7605
979 2395 0 7605
980 2395 0 7605
981 2395 0 7605
982 2395 0 7605
983 2395 0 7605
984 2395 0 7605
985 2395 0 7605
986 2395 0 7605
987 2395 0 7605
988 2395 0 7605
989 2395 0 7605
990 2395 0 7605
991 2395 0 7605
992 2395 0 7605
993 2395 0 7605
994 2395 0 7605
995 2395 0 7605
996 2395 0 7605
997 2395 0 7605
998 2395 0 7605
999 2395 0 7605
