0 9999 1 0
1 9998 2 0
2 9996 4 0
3 9996 3 1
4 9996 3 1
5 9995 4 1
6 9993 6 1
7 9991 8 1
8 9988 10 2
9 9987 10 3
10 9984 12 4
11 9978 16 6
12 9971 20 9
13 9963 25 12
14 9955 29 16
15 9952 25 23
16 9938 36 26
17 9925 44 31
18 9922 39 39
19 9916 39 45
20 9909 40 51
21 9907 36 57
22 9907 31 62
23 9901 34 65
24 9896 37 67
25 9892 35 73
26 9882 38 80
27 9871 45 84
28 9859 49 92
29 9849 49 102
30 9838 50 112
31 9825 50 125
32 9818 49 133
33 9810 48 142
34 9805 47 148
35 9796 48 156
36 9786 49 165
37 9772 52 176
38 9761 53 186
39 9748 57 195
40 9731 62 207
41 9715 63 222
42 9699 68 233
43 9687 66 247
44 9671 68 261
45 9658 72 270
46 9654 64 282
47 9647 62 291
48 9637 61 302
49 9623 64 313
50 9610 65 325
51 9599 62 339
52 9584 67 349
53 9571 65 364
54 9561 67 372
55 9552 61 387
56 9538 57 405
57 9529 54 417
58 9513 60 427
59 9497 68 435
60 9478 79 443
61 9461 81 458
62 9450 86 464
63 9436 88 476
64 9424 86 490
65 9413 82 505
66 9401 81 518
67 9385 83 532
68 9364 87 549
69 9349 89 562
70 9331 87 582
71 9318 84 598
72 9309 75 616
73 9295 78 627
74 9277 86 637
75 9261 88 651
76 9248 87 665
77 9234 85 681
78 9221 89 690
79 9208 83 709
80 9197 80 723
81 9181 85 734
82 9147 98 755
83 9137 87 776
84 9114 92 794
85 9100 89 811
86 9087 90 823
87 9066 97 837
88 9049 94 857
89 9018 108 874
90 8996 104 900
91 8975 108 917
92 8941 116 943
93 8916 124 960
94 8894 121 985
95 8876 117 1007
96 8860 111 1029
97 8839 109 1052
98 8826 108 1066
99 8803 112 1085
100 8781 115 1104
101 8755 124 1121
102 8730 125 1145
103 8708 124 1168
104 8694 121 1185
105 8681 116 1203
106 8662 111 1227
107 8644 109 1247
108 8625 112 1263
109 8596 118 1286
110 8578 115 1307
111 8560 117 1323
112 8536 120 1344
113 8514 119 1367
114 8493 119 1388
115 8479 107 1414
116 8462 112 1426
117 8446 110 1444
118 8422 109 1469
119 8403 104 1493
120 8385 103 1512
121 8367 106 1527
122 8345 110 1545
123 8328 107 1565
124 8306 104 1590
125 8294 101 1605
126 8273 108 1619
127 8254 112 1634
128 8232 115 1653
129 8203 119 1678
130 8176 127 1697
131 8155 128 1717
132 8126 131 1743
133 8101 134 1765
134 8070 148 1782
135 8045 148 1807
136 8020 155 1825
137 7990 157 1853
138 7961 154 1885
139 7924 173 1903
140 7892 164 1944
141 7861 166 1973
142 7818 178 2004
143 7782 190 2028
144 7745 193 2062
145 7716 192 2092
146 7686 192 2122
147 7663 177 2160
148 7631 183 2186
149 7598 190 2212
150 7566 192 2242
151 7532 191 2277
152 7500 189 2311
153 7469 186 2345
154 7444 188 2368
155 7409 189 2402
156 7370 192 2438
157 7341 197 2462
158 7312 190 2498
159 7281 194 2525
160 7247 192 2561
161 7219 185 2596
162 7198 175 2627
163 7162 176 2662
164 7137 173 2690
165 7112 167 2721
166 7080 164 2756
167 7055 160 2785
168 7034 155 2811
169 7014 145 2841
170 6992 148 2860
171 6974 138 2888
172 6948 142 2910
173 6913 149 2938
174 6884 157 2959
175 6858 154 2988
176 6839 141 3020
177 6811 140 3049
178 6780 147 3073
179 6756 142 3102
180 6724 143 3133
181 6708 140 3152
182 6679 140 3181
183 6654 144 3202
184 6621 150 3229
185 6581 163 3256
186 6549 174 3277
187 6518 172 3310
188 6468 189 3343
189 6425 193 3382
190 6392 190 3418
191 6363 185 3452
192 6337 176 3487
193 6305 169 3526
194 6284 161 3555
195 6266 150 3584
196 6245 146 3609
197 6226 135 3639
198 6211 116 3673
199 6195 105 3700
200 6163 122 3715
201 6141 118 3741
202 6110 133 3757
203 6086 141 3773
204 6062 134 3804
205 6044 129 3827
206 6027 123 3850
207 6005 122 3873
208 5987 121 3892
209 5973 117 3910
210 5961 106 3933
211 5946 95 3959
212 5937 86 3977
213 5919 90 3991
214 5911 78 4011
215 5893 81 4026
216 5876 87 4037
217 5853 92 4055
218 5834 100 4066
219 5817 95 4088
220 5786 104 4110
221 5764 115 4121
222 5748 109 4143
223 5724 103 4173
224 5701 108 4191
225 5687 111 4202
226 5670 111 4219
227 5656 104 4240
228 5637 109 4254
229 5624 100 4276
230 5598 111 4291
231 5586 105 4309
232 5567 108 4325
233 5557 95 4348
234 5549 89 4362
235 5532 96 4372
236 5516 96 4388
237 5499 99 4402
238 5480 101 4419
239 5461 102 4437
240 5450 87 4463
241 5431 83 4486
242 5417 87 4496
243 5400 86 4514
244 5382 88 4530
245 5360 96 4544
246 5340 99 4561
247 5318 111 4571
248 5290 121 4589
249 5263 131 4606
250 5232 147 4621
251 5204 150 4646
252 5183 140 4677
253 5163 131 4706
254 5147 120 4733
255 5118 126 4756
256 5105 112 4783
257 5079 116 4805
258 5058 114 4828
259 5035 110 4855
260 5012 113 4875
261 4996 118 4886
262 4975 121 4904
263 4947 134 4919
264 4930 119 4951
265 4920 110 4970
266 4904 111 4985
267 4892 100 5008
268 4872 102 5026
269 4858 93 5049
270 4841 96 5063
271 4830 95 5075
272 4816 92 5092
273 4809 81 5110
274 4795 74 5131
275 4790 64 5146
276 4787 59 5154
277 4784 53 5163
278 4782 48 5170
279 4778 43 5179
280 4775 38 5187
281 4773 35 5192
282 4769 34 5197
283 4763 32 5205
284 4758 30 5212
285 4751 33 5216
286 4738 38 5224
287 4729 45 5226
288 4716 50 5234
289 4710 45 5245
290 4706 41 5253
291 4698 40 5262
292 4692 40 5268
293 4690 37 5273
294 4681 40 5279
295 4679 34 5287
296 4675 34 5291
297 4669 31 5300
298 4669 26 5305
299 4668 23 5309
300 4667 20 5313
301 4663 23 5314
302 4659 23 5318
303 4656 21 5323
304 4652 22 5326
305 4650 19 5331
306 4647 21 5332
307 4647 17 5336
308 4644 16 5340
309 4644 16 5340
310 4642 14 5344
311 4642 12 5346
312 4642 8 5350
313 4642 8 5350
314 4642 8 5350
315 4642 7 5351
316 4642 7 5351
317 4642 4 5354
318 4642 3 5355
319 4642 3 5355
320 4642 2 5356
321 4642 2 5356
322 4642 2 5356
323 4642 1 5357
324 4642 0 5358
325 4642 0 5358
326 4642 0 5358
327 4642 0 5358
328 4642 0 5358
329 4642 0 5358
330 4642 0 5358
331 4642 0 5358
332 4642 0 5358
333 4642 0 5358
334 4642 0 5358
335 4642 0 5358
336 4642 0 5358
337 4642 0 5358
338 4642 0 5358
339 4642 0 5358
340 4642 0 5358
341 4642 0 5358
342 4642 0 5358
343 4642 0 5358
344 4642 0 5358
345 4642 0 5358
346 4642 0 5358
347 4642 0 5358
348 4642 0 5358
349 4642 0 5358
350 4642 0 5358
351 4642 0 5358
352 4642 0 5358
353 4642 0 5358
354 4642 0 5358
355 4642 0 5358
356 4642 0 5358
357 4642 0 5358
358 4642 0 5358
359 4642 0 5358
360 4642 0 5358
361 4642 0 5358
362 4642 0 5358
363 4642 0 5358
364 4642 0 5358
365 4642 0 5358
366 4642 0 5358
367 4642 0 5358
368 4642 0 5358
369 4642 0 5358
370 4642 0 5358
371 4642 0 5358
372 4642 0 5358
373 4642 0 5358
374 4642 0 5358
375 4642 0 5358
376 4642 0 5358
377 4642 0 5358
378 4642 0 5358
379 4642 0 5358
380 4642 0 5358
381 4642 0 5358
382 4642 0 5358
383 4642 0 5358
384 4642 0 5358
385 4642 0 5358
386 4642 0 5358
387 4642 0 5358
388 4642 0 5358
389 4642 0 5358
390 4642 0 5358
391 4642 0 5358
392 4642 0 5358
393 4642 0 5358
394 4642 0 5358
395 4642 0 5358
396 4642 0 5358
397 4642 0 5358
398 4642 0 5358
399 4642 0 5358
400 4642 0 5358
401 4642 0 5358
402 4642 0 5358
403 4642 0 5358
404 4642 0 5358
405 4642 0 5358
406 4642 0 5358
407 4642 0 5358
408 4642 0 5358
409 4642 0 5358
410 4642 0 5358
411 4642 0 5358
412 4642 0 5358
413 4642 0 5358
414 4642 0 5358
415 4642 0 5358
416 4642 0 5358
417 4642 0 5358
418 4642 0 5358
419 4642 0 5358
420 4642 0 5358
421 4642 0 5358
422 4642 0 5358
423 4642 0 5358
424 4642 0 5358
425 4642 0 5358
426 4642 0 5358
427 4642 0 5358
428 4642 0 5358
429 4642 0 5358
430 4642 0 5358
431 4642 0 5358
432 4642 0 5358
433 4642 0 5358
434 4642 0 5358
435 4642 0 5358
436 4642 0 5358
437 4642 0 5358
438 4642 0 5358
439 4642 0 5358
440 4642 0 5358
441 4642 0 5358
442 4642 0 5358
443 4642 0 5358
444 4642 0 5358
445 4642 0 5358
446 4642 0 5358
447 4642 0 5358
448 4642 0 5358
449 4642 0 5358
450 4642 0 5358
451 4642 0 5358
452 4642 0 5358
453 4642 0 5358
454 4642 0 5358
455 4642 0 5358
456 4642 0 5358
457 4642 0 5358
458 4642 0 5358
459 4642 0 5358
460 4642 0 5358
461 4642 0 5358
462 4642 0 5358
463 4642 0 5358
464 4642 0 5358
465 4642 0 5358
466 4642 0 5358
467 4642 0 5358
468 4642 0 5358
469 4642 0 5358
470 4642 0 5358
471 4642 0 5358
472 4642 0 5358
473 4642 0 5358
474 4642 0 5358
475 4642 0 5358
476 4642 0 5358
477 4642 0 5358
478 4642 0 5358
479 4642 0 5358
480 4642 0 5358
481 4642 0 5358
482 4642 0 5358
483 4642 0 5358
484 4642 0 5358
485 4642 0 5358
486 4642 0 5358
487 4642 0 5358
488 4642 0 5358
489 4642 0 5358
490 4642 0 5358
491 4642 0 5358
492 4642 0 5358
493 4642 0 5358
494 4642 0 5358
495 4642 0 5358
496 4642 0 5358
497 4642 0 5358
498 4642 0 5358
499 4642 0 5358
500 4642 0 5358
501 4642 0 5358
502 4642 0 5358
503 4642 0 5358
504 4642 0 5358
505 4642 0 5358
506 4642 0 5358
507 4642 0 5358
508 4642 0 5358
509 4642 0 5358
510 4642 0 5358
511 4642 0 5358
512 4642 0 5358
513 4642 0 5358
514 4642 0 5358
515 4642 0 5358
516 4642 0 5358
517 4642 0 5358
518 4642 0 5358
519 4642 0 5358
520 4642 0 5358
521 4642 0 5358
522 4642 0 5358
523 4642 0 5358
524 4642 0 5358
525 4642 0 5358
526 4642 0 5358
527 4642 0 5358
528 4642 0 5358
529 4642 0 5358
530 4642 0 5358
531 4642 0 5358
532 4642 0 5358
533 4642 0 5358
534 4642 0 5358
535 4642 0 5358
536 4642 0 5358
537 4642 0 5358
538 4642 0 5358
539 4642 0 5358
540 4642 0 5358
541 4642 0 5358
542 4642 0 5358
543 4642 0 5358
544 4642 0 5358
545 4642 0 5358
546 4642 0 5358
547 4642 0 5358
548 4642 0 5358
549 4642 0 5358
550 4642 0 5358
551 4642 0 5358
552 4642 0 5358
553 4642 0 5358
554 4642 0 5358
555 4642 0 5358
556 4642 0 5358
557 4642 0 5358
558 4642 0 5358
559 4642 0 5358
560 4642 0 5358
561 4642 0 5358
562 4642 0 5358
563 4642 0 5358
564 4642 0 5358
565 4642 0 5358
566 4642 0 5358
567 4642 0 5358
568 4642 0 5358
569 4642 0 5358
570 4642 0 5358
571 4642 0 5358
572 4642 0 5358
573 4642 0 5358
574 4642 0 5358
575 4642 0 5358
576 4642 0 5358
577 4642 0 5358
578 4642 0 5358
579 4642 0 5358
580 4642 0 5358
581 4642 0 5358
582 4642 0 5358
583 4642 0 5358
584 4642 0 5358
585 4642 0 5358
586 4642 0 5358
587 4642 0 5358
588 4642 0 5358
589 4642 0 5358
590 4642 0 5358
591 4642 0 5358
592 4642 0 5358
593 4642 0 5358
594 4642 0 5358
595 4642 0 5358
596 4642 0 5358
597 4642 0 5358
598 4642 0 5358
599 4642 0 5358
600 4642 0 5358
601 4642 0 5358
602 4642 0 5358
603 4642 0 5358
604 4642 0 5358
605 4642 0 5358
606 4642 0 5358
607 4642 0 5358
608 4642 0 5358
609 4642 0 5358
610 4642 0 5358
611 4642 0 5358
612 4642 0 5358
613 4642 0 5358
614 4642 0 5358
615 4642 0 5358
616 4642 0 5358
617 4642 0 5358
618 4642 0 5358
619 4642 0 5358
620 4642 0 5358
621 4642 0 5358
622 4642 0 5358
623 4642 0 5358
624 4642 0 5358
625 4642 0 5358
626 4642 0 5358
627 4642 0 5358
628 4642 0 5358
629 4642 0 5358
630 4642 0 5358
631 4642 0 5358
632 4642 0 5358
633 4642 0 5358
634 4642 0 5358
635 4642 0 5358
636 4642 0 5358
637 4642 0 5358
638 4642 0 5358
639 4642 0 5358
640 4642 0 5358
641 4642 0 5358
642 4642 0 5358
643 4642 0 5358
644 4642 0 5358
645 4642 0 5358
646 4642 0 5358
647 4642 0 5358
648 4642 0 5358
649 4642 0 5358
650 4642 0 5358
651 4642 0 5358
652 4642 0 5358
653 4642 0 5358
654 4642 0 5358
655 4642 0 5358
656 4642 0 5358
657 4642 0 5358
658 4642 0 5358
659 4642 0 5358
660 4642 0 5358
661 4642 0 5358
662 4642 0 5358
663 4642 0 5358
664 4642 0 5358
665 4642 0 5358
666 4642 0 5358
667 4642 0 5358
668 4642 0 5358
669 4642 0 5358
670 4642 0 5358
671 4642 0 5358
672 4642 0 5358
673 4642 0 5358
674 4642 0 5358
675 4642 0 5358
676 4642 0 5358
677 4642 0 5358
678 4642 0 5358
679 4642 0 5358
680 4642 0 5358
681 4642 0 5358
682 4642 0 5358
683 4642 0 5358
684 4642 0 5358
685 4642 0 5358
686 4642 0 5358
687 4642 0 5358
688 4642 0 5358
689 4642 0 5358
690 4642 0 5358
691 4642 0 5358
692 4642 0 5358
693 4642 0 5358
694 4642 0 5358
695 4642 0 5358
696 4642 0 5358
697 4642 0 5358
698 4642 0 5358
699 4642 0 5358
700 4642 0 5358
701 4642 0 5358
702 4642 0 5358
703 4642 0 5358
704 4642 0 5358
705 4642 0 5358
706 4642 0 5358
707 4642 0 5358
708 4642 0 5358
709 4642 0 5358
710 4642 0 5358
711 4642 0 5358
712 4642 0 5358
713 4642 0 5358
714 4642 0 5358
715 4642 0 5358
716 4642 0 5358
717 4642 0 5358
718 4642 0 5358
719 4642 0 5358
720 4642 0 5358
721 4642 0 5358
722 4642 0 5358
723 4642 0 5358
724 4642 0 5358
725 4642 0 5358
726 4642 0 5358
727 4642 0 5358
728 4642 0 5358
729 4642 0 5358
730 4642 0 5358
731 4642 0 5358
732 4642 0 5358
733 4642 0 5358
734 4642 0 5358
735 4642 0 5358
736 4642 0 5358
737 4642 0 5358
738 4642 0 5358
739 4642 0 5358
740 4642 0 5358
741 4642 0 5358
742 4642 0 5358
743 4642 0 5358
744 4642 0 5358
745 4642 0 5358
746 4642 0 5358
747 4642 0 5358
748 4642 0 5358
749 4642 0 5358
750 4642 0 5358
751 4642 0 5358
752 4642 0 5358
753 4642 0 5358
754 4642 0 5358
755 4642 0 5358
756 4642 0 5358
757 4642 0 5358
758 4642 0 5358
759 4642 0 5358
760 4642 0 5358
761 4642 0 5358
762 4642 0 5358
763 4642 0 5358
764 4642 0 5358
765 4642 0 5358
766 4642 0 5358
767 4642 0 5358
768 4642 0 5358
769 4642 0 5358
770 4642 0 5358
771 4642 0 5358
772 4642 0 5358
773 4642 0 5358
774 4642 0 5358
775 4642 0 5358
776 4642 0 5358
777 4642 0 5358
778 4642 0 5358
779 4642 0 5358
780 4642 0 5358
781 4642 0 5358
782 4642 0 5358
783 4642 0 5358
784 4642 0 5358
785 4642 0 5358
786 4642 0 5358
787 4642 0 5358
788 4642 0 5358
789 4642 0 5358
790 4642 0 5358
791 4642 0 5358
792 4642 0 5358
793 4642 0 5358
794 4642 0 5358
795 4642 0 5358
796 4642 0 5358
797 4642 0 5358
798 4642 0 5358
799 4642 0 5358
800 4642 0 5358
801 4642 0 5358
802 4642 0 5358
803 4642 0 5358
804 4642 0 5358
805 4642 0 5358
806 4642 0 5358
807 4642 0 5358
808 4642 0 5358
809 4642 0 5358
810 4642 0 5358
811 4642 0 5358
812 4642 0 5358
813 4642 0 5358
814 4642 0 5358
815 4642 0 5358
816 4642 0 5358
817 4642 0 5358
818 4642 0 5358
819 4642 0 5358
820 4642 0 5358
821 4642 0 5358
822 4642 0 5358
823 4642 0 5358
824 4642 0 5358
825 4642 0 5358
826 4642 0 5358
827 4642 0 5358
828 4642 0 5358
829 4642 0 5358
830 4642 0 5358
831 4642 0 5358
832 4642 0 5358
833 4642 0 5358
834 4642 0 5358
835 4642 0 5358
836 4642 0 5358
837 4642 0 5358
838 4642 0 5358
839 4642 0 5358
840 4642 0 5358
841 4642 0 5358
842 4642 0 5358
843 4642 0 5358
844 4642 0 5358
845 4642 0 5358
846 4642 0 5358
847 4642 0 5358
848 4642 0 5358
849 4642 0 5358
850 4642 0 5358
851 4642 0 5358
852 4642 0 5358
853 4642 0 5358
854 4642 0 5358
855 4642 0 5358
856 4642 0 5358
857 4642 0 5358
858 4642 0 5358
859 4642 0 5358
860 4642 0 5358
861 4642 0 5358
862 4642 0 5358
863 4642 0 5358
864 4642 0 5358
865 4642 0 5358
866 4642 0 5358
867 4642 0 5358
868 4642 0 5358
869 4642 0 5358
870 4642 0 5358
871 4642 0 5358
872 4642 0 5358
873 4642 0 5358
874 4642 0 5358
875 4642 0 5358
876 4642 0 5358
877 4642 0 5358
878 4642 0 5358
879 4642 0 5358
880 4642 0 5358
881 4642 0 5358
882 4642 0 5358
883 4642 0 5358
884 4642 0 5358
885 4642 0 5358
886 4642 0 5358
887 4642 0 5358
888 4642 0 5358
889 4642 0 5358
890 4642 0 5358
891 4642 0 5358
892 4642 0 5358
893 4642 0 5358
894 4642 0 5358
895 4642 0 5358
896 4642 0 5358
897 4642 0 5358
898 4642 0 5358
899 4642 0 5358
900 4642 0 5358
901 4642 0 5358
902 4642 0 5358
903 4642 0 5358
904 4642 0 5358
905 4642 0 5358
906 4642 0 5358
907 4642 0 5358
908 4642 0 5358
909 4642 0 5358
910 4642 0 5358
911 4642 0 5358
912 4642 0 5358
913 4642 0 5358
914 4642 0 5358
915 4642 0 5358
916 4642 0 5358
917 4642 0 5358
918 4642 0 5358
919 4642 0 5358
920 4642 0 5358
921 4642 0 5358
922 4642 0 5358
923 4642 0 5358
924 4642 0 5358
925 4642 0 5358
926 4642 0 5358
927 4642 0 5358
928 4642 0 5358
929 4642 0 5358
930 4642 0 5358
931 4642 0 5358
932 4642 0 5358
933 4642 0 5358
934 4642 0 5358
935 4642 0 5358
936 4642 0 5358
937 4642 0 5358
938 4642 0 5358
939 4642 0 5358
940 4642 0 5358
941 4642 0 5358
942 4642 0 5358
943 4642 0 5358
944 4642 0 5358
945 4642 0 5358
946 4642 0 5358
947 4642 0 5358
948 4642 0 5358
949 4642 0 5358
950 4642 0 5358
951 4642 0 5358
952 4642 0 5358
953 4642 0 5358
954 4642 0 5358
955 4642 0 5358
956 4642 0 5358
957 4642 0 5358
958 4642 0 5358
959 4642 0 5358
960 4642 0 5358
961 4642 0 5358
962 4642 0 5358
963 4642 0 5358
964 4642 0 5358
965 4642 0 5358
966 4642 0 5358
967 4642 0 5358
968 4642 0 5358
969 4642 0 5358
970 4642 0 5358
971 4642 0 5358
972 4642 0 5358
973 4642 0 5358
974 4642 0 5358
975 4642 0 5358
976 4642 0 5358
977 4642 0 5358
978 4642 0 5358
979 4642 0 5358
980 4642 0 5358
981 4642 0 5358
982 4642 0 5358
983 4642 0 5358
984 4642 0 5358
985 4642 0 5358
986 4642 0 5358
987 4642 0 5358
988 4642 0 5358
989 4642 0 5358
990 4642 0 5358
991 4642 0 5358
992 4642 0 5358
993 4642 0 5358
994 4642 0 5358
995 4642 0 5358
996 4642 0 5358
997 4642 0 5358
998 4642 0 5358
999 4642 0 5358
