0 9999 1 0
1 9999 1 0
2 9997 3 0
3 9995 4 1
4 9993 5 2
5 9992 6 2
6 9990 7 3
7 9988 8 4
8 9986 10 4
9 9985 8 7
10 9983 7 10
11 9981 7 12
12 9979 9 12
13 9975 11 14
14 9968 15 17
15 9958 21 21
16 9953 25 22
17 9944 27 29
18 9935 32 33
19 9930 30 40
20 9922 31 47
21 9908 33 59
22 9902 34 64
23 9897 34 69
24 9887 34 79
25 9878 36 86
26 9867 39 94
27 9858 43 99
28 9850 43 107
29 9844 33 123
30 9835 35 130
31 9828 34 138
32 9823 29 148
33 9820 30 150
34 9814 32 154
35 9805 33 162
36 9797 34 169
37 9793 33 174
38 9787 30 183
39 9775 35 190
40 9762 41 197
41 9752 49 199
42 9733 58 209
43 9725 58 217
44 9721 53 226
45 9712 49 239
46 9705 49 246
47 9692 50 258
48 9665 64 271
49 9645 72 283
50 9625 79 296
51 9614 73 313
52 9601 78 321
53 9580 87 333
54 9551 101 348
55 9535 104 361
56 9521 101 378
57 9510 88 402
58 9495 89 416
59 9488 78 434
60 9479 75 446
61 9468 69 463
62 9444 80 476
63 9432 79 489
64 9419 82 499
65 9410 85 505
66 9398 76 526
67 9386 74 540
68 9358 91 551
69 9341 90 569
70 9323 92 585
71 9314 83 603
72 9303 79 618
73 9294 72 634
74 9279 80 641
75 9261 81 658
76 9252 78 670
77 9234 75 691
78 9222 75 703
79 9212 75 713
80 9199 77 724
81 9186 79 735
82 9174 76 750
83 9166 74 760
84 9158 75 767
85 9137 87 776
86 9122 87 791
87 9111 83 806
88 9101 79 820
89 9083 73 844
90 9063 83 854
91 9052 74 874
92 9041 71 888
93 9026 68 906
94 9011 68 921
95 8997 69 934
96 8983 71 946
97 8969 73 958
98 8955 70 975
99 8943 72 985
100 8928 75 997
101 8912 74 1014
102 8899 77 1024
103 8889 72 1039
104 8865 87 1048
105 8850 86 1064
106 8829 89 1082
107 8811 90 1099
108 8796 86 1118
109 8778 92 1130
110 8765 86 1149
111 8748 85 1167
112 8736 80 1184
113 8720 84 1196
114 8705 81 1214
115 8685 86 1229
116 8663 94 1243
117 8632 110 1258
118 8601 121 1278
119 8584 113 1303
120 8561 121 1318
121 8533 129 1338
122 8514 123 1363
123 8497 120 1383
124 8466 127 1407
125 8429 145 1426
126 8403 141 1456
127 8373 139 1488
128 8342 149 1509
129 8311 156 1533
130 8275 169 1556
131 8238 172 1590
132 8198 186 1616
133 8166 186 1648
134 8140 175 1685
135 8121 159 1720
136 8091 162 1747
137 8065 156 1779
138 8043 146 1811
139 8028 143 1829
140 7997 144 1859
141 7964 147 1889
142 7949 137 1914
143 7915 147 1938
144 7891 146 1963
145 7874 137 1989
146 7844 138 2018
147 7809 149 2042
148 7777 151 2072
149 7749 150 2101
150 7724 151 2125
151 7700 137 2163
152 7676 140 2184
153 7646 147 2207
154 7621 145 2234
155 7597 134 2269
156 7575 139 2286
157 7552 144 2304
158 7523 155 2322
159 7496 153 2351
160 7465 149 2386
161 7438 148 2414
162 7408 147 2445
163 7361 174 2465
164 7333 171 2496
165 7301 181 2518
166 7251 206 2543
167 7201 228 2571
168 7160 227 2613
169 7110 239 2651
170 7079 226 2695
171 7040 231 2729
172 7004 226 2770
173 6972 222 2806
174 6935 222 2843
175 6894 227 2879
176 6847 228 2925
177 6808 232 2960
178 6776 221 3003
179 6751 203 3046
180 6712 205 3083
181 6679 197 3124
182 6644 197 3159
183 6605 190 3205
184 6564 198 3238
185 6542 174 3284
186 6517 165 3318
187 6501 154 3345
188 6486 137 3377
189 6475 124 3401
190 6457 120 3423
191 6446 109 3445
192 6428 107 3465
193 6411 107 3482
194 6377 116 3507
195 6355 120 3525
196 6336 116 3548
197 6315 115 3570
198 6297 111 3592
199 6277 111 3612
200 6252 121 3627
201 6219 136 3645
202 6200 132 3668
203 6186 126 3688
204 6163 131 3706
205 6142 136 3722
206 6122 132 3746
207 6103 127 3770
208 6074 129 3797
209 6055 133 3812
210 6027 140 3833
211 6006 142 3852
212 5983 133 3884
213 5958 130 3912
214 5937 133 3930
215 5921 125 3954
216 5907 118 3975
217 5887 119 3994
218 5862 125 4013
219 5840 125 4035
220 5812 131 4057
221 5797 126 4077
222 5775 124 4101
223 5756 118 4126
224 5736 117 4147
225 5707 126 4167
226 5685 124 4191
227 5661 128 4211
228 5644 129 4227
229 5619 133 4248
230 5591 136 4273
231 5569 134 4297
232 5546 131 4323
233 5530 126 4344
234 5511 126 4363
235 5500 116 4384
236 5487 102 4411
237 5464 107 4429
238 5452 105 4443
239 5441 96 4463
240 5427 97 4476
241 5409 95 4496
242 5400 88 4512
243 5389 81 4530
244 5377 84 4539
245 5356 88 4556
246 5345 83 4572
247 5331 82 4587
248 5320 81 4599
249 5301 85 4614
250 5287 88 4625
251 5270 83 4647
252 5256 84 4660
253 5238 87 4675
254 5229 82 4689
255 5217 85 4698
256 5206 81 4713
257 5191 82 4727
258 5175 82 4743
259 5166 82 4752
260 5155 75 4770
261 5147 73 4780
262 5137 69 4794
263 5125 70 4805
264 5118 66 4816
265 5109 62 4829
266 5101 61 4838
267 5090 63 4847
268 5079 66 4855
269 5073 59 4868
270 5062 63 4875
271 5045 73 4882
272 5036 67 4897
273 5031 59 4910
274 5018 66 4916
275 5008 66 4926
276 4999 64 4937
277 4990 65 4945
278 4979 63 4958
279 4968 61 4971
280 4957 63 4980
281 4946 62 4992
282 4938 63 4999
283 4917 73 5010
284 4907 72 5021
285 4888 77 5035
286 4870 84 5046
287 4848 84 5068
288 4826 92 5082
289 4810 96 5094
290 4794 94 5112
291 4778 92 5130
292 4763 92 5145
293 4745 95 5160
294 4732 94 5174
295 4714 100 5186
296 4699 90 5211
297 4683 93 5224
298 4656 112 5232
299 4631 119 5250
300 4614 119 5267
301 4598 113 5289
302 4576 120 5304
303 4555 129 5316
304 4532 128 5340
305 4516 118 5366
306 4491 127 5382
307 4471 128 5401
308 4452 131 5417
309 4429 138 5433
310 4412 128 5460
311 4392 128 5480
312 4368 123 5509
313 4356 112 5532
314 4341 107 5552
315 4321 114 5565
316 4302 112 5586
317 4283 112 5605
318 4253 116 5631
319 4218 127 5655
320 4191 126 5683
321 4164 125 5711
322 4147 115 5738
323 4128 107 5765
324 4107 110 5783
325 4085 114 5801
326 4069 105 5826
327 4043 116 5841
328 4017 125 5858
329 3993 129 5878
330 3973 117 5910
331 3957 112 5931
332 3939 107 5954
333 3921 113 5966
334 3907 113 5980
335 3887 118 5995
336 3873 120 6007
337 3863 112 6025
338 3850 104 6046
339 3835 102 6063
340 3827 98 6075
341 3808 104 6088
342 3796 95 6109
343 3782 87 6131
344 3766 89 6145
345 3750 85 6165
346 3741 78 6181
347 3730 76 6194
348 3721 74 6205
349 3712 69 6219
350 3702 69 6229
351 3690 73 6237
352 3673 81 6246
353 3653 88 6259
354 3638 79 6283
355 3618 89 6293
356 3603 91 6306
357 3592 85 6323
358 3580 80 6340
359 3569 85 6346
360 3560 78 6362
361 3543 84 6373
362 3526 76 6398
363 3506 82 6412
364 3496 80 6424
365 3483 80 6437
366 3467 81 6452
367 3449 83 6468
368 3437 79 6484
369 3424 79 6497
370 3420 66 6514
371 3407 62 6531
372 3398 58 6544
373 3385 60 6555
374 3370 69 6561
375 3357 67 6576
376 3345 66 6589
377 3328 73 6599
378 3307 86 6607
379 3290 85 6625
380 3276 83 6641
381 3261 86 6653
382 3250 84 6666
383 3230 88 6682
384 3217 83 6700
385 3200 84 6716
386 3187 81 6732
387 3176 79 6745
388 3159 76 6765
389 3145 81 6774
390 3132 75 6793
391 3110 84 6806
392 3096 84 6820
393 3087 78 6835
394 3074 70 6856
395 3063 72 6865
396 3057 64 6879
397 3051 64 6885
398 3040 62 6898
399 3033 58 6909
400 3023 60 6917
401 3022 52 6926
402 3009 57 6934
403 2998 62 6940
404 2991 57 6952
405 2976 60 6964
406 2966 54 6980
407 2961 49 6990
408 2956 46 6998
409 2944 52 7004
410 2938 43 7019
411 2933 36 7031
412 2929 35 7036
413 2914 46 7040
414 2906 43 7051
415 2903 40 7057
416 2898 37 7065
417 2894 32 7074
418 2892 28 7080
419 2887 29 7084
420 2885 20 7095
421 2877 24 7099
422 2875 25 7100
423 2869 26 7105
424 2868 21 7111
425 2865 22 7113
426 2864 17 7119
427 2863 14 7123
428 2856 16 7128
429 2848 21 7131
430 2844 21 7135
431 2842 16 7142
432 2839 16 7145
433 2836 14 7150
434 2832 17 7151
435 2828 17 7155
436 2822 19 7159
437 2818 22 7160
438 2811 25 7164
439 2802 23 7175
440 2800 20 7180
441 2795 18 7187
442 2784 27 7189
443 2782 26 7192
444 2778 27 7195
445 2774 27 7199
446 2772 24 7204
447 2766 25 7209
448 2761 25 7214
449 2758 23 7219
450 2756 22 7222
451 2752 17 7231
452 2752 15 7233
453 2750 15 7235
454 2744 20 7236
455 2742 17 7241
456 2741 16 7243
457 2739 15 7246
458 2737 16 7247
459 2731 19 7250
460 2729 16 7255
461 2728 12 7260
462 2727 10 7263
463 2726 10 7264
464 2725 10 7265
465 2724 11 7265
466 2722 8 7270
467 2722 8 7270
468 2722 8 7270
469 2718 12 7270
470 2717 11 7272
471 2714 14 7272
472 2712 13 7275
473 2712 11 7277
474 2711 11 7278
475 2710 11 7279
476 2709 12 7279
477 2701 18 7281
478 2699 14 7287
479 2695 14 7291
480 2695 12 7293
481 2688 16 7296
482 2681 21 7298
483 2678 20 7302
484 2676 17 7307
485 2674 17 7309
486 2669 19 7312
487 2665 20 7315
488 2664 17 7319
489 2663 14 7323
490 2663 12 7325
491 2660 14 7326
492 2660 13 7327
493 2655 16 7329
494 2651 17 7332
495 2650 15 7335
496 2647 16 7337
497 2641 19 7340
498 2636 19 7345
499 2633 19 7348
500 2631 18 7351
501 2628 18 7354
502 2627 15 7358
503 2624 17 7359
504 2621 17 7362
505 2620 15 7365
506 2619 14 7367
507 2617 15 7368
508 2610 18 7372
509 2607 16 7377
510 2604 17 7379
511 2601 17 7382
512 2597 19 7384
513 2597 13 7390
514 2596 11 7393
515 2593 11 7396
516 2590 11 7399
517 2588 11 7401
518 2583 13 7404
519 2580 15 7405
520 2578 14 7408
521 2576 13 7411
522 2575 10 7415
523 2575 10 7415
524 2570 13 7417
525 2566 17 7417
526 2564 16 7420
527 2561 15 7424
528 2558 18 7424
529 2556 17 7427
530 2554 14 7432
531 2552 15 7433
532 2550 16 7434
533 2547 16 7437
534 2547 15 7438
535 2540 18 7442
536 2537 16 7447
537 2534 16 7450
538 2530 16 7454
539 2525 17 7458
540 2520 20 7460
541 2512 28 7460
542 2507 27 7466
543 2503 29 7468
544 2499 31 7470
545 2492 33 7475
546 2489 33 7478
547 2481 34 7485
548 2475 31 7494
549 2475 24 7501
550 2469 27 7504
551 2465 22 7513
552 2462 20 7518
553 2459 19 7522
554 2457 17 7526
555 2454 19 7527
556 2450 21 7529
557 2447 19 7534
558 2443 21 7536
559 2438 21 7541
560 2435 23 7542
561 2430 24 7546
562 2426 25 7549
563 2422 24 7554
564 2415 25 7560
565 2412 21 7567
566 2410 18 7572
567 2410 16 7574
568 2410 12 7578
569 2407 13 7580
570 2407 11 7582
571 2407 10 7583
572 2406 10 7584
573 2405 9 7586
574 2403 10 7587
575 2399 10 7591
576 2398 6 7596
577 2398 4 7598
578 2398 3 7599
579 2398 3 7599
580 2398 2 7600
581 2398 2 7600
582 2397 3 7600
583 2397 3 7600
584 2397 3 7600
585 2397 3 7600
586 2397 3 7600
587 2397 3 7600
588 2397 2 7601
589 2397 1 7602
590 2397 0 7603
591 2397 0 7603
592 2397 0 7603
593 2397 0 7603
594 2397 0 7603
595 2397 0 7603
596 2397 0 7603
597 2397 0 7603
598 2397 0 7603
599 2397 0 7603
600 2397 0 7603
601 2397 0 7603
602 2397 0 7603
603 2397 0 7603
604 2397 0 7603
605 2397 0 7603
606 2397 0 7603
607 2397 0 7603
608 2397 0 7603
609 2397 0 7603
610 2397 0 7603
611 2397 0 7603
612 2397 0 7603
613 2397 0 7603
614 2397 0 7603
615 2397 0 7603
616 2397 0 7603
617 2397 0 7603
618 2397 0 7603
619 2397 0 7603
620 2397 0 7603
621 2397 0 7603
622 2397 0 7603
623 2397 0 7603
624 2397 0 7603
625 2397 0 7603
626 2397 0 7603
627 2397 0 7603
628 2397 0 7603
629 2397 0 7603
630 2397 0 7603
631 2397 0 7603
632 2397 0 7603
633 2397 0 7603
634 2397 0 7603
635 2397 0 7603
636 2397 0 7603
637 2397 0 7603
638 2397 0 7603
639 2397 0 7603
640 2397 0 7603
641 2397 0 7603
642 2397 0 7603
643 2397 0 7603
644 2397 0 7603
645 2397 0 7603
646 2397 0 7603
647 2397 0 7603
648 2397 0 7603
649 2397 0 7603
650 2397 0 7603
651 2397 0 7603
652 2397 0 7603
653 2397 0 7603
654 2397 0 7603
655 2397 0 7603
656 2397 0 7603
657 2397 0 7603
658 2397 0 7603
659 2397 0 7603
660 2397 0 7603
661 2397 0 7603
662 2397 0 7603
663 2397 0 7603
664 2397 0 7603
665 2397 0 7603
666 2397 0 7603
667 2397 0 7603
668 2397 0 7603
669 2397 0 7603
670 2397 0 7603
671 2397 0 7603
672 2397 0 7603
673 2397 0 7603
674 2397 0 7603
675 2397 0 7603
676 2397 0 7603
677 2397 0 7603
678 2397 0 7603
679 2397 0 7603
680 2397 0 7603
681 2397 0 7603
682 2397 0 7603
683 2397 0 7603
684 2397 0 7603
685 2397 0 7603
686 2397 0 7603
687 2397 0 7603
688 2397 0 7603
689 2397 0 7603
690 2397 0 7603
691 2397 0 7603
692 2397 0 7603
693 2397 0 7603
694 2397 0 7603
695 2397 0 7603
696 2397 0 7603
697 2397 0 7603
698 2397 0 7603
699 2397 0 7603
700 2397 0 7603
701 2397 0 7603
702 2397 0 7603
703 2397 0 7603
704 2397 0 7603
705 2397 0 7603
706 2397 0 7603
707 2397 0 7603
708 2397 0 7603
709 2397 0 7603
710 2397 0 7603
711 2397 0 7603
712 2397 0 7603
713 2397 0 7603
714 2397 0 7603
715 2397 0 7603
716 2397 0 7603
717 2397 0 7603
718 2397 0 7603
719 2397 0 7603
720 2397 0 7603
721 2397 0 7603
722 2397 0 7603
723 2397 0 7603
724 2397 0 7603
725 2397 0 7603
726 2397 0 7603
727 2397 0 7603
728 2397 0 7603
729 2397 0 7603
730 2397 0 7603
731 2397 0 7603
732 2397 0 7603
733 2397 0 7603
734 2397 0 7603
735 2397 0 7603
736 2397 0 7603
737 2397 0 7603
738 2397 0 7603
739 2397 0 7603
740 2397 0 7603
741 2397 0 7603
742 2397 0 7603
743 2397 0 7603
744 2397 0 7603
745 2397 0 7603
746 2397 0 7603
747 2397 0 7603
748 2397 0 7603
749 2397 0 7603
750 2397 0 7603
751 2397 0 7603
752 2397 0 7603
753 2397 0 7603
754 2397 0 7603
755 2397 0 7603
756 2397 0 7603
757 2397 0 7603
758 2397 0 7603
759 2397 0 7603
760 2397 0 7603
761 2397 0 7603
762 2397 0 7603
763 2397 0 7603
764 2397 0 7603
765 2397 0 7603
766 2397 0 7603
767 2397 0 7603
768 2397 0 7603
769 2397 0 7603
770 2397 0 7603
771 2397 0 7603
772 2397 0 7603
773 2397 0 7603
774 2397 0 7603
775 2397 0 7603
776 2397 0 7603
777 2397 0 7603
778 2397 0 7603
779 2397 0 7603
780 2397 0 7603
781 2397 0 7603
782 2397 0 7603
783 2397 0 7603
784 2397 0 7603
785 2397 0 7603
786 2397 0 7603
787 2397 0 7603
788 2397 0 7603
789 2397 0 7603
790 2397 0 7603
791 2397 0 7603
792 2397 0 7603
793 2397 0 7603
794 2397 0 7603
795 2397 0 7603
796 2397 0 7603
797 2397 0 7603
798 2397 0 7603
799 2397 0 7603
800 2397 0 7603
801 2397 0 7603
802 2397 0 7603
803 2397 0 7603
804 2397 0 7603
805 2397 0 7603
806 2397 0 7603
807 2397 0 7603
808 2397 0 7603
809 2397 0 7603
810 2397 0 7603
811 2397 0 7603
812 2397 0 7603
813 2397 0 7603
814 2397 0 7603
815 2397 0 7603
816 2397 0 7603
817 2397 0 7603
818 2397 0 7603
819 2397 0 7603
820 2397 0 7603
821 2397 0 7603
822 2397 0 7603
823 2397 0 7603
824 2397 0 7603
825 2397 0 7603
826 2397 0 7603
827 2397 0 7603
828 2397 0 7603
829 2397 0 7603
830 2397 0 7603
831 2397 0 7603
832 2397 0 7603
833 2397 0 7603
834 2397 0 7603
835 2397 0 7603
836 2397 0 7603
837 2397 0 7603
838 2397 0 7603
839 2397 0 7603
840 2397 0 7603
841 2397 0 7603
842 2397 0 7603
843 2397 0 7603
844 2397 0 7603
845 2397 0 7603
846 2397 0 7603
847 2397 0 7603
848 2397 0 7603
849 2397 0 7603
850 2397 0 7603
851 2397 0 7603
852 2397 0 7603
853 2397 0 7603
854 2397 0 7603
855 2397 0 7603
856 2397 0 7603
857 2397 0 7603
858 2397 0 7603
859 2397 0 7603
860 2397 0 7603
861 2397 0 7603
862 2397 0 7603
863 2397 0 7603
864 2397 0 7603
865 2397 0 7603
866 2397 0 7603
867 2397 0 7603
868 2397 0 7603
869 2397 0 7603
870 2397 0 7603
871 2397 0 7603
872 2397 0 7603
873 2397 0 7603
874 2397 0 7603
875 2397 0 7603
876 2397 0 7603
877 2397 0 7603
878 2397 0 7603
879 2397 0 7603
880 2397 0 7603
881 2397 0 7603
882 2397 0 7603
883 2397 0 7603
884 2397 0 7603
885 2397 0 7603
886 2397 0 7603
887 2397 0 7603
888 2397 0 7603
889 2397 0 7603
890 2397 0 7603
891 2397 0 7603
892 2397 0 7603
893 2397 0 7603
894 2397 0 7603
895 2397 0 7603
896 2397 0 7603
897 2397 0 7603
898 2397 0 7603
899 2397 0 7603
900 2397 0 7603
901 2397 0 7603
902 2397 0 7603
903 2397 0 7603
904 2397 0 7603
905 2397 0 7603
906 2397 0 7603
907 2397 0 7603
908 2397 0 7603
909 2397 0 7603
910 2397 0 7603
911 2397 0 7603
912 2397 0 7603
913 2397 0 7603
914 2397 0 7603
915 2397 0 7603
916 2397 0 7603
917 2397 0 7603
918 2397 0 7603
919 2397 0 7603
920 2397 0 7603
921 2397 0 7603
922 2397 0 7603
923 2397 0 7603
924 2397 0 7603
925 2397 0 7603
926 2397 0 7603
927 2397 0 7603
928 2397 0 7603
929 2397 0 7603
930 2397 0 7603
931 2397 0 7603
932 2397 0 7603
933 2397 0 7603
934 2397 0 7603
935 2397 0 7603
936 2397 0 7603
937 2397 0 7603
938 2397 0 7603
939 2397 0 7603
940 2397 0 7603
941 2397 0 7603
942 2397 0 7603
943 2397 0 7603
944 2397 0 7603
945 2397 0 7603
946 2397 0 7603
947 2397 0 7603
948 2397 0 7603
949 2397 0 7603
950 2397 0 7603
951 2397 0 7603
952 2397 0 7603
953 2397 0 7603
954 2397 0 7603
955 2397 0 7603
956 2397 0 7603
957 2397 0 7603
958 2397 0 7603
959 2397 0 7603
960 2397 0 7603
961 2397 0 7603
962 2397 0 7603
963 2397 0 7603
964 2397 0 7603
965 2397 0 7603
966 2397 0 7603
967 2397 0 7603
968 2397 0 7603
969 2397 0 7603
970 2397 0 7603
971 2397 0 7603
972 2397 0 7603
973 2397 0 7603
974 2397 0 7603
975 2397 0 7603
976 2397 0 7603
977 2397 0 7603
978 2397 0 7603
979 2397 0 7603
980 2397 0 7603
981 2397 0 7603
982 2397 0 7603
983 2397 0 7603
984 2397 0 7603
985 2397 0 7603
986 2397 0 7603
987 2397 0 7603
988 2397 0 7603
989 2397 0 7603
990 2397 0 7603
991 2397 0 7603
992 2397 0 7603
993 2397 0 7603
994 2397 0 7603
995 2397 0 7603
996 2397 0 7603
997 2397 0 7603
998 2397 0 7603
999 2397 0 7603
