0 9999 1 0
1 9999 1 0
2 9998 2 0
3 9994 6 0
4 9992 7 1
5 9987 9 4
6 9984 10 6
7 9978 13 9
8 9976 14 10
9 9974 11 15
10 9972 11 17
11 9968 14 18
12 9960 16 24
13 9951 24 25
14 9944 27 29
15 9938 31 31
16 9928 36 36
17 9922 34 44
18 9919 34 47
19 9913 36 51
20 9907 35 58
21 9905 30 65
22 9901 29 70
23 9896 27 77
24 9893 25 82
25 9889 23 88
26 9885 21 94
27 9884 19 97
28 9881 19 100
29 9879 20 101
30 9875 20 105
31 9873 18 109
32 9871 19 110
33 9865 20 115
34 9858 25 117
35 9853 23 124
36 9844 29 127
37 9838 32 130
38 9833 30 137
39 9824 34 142
40 9817 38 145
41 9812 36 152
42 9806 39 155
43 9802 40 158
44 9800 37 163
45 9794 37 169
46 9789 36 175
47 9783 36 181
48 9771 43 186
49 9763 36 201
50 9756 37 207
51 9747 38 215
52 9740 41 219
53 9730 44 226
54 9721 45 234
55 9714 44 242
56 9706 38 256
57 9698 41 261
58 9685 49 266
59 9683 42 275
60 9673 48 279
61 9656 56 288
62 9646 55 299
63 9630 67 303
64 9618 66 316
65 9608 63 329
66 9593 70 337
67 9585 68 347
68 9573 64 363
69 9555 73 372
70 9544 69 387
71 9530 66 404
72 9520 65 415
73 9506 67 427
74 9498 68 434
75 9491 66 443
76 9486 63 451
77 9484 52 464
78 9481 46 473
79 9479 40 481
80 9472 34 494
81 9464 38 498
82 9454 39 507
83 9447 39 514
84 9439 37 524
85 9436 33 531
86 9430 33 537
87 9425 33 542
88 9417 33 550
89 9406 36 558
90 9403 31 566
91 9397 30 573
92 9388 30 582
93 9379 32 589
94 9375 31 594
95 9369 33 598
96 9354 38 608
97 9344 42 614
98 9332 48 620
99 9320 51 629
100 9317 48 635
101 9301 59 640
102 9293 62 645
103 9281 61 658
104 9272 60 668
105 9262 62 676
106 9256 60 684
107 9249 57 694
108 9240 53 707
109 9232 54 714
110 9226 47 727
111 9222 45 733
112 9217 41 742
113 9213 39 748
114 9208 35 757
115 9206 29 765
116 9204 21 775
117 9196 26 778
118 9192 28 780
119 9190 26 784
120 9181 26 793
121 9174 30 796
122 9167 30 803
123 9164 27 809
124 9159 31 810
125 9154 30 816
126 9152 26 822
127 9145 31 824
128 9138 27 835
129 9136 25 839
130 9132 23 845
131 9127 26 847
132 9121 30 849
133 9119 29 852
134 9115 26 859
135 9105 32 863
136 9095 38 867
137 9085 45 870
138 9074 48 878
139 9051 61 888
140 9034 69 897
141 9021 63 916
142 9011 58 931
143 8996 69 935
144 8982 72 946
145 8961 80 959
146 8945 82 973
147 8932 82 986
148 8921 82 997
149 8909 82 1009
150 8893 86 1021
151 8883 78 1039
152 8872 73 1055
153 8851 82 1067
154 8837 84 1079
155 8814 96 1090
156 8792 104 1104
157 8770 109 1121
158 8756 105 1139
159 8734 104 1162
160 8714 107 1179
161 8683 118 1199
162 8653 120 1227
163 8631 126 1243
164 8596 140 1264
165 8568 147 1285
166 8540 153 1307
167 8519 147 1334
168 8491 147 1362
169 8459 148 1393
170 8434 152 1414
171 8408 155 1437
172 8375 160 1465
173 8358 149 1493
174 8331 147 1522
175 8303 154 1543
176 8289 136 1575
177 8269 129 1602
178 8255 121 1624
179 8234 117 1649
180 8218 115 1667
181 8200 121 1679
182 8179 119 1702
183 8157 121 1722
184 8133 129 1738
185 8117 121 1762
186 8097 121 1782
187 8075 119 1806
188 8052 122 1826
189 8036 114 1850
190 8024 104 1872
191 8013 93 1894
192 8000 92 1908
193 7986 85 1929
194 7977 81 1942
195 7964 84 1952
196 7953 82 1965
197 7935 87 1978
198 7919 87 1994
199 7902 92 2006
200 7883 91 2026
201 7867 87 2046
202 7849 86 2065
203 7834 85 2081
204 7825 82 2093
205 7811 79 2110
206 7795 86 2119
207 7771 96 2133
208 7747 97 2156
209 7721 106 2173
210 7698 109 2193
211 7681 114 2205
212 7660 114 2226
213 7632 120 2248
214 7617 113 2270
215 7597 111 2292
216 7583 103 2314
217 7569 95 2336
218 7558 93 2349
219 7551 88 2361
220 7544 76 2380
221 7539 71 2390
222 7531 68 2401
223 7521 67 2412
224 7515 62 2423
225 7506 58 2436
226 7499 55 2446
227 7494 51 2455
228 7482 58 2460
229 7473 59 2468
230 7459 61 2480
231 7442 69 2489
232 7428 69 2503
233 7409 72 2519
234 7396 74 2530
235 7384 72 2544
236 7373 68 2559
237 7357 77 2566
238 7342 82 2576
239 7329 75 2596
240 7315 78 2607
241 7297 79 2624
242 7283 76 2641
243 7269 74 2657
244 7250 81 2669
245 7231 88 2681
246 7218 90 2692
247 7197 98 2705
248 7185 90 2725
249 7167 94 2739
250 7151 98 2751
251 7138 88 2774
252 7126 85 2789
253 7107 93 2800
254 7095 91 2814
255 7080 89 2831
256 7067 82 2851
257 7043 92 2865
258 7030 87 2883
259 7019 85 2896
260 7003 88 2909
261 6985 91 2924
262 6973 90 2937
263 6952 103 2945
264 6931 103 2966
265 6909 110 2981
266 6890 112 2998
267 6875 103 3022
268 6859 104 3037
269 6838 107 3055
270 6811 113 3076
271 6780 127 3093
272 6759 129 3112
273 6735 131 3134
274 6710 136 3154
275 6688 133 3179
276 6668 128 3204
277 6649 128 3223
278 6625 134 3241
279 6588 147 3265
280 6560 146 3294
281 6534 146 3320
282 6494 175 3331
283 6466 172 3362
284 6429 186 3385
285 6390 199 3411
286 6350 199 3451
287 6328 182 3490
288 6299 182 3519
289 6258 197 3545
290 6216 208 3576
291 6165 222 3613
292 6126 221 3653
293 6091 201 3708
294 6043 214 3743
295 6008 217 3775
296 5954 230 3816
297 5912 225 3863
298 5886 210 3904
299 5840 218 3942
300 5810 203 3987
301 5780 203 4017
302 5746 197 4057
303 5724 187 4089
304 5678 206 4116
305 5634 217 4149
306 5604 216 4180
307 5569 210 4221
308 5545 205 4250
309 5517 196 4287
310 5491 195 4314
311 5466 191 4343
312 5446 182 4372
313 5418 182 4400
314 5385 180 4435
315 5355 183 4462
316 5326 184 4490
317 5295 190 4515
318 5273 178 4549
319 5234 190 4576
320 5200 192 4608
321 5165 200 4635
322 5105 213 4682
323 5073 222 4705
324 5033 230 4737
325 5000 226 4774
326 4969 222 4809
327 4932 223 4845
328 4888 238 4874
329 4839 243 4918
330 4806 232 4962
331 4765 227 5008
332 4736 220 5044
333 4705 204 5091
334 4675 200 5125
335 4631 201 5168
336 4595 192 5213
337 4550 208 5242
338 4512 203 5285
339 4478 200 5322
340 4452 189 5359
341 4411 197 5392
342 4375 194 5431
343 4341 193 5466
344 4315 182 5503
345 4275 189 5536
346 4235 200 5565
347 4209 195 5596
348 4168 197 5635
349 4139 191 5670
350 4099 200 5701
351 4063 201 5736
352 4030 199 5771
353 3990 214 5796
354 3945 219 5836
355 3901 212 5887
356 3870 209 5921
357 3840 204 5956
358 3794 209 5997
359 3755 215 6030
360 3720 220 6060
361 3674 226 6100
362 3647 216 6137
363 3615 207 6178
364 3574 218 6208
365 3544 218 6238
366 3512 220 6268
367 3485 214 6301
368 3445 216 6339
369 3411 206 6383
370 3381 200 6419
371 3354 188 6458
372 3315 199 6486
373 3287 184 6529
374 3268 170 6562
375 3239 175 6586
376 3208 177 6615
377 3188 174 6638
378 3159 177 6664
379 3122 185 6693
380 3096 170 6734
381 3069 169 6762
382 3030 163 6807
383 3003 161 6836
384 2971 171 6858
385 2948 157 6895
386 2915 158 6927
387 2894 163 6943
388 2866 162 6972
389 2847 161 6992
390 2826 144 7030
391 2798 146 7056
392 2783 133 7084
393 2765 130 7105
394 2752 110 7138
395 2729 114 7157
396 2722 105 7173
397 2709 96 7195
398 2702 82 7216
399 2690 76 7234
400 2678 67 7255
401 2670 61 7269
402 2657 64 7279
403 2646 63 7291
404 2636 57 7307
405 2622 55 7323
406 2608 63 7329
407 2600 63 7337
408 2589 69 7342
409 2575 68 7357
410 2568 62 7370
411 2564 51 7385
412 2554 50 7396
413 2551 48 7401
414 2547 44 7409
415 2540 46 7414
416 2538 41 7421
417 2535 35 7430
418 2527 40 7433
419 2524 35 7441
420 2518 35 7447
421 2516 35 7449
422 2516 29 7455
423 2516 24 7460
424 2512 23 7465
425 2510 20 7470
426 2508 18 7474
427 2506 16 7478
428 2504 15 7481
429 2504 14 7482
430 2503 11 7486
431 2502 11 7487
432 2496 13 7491
433 2491 14 7495
434 2488 15 7497
435 2487 13 7500
436 2484 14 7502
437 2483 13 7504
438 2479 15 7506
439 2476 15 7509
440 2476 13 7511
441 2475 12 7513
442 2470 13 7517
443 2468 14 7518
444 2465 16 7519
445 2464 16 7520
446 2461 17 7522
447 2456 19 7525
448 2453 16 7531
449 2451 15 7534
450 2449 14 7537
451 2445 17 7538
452 2443 16 7541
453 2442 15 7543
454 2441 15 7544
455 2437 17 7546
456 2434 16 7550
457 2431 16 7553
458 2428 17 7555
459 2427 13 7560
460 2426 13 7561
461 2426 12 7562
462 2423 13 7564
463 2421 13 7566
464 2418 16 7566
465 2415 16 7569
466 2410 17 7573
467 2403 20 7577
468 2402 13 7585
469 2398 14 7588
470 2397 13 7590
471 2393 14 7593
472 2393 11 7596
473 2392 11 7597
474 2392 7 7601
475 2392 6 7602
476 2392 5 7603
477 2392 5 7603
478 2392 2 7606
479 2392 1 7607
480 2392 1 7607
481 2392 1 7607
482 2392 1 7607
483 2392 0 7608
484 2392 0 7608
485 2392 0 7608
486 2392 0 7608
487 2392 0 7608
488 2392 0 7608
489 2392 0 7608
490 2392 0 7608
491 2392 0 7608
492 2392 0 7608
493 2392 0 7608
494 2392 0 7608
495 2392 0 7608
496 2392 0 7608
497 2392 0 7608
498 2392 0 7608
499 2392 0 7608
500 2392 0 7608
501 2392 0 7608
502 2392 0 7608
503 2392 0 7608
504 2392 0 7608
505 2392 0 7608
506 2392 0 7608
507 2392 0 7608
508 2392 0 7608
509 2392 0 7608
510 2392 0 7608
511 2392 0 7608
512 2392 0 7608
513 2392 0 7608
514 2392 0 7608
515 2392 0 7608
516 2392 0 7608
517 2392 0 7608
518 2392 0 7608
519 2392 0 7608
520 2392 0 7608
521 2392 0 7608
522 2392 0 7608
523 2392 0 7608
524 2392 0 7608
525 2392 0 7608
526 2392 0 7608
527 2392 0 7608
528 2392 0 7608
529 2392 0 7608
530 2392 0 7608
531 2392 0 7608
532 2392 0 7608
533 2392 0 7608
534 2392 0 7608
535 2392 0 7608
536 2392 0 7608
537 2392 0 7608
538 2392 0 7608
539 2392 0 7608
540 2392 0 7608
541 2392 0 7608
542 2392 0 7608
543 2392 0 7608
544 2392 0 7608
545 2392 0 7608
546 2392 0 7608
547 2392 0 7608
548 2392 0 7608
549 2392 0 7608
550 2392 0 7608
551 2392 0 7608
552 2392 0 7608
553 2392 0 7608
554 2392 0 7608
555 2392 0 7608
556 2392 0 7608
557 2392 0 7608
558 2392 0 7608
559 2392 0 7608
560 2392 0 7608
561 2392 0 7608
562 2392 0 7608
563 2392 0 7608
564 2392 0 7608
565 2392 0 7608
566 2392 0 7608
567 2392 0 7608
568 2392 0 7608
569 2392 0 7608
570 2392 0 7608
571 2392 0 7608
572 2392 0 7608
573 2392 0 7608
574 2392 0 7608
575 2392 0 7608
576 2392 0 7608
577 2392 0 7608
578 2392 0 7608
579 2392 0 7608
580 2392 0 7608
581 2392 0 7608
582 2392 0 7608
583 2392 0 7608
584 2392 0 7608
585 2392 0 7608
586 2392 0 7608
587 2392 0 7608
588 2392 0 7608
589 2392 0 7608
590 2392 0 7608
591 2392 0 7608
592 2392 0 7608
593 2392 0 7608
594 2392 0 7608
595 2392 0 7608
596 2392 0 7608
597 2392 0 7608
598 2392 0 7608
599 2392 0 7608
600 2392 0 7608
601 2392 0 7608
602 2392 0 7608
603 2392 0 7608
604 2392 0 7608
605 2392 0 7608
606 2392 0 7608
607 2392 0 7608
608 2392 0 7608
609 2392 0 7608
610 2392 0 7608
611 2392 0 7608
612 2392 0 7608
613 2392 0 7608
614 2392 0 7608
615 2392 0 7608
616 2392 0 7608
617 2392 0 7608
618 2392 0 7608
619 2392 0 7608
620 2392 0 7608
621 2392 0 7608
622 2392 0 7608
623 2392 0 7608
624 2392 0 7608
625 2392 0 7608
626 2392 0 7608
627 2392 0 7608
628 2392 0 7608
629 2392 0 7608
630 2392 0 7608
631 2392 0 7608
632 2392 0 7608
633 2392 0 7608
634 2392 0 7608
635 2392 0 7608
636 2392 0 7608
637 2392 0 7608
638 2392 0 7608
639 2392 0 7608
640 2392 0 7608
641 2392 0 7608
642 2392 0 7608
643 2392 0 7608
644 2392 0 7608
645 2392 0 7608
646 2392 0 7608
647 2392 0 7608
648 2392 0 7608
649 2392 0 7608
650 2392 0 7608
651 2392 0 7608
652 2392 0 7608
653 2392 0 7608
654 2392 0 7608
655 2392 0 7608
656 2392 0 7608
657 2392 0 7608
658 2392 0 7608
659 2392 0 7608
660 2392 0 7608
661 2392 0 7608
662 2392 0 7608
663 2392 0 7608
664 2392 0 7608
665 2392 0 7608
666 2392 0 7608
667 2392 0 7608
668 2392 0 7608
669 2392 0 7608
670 2392 0 7608
671 2392 0 7608
672 2392 0 7608
673 2392 0 7608
674 2392 0 7608
675 2392 0 7608
676 2392 0 7608
677 2392 0 7608
678 2392 0 7608
679 2392 0 7608
680 2392 0 7608
681 2392 0 7608
682 2392 0 7608
683 2392 0 7608
684 2392 0 7608
685 2392 0 7608
686 2392 0 7608
687 2392 0 7608
688 2392 0 7608
689 2392 0 7608
690 2392 0 7608
691 2392 0 7608
692 2392 0 7608
693 2392 0 7608
694 2392 0 7608
695 2392 0 7608
696 2392 0 7608
697 2392 0 7608
698 2392 0 7608
699 2392 0 7608
700 2392 0 7608
701 2392 0 7608
702 2392 0 7608
703 2392 0 7608
704 2392 0 7608
705 2392 0 7608
706 2392 0 7608
707 2392 0 7608
708 2392 0 7608
709 2392 0 7608
710 2392 0 7608
711 2392 0 7608
712 2392 0 7608
713 2392 0 7608
714 2392 0 7608
715 2392 0 7608
716 2392 0 7608
717 2392 0 7608
718 2392 0 7608
719 2392 0 7608
720 2392 0 7608
721 2392 0 7608
722 2392 0 7608
723 2392 0 7608
724 2392 0 7608
725 2392 0 7608
726 2392 0 7608
727 2392 0 7608
728 2392 0 7608
729 2392 0 7608
730 2392 0 7608
731 2392 0 7608
732 2392 0 7608
733 2392 0 7608
734 2392 0 7608
735 2392 0 7608
736 2392 0 7608
737 2392 0 7608
738 2392 0 7608
739 2392 0 7608
740 2392 0 7608
741 2392 0 7608
742 2392 0 7608
743 2392 0 7608
744 2392 0 7608
745 2392 0 7608
746 2392 0 7608
747 2392 0 7608
748 2392 0 7608
749 2392 0 7608
750 2392 0 7608
751 2392 0 7608
752 2392 0 7608
753 2392 0 7608
754 2392 0 7608
755 2392 0 7608
756 2392 0 7608
757 2392 0 7608
758 2392 0 7608
759 2392 0 7608
760 2392 0 7608
761 2392 0 7608
762 2392 0 7608
763 2392 0 7608
764 2392 0 7608
765 2392 0 7608
766 2392 0 7608
767 2392 0 7608
768 2392 0 7608
769 2392 0 7608
770 2392 0 7608
771 2392 0 7608
772 2392 0 7608
773 2392 0 7608
774 2392 0 7608
775 2392 0 7608
776 2392 0 7608
777 2392 0 7608
778 2392 0 7608
779 2392 0 7608
780 2392 0 7608
781 2392 0 7608
782 2392 0 7608
783 2392 0 7608
784 2392 0 7608
785 2392 0 7608
786 2392 0 7608
787 2392 0 7608
788 2392 0 7608
789 2392 0 7608
790 2392 0 7608
791 2392 0 7608
792 2392 0 7608
793 2392 0 7608
794 2392 0 7608
795 2392 0 7608
796 2392 0 7608
797 2392 0 7608
798 2392 0 7608
799 2392 0 7608
800 2392 0 7608
801 2392 0 7608
802 2392 0 7608
803 2392 0 7608
804 2392 0 7608
805 2392 0 7608
806 2392 0 7608
807 2392 0 7608
808 2392 0 7608
809 2392 0 7608
810 2392 0 7608
811 2392 0 7608
812 2392 0 7608
813 2392 0 7608
814 2392 0 7608
815 2392 0 7608
816 2392 0 7608
817 2392 0 7608
818 2392 0 7608
819 2392 0 7608
820 2392 0 7608
821 2392 0 7608
822 2392 0 7608
823 2392 0 7608
824 2392 0 7608
825 2392 0 7608
826 2392 0 7608
827 2392 0 7608
828 2392 0 7608
829 2392 0 7608
830 2392 0 7608
831 2392 0 7608
832 2392 0 7608
833 2392 0 7608
834 2392 0 7608
835 2392 0 7608
836 2392 0 7608
837 2392 0 7608
838 2392 0 7608
839 2392 0 7608
840 2392 0 7608
841 2392 0 7608
842 2392 0 7608
843 2392 0 7608
844 2392 0 7608
845 2392 0 7608
846 2392 0 7608
847 2392 0 7608
848 2392 0 7608
849 2392 0 7608
850 2392 0 7608
851 2392 0 7608
852 2392 0 7608
853 2392 0 7608
854 2392 0 7608
855 2392 0 7608
856 2392 0 7608
857 2392 0 7608
858 2392 0 7608
859 2392 0 7608
860 2392 0 7608
861 2392 0 7608
862 2392 0 7608
863 2392 0 7608
864 2392 0 7608
865 2392 0 7608
866 2392 0 7608
867 2392 0 7608
868 2392 0 7608
869 2392 0 7608
870 2392 0 7608
871 2392 0 7608
872 2392 0 7608
873 2392 0 7608
874 2392 0 7608
875 2392 0 7608
876 2392 0 7608
877 2392 0 7608
878 2392 0 7608
879 2392 0 7608
880 2392 0 7608
881 2392 0 7608
882 2392 0 7608
883 2392 0 7608
884 2392 0 7608
885 2392 0 7608
886 2392 0 7608
887 2392 0 7608
888 2392 0 7608
889 2392 0 7608
890 2392 0 7608
891 2392 0 7608
892 2392 0 7608
893 2392 0 7608
894 2392 0 7608
895 2392 0 7608
896 2392 0 7608
897 2392 0 7608
898 2392 0 7608
899 2392 0 7608
900 2392 0 7608
901 2392 0 7608
902 2392 0 7608
903 2392 0 7608
904 2392 0 7608
905 2392 0 7608
906 2392 0 7608
907 2392 0 7608
908 2392 0 7608
909 2392 0 7608
910 2392 0 7608
911 2392 0 7608
912 2392 0 7608
913 2392 0 7608
914 2392 0 7608
915 2392 0 7608
916 2392 0 7608
917 2392 0 7608
918 2392 0 7608
919 2392 0 7608
920 2392 0 7608
921 2392 0 7608
922 2392 0 7608
923 2392 0 7608
924 2392 0 7608
925 2392 0 7608
926 2392 0 7608
927 2392 0 7608
928 2392 0 7608
929 2392 0 7608
930 2392 0 7608
931 2392 0 7608
932 2392 0 7608
933 2392 0 7608
934 2392 0 7608
935 2392 0 7608
936 2392 0 7608
937 2392 0 7608
938 2392 0 7608
939 2392 0 7608
940 2392 0 7608
941 2392 0 7608
942 2392 0 7608
943 2392 0 7608
944 2392 0 7608
945 2392 0 7608
946 2392 0 7608
947 2392 0 7608
948 2392 0 7608
949 2392 0 7608
950 2392 0 7608
951 2392 0 7608
952 2392 0 7608
953 2392 0 7608
954 2392 0 7608
955 2392 0 7608
956 2392 0 7608
957 2392 0 7608
958 2392 0 7608
959 2392 0 7608
960 2392 0 7608
961 2392 0 7608
962 2392 0 7608
963 2392 0 7608
964 2392 0 7608
965 2392 0 7608
966 2392 0 7608
967 2392 0 7608
968 2392 0 7608
969 2392 0 7608
970 2392 0 7608
971 2392 0 7608
972 2392 0 7608
973 2392 0 7608
974 2392 0 7608
975 2392 0 7608
976 2392 0 7608
977 2392 0 7608
978 2392 0 7608
979 2392 0 7608
980 2392 0 7608
981 2392 0 7608
982 2392 0 7608
983 2392 0 7608
984 2392 0 7608
985 2392 0 7608
986 2392 0 7608
987 2392 0 7608
988 2392 0 7608
989 2392 0 7608
990 2392 0 7608
991 2392 0 7608
992 2392 0 7608
993 2392 0 7608
994 2392 0 7608
995 2392 0 7608
996 2392 0 7608
997 2392 0 7608
998 2392 0 7608
999 2392 0 7608
