0 9999 1 0
1 9998 2 0
2 9998 2 0
3 9998 1 1
4 9997 1 2
5 9996 2 2
6 9995 2 3
7 9993 4 3
8 9993 2 5
9 9992 2 6
10 9991 3 6
11 9990 3 7
12 9990 2 8
13 9990 2 8
14 9990 2 8
15 9988 4 8
16 9987 4 9
17 9986 5 9
18 9984 5 11
19 9976 10 14
20 9968 16 16
21 9963 18 19
22 9958 20 22
23 9953 19 28
24 9951 15 34
25 9946 20 34
26 9942 19 39
27 9939 19 42
28 9932 22 46
29 9922 26 52
30 9913 30 57
31 9906 31 63
32 9903 30 67
33 9893 35 72
34 9888 32 80
35 9878 36 86
36 9874 31 95
37 9871 28 101
38 9864 28 108
39 9861 25 114
40 9853 30 117
41 9847 33 120
42 9831 44 125
43 9822 42 136
44 9817 35 148
45 9812 36 152
46 9805 36 159
47 9800 34 166
48 9795 31 174
49 9785 36 179
50 9778 39 183
51 9764 42 194
52 9751 48 201
53 9736 56 208
54 9722 65 213
55 9701 74 225
56 9687 73 240
57 9677 74 249
58 9656 84 260
59 9645 85 270
60 9627 87 286
61 9604 96 300
62 9582 102 316
63 9561 107 332
64 9548 109 343
65 9526 109 365
66 9502 113 385
67 9482 119 399
68 9463 122 415
69 9443 129 428
70 9427 125 448
71 9409 120 471
72 9388 122 490
73 9364 127 509
74 9345 126 529
75 9319 136 545
76 9290 142 568
77 9262 150 588
78 9235 160 605
79 9205 165 630
80 9171 175 654
81 9134 183 683
82 9109 174 717
83 9079 172 749
84 9054 175 771
85 9035 168 797
86 9006 160 834
87 8979 162 859
88 8952 154 894
89 8932 152 916
90 8917 141 942
91 8883 145 972
92 8855 142 1003
93 8834 139 1027
94 8809 141 1050
95 8781 141 1078
96 8752 154 1094
97 8734 141 1125
98 8710 134 1156
99 8692 122 1186
100 8671 119 1210
101 8648 115 1237
102 8632 109 1259
103 8600 124 1276
104 8573 127 1300
105 8553 126 1321
106 8528 131 1341
107 8505 129 1366
108 8481 131 1388
109 8446 149 1405
110 8424 149 1427
111 8400 148 1452
112 8368 161 1471
113 8340 156 1504
114 8309 156 1535
115 8289 161 1550
116 8254 164 1582
117 8235 150 1615
118 8209 153 1638
119 8174 157 1669
120 8148 153 1699
121 8120 148 1732
122 8094 155 1751
123 8072 153 1775
124 8037 161 1802
125 7996 167 1837
126 7972 161 1867
127 7935 166 1899
128 7914 161 1925
129 7891 162 1947
130 7869 150 1981
131 7849 141 2010
132 7824 132 2044
133 7801 127 2072
134 7775 130 2095
135 7753 127 2120
136 7743 109 2148
137 7727 107 2166
138 7716 92 2192
139 7707 80 2213
140 7693 81 2226
141 7674 85 2241
142 7660 85 2255
143 7648 85 2267
144 7628 91 2281
145 7600 100 2300
146 7586 97 2317
147 7570 99 2331
148 7551 100 2349
149 7539 91 2370
150 7530 82 2388
151 7516 77 2407
152 7505 74 2421
153 7491 77 2432
154 7477 74 2449
155 7460 80 2460
156 7442 82 2476
157 7422 95 2483
158 7404 99 2497
159 7391 92 2517
160 7370 96 2534
161 7345 102 2553
162 7328 102 2570
163 7312 103 2585
164 7290 113 2597
165 7259 125 2616
166 7238 127 2635
167 7221 126 2653
168 7195 128 2677
169 7168 140 2692
170 7143 144 2713
171 7119 143 2738
172 7098 143 2759
173 7068 150 2782
174 7041 154 2805
175 7021 149 2830
176 7005 135 2860
177 6980 134 2886
178 6945 141 2914
179 6910 150 2940
180 6882 151 2967
181 6840 166 2994
182 6805 178 3017
183 6771 190 3039
184 6741 190 3069
185 6709 192 3099
186 6675 179 3146
187 6655 170 3175
188 6637 165 3198
189 6613 163 3224
190 6594 156 3250
191 6582 143 3275
192 6560 139 3301
193 6541 137 3322
194 6520 126 3354
195 6511 114 3375
196 6501 100 3399
197 6490 95 3415
198 6474 94 3432
199 6458 81 3461
200 6438 84 3478
201 6427 81 3492
202 6417 82 3501
203 6409 74 3517
204 6399 71 3530
205 6395 64 3541
206 6379 70 3551
207 6369 62 3569
208 6356 59 3585
209 6342 63 3595
210 6335 57 3608
211 6325 56 3619
212 6310 60 3630
213 6293 67 3640
214 6283 62 3655
215 6267 68 3665
216 6251 74 3675
217 6234 75 3691
218 6218 78 3704
219 6207 72 3721
220 6192 70 3738
221 6181 67 3752
222 6165 69 3766
223 6157 65 3778
224 6144 64 3792
225 6134 60 3806
226 6120 61 3819
227 6111 60 3829
228 6096 68 3836
229 6086 67 3847
230 6081 64 3855
231 6077 53 3870
232 6070 56 3874
233 6062 53 3885
234 6047 60 3893
235 6032 69 3899
236 6015 70 3915
237 6002 67 3931
238 5984 71 3945
239 5973 71 3956
240 5960 75 3965
241 5949 72 3979
242 5939 66 3995
243 5928 67 4005
244 5917 68 4015
245 5902 72 4026
246 5885 74 4041
247 5870 74 4056
248 5857 79 4064
249 5841 78 4081
250 5826 78 4096
251 5816 75 4109
252 5797 80 4123
253 5779 88 4133
254 5774 75 4151
255 5761 77 4162
256 5749 73 4178
257 5741 61 4198
258 5729 60 4211
259 5719 58 4223
260 5714 52 4234
261 5703 55 4242
262 5693 56 4251
263 5679 65 4256
264 5669 66 4265
265 5655 71 4274
266 5644 73 4283
267 5638 61 4301
268 5627 60 4313
269 5618 55 4327
270 5605 56 4339
271 5597 56 4347
272 5585 57 4358
273 5575 57 4368
274 5566 51 4383
275 5556 50 4394
276 5549 48 4403
277 5541 48 4411
278 5532 49 4419
279 5518 52 4430
280 5500 55 4445
281 5482 65 4453
282 5469 69 4462
283 5459 67 4474
284 5450 65 4485
285 5442 62 4496
286 5431 67 4502
287 5426 56 4518
288 5414 61 4525
289 5405 57 4538
290 5397 56 4547
291 5391 49 4560
292 5383 49 4568
293 5375 51 4574
294 5369 47 4584
295 5366 41 4593
296 5358 45 4597
297 5351 48 4601
298 5343 50 4607
299 5332 51 4617
300 5322 52 4626
301 5305 59 4636
302 5291 66 4643
303 5276 63 4661
304 5261 65 4674
305 5248 68 4684
306 5240 64 4696
307 5227 65 4708
308 5217 62 4721
309 5209 61 4730
310 5201 60 4739
311 5190 60 4750
312 5182 58 4760
313 5172 66 4762
314 5156 70 4774
315 5150 67 4783
316 5138 65 4797
317 5129 67 4804
318 5117 69 4814
319 5103 75 4822
320 5078 89 4833
321 5057 96 4847
322 5042 95 4863
323 5021 104 4875
324 5008 97 4895
325 4992 92 4916
326 4962 98 4940
327 4945 93 4962
328 4937 88 4975
329 4925 86 4989
330 4911 89 5000
331 4894 95 5011
332 4880 92 5028
333 4870 85 5045
334 4862 79 5059
335 4844 76 5080
336 4834 75 5091
337 4819 78 5103
338 4800 86 5114
339 4784 91 5125
340 4757 101 5142
341 4739 102 5159
342 4720 104 5176
343 4700 102 5198
344 4681 106 5213
345 4667 104 5229
346 4651 104 5245
347 4633 100 5267
348 4611 101 5288
349 4596 96 5308
350 4577 97 5326
351 4559 95 5346
352 4539 99 5362
353 4522 102 5376
354 4504 95 5401
355 4489 89 5422
356 4474 90 5436
357 4458 95 5447
358 4445 87 5468
359 4435 81 5484
360 4414 89 5497
361 4396 87 5517
362 4376 95 5529
363 4355 93 5552
364 4342 94 5564
365 4327 93 5580
366 4311 90 5599
367 4297 90 5613
368 4288 82 5630
369 4276 84 5640
370 4256 84 5660
371 4242 86 5672
372 4220 95 5685
373 4199 102 5699
374 4183 96 5721
375 4171 89 5740
376 4156 88 5756
377 4136 93 5771
378 4122 92 5786
379 4110 81 5809
380 4094 80 5826
381 4080 79 5841
382 4069 76 5855
383 4050 81 5869
384 4020 95 5885
385 4002 97 5901
386 3983 96 5921
387 3961 97 5942
388 3948 99 5953
389 3936 88 5976
390 3916 96 5988
391 3889 101 6010
392 3873 102 6025
393 3855 106 6039
394 3835 99 6066
395 3822 88 6090
396 3807 93 6100
397 3794 89 6117
398 3774 97 6129
399 3764 88 6148
400 3757 76 6167
401 3750 72 6178
402 3741 72 6187
403 3729 70 6201
404 3721 61 6218
405 3715 58 6227
406 3701 61 6238
407 3687 60 6253
408 3682 53 6265
409 3671 55 6274
410 3660 59 6281
411 3648 59 6293
412 3636 62 6302
413 3625 64 6311
414 3619 58 6323
415 3606 65 6329
416 3598 64 6338
417 3587 61 6352
418 3572 68 6360
419 3561 70 6369
420 3553 67 6380
421 3537 74 6389
422 3522 74 6404
423 3513 70 6417
424 3502 71 6427
425 3488 75 6437
426 3481 70 6449
427 3468 69 6463
428 3464 56 6480
429 3456 52 6492
430 3446 47 6507
431 3437 51 6512
432 3430 52 6518
433 3423 48 6529
434 3419 46 6535
435 3412 46 6542
436 3396 51 6553
437 3378 60 6562
438 3366 65 6569
439 3357 60 6583
440 3349 54 6597
441 3340 51 6609
442 3333 50 6617
443 3327 49 6624
444 3324 42 6634
445 3318 40 6642
446 3311 40 6649
447 3302 42 6656
448 3290 45 6665
449 3281 41 6678
450 3275 42 6683
451 3260 47 6693
452 3243 60 6697
453 3233 59 6708
454 3222 58 6720
455 3207 63 6730
456 3195 66 6739
457 3178 72 6750
458 3167 76 6757
459 3159 67 6774
460 3153 60 6787
461 3148 53 6799
462 3136 59 6805
463 3130 60 6810
464 3124 47 6829
465 3122 39 6839
466 3117 39 6844
467 3113 36 6851
468 3110 36 6854
469 3106 33 6861
470 3099 33 6868
471 3095 31 6874
472 3091 29 6880
473 3088 29 6883
474 3074 38 6888
475 3065 36 6899
476 3060 30 6910
477 3049 35 6916
478 3042 32 6926
479 3035 32 6933
480 3030 33 6937
481 3023 38 6939
482 3014 41 6945
483 3004 40 6956
484 2997 36 6967
485 2988 42 6970
486 2980 40 6980
487 2970 45 6985
488 2966 41 6993
489 2958 44 6998
490 2950 42 7008
491 2944 38 7018
492 2942 35 7023
493 2936 37 7027
494 2927 37 7036
495 2922 38 7040
496 2920 31 7049
497 2918 29 7053
498 2915 29 7056
499 2913 29 7058
500 2910 25 7065
501 2905 29 7066
502 2903 28 7069
503 2898 29 7073
504 2894 24 7082
505 2887 23 7090
506 2884 20 7096
507 2876 22 7102
508 2869 26 7105
509 2865 24 7111
510 2863 21 7116
511 2861 21 7118
512 2857 22 7121
513 2856 16 7128
514 2854 17 7129
515 2851 14 7135
516 2848 14 7138
517 2846 15 7139
518 2842 17 7141
519 2839 17 7144
520 2839 12 7149
521 2839 9 7152
522 2838 9 7153
523 2838 6 7156
524 2837 5 7158
525 2836 5 7159
526 2836 2 7162
527 2836 2 7162
528 2836 2 7162
529 2836 1 7163
530 2836 1 7163
531 2836 1 7163
532 2836 1 7163
533 2836 1 7163
534 2836 1 7163
535 2836 1 7163
536 2836 1 7163
537 2836 0 7164
538 2836 0 7164
539 2836 0 7164
540 2836 0 7164
541 2836 0 7164
542 2836 0 7164
543 2836 0 7164
544 2836 0 7164
545 2836 0 7164
546 2836 0 7164
547 2836 0 7164
548 2836 0 7164
549 2836 0 7164
550 2836 0 7164
551 2836 0 7164
552 2836 0 7164
553 2836 0 7164
554 2836 0 7164
555 2836 0 7164
556 2836 0 7164
557 2836 0 7164
558 2836 0 7164
559 2836 0 7164
560 2836 0 7164
561 2836 0 7164
562 2836 0 7164
563 2836 0 7164
564 2836 0 7164
565 2836 0 7164
566 2836 0 7164
567 2836 0 7164
568 2836 0 7164
569 2836 0 7164
570 2836 0 7164
571 2836 0 7164
572 2836 0 7164
573 2836 0 7164
574 2836 0 7164
575 2836 0 7164
576 2836 0 7164
577 2836 0 7164
578 2836 0 7164
579 2836 0 7164
580 2836 0 7164
581 2836 0 7164
582 2836 0 7164
583 2836 0 7164
584 2836 0 7164
585 2836 0 7164
586 2836 0 7164
587 2836 0 7164
588 2836 0 7164
589 2836 0 7164
590 2836 0 7164
591 2836 0 7164
592 2836 0 7164
593 2836 0 7164
594 2836 0 7164
595 2836 0 7164
596 2836 0 7164
597 2836 0 7164
598 2836 0 7164
599 2836 0 7164
600 2836 0 7164
601 2836 0 7164
602 2836 0 7164
603 2836 0 7164
604 2836 0 7164
605 2836 0 7164
606 2836 0 7164
607 2836 0 7164
608 2836 0 7164
609 2836 0 7164
610 2836 0 7164
611 2836 0 7164
612 2836 0 7164
613 2836 0 7164
614 2836 0 7164
615 2836 0 7164
616 2836 0 7164
617 2836 0 7164
618 2836 0 7164
619 2836 0 7164
620 2836 0 7164
621 2836 0 7164
622 2836 0 7164
623 2836 0 7164
624 2836 0 7164
625 2836 0 7164
626 2836 0 7164
627 2836 0 7164
628 2836 0 7164
629 2836 0 7164
630 2836 0 7164
631 2836 0 7164
632 2836 0 7164
633 2836 0 7164
634 2836 0 7164
635 2836 0 7164
636 2836 0 7164
637 2836 0 7164
638 2836 0 7164
639 2836 0 7164
640 2836 0 7164
641 2836 0 7164
642 2836 0 7164
643 2836 0 7164
644 2836 0 7164
645 2836 0 7164
646 2836 0 7164
647 2836 0 7164
648 2836 0 7164
649 2836 0 7164
650 2836 0 7164
651 2836 0 7164
652 2836 0 7164
653 2836 0 7164
654 2836 0 7164
655 2836 0 7164
656 2836 0 7164
657 2836 0 7164
658 2836 0 7164
659 2836 0 7164
660 2836 0 7164
661 2836 0 7164
662 2836 0 7164
663 2836 0 7164
664 2836 0 7164
665 2836 0 7164
666 2836 0 7164
667 2836 0 7164
668 2836 0 7164
669 2836 0 7164
670 2836 0 7164
671 2836 0 7164
672 2836 0 7164
673 2836 0 7164
674 2836 0 7164
675 2836 0 7164
676 2836 0 7164
677 2836 0 7164
678 2836 0 7164
679 2836 0 7164
680 2836 0 7164
681 2836 0 7164
682 2836 0 7164
683 2836 0 7164
684 2836 0 7164
685 2836 0 7164
686 2836 0 7164
687 2836 0 7164
688 2836 0 7164
689 2836 0 7164
690 2836 0 7164
691 2836 0 7164
692 2836 0 7164
693 2836 0 7164
694 2836 0 7164
695 2836 0 7164
696 2836 0 7164
697 2836 0 7164
698 2836 0 7164
699 2836 0 7164
700 2836 0 7164
701 2836 0 7164
702 2836 0 7164
703 2836 0 7164
704 2836 0 7164
705 2836 0 7164
706 2836 0 7164
707 2836 0 7164
708 2836 0 7164
709 2836 0 7164
710 2836 0 7164
711 2836 0 7164
712 2836 0 7164
713 2836 0 7164
714 2836 0 7164
715 2836 0 7164
716 2836 0 7164
717 2836 0 7164
718 2836 0 7164
719 2836 0 7164
720 2836 0 7164
721 2836 0 7164
722 2836 0 7164
723 2836 0 7164
724 2836 0 7164
725 2836 0 7164
726 2836 0 7164
727 2836 0 7164
728 2836 0 7164
729 2836 0 7164
730 2836 0 7164
731 2836 0 7164
732 2836 0 7164
733 2836 0 7164
734 2836 0 7164
735 2836 0 7164
736 2836 0 7164
737 2836 0 7164
738 2836 0 7164
739 2836 0 7164
740 2836 0 7164
741 2836 0 7164
742 2836 0 7164
743 2836 0 7164
744 2836 0 7164
745 2836 0 7164
746 2836 0 7164
747 2836 0 7164
748 2836 0 7164
749 2836 0 7164
750 2836 0 7164
751 2836 0 7164
752 2836 0 7164
753 2836 0 7164
754 2836 0 7164
755 2836 0 7164
756 2836 0 7164
757 2836 0 7164
758 2836 0 7164
759 2836 0 7164
760 2836 0 7164
761 2836 0 7164
762 2836 0 7164
763 2836 0 7164
764 2836 0 7164
765 2836 0 7164
766 2836 0 7164
767 2836 0 7164
768 2836 0 7164
769 2836 0 7164
770 2836 0 7164
771 2836 0 7164
772 2836 0 7164
773 2836 0 7164
774 2836 0 7164
775 2836 0 7164
776 2836 0 7164
777 2836 0 7164
778 2836 0 7164
779 2836 0 7164
780 2836 0 7164
781 2836 0 7164
782 2836 0 7164
783 2836 0 7164
784 2836 0 7164
785 2836 0 7164
786 2836 0 7164
787 2836 0 7164
788 2836 0 7164
789 2836 0 7164
790 2836 0 7164
791 2836 0 7164
792 2836 0 7164
793 2836 0 7164
794 2836 0 7164
795 2836 0 7164
796 2836 0 7164
797 2836 0 7164
798 2836 0 7164
799 2836 0 7164
800 2836 0 7164
801 2836 0 7164
802 2836 0 7164
803 2836 0 7164
804 2836 0 7164
805 2836 0 7164
806 2836 0 7164
807 2836 0 7164
808 2836 0 7164
809 2836 0 7164
810 2836 0 7164
811 2836 0 7164
812 2836 0 7164
813 2836 0 7164
814 2836 0 7164
815 2836 0 7164
816 2836 0 7164
817 2836 0 7164
818 2836 0 7164
819 2836 0 7164
820 2836 0 7164
821 2836 0 7164
822 2836 0 7164
823 2836 0 7164
824 2836 0 7164
825 2836 0 7164
826 2836 0 7164
827 2836 0 7164
828 2836 0 7164
829 2836 0 7164
830 2836 0 7164
831 2836 0 7164
832 2836 0 7164
833 2836 0 7164
834 2836 0 7164
835 2836 0 7164
836 2836 0 7164
837 2836 0 7164
838 2836 0 7164
839 2836 0 7164
840 2836 0 7164
841 2836 0 7164
842 2836 0 7164
843 2836 0 7164
844 2836 0 7164
845 2836 0 7164
846 2836 0 7164
847 2836 0 7164
848 2836 0 7164
849 2836 0 7164
850 2836 0 7164
851 2836 0 7164
852 2836 0 7164
853 2836 0 7164
854 2836 0 7164
855 2836 0 7164
856 2836 0 7164
857 2836 0 7164
858 2836 0 7164
859 2836 0 7164
860 2836 0 7164
861 2836 0 7164
862 2836 0 7164
863 2836 0 7164
864 2836 0 7164
865 2836 0 7164
866 2836 0 7164
867 2836 0 7164
868 2836 0 7164
869 2836 0 7164
870 2836 0 7164
871 2836 0 7164
872 2836 0 7164
873 2836 0 7164
874 2836 0 7164
875 2836 0 7164
876 2836 0 7164
877 2836 0 7164
878 2836 0 7164
879 2836 0 7164
880 2836 0 7164
881 2836 0 7164
882 2836 0 7164
883 2836 0 7164
884 2836 0 7164
885 2836 0 7164
886 2836 0 7164
887 2836 0 7164
888 2836 0 7164
889 2836 0 7164
890 2836 0 7164
891 2836 0 7164
892 2836 0 7164
893 2836 0 7164
894 2836 0 7164
895 2836 0 7164
896 2836 0 7164
897 2836 0 7164
898 2836 0 7164
899 2836 0 7164
900 2836 0 7164
901 2836 0 7164
902 2836 0 7164
903 2836 0 7164
904 2836 0 7164
905 2836 0 7164
906 2836 0 7164
907 2836 0 7164
908 2836 0 7164
909 2836 0 7164
910 2836 0 7164
911 2836 0 7164
912 2836 0 7164
913 2836 0 7164
914 2836 0 7164
915 2836 0 7164
916 2836 0 7164
917 2836 0 7164
918 2836 0 7164
919 2836 0 7164
920 2836 0 7164
921 2836 0 7164
922 2836 0 7164
923 2836 0 7164
924 2836 0 7164
925 2836 0 7164
926 2836 0 7164
927 2836 0 7164
928 2836 0 7164
929 2836 0 7164
930 2836 0 7164
931 2836 0 7164
932 2836 0 7164
933 2836 0 7164
934 2836 0 7164
935 2836 0 7164
936 2836 0 7164
937 2836 0 7164
938 2836 0 7164
939 2836 0 7164
940 2836 0 7164
941 2836 0 7164
942 2836 0 7164
943 2836 0 7164
944 2836 0 7164
945 2836 0 7164
946 2836 0 7164
947 2836 0 7164
948 2836 0 7164
949 2836 0 7164
950 2836 0 7164
951 2836 0 7164
952 2836 0 7164
953 2836 0 7164
954 2836 0 7164
955 2836 0 7164
956 2836 0 7164
957 2836 0 7164
958 2836 0 7164
959 2836 0 7164
960 2836 0 7164
961 2836 0 7164
962 2836 0 7164
963 2836 0 7164
964 2836 0 7164
965 2836 0 7164
966 2836 0 7164
967 2836 0 7164
968 2836 0 7164
969 2836 0 7164
970 2836 0 7164
971 2836 0 7164
972 2836 0 7164
973 2836 0 7164
974 2836 0 7164
975 2836 0 7164
976 2836 0 7164
977 2836 0 7164
978 2836 0 7164
979 2836 0 7164
980 2836 0 7164
981 2836 0 7164
982 2836 0 7164
983 2836 0 7164
984 2836 0 7164
985 2836 0 7164
986 2836 0 7164
987 2836 0 7164
988 2836 0 7164
989 2836 0 7164
990 2836 0 7164
991 2836 0 7164
992 2836 0 7164
993 2836 0 7164
994 2836 0 7164
995 2836 0 7164
996 2836 0 7164
997 2836 0 7164
998 2836 0 7164
999 2836 0 7164
