0 9999 1 0
1 9999 1 0
2 9999 1 0
3 9999 1 0
4 9999 1 0
5 9998 1 1
6 9997 2 1
7 9997 2 1
8 9997 2 1
9 9996 2 2
10 9994 3 3
11 9993 3 4
12 9992 3 5
13 9991 4 5
14 9991 4 5
15 9988 7 5
16 9985 9 6
17 9980 12 8
18 9979 11 10
19 9974 13 13
20 9964 22 14
21 9955 26 19
22 9950 28 22
23 9943 28 29
24 9935 24 41
25 9932 26 42
26 9921 34 45
27 9908 40 52
28 9898 43 59
29 9884 52 64
30 9873 60 67
31 9868 50 82
32 9863 47 90
33 9848 52 100
34 9830 63 107
35 9815 70 115
36 9804 67 129
37 9792 65 143
38 9777 74 149
39 9762 80 158
40 9747 80 173
41 9733 81 186
42 9716 84 200
43 9707 81 212
44 9695 81 224
45 9686 82 232
46 9674 81 245
47 9659 74 267
48 9646 79 275
49 9627 86 287
50 9617 86 297
51 9607 75 318
52 9590 85 325
53 9572 89 339
54 9559 92 349
55 9539 95 366
56 9524 90 386
57 9503 94 403
58 9491 97 412
59 9474 100 426
60 9450 111 439
61 9424 118 458
62 9406 114 480
63 9392 108 500
64 9374 114 512
65 9350 120 530
66 9330 129 541
67 9304 134 562
68 9285 130 585
69 9262 128 610
70 9245 126 629
71 9220 133 647
72 9204 131 665
73 9185 124 691
74 9173 113 714
75 9160 102 738
76 9151 89 760
77 9139 83 778
78 9131 74 795
79 9123 67 810
80 9112 68 820
81 9096 67 837
82 9087 64 849
83 9071 67 862
84 9056 65 879
85 9040 70 890
86 9027 75 898
87 9014 74 912
88 9001 72 927
89 8991 75 934
90 8983 68 949
91 8964 68 968
92 8951 67 982
93 8939 70 991
94 8926 72 1002
95 8915 71 1014
96 8908 68 1024
97 8897 68 1035
98 8888 62 1050
99 8881 62 1057
100 8869 63 1068
101 8863 61 1076
102 8844 74 1082
103 8833 69 1098
104 8824 64 1112
105 8818 61 1121
106 8801 65 1134
107 8786 66 1148
108 8777 63 1160
109 8770 53 1177
110 8759 53 1188
111 8748 58 1194
112 8742 57 1201
113 8731 57 1212
114 8721 54 1225
115 8712 54 1234
116 8703 56 1241
117 8696 53 1251
118 8685 56 1259
119 8671 58 1271
120 8660 55 1285
121 8653 50 1297
122 8649 43 1308
123 8642 41 1317
124 8638 39 1323
125 8631 40 1329
126 8625 36 1339
127 8616 37 1347
128 8609 37 1354
129 8602 39 1359
130 8595 41 1364
131 8583 45 1372
132 8577 46 1377
133 8573 41 1386
134 8564 44 1392
135 8558 45 1397
136 8542 56 1402
137 8529 58 1413
138 8514 64 1422
139 8499 67 1434
140 8489 70 1441
141 8472 75 1453
142 8457 80 1463
143 8445 79 1476
144 8438 73 1489
145 8428 69 1503
146 8418 67 1515
147 8403 74 1523
148 8398 69 1533
149 8387 71 1542
150 8382 64 1554
151 8366 67 1567
152 8346 79 1575
153 8333 74 1593
154 8313 79 1608
155 8301 76 1623
156 8289 78 1633
157 8276 75 1649
158 8263 74 1663
159 8250 75 1675
160 8230 80 1690
161 8214 78 1708
162 8191 88 1721
163 8162 101 1737
164 8145 104 1751
165 8123 110 1767
166 8096 112 1792
167 8082 105 1813
168 8062 110 1828
169 8044 114 1842
170 8027 107 1866
171 8006 117 1877
172 7985 125 1890
173 7973 117 1910
174 7955 117 1928
175 7935 118 1947
176 7917 108 1975
177 7898 117 1985
178 7875 127 1998
179 7849 133 2018
180 7825 135 2040
181 7805 132 2063
182 7787 130 2083
183 7769 130 2101
184 7756 127 2117
185 7729 130 2141
186 7704 129 2167
187 7675 139 2186
188 7655 135 2210
189 7625 144 2231
190 7605 141 2254
191 7572 150 2278
192 7548 150 2302
193 7525 150 2325
194 7503 143 2354
195 7475 147 2378
196 7450 144 2406
197 7424 139 2437
198 7393 151 2456
199 7364 150 2486
200 7339 149 2512
201 7306 154 2540
202 7277 152 2571
203 7247 156 2597
204 7220 158 2622
205 7201 146 2653
206 7183 133 2684
207 7163 128 2709
208 7138 129 2733
209 7114 126 2760
210 7096 119 2785
211 7081 107 2812
212 7062 104 2834
213 7037 113 2850
214 7014 119 2867
215 6984 136 2880
216 6954 145 2901
217 6936 132 2932
218 6902 144 2954
219 6873 147 2980
220 6847 142 3011
221 6821 137 3042
222 6797 129 3074
223 6768 127 3105
224 6743 136 3121
225 6722 129 3149
226 6700 126 3174
227 6684 121 3195
228 6667 118 3215
229 6652 118 3230
230 6628 127 3245
231 6605 125 3270
232 6590 119 3291
233 6567 125 3308
234 6550 119 3331
235 6528 120 3352
236 6501 135 3364
237 6476 131 3393
238 6447 135 3418
239 6415 138 3447
240 6386 139 3475
241 6367 135 3498
242 6344 125 3531
243 6321 126 3553
244 6302 119 3579
245 6281 120 3599
246 6260 124 3616
247 6248 118 3634
248 6221 127 3652
249 6186 145 3669
250 6154 149 3697
251 6123 150 3727
252 6092 161 3747
253 6061 162 3777
254 6030 158 3812
255 6006 153 3841
256 5982 140 3878
257 5954 149 3897
258 5921 159 3920
259 5898 152 3950
260 5870 151 3979
261 5852 150 3998
262 5824 146 4030
263 5804 142 4054
264 5781 138 4081
265 5761 130 4109
266 5731 139 4130
267 5701 144 4155
268 5667 147 4186
269 5630 155 4215
270 5606 153 4241
271 5578 158 4264
272 5556 151 4293
273 5527 153 4320
274 5501 156 4343
275 5464 169 4367
276 5438 162 4400
277 5413 164 4423
278 5388 163 4449
279 5354 171 4475
280 5329 174 4497
281 5307 165 4528
282 5268 180 4552
283 5230 184 4586
284 5188 188 4624
285 5150 193 4657
286 5108 204 4688
287 5072 208 4720
288 5039 211 4750
289 4995 219 4786
290 4959 218 4823
291 4919 224 4857
292 4882 225 4893
293 4834 234 4932
294 4796 236 4968
295 4762 227 5011
296 4716 237 5047
297 4663 249 5088
298 4614 251 5135
299 4569 252 5179
300 4533 252 5215
301 4485 261 5254
302 4449 262 5289
303 4411 247 5342
304 4374 242 5384
305 4331 243 5426
306 4297 235 5468
307 4253 237 5510
308 4205 250 5545
309 4169 237 5594
310 4137 231 5632
311 4099 229 5672
312 4062 219 5719
313 4026 216 5758
314 4002 193 5805
315 3957 207 5836
316 3927 203 5870
317 3881 211 5908
318 3848 209 5943
319 3815 214 5971
320 3786 196 6018
321 3749 199 6052
322 3706 202 6092
323 3679 196 6125
324 3654 189 6157
325 3622 194 6184
326 3590 191 6219
327 3556 191 6253
328 3529 190 6281
329 3499 178 6323
330 3459 182 6359
331 3442 167 6391
332 3406 171 6423
333 3377 167 6456
334 3344 172 6484
335 3309 174 6517
336 3273 189 6538
337 3239 190 6571
338 3212 180 6608
339 3179 183 6638
340 3150 184 6666
341 3106 198 6696
342 3083 180 6737
343 3060 171 6769
344 3037 161 6802
345 3015 148 6837
346 2986 156 6858
347 2960 154 6886
348 2938 154 6908
349 2913 150 6937
350 2890 152 6958
351 2869 152 6979
352 2841 157 7002
353 2821 140 7039
354 2798 132 7070
355 2780 131 7089
356 2767 124 7109
357 2743 124 7133
358 2720 123 7157
359 2702 117 7181
360 2690 111 7199
361 2670 114 7216
362 2655 119 7226
363 2641 121 7238
364 2632 105 7263
365 2617 103 7280
366 2605 91 7304
367 2587 89 7324
368 2577 86 7337
369 2568 75 7357
370 2555 78 7367
371 2548 71 7381
372 2538 64 7398
373 2529 56 7415
374 2521 55 7424
375 2512 58 7430
376 2506 57 7437
377 2499 52 7449
378 2491 52 7457
379 2484 49 7467
380 2476 49 7475
381 2470 48 7482
382 2460 51 7489
383 2455 46 7499
384 2447 48 7505
385 2442 49 7509
386 2436 45 7519
387 2427 42 7531
388 2423 36 7541
389 2416 37 7547
390 2413 36 7551
391 2407 34 7559
392 2407 24 7569
393 2404 20 7576
394 2403 13 7584
395 2401 14 7585
396 2400 14 7586
397 2400 11 7589
398 2399 10 7591
399 2396 12 7592
400 2393 15 7592
401 2390 16 7594
402 2388 15 7597
403 2386 15 7599
404 2382 17 7601
405 2372 22 7606
406 2362 27 7611
407 2356 26 7618
408 2342 35 7623
409 2334 37 7629
410 2322 42 7636
411 2308 48 7644
412 2295 45 7660
413 2293 38 7669
414 2288 38 7674
415 2283 36 7681
416 2277 34 7689
417 2270 33 7697
418 2264 32 7704
419 2260 33 7707
420 2255 29 7716
421 2250 28 7722
422 2241 32 7727
423 2229 38 7733
424 2226 33 7741
425 2220 31 7749
426 2216 29 7755
427 2215 25 7760
428 2207 29 7764
429 2201 32 7767
430 2195 33 7772
431 2190 33 7777
432 2182 33 7785
433 2175 36 7789
434 2173 31 7796
435 2167 34 7799
436 2161 31 7808
437 2159 28 7813
438 2156 28 7816
439 2153 27 7820
440 2149 27 7824
441 2147 24 7829
442 2144 20 7836
443 2140 21 7839
444 2140 18 7842
445 2139 18 7843
446 2139 18 7843
447 2139 13 7848
448 2136 13 7851
449 2136 11 7853
450 2136 10 7854
451 2134 10 7856
452 2134 9 7857
453 2133 10 7857
454 2133 9 7858
455 2133 7 7860
456 2131 9 7860
457 2130 8 7862
458 2128 9 7863
459 2125 11 7864
460 2124 10 7866
461 2124 9 7867
462 2122 10 7868
463 2119 12 7869
464 2117 11 7872
465 2113 14 7873
466 2105 18 7877
467 2095 24 7881
468 2084 27 7889
469 2076 30 7894
470 2074 28 7898
471 2069 27 7904
472 2065 29 7906
473 2062 29 7909
474 2056 28 7916
475 2053 24 7923
476 2049 23 7928
477 2046 23 7931
478 2042 21 7937
479 2039 21 7940
480 2039 16 7945
481 2038 15 7947
482 2037 14 7949
483 2036 14 7950
484 2036 11 7953
485 2035 12 7953
486 2035 9 7956
487 2034 9 7957
488 2034 7 7959
489 2033 7 7960
490 2032 7 7961
491 2032 7 7961
492 2030 8 7962
493 2026 11 7963
494 2025 11 7964
495 2024 10 7966
496 2023 9 7968
497 2023 9 7968
498 2022 7 7971
499 2021 5 7974
500 2020 6 7974
501 2018 8 7974
502 2015 10 7975
503 2015 7 7978
504 2015 7 7978
505 2014 7 7979
506 2013 6 7981
507 2013 4 7983
508 2013 2 7985
509 2013 2 7985
510 2013 2 7985
511 2013 1 7986
512 2013 1 7986
513 2013 1 7986
514 2013 1 7986
515 2013 1 7986
516 2013 1 7986
517 2013 1 7986
518 2013 1 7986
519 2013 0 7987
520 2013 0 7987
521 2013 0 7987
522 2013 0 7987
523 2013 0 7987
524 2013 0 7987
525 2013 0 7987
526 2013 0 7987
527 2013 0 7987
528 2013 0 7987
529 2013 0 7987
530 2013 0 7987
531 2013 0 7987
532 2013 0 7987
533 2013 0 7987
534 2013 0 7987
535 2013 0 7987
536 2013 0 7987
537 2013 0 7987
538 2013 0 7987
539 2013 0 7987
540 2013 0 7987
541 2013 0 7987
542 2013 0 7987
543 2013 0 7987
544 2013 0 7987
545 2013 0 7987
546 2013 0 7987
547 2013 0 7987
548 2013 0 7987
549 2013 0 7987
550 2013 0 7987
551 2013 0 7987
552 2013 0 7987
553 2013 0 7987
554 2013 0 7987
555 2013 0 7987
556 2013 0 7987
557 2013 0 7987
558 2013 0 7987
559 2013 0 7987
560 2013 0 7987
561 2013 0 7987
562 2013 0 7987
563 2013 0 7987
564 2013 0 7987
565 2013 0 7987
566 2013 0 7987
567 2013 0 7987
568 2013 0 7987
569 2013 0 7987
570 2013 0 7987
571 2013 0 7987
572 2013 0 7987
573 2013 0 7987
574 2013 0 7987
575 2013 0 7987
576 2013 0 7987
577 2013 0 7987
578 2013 0 7987
579 2013 0 7987
580 2013 0 7987
581 2013 0 7987
582 2013 0 7987
583 2013 0 7987
584 2013 0 7987
585 2013 0 7987
586 2013 0 7987
587 2013 0 7987
588 2013 0 7987
589 2013 0 7987
590 2013 0 7987
591 2013 0 7987
592 2013 0 7987
593 2013 0 7987
594 2013 0 7987
595 2013 0 7987
596 2013 0 7987
597 2013 0 7987
598 2013 0 7987
599 2013 0 7987
600 2013 0 7987
601 2013 0 7987
602 2013 0 7987
603 2013 0 7987
604 2013 0 7987
605 2013 0 7987
606 2013 0 7987
607 2013 0 7987
608 2013 0 7987
609 2013 0 7987
610 2013 0 7987
611 2013 0 7987
612 2013 0 7987
613 2013 0 7987
614 2013 0 7987
615 2013 0 7987
616 2013 0 7987
617 2013 0 7987
618 2013 0 7987
619 2013 0 7987
620 2013 0 7987
621 2013 0 7987
622 2013 0 7987
623 2013 0 7987
624 2013 0 7987
625 2013 0 7987
626 2013 0 7987
627 2013 0 7987
628 2013 0 7987
629 2013 0 7987
630 2013 0 7987
631 2013 0 7987
632 2013 0 7987
633 2013 0 7987
634 2013 0 7987
635 2013 0 7987
636 2013 0 7987
637 2013 0 7987
638 2013 0 7987
639 2013 0 7987
640 2013 0 7987
641 2013 0 7987
642 2013 0 7987
643 2013 0 7987
644 2013 0 7987
645 2013 0 7987
646 2013 0 7987
647 2013 0 7987
648 2013 0 7987
649 2013 0 7987
650 2013 0 7987
651 2013 0 7987
652 2013 0 7987
653 2013 0 7987
654 2013 0 7987
655 2013 0 7987
656 2013 0 7987
657 2013 0 7987
658 2013 0 7987
659 2013 0 7987
660 2013 0 7987
661 2013 0 7987
662 2013 0 7987
663 2013 0 7987
664 2013 0 7987
665 2013 0 7987
666 2013 0 7987
667 2013 0 7987
668 2013 0 7987
669 2013 0 7987
670 2013 0 7987
671 2013 0 7987
672 2013 0 7987
673 2013 0 7987
674 2013 0 7987
675 2013 0 7987
676 2013 0 7987
677 2013 0 7987
678 2013 0 7987
679 2013 0 7987
680 2013 0 7987
681 2013 0 7987
682 2013 0 7987
683 2013 0 7987
684 2013 0 7987
685 2013 0 7987
686 2013 0 7987
687 2013 0 7987
688 2013 0 7987
689 2013 0 7987
690 2013 0 7987
691 2013 0 7987
692 2013 0 7987
693 2013 0 7987
694 2013 0 7987
695 2013 0 7987
696 2013 0 7987
697 2013 0 7987
698 2013 0 7987
699 2013 0 7987
700 2013 0 7987
701 2013 0 7987
702 2013 0 7987
703 2013 0 7987
704 2013 0 7987
705 2013 0 7987
706 2013 0 7987
707 2013 0 7987
708 2013 0 7987
709 2013 0 7987
710 2013 0 7987
711 2013 0 7987
712 2013 0 7987
713 2013 0 7987
714 2013 0 7987
715 2013 0 7987
716 2013 0 7987
717 2013 0 7987
718 2013 0 7987
719 2013 0 7987
720 2013 0 7987
721 2013 0 7987
722 2013 0 7987
723 2013 0 7987
724 2013 0 7987
725 2013 0 7987
726 2013 0 7987
727 2013 0 7987
728 2013 0 7987
729 2013 0 7987
730 2013 0 7987
731 2013 0 7987
732 2013 0 7987
733 2013 0 7987
734 2013 0 7987
735 2013 0 7987
736 2013 0 7987
737 2013 0 7987
738 2013 0 7987
739 2013 0 7987
740 2013 0 7987
741 2013 0 7987
742 2013 0 7987
743 2013 0 7987
744 2013 0 7987
745 2013 0 7987
746 2013 0 7987
747 2013 0 7987
748 2013 0 7987
749 2013 0 7987
750 2013 0 7987
751 2013 0 7987
752 2013 0 7987
753 2013 0 7987
754 2013 0 7987
755 2013 0 7987
756 2013 0 7987
757 2013 0 7987
758 2013 0 7987
759 2013 0 7987
760 2013 0 7987
761 2013 0 7987
762 2013 0 7987
763 2013 0 7987
764 2013 0 7987
765 2013 0 7987
766 2013 0 7987
767 2013 0 7987
768 2013 0 7987
769 2013 0 7987
770 2013 0 7987
771 2013 0 7987
772 2013 0 7987
773 2013 0 7987
774 2013 0 7987
775 2013 0 7987
776 2013 0 7987
777 2013 0 7987
778 2013 0 7987
779 2013 0 7987
780 2013 0 7987
781 2013 0 7987
782 2013 0 7987
783 2013 0 7987
784 2013 0 7987
785 2013 0 7987
786 2013 0 7987
787 2013 0 7987
788 2013 0 7987
789 2013 0 7987
790 2013 0 7987
791 2013 0 7987
792 2013 0 7987
793 2013 0 7987
794 2013 0 7987
795 2013 0 7987
796 2013 0 7987
797 2013 0 7987
798 2013 0 7987
799 2013 0 7987
800 2013 0 7987
801 2013 0 7987
802 2013 0 7987
803 2013 0 7987
804 2013 0 7987
805 2013 0 7987
806 2013 0 7987
807 2013 0 7987
808 2013 0 7987
809 2013 0 7987
810 2013 0 7987
811 2013 0 7987
812 2013 0 7987
813 2013 0 7987
814 2013 0 7987
815 2013 0 7987
816 2013 0 7987
817 2013 0 7987
818 2013 0 7987
819 2013 0 7987
820 2013 0 7987
821 2013 0 7987
822 2013 0 7987
823 2013 0 7987
824 2013 0 7987
825 2013 0 7987
826 2013 0 7987
827 2013 0 7987
828 2013 0 7987
829 2013 0 7987
830 2013 0 7987
831 2013 0 7987
832 2013 0 7987
833 2013 0 7987
834 2013 0 7987
835 2013 0 7987
836 2013 0 7987
837 2013 0 7987
838 2013 0 7987
839 2013 0 7987
840 2013 0 7987
841 2013 0 7987
842 2013 0 7987
843 2013 0 7987
844 2013 0 7987
845 2013 0 7987
846 2013 0 7987
847 2013 0 7987
848 2013 0 7987
849 2013 0 7987
850 2013 0 7987
851 2013 0 7987
852 2013 0 7987
853 2013 0 7987
854 2013 0 7987
855 2013 0 7987
856 2013 0 7987
857 2013 0 7987
858 2013 0 7987
859 2013 0 7987
860 2013 0 7987
861 2013 0 7987
862 2013 0 7987
863 2013 0 7987
864 2013 0 7987
865 2013 0 7987
866 2013 0 7987
867 2013 0 7987
868 2013 0 7987
869 2013 0 7987
870 2013 0 7987
871 2013 0 7987
872 2013 0 7987
873 2013 0 7987
874 2013 0 7987
875 2013 0 7987
876 2013 0 7987
877 2013 0 7987
878 2013 0 7987
879 2013 0 7987
880 2013 0 7987
881 2013 0 7987
882 2013 0 7987
883 2013 0 7987
884 2013 0 7987
885 2013 0 7987
886 2013 0 7987
887 2013 0 7987
888 2013 0 7987
889 2013 0 7987
890 2013 0 7987
891 2013 0 7987
892 2013 0 7987
893 2013 0 7987
894 2013 0 7987
895 2013 0 7987
896 2013 0 7987
897 2013 0 7987
898 2013 0 7987
899 2013 0 7987
900 2013 0 7987
901 2013 0 7987
902 2013 0 7987
903 2013 0 7987
904 2013 0 7987
905 2013 0 7987
906 2013 0 7987
907 2013 0 7987
908 2013 0 7987
909 2013 0 7987
910 2013 0 7987
911 2013 0 7987
912 2013 0 7987
913 2013 0 7987
914 2013 0 7987
915 2013 0 7987
916 2013 0 7987
917 2013 0 7987
918 2013 0 7987
919 2013 0 7987
920 2013 0 7987
921 2013 0 7987
922 2013 0 7987
923 2013 0 7987
924 2013 0 7987
925 2013 0 7987
926 2013 0 7987
927 2013 0 7987
928 2013 0 7987
929 2013 0 7987
930 2013 0 7987
931 2013 0 7987
932 2013 0 7987
933 2013 0 7987
934 2013 0 7987
935 2013 0 7987
936 2013 0 7987
937 2013 0 7987
938 2013 0 7987
939 2013 0 7987
940 2013 0 7987
941 2013 0 7987
942 2013 0 7987
943 2013 0 7987
944 2013 0 7987
945 2013 0 7987
946 2013 0 7987
947 2013 0 7987
948 2013 0 7987
949 2013 0 7987
950 2013 0 7987
951 2013 0 7987
952 2013 0 7987
953 2013 0 7987
954 2013 0 7987
955 2013 0 7987
956 2013 0 7987
957 2013 0 7987
958 2013 0 7987
959 2013 0 7987
960 2013 0 7987
961 2013 0 7987
962 2013 0 7987
963 2013 0 7987
964 2013 0 7987
965 2013 0 7987
966 2013 0 7987
967 2013 0 7987
968 2013 0 7987
969 2013 0 7987
970 2013 0 7987
971 2013 0 7987
972 2013 0 7987
973 2013 0 7987
974 2013 0 7987
975 2013 0 7987
976 2013 0 7987
977 2013 0 7987
978 2013 0 7987
979 2013 0 7987
980 2013 0 7987
981 2013 0 7987
982 2013 0 7987
983 2013 0 7987
984 2013 0 7987
985 2013 0 7987
986 2013 0 7987
987 2013 0 7987
988 2013 0 7987
989 2013 0 7987
990 2013 0 7987
991 2013 0 7987
992 2013 0 7987
993 2013 0 7987
994 2013 0 7987
995 2013 0 7987
996 2013 0 7987
997 2013 0 7987
998 2013 0 7987
999 2013 0 7987
