0 9999 1 0
1 9995 5 0
2 9995 3 2
3 9995 3 2
4 9995 3 2
5 9994 3 3
6 9994 3 3
7 9991 4 5
8 9990 4 6
9 9988 5 7
10 9988 5 7
11 9987 5 8
12 9987 4 9
13 9987 3 10
14 9987 3 10
15 9987 2 11
16 9987 2 11
17 9987 1 12
18 9985 3 12
19 9984 1 15
20 9984 1 15
21 9984 1 15
22 9983 2 15
23 9983 2 15
24 9983 2 15
25 9983 2 15
26 9981 4 15
27 9977 7 16
28 9974 10 16
29 9968 16 16
30 9967 13 20
31 9965 12 23
32 9963 12 25
33 9963 12 25
34 9961 11 28
35 9960 8 32
36 9958 9 33
37 9956 6 38
38 9953 8 39
39 9948 11 41
40 9943 14 43
41 9940 13 47
42 9939 12 49
43 9938 12 50
44 9938 9 53
45 9935 12 53
46 9930 15 55
47 9924 17 59
48 9917 21 62
49 9914 21 65
50 9908 25 67
51 9904 25 71
52 9898 27 75
53 9891 28 81
54 9890 24 86
55 9885 27 88
56 9878 27 95
57 9872 29 99
58 9863 34 103
59 9859 31 110
60 9856 31 113
61 9849 33 118
62 9844 33 123
63 9836 30 134
64 9828 33 139
65 9823 31 146
66 9821 27 152
67 9815 30 155
68 9808 29 163
69 9808 26 166
70 9805 24 171
71 9800 25 175
72 9799 18 183
73 9797 17 186
74 9793 19 188
75 9791 15 194
76 9788 17 195
77 9781 22 197
78 9778 17 205
79 9775 16 209
80 9769 20 211
81 9764 23 213
82 9758 27 215
83 9757 23 220
84 9756 20 224
85 9751 22 227
86 9747 21 232
87 9746 21 233
88 9743 19 238
89 9736 20 244
90 9733 17 250
91 9723 26 251
92 9716 30 254
93 9711 31 258
94 9706 32 262
95 9697 37 266
96 9690 41 269
97 9683 41 276
98 9675 42 283
99 9657 56 287
100 9643 57 300
101 9634 53 313
102 9623 58 319
103 9617 58 325
104 9605 58 337
105 9591 62 347
106 9577 62 361
107 9560 66 374
108 9550 65 385
109 9541 65 394
110 9530 56 414
111 9526 46 428
112 9525 40 435
113 9521 36 443
114 9514 37 449
115 9510 36 454
116 9501 42 457
117 9495 37 468
118 9491 33 476
119 9484 36 480
120 9477 35 488
121 9470 34 496
122 9468 35 497
123 9460 38 502
124 9453 37 510
125 9447 30 523
126 9444 32 524
127 9435 34 531
128 9423 39 538
129 9418 36 546
130 9410 39 551
131 9403 40 557
132 9395 44 561
133 9381 46 573
134 9371 46 583
135 9362 48 590
136 9351 51 598
137 9331 62 607
138 9313 70 617
139 9287 89 624
140 9267 88 645
141 9242 98 660
142 9218 101 681
143 9206 93 701
144 9198 77 725
145 9186 71 743
146 9182 63 755
147 9172 55 773
148 9152 60 788
149 9145 53 802
150 9128 56 816
151 9118 54 828
152 9111 52 837
153 9105 48 847
154 9099 44 857
155 9091 46 863
156 9079 47 874
157 9069 49 882
158 9065 43 892
159 9056 44 900
160 9049 39 912
161 9041 38 921
162 9035 39 926
163 9031 35 934
164 9026 33 941
165 9014 40 946
166 9002 46 952
167 8989 52 959
168 8983 47 970
169 8973 50 977
170 8965 54 981
171 8947 61 992
172 8939 63 998
173 8930 63 1007
174 8924 58 1018
175 8903 67 1030
176 8890 70 1040
177 8882 62 1056
178 8868 62 1070
179 8855 70 1075
180 8844 69 1087
181 8841 60 1099
182 8834 56 1110
183 8829 53 1118
184 8826 53 1121
185 8820 48 1132
186 8813 45 1142
187 8806 46 1148
188 8804 42 1154
189 8797 39 1164
190 8790 44 1166
191 8782 42 1176
192 8777 40 1183
193 8763 44 1193
194 8747 47 1206
195 8737 49 1214
196 8729 48 1223
197 8719 53 1228
198 8710 50 1240
199 8702 52 1246
200 8692 48 1260
201 8683 48 1269
202 8673 51 1276
203 8664 57 1279
204 8656 57 1287
205 8647 54 1299
206 8639 49 1312
207 8630 53 1317
208 8623 54 1323
209 8615 50 1335
210 8609 47 1344
211 8600 50 1350
212 8594 48 1358
213 8586 48 1366
214 8582 47 1371
215 8570 44 1386
216 8565 43 1392
217 8561 42 1397
218 8555 35 1410
219 8553 32 1415
220 8546 30 1424
221 8540 31 1429
222 8529 37 1434
223 8523 36 1441
224 8513 43 1444
225 8505 45 1450
226 8500 43 1457
227 8494 43 1463
228 8484 45 1471
229 8476 47 1477
230 8464 51 1485
231 8454 51 1495
232 8446 48 1506
233 8436 48 1516
234 8427 52 1521
235 8422 49 1529
236 8417 42 1541
237 8412 39 1549
238 8410 35 1555
239 8404 35 1561
240 8400 27 1573
241 8396 25 1579
242 8388 29 1583
243 8382 31 1587
244 8375 34 1591
245 8367 35 1598
246 8363 34 1603
247 8354 33 1613
248 8345 39 1616
249 8338 42 1620
250 8325 46 1629
251 8320 43 1637
252 8319 38 1643
253 8317 29 1654
254 8310 33 1657
255 8305 33 1662
256 8299 33 1668
257 8292 32 1676
258 8283 36 1681
259 8276 36 1688
260 8265 44 1691
261 8258 45 1697
262 8248 48 1704
263 8243 45 1712
264 8230 49 1721
265 8224 46 1730
266 8219 40 1741
267 8213 41 1746
268 8202 44 1754
269 8190 47 1763
270 8178 51 1771
271 8167 58 1775
272 8159 59 1782
273 8152 53 1795
274 8143 51 1806
275 8136 50 1814
276 8132 48 1820
277 8122 47 1831
278 8113 53 1834
279 8108 45 1847
280 8102 45 1853
281 8094 46 1860
282 8086 44 1870
283 8081 45 1874
284 8076 42 1882
285 8070 44 1886
286 8064 41 1895
287 8059 38 1903
288 8050 40 1910
289 8042 38 1920
290 8037 32 1931
291 8031 33 1936
292 8026 28 1946
293 8018 33 1949
294 8008 37 1955
295 7999 41 1960
296 7985 45 1970
297 7974 49 1977
298 7968 50 1982
299 7959 53 1988
300 7941 58 2001
301 7928 58 2014
302 7915 64 2021
303 7894 65 2041
304 7878 71 2051
305 7860 78 2062
306 7847 78 2075
307 7834 80 2086
308 7821 78 2101
309 7804 82 2114
310 7791 78 2131
311 7778 76 2146
312 7769 73 2158
313 7753 76 2171
314 7746 69 2185
315 7730 74 2196
316 7717 72 2211
317 7706 66 2228
318 7698 65 2237
319 7691 58 2251
320 7679 63 2258
321 7668 66 2266
322 7656 66 2278
323 7647 62 2291
324 7632 69 2299
325 7615 75 2310
326 7600 75 2325
327 7586 76 2338
328 7571 80 2349
329 7553 84 2363
330 7543 84 2373
331 7525 85 2390
332 7500 95 2405
333 7473 106 2421
334 7456 106 2438
335 7438 101 2461
336 7419 105 2476
337 7399 110 2491
338 7388 102 2510
339 7366 104 2530
340 7346 105 2549
341 7328 104 2568
342 7306 111 2583
343 7293 104 2603
344 7268 113 2619
345 7251 111 2638
346 7232 115 2653
347 7209 110 2681
348 7192 108 2700
349 7159 124 2717
350 7135 126 2739
351 7107 124 2769
352 7086 121 2793
353 7061 129 2810
354 7037 132 2831
355 7011 138 2851
356 6989 134 2877
357 6961 139 2900
358 6949 132 2919
359 6934 126 2940
360 6914 122 2964
361 6889 131 2980
362 6867 135 2998
363 6838 148 3014
364 6796 156 3048
365 6777 138 3085
366 6752 130 3118
367 6733 127 3140
368 6712 122 3166
369 6698 111 3191
370 6679 114 3207
371 6655 125 3220
372 6627 128 3245
373 6598 133 3269
374 6573 145 3282
375 6547 151 3302
376 6523 159 3318
377 6500 154 3346
378 6471 153 3376
379 6431 166 3403
380 6400 166 3434
381 6374 173 3453
382 6356 166 3478
383 6335 154 3511
384 6298 165 3537
385 6265 176 3559
386 6229 186 3585
387 6209 165 3626
388 6176 171 3653
389 6154 157 3689
390 6132 148 3720
391 6118 132 3750
392 6094 132 3774
393 6074 133 3793
394 6049 142 3809
395 6033 139 3828
396 6004 135 3861
397 5981 135 3884
398 5966 125 3909
399 5948 128 3924
400 5920 137 3943
401 5888 143 3969
402 5876 136 3988
403 5849 136 4015
404 5839 115 4046
405 5822 116 4062
406 5805 113 4082
407 5782 116 4102
408 5763 117 4120
409 5731 128 4141
410 5699 135 4166
411 5678 126 4196
412 5659 129 4212
413 5639 128 4233
414 5609 137 4254
415 5593 128 4279
416 5572 131 4297
417 5560 118 4322
418 5535 121 4344
419 5514 118 4368
420 5502 107 4391
421 5487 102 4411
422 5470 100 4430
423 5446 104 4450
424 5428 107 4465
425 5406 111 4483
426 5379 122 4499
427 5357 131 4512
428 5329 132 4539
429 5309 127 4564
430 5288 131 4581
431 5267 126 4607
432 5237 134 4629
433 5215 130 4655
434 5201 121 4678
435 5179 124 4697
436 5158 115 4727
437 5143 108 4749
438 5131 104 4765
439 5100 115 4785
440 5075 121 4804
441 5042 134 4824
442 5016 138 4846
443 4992 136 4872
444 4965 146 4889
445 4937 151 4912
446 4911 148 4941
447 4885 142 4973
448 4854 144 5002
449 4825 142 5033
450 4796 141 5063
451 4765 147 5088
452 4744 137 5119
453 4722 139 5139
454 4703 130 5167
455 4684 128 5188
456 4659 131 5210
457 4631 138 5231
458 4603 140 5257
459 4569 150 5281
460 4544 148 5308
461 4518 143 5339
462 4491 146 5363
463 4456 149 5395
464 4427 158 5415
465 4396 158 5446
466 4380 137 5483
467 4358 133 5509
468 4347 120 5533
469 4330 117 5553
470 4316 109 5575
471 4292 115 5593
472 4266 119 5615
473 4240 116 5644
474 4219 122 5659
475 4200 120 5680
476 4174 131 5695
477 4155 129 5716
478 4131 130 5739
479 4100 142 5758
480 4065 152 5783
481 4026 158 5816
482 3998 161 5841
483 3974 162 5864
484 3948 162 5890
485 3922 158 5920
486 3906 153 5941
487 3881 138 5981
488 3851 148 6001
489 3825 150 6025
490 3790 149 6061
491 3765 146 6089
492 3731 158 6111
493 3695 163 6142
494 3675 158 6167
495 3642 162 6196
496 3622 161 6217
497 3599 155 6246
498 3582 144 6274
499 3564 143 6293
500 3537 147 6316
501 3520 140 6340
502 3503 130 6367
503 3484 129 6387
504 3464 126 6410
505 3439 129 6432
506 3419 127 6454
507 3389 136 6475
508 3367 135 6498
509 3346 133 6521
510 3326 132 6542
511 3298 136 6566
512 3268 140 6592
513 3246 137 6617
514 3220 136 6644
515 3196 139 6665
516 3165 145 6690
517 3140 146 6714
518 3126 131 6743
519 3107 126 6767
520 3086 123 6791
521 3077 109 6814
522 3056 103 6841
523 3042 100 6858
524 3023 104 6873
525 3010 97 6893
526 2997 95 6908
527 2986 95 6919
528 2964 97 6939
529 2948 92 6960
530 2936 88 6976
531 2913 106 6981
532 2890 116 6994
533 2874 107 7019
534 2848 119 7033
535 2830 119 7051
536 2813 122 7065
537 2800 118 7082
538 2784 118 7098
539 2768 116 7116
540 2758 106 7136
541 2744 104 7152
542 2732 96 7172
543 2721 90 7189
544 2712 81 7207
545 2697 78 7225
546 2680 82 7238
547 2669 79 7252
548 2659 80 7261
549 2640 89 7271
550 2626 93 7281
551 2620 83 7297
552 2609 78 7313
553 2598 74 7328
554 2593 70 7337
555 2584 69 7347
556 2573 74 7353
557 2562 76 7362
558 2551 70 7379
559 2541 65 7394
560 2532 68 7400
561 2521 63 7416
562 2507 67 7426
563 2499 65 7436
564 2488 60 7452
565 2478 57 7465
566 2478 48 7474
567 2473 46 7481
568 2467 41 7492
569 2461 39 7500
570 2460 32 7508
571 2454 33 7513
572 2448 34 7518
573 2444 34 7522
574 2435 39 7526
575 2432 41 7527
576 2428 34 7538
577 2424 35 7541
578 2419 33 7548
579 2413 35 7552
580 2408 33 7559
581 2403 36 7561
582 2401 31 7568
583 2399 31 7570
584 2397 30 7573
585 2392 29 7579
586 2390 26 7584
587 2384 28 7588
588 2380 24 7596
589 2378 23 7599
590 2375 24 7601
591 2373 19 7608
592 2371 20 7609
593 2371 16 7613
594 2368 15 7617
595 2366 15 7619
596 2366 10 7624
597 2366 8 7626
598 2364 10 7626
599 2364 9 7627
600 2363 8 7629
601 2363 5 7632
602 2362 5 7633
603 2362 2 7636
604 2362 1 7637
605 2362 0 7638
606 2362 0 7638
607 2362 0 7638
608 2362 0 7638
609 2362 0 7638
610 2362 0 7638
611 2362 0 7638
612 2362 0 7638
613 2362 0 7638
614 2362 0 7638
615 2362 0 7638
616 2362 0 7638
617 2362 0 7638
618 2362 0 7638
619 2362 0 7638
620 2362 0 7638
621 2362 0 7638
622 2362 0 7638
623 2362 0 7638
624 2362 0 7638
625 2362 0 7638
626 2362 0 7638
627 2362 0 7638
628 2362 0 7638
629 2362 0 7638
630 2362 0 7638
631 2362 0 7638
632 2362 0 7638
633 2362 0 7638
634 2362 0 7638
635 2362 0 7638
636 2362 0 7638
637 2362 0 7638
638 2362 0 7638
639 2362 0 7638
640 2362 0 7638
641 2362 0 7638
642 2362 0 7638
643 2362 0 7638
644 2362 0 7638
645 2362 0 7638
646 2362 0 7638
647 2362 0 7638
648 2362 0 7638
649 2362 0 7638
650 2362 0 7638
651 2362 0 7638
652 2362 0 7638
653 2362 0 7638
654 2362 0 7638
655 2362 0 7638
656 2362 0 7638
657 2362 0 7638
658 2362 0 7638
659 2362 0 7638
660 2362 0 7638
661 2362 0 7638
662 2362 0 7638
663 2362 0 7638
664 2362 0 7638
665 2362 0 7638
666 2362 0 7638
667 2362 0 7638
668 2362 0 7638
669 2362 0 7638
670 2362 0 7638
671 2362 0 7638
672 2362 0 7638
673 2362 0 7638
674 2362 0 7638
675 2362 0 7638
676 2362 0 7638
677 2362 0 7638
678 2362 0 7638
679 2362 0 7638
680 2362 0 7638
681 2362 0 7638
682 2362 0 7638
683 2362 0 7638
684 2362 0 7638
685 2362 0 7638
686 2362 0 7638
687 2362 0 7638
688 2362 0 7638
689 2362 0 7638
690 2362 0 7638
691 2362 0 7638
692 2362 0 7638
693 2362 0 7638
694 2362 0 7638
695 2362 0 7638
696 2362 0 7638
697 2362 0 7638
698 2362 0 7638
699 2362 0 7638
700 2362 0 7638
701 2362 0 7638
702 2362 0 7638
703 2362 0 7638
704 2362 0 7638
705 2362 0 7638
706 2362 0 7638
707 2362 0 7638
708 2362 0 7638
709 2362 0 7638
710 2362 0 7638
711 2362 0 7638
712 2362 0 7638
713 2362 0 7638
714 2362 0 7638
715 2362 0 7638
716 2362 0 7638
717 2362 0 7638
718 2362 0 7638
719 2362 0 7638
720 2362 0 7638
721 2362 0 7638
722 2362 0 7638
723 2362 0 7638
724 2362 0 7638
725 2362 0 7638
726 2362 0 7638
727 2362 0 7638
728 2362 0 7638
729 2362 0 7638
730 2362 0 7638
731 2362 0 7638
732 2362 0 7638
733 2362 0 7638
734 2362 0 7638
735 2362 0 7638
736 2362 0 7638
737 2362 0 7638
738 2362 0 7638
739 2362 0 7638
740 2362 0 7638
741 2362 0 7638
742 2362 0 7638
743 2362 0 7638
744 2362 0 7638
745 2362 0 7638
746 2362 0 7638
747 2362 0 7638
748 2362 0 7638
749 2362 0 7638
750 2362 0 7638
751 2362 0 7638
752 2362 0 7638
753 2362 0 7638
754 2362 0 7638
755 2362 0 7638
756 2362 0 7638
757 2362 0 7638
758 2362 0 7638
759 2362 0 7638
760 2362 0 7638
761 2362 0 7638
762 2362 0 7638
763 2362 0 7638
764 2362 0 7638
765 2362 0 7638
766 2362 0 7638
767 2362 0 7638
768 2362 0 7638
769 2362 0 7638
770 2362 0 7638
771 2362 0 7638
772 2362 0 7638
773 2362 0 7638
774 2362 0 7638
775 2362 0 7638
776 2362 0 7638
777 2362 0 7638
778 2362 0 7638
779 2362 0 7638
780 2362 0 7638
781 2362 0 7638
782 2362 0 7638
783 2362 0 7638
784 2362 0 7638
785 2362 0 7638
786 2362 0 7638
787 2362 0 7638
788 2362 0 7638
789 2362 0 7638
790 2362 0 7638
791 2362 0 7638
792 2362 0 7638
793 2362 0 7638
794 2362 0 7638
795 2362 0 7638
796 2362 0 7638
797 2362 0 7638
798 2362 0 7638
799 2362 0 7638
800 2362 0 7638
801 2362 0 7638
802 2362 0 7638
803 2362 0 7638
804 2362 0 7638
805 2362 0 7638
806 2362 0 7638
807 2362 0 7638
808 2362 0 7638
809 2362 0 7638
810 2362 0 7638
811 2362 0 7638
812 2362 0 7638
813 2362 0 7638
814 2362 0 7638
815 2362 0 7638
816 2362 0 7638
817 2362 0 7638
818 2362 0 7638
819 2362 0 7638
820 2362 0 7638
821 2362 0 7638
822 2362 0 7638
823 2362 0 7638
824 2362 0 7638
825 2362 0 7638
826 2362 0 7638
827 2362 0 7638
828 2362 0 7638
829 2362 0 7638
830 2362 0 7638
831 2362 0 7638
832 2362 0 7638
833 2362 0 7638
834 2362 0 7638
835 2362 0 7638
836 2362 0 7638
837 2362 0 7638
838 2362 0 7638
839 2362 0 7638
840 2362 0 7638
841 2362 0 7638
842 2362 0 7638
843 2362 0 7638
844 2362 0 7638
845 2362 0 7638
846 2362 0 7638
847 2362 0 7638
848 2362 0 7638
849 2362 0 7638
850 2362 0 7638
851 2362 0 7638
852 2362 0 7638
853 2362 0 7638
854 2362 0 7638
855 2362 0 7638
856 2362 0 7638
857 2362 0 7638
858 2362 0 7638
859 2362 0 7638
860 2362 0 7638
861 2362 0 7638
862 2362 0 7638
863 2362 0 7638
864 2362 0 7638
865 2362 0 7638
866 2362 0 7638
867 2362 0 7638
868 2362 0 7638
869 2362 0 7638
870 2362 0 7638
871 2362 0 7638
872 2362 0 7638
873 2362 0 7638
874 2362 0 7638
875 2362 0 7638
876 2362 0 7638
877 2362 0 7638
878 2362 0 7638
879 2362 0 7638
880 2362 0 7638
881 2362 0 7638
882 2362 0 7638
883 2362 0 7638
884 2362 0 7638
885 2362 0 7638
886 2362 0 7638
887 2362 0 7638
888 2362 0 7638
889 2362 0 7638
890 2362 0 7638
891 2362 0 7638
892 2362 0 7638
893 2362 0 7638
894 2362 0 7638
895 2362 0 7638
896 2362 0 7638
897 2362 0 7638
898 2362 0 7638
899 2362 0 7638
900 2362 0 7638
901 2362 0 7638
902 2362 0 7638
903 2362 0 7638
904 2362 0 7638
905 2362 0 7638
906 2362 0 7638
907 2362 0 7638
908 2362 0 7638
909 2362 0 7638
910 2362 0 7638
911 2362 0 7638
912 2362 0 7638
913 2362 0 7638
914 2362 0 7638
915 2362 0 7638
916 2362 0 7638
917 2362 0 7638
918 2362 0 7638
919 2362 0 7638
920 2362 0 7638
921 2362 0 7638
922 2362 0 7638
923 2362 0 7638
924 2362 0 7638
925 2362 0 7638
926 2362 0 7638
927 2362 0 7638
928 2362 0 7638
929 2362 0 7638
930 2362 0 7638
931 2362 0 7638
932 2362 0 7638
933 2362 0 7638
934 2362 0 7638
935 2362 0 7638
936 2362 0 7638
937 2362 0 7638
938 2362 0 7638
939 2362 0 7638
940 2362 0 7638
941 2362 0 7638
942 2362 0 7638
943 2362 0 7638
944 2362 0 7638
945 2362 0 7638
946 2362 0 7638
947 2362 0 7638
948 2362 0 7638
949 2362 0 7638
950 2362 0 7638
951 2362 0 7638
952 2362 0 7638
953 2362 0 7638
954 2362 0 7638
955 2362 0 7638
956 2362 0 7638
957 2362 0 7638
958 2362 0 7638
959 2362 0 7638
960 2362 0 7638
961 2362 0 7638
962 2362 0 7638
963 2362 0 7638
964 2362 0 7638
965 2362 0 7638
966 2362 0 7638
967 2362 0 7638
968 2362 0 7638
969 2362 0 7638
970 2362 0 7638
971 2362 0 7638
972 2362 0 7638
973 2362 0 7638
974 2362 0 7638
975 2362 0 7638
976 2362 0 7638
977 2362 0 7638
978 2362 0 7638
979 2362 0 7638
980 2362 0 7638
981 2362 0 7638
982 2362 0 7638
983 2362 0 7638
984 2362 0 7638
985 2362 0 7638
986 2362 0 7638
987 2362 0 7638
988 2362 0 7638
989 2362 0 7638
990 2362 0 7638
991 2362 0 7638
992 2362 0 7638
993 2362 0 7638
994 2362 0 7638
995 2362 0 7638
996 2362 0 7638
997 2362 0 7638
998 2362 0 7638
999 2362 0 7638
