0 9999 1 0
1 9996 4 0
2 9996 4 0
3 9995 5 0
4 9995 5 0
5 9994 3 3
6 9993 4 3
7 9993 3 4
8 9992 3 5
9 9992 1 7
10 9992 1 7
11 9991 2 7
12 9991 2 7
13 9990 2 8
14 9989 2 9
15 9988 3 9
16 9986 5 9
17 9983 8 9
18 9979 11 10
19 9976 10 14
20 9973 12 15
21 9971 9 20
22 9968 11 21
23 9966 12 22
24 9962 13 25
25 9958 14 28
26 9952 18 30
27 9949 18 33
28 9948 16 36
29 9947 14 39
30 9944 15 41
31 9941 18 41
32 9938 19 43
33 9936 13 51
34 9935 13 52
35 9930 15 55
36 9928 14 58
37 9922 20 58
38 9919 19 62
39 9911 25 64
40 9904 28 68
41 9902 27 71
42 9892 28 80
43 9881 35 84
44 9866 42 92
45 9859 40 101
46 9847 45 108
47 9826 56 118
48 9816 57 127
49 9809 55 136
50 9797 59 144
51 9792 55 153
52 9780 58 162
53 9767 64 169
54 9756 60 184
55 9740 64 196
56 9722 72 206
57 9709 68 223
58 9695 73 232
59 9689 72 239
60 9674 76 250
61 9657 77 266
62 9641 80 279
63 9625 78 297
64 9616 71 313
65 9603 72 325
66 9582 77 341
67 9568 74 358
68 9554 80 366
69 9533 86 381
70 9508 100 392
71 9481 111 408
72 9458 115 427
73 9431 122 447
74 9404 128 468
75 9372 142 486
76 9352 141 507
77 9330 131 539
78 9303 131 566
79 9267 147 586
80 9244 142 614
81 9219 140 641
82 9190 146 664
83 9154 162 684
84 9111 176 713
85 9077 182 741
86 9047 181 772
87 9004 195 801
88 8971 202 827
89 8942 202 856
90 8914 190 896
91 8889 183 928
92 8860 183 957
93 8827 178 995
94 8788 189 1023
95 8756 185 1059
96 8726 189 1085
97 8688 196 1116
98 8648 201 1151
99 8616 199 1185
100 8574 212 1214
101 8536 220 1244
102 8505 210 1285
103 8472 203 1325
104 8449 199 1352
105 8422 186 1392
106 8390 175 1435
107 8363 176 1461
108 8329 179 1492
109 8293 186 1521
110 8258 185 1557
111 8224 194 1582
112 8187 203 1610
113 8162 191 1647
114 8127 193 1680
115 8114 173 1713
116 8088 178 1734
117 8065 175 1760
118 8041 170 1789
119 8010 181 1809
120 7985 168 1847
121 7968 158 1874
122 7943 164 1893
123 7917 153 1930
124 7888 160 1952
125 7861 158 1981
126 7821 167 2012
127 7793 163 2044
128 7759 166 2075
129 7731 163 2106
130 7694 171 2135
131 7657 162 2181
132 7615 176 2209
133 7587 172 2241
134 7563 176 2261
135 7527 180 2293
136 7503 175 2322
137 7481 173 2346
138 7453 168 2379
139 7421 168 2411
140 7398 163 2439
141 7367 163 2470
142 7348 149 2503
143 7319 154 2527
144 7297 155 2548
145 7258 169 2573
146 7228 153 2619
147 7188 161 2651
148 7149 162 2689
149 7125 147 2728
150 7100 151 2749
151 7075 141 2784
152 7034 157 2809
153 7012 149 2839
154 6978 151 2871
155 6944 155 2901
156 6908 169 2923
157 6880 170 2950
158 6848 174 2978
159 6812 186 3002
160 6768 197 3035
161 6731 188 3081
162 6696 186 3118
163 6661 187 3152
164 6606 207 3187
165 6571 207 3222
166 6519 217 3264
167 6485 211 3304
168 6451 204 3345
169 6412 209 3379
170 6359 220 3421
171 6322 218 3460
172 6286 212 3502
173 6254 201 3545
174 6205 217 3578
175 6159 216 3625
176 6118 221 3661
177 6077 232 3691
178 6033 225 3742
179 5988 233 3779
180 5931 255 3814
181 5888 248 3864
182 5827 268 3905
183 5775 268 3957
184 5717 286 3997
185 5669 282 4049
186 5618 285 4097
187 5563 294 4143
188 5500 296 4204
189 5446 301 4253
190 5388 315 4297
191 5335 312 4353
192 5279 325 4396
193 5220 325 4455
194 5166 324 4510
195 5112 320 4568
196 5061 327 4612
197 5019 324 4657
198 4963 321 4716
199 4913 309 4778
200 4854 314 4832
201 4778 346 4876
202 4725 340 4935
203 4676 319 5005
204 4622 319 5059
205 4570 324 5106
206 4513 315 5172
207 4446 311 5243
208 4390 316 5294
209 4339 311 5350
210 4281 317 5402
211 4225 321 5454
212 4162 323 5515
213 4114 324 5562
214 4062 325 5613
215 4009 329 5662
216 3961 324 5715
217 3896 323 5781
218 3842 319 5839
219 3804 306 5890
220 3759 289 5952
221 3715 291 5994
222 3671 271 6058
223 3630 271 6099
224 3600 267 6133
225 3558 255 6187
226 3515 262 6223
227 3470 252 6278
228 3431 254 6315
229 3383 260 6357
230 3349 249 6402
231 3296 262 6442
232 3259 259 6482
233 3218 259 6523
234 3170 266 6564
235 3135 257 6608
236 3096 242 6662
237 3061 237 6702
238 3029 225 6746
239 3000 218 6782
240 2970 206 6824
241 2938 197 6865
242 2914 189 6897
243 2886 180 6934
244 2867 159 6974
245 2842 158 7000
246 2820 150 7030
247 2796 143 7061
248 2779 135 7086
249 2762 120 7118
250 2747 115 7138
251 2718 130 7152
252 2700 133 7167
253 2689 125 7186
254 2667 124 7209
255 2653 110 7237
256 2625 122 7253
257 2604 120 7276
258 2586 113 7301
259 2573 108 7319
260 2555 106 7339
261 2545 93 7362
262 2539 83 7378
263 2533 71 7396
264 2522 70 7408
265 2512 69 7419
266 2507 63 7430
267 2500 59 7441
268 2495 56 7449
269 2485 56 7459
270 2481 50 7469
271 2474 50 7476
272 2463 53 7484
273 2458 47 7495
274 2448 48 7504
275 2440 46 7514
276 2432 47 7521
277 2423 47 7530
278 2417 46 7537
279 2414 42 7544
280 2408 41 7551
281 2399 41 7560
282 2391 41 7568
283 2385 45 7570
284 2381 41 7578
285 2377 35 7588
286 2367 38 7595
287 2361 38 7601
288 2354 39 7607
289 2353 33 7614
290 2350 32 7618
291 2349 30 7621
292 2345 27 7628
293 2340 26 7634
294 2339 22 7639
295 2336 20 7644
296 2332 20 7648
297 2327 22 7651
298 2320 24 7656
299 2318 20 7662
300 2317 17 7666
301 2313 17 7670
302 2311 15 7674
303 2309 13 7678
304 2307 13 7680
305 2305 7 7688
306 2299 10 7691
307 2298 9 7693
308 2294 11 7695
309 2291 12 7697
310 2290 9 7701
311 2289 10 7701
312 2289 10 7701
313 2286 12 7702
314 2285 9 7706
315 2284 9 7707
316 2280 12 7708
317 2277 13 7710
318 2277 10 7713
319 2274 12 7714
320 2271 13 7716
321 2265 17 7718
322 2259 19 7722
323 2256 20 7724
324 2251 23 7726
325 2244 29 7727
326 2238 31 7731
327 2227 37 7736
328 2221 39 7740
329 2217 37 7746
330 2210 41 7749
331 2200 46 7754
332 2191 47 7762
333 2173 55 7772
334 2163 56 7781
335 2154 55 7791
336 2139 59 7802
337 2118 72 7810
338 2103 75 7822
339 2086 82 7832
340 2067 89 7844
341 2044 100 7856
342 2034 95 7871
343 2021 89 7890
344 2002 95 7903
345 1989 90 7921
346 1976 85 7939
347 1962 88 7950
348 1948 94 7958
349 1939 89 7972
350 1934 79 7987
351 1921 81 7998
352 1914 79 8007
353 1906 72 8022
354 1898 63 8039
355 1889 60 8051
356 1884 55 8061
357 1882 44 8074
358 1877 38 8085
359 1871 37 8092
360 1865 42 8093
361 1857 43 8100
362 1851 38 8111
363 1845 41 8114
364 1842 34 8124
365 1835 34 8131
366 1833 31 8136
367 1826 33 8141
368 1823 25 8152
369 1822 22 8156
370 1816 23 8161
371 1814 22 8164
372 1811 20 8169
373 1811 16 8173
374 1809 17 8174
375 1805 18 8177
376 1804 17 8179
377 1802 14 8184
378 1801 11 8188
379 1800 11 8189
380 1798 10 8192
381 1795 12 8193
382 1792 15 8193
383 1791 15 8194
384 1791 15 8194
385 1790 14 8196
386 1788 13 8199
387 1787 14 8199
388 1787 13 8200
389 1786 12 8202
390 1785 10 8205
391 1785 8 8207
392 1785 6 8209
393 1783 7 8210
394 1783 6 8211
395 1783 6 8211
396 1783 5 8212
397 1783 4 8213
398 1783 4 8213
399 1783 3 8214
400 1783 2 8215
401 1783 2 8215
402 1783 2 8215
403 1783 2 8215
404 1783 0 8217
405 1783 0 8217
406 1783 0 8217
407 1783 0 8217
408 1783 0 8217
409 1783 0 8217
410 1783 0 8217
411 1783 0 8217
412 1783 0 8217
413 1783 0 8217
414 1783 0 8217
415 1783 0 8217
416 1783 0 8217
417 1783 0 8217
418 1783 0 8217
419 1783 0 8217
420 1783 0 8217
421 1783 0 8217
422 1783 0 8217
423 1783 0 8217
424 1783 0 8217
425 1783 0 8217
426 1783 0 8217
427 1783 0 8217
428 1783 0 8217
429 1783 0 8217
430 1783 0 8217
431 1783 0 8217
432 1783 0 8217
433 1783 0 8217
434 1783 0 8217
435 1783 0 8217
436 1783 0 8217
437 1783 0 8217
438 1783 0 8217
439 1783 0 8217
440 1783 0 8217
441 1783 0 8217
442 1783 0 8217
443 1783 0 8217
444 1783 0 8217
445 1783 0 8217
446 1783 0 8217
447 1783 0 8217
448 1783 0 8217
449 1783 0 8217
450 1783 0 8217
451 1783 0 8217
452 1783 0 8217
453 1783 0 8217
454 1783 0 8217
455 1783 0 8217
456 1783 0 8217
457 1783 0 8217
458 1783 0 8217
459 1783 0 8217
460 1783 0 8217
461 1783 0 8217
462 1783 0 8217
463 1783 0 8217
464 1783 0 8217
465 1783 0 8217
466 1783 0 8217
467 1783 0 8217
468 1783 0 8217
469 1783 0 8217
470 1783 0 8217
471 1783 0 8217
472 1783 0 8217
473 1783 0 8217
474 1783 0 8217
475 1783 0 8217
476 1783 0 8217
477 1783 0 8217
478 1783 0 8217
479 1783 0 8217
480 1783 0 8217
481 1783 0 8217
482 1783 0 8217
483 1783 0 8217
484 1783 0 8217
485 1783 0 8217
486 1783 0 8217
487 1783 0 8217
488 1783 0 8217
489 1783 0 8217
490 1783 0 8217
491 1783 0 8217
492 1783 0 8217
493 1783 0 8217
494 1783 0 8217
495 1783 0 8217
496 1783 0 8217
497 1783 0 8217
498 1783 0 8217
499 1783 0 8217
500 1783 0 8217
501 1783 0 8217
502 1783 0 8217
503 1783 0 8217
504 1783 0 8217
505 1783 0 8217
506 1783 0 8217
507 1783 0 8217
508 1783 0 8217
509 1783 0 8217
510 1783 0 8217
511 1783 0 8217
512 1783 0 8217
513 1783 0 8217
514 1783 0 8217
515 1783 0 8217
516 1783 0 8217
517 1783 0 8217
518 1783 0 8217
519 1783 0 8217
520 1783 0 8217
521 1783 0 8217
522 1783 0 8217
523 1783 0 8217
524 1783 0 8217
525 1783 0 8217
526 1783 0 8217
527 1783 0 8217
528 1783 0 8217
529 1783 0 8217
530 1783 0 8217
531 1783 0 8217
532 1783 0 8217
533 1783 0 8217
534 1783 0 8217
535 1783 0 8217
536 1783 0 8217
537 1783 0 8217
538 1783 0 8217
539 1783 0 8217
540 1783 0 8217
541 1783 0 8217
542 1783 0 8217
543 1783 0 8217
544 1783 0 8217
545 1783 0 8217
546 1783 0 8217
547 1783 0 8217
548 1783 0 8217
549 1783 0 8217
550 1783 0 8217
551 1783 0 8217
552 1783 0 8217
553 1783 0 8217
554 1783 0 8217
555 1783 0 8217
556 1783 0 8217
557 1783 0 8217
558 1783 0 8217
559 1783 0 8217
560 1783 0 8217
561 1783 0 8217
562 1783 0 8217
563 1783 0 8217
564 1783 0 8217
565 1783 0 8217
566 1783 0 8217
567 1783 0 8217
568 1783 0 8217
569 1783 0 8217
570 1783 0 8217
571 1783 0 8217
572 1783 0 8217
573 1783 0 8217
574 1783 0 8217
575 1783 0 8217
576 1783 0 8217
577 1783 0 8217
578 1783 0 8217
579 1783 0 8217
580 1783 0 8217
581 1783 0 8217
582 1783 0 8217
583 1783 0 8217
584 1783 0 8217
585 1783 0 8217
586 1783 0 8217
587 1783 0 8217
588 1783 0 8217
589 1783 0 8217
590 1783 0 8217
591 1783 0 8217
592 1783 0 8217
593 1783 0 8217
594 1783 0 8217
595 1783 0 8217
596 1783 0 8217
597 1783 0 8217
598 1783 0 8217
599 1783 0 8217
600 1783 0 8217
601 1783 0 8217
602 1783 0 8217
603 1783 0 8217
604 1783 0 8217
605 1783 0 8217
606 1783 0 8217
607 1783 0 8217
608 1783 0 8217
609 1783 0 8217
610 1783 0 8217
611 1783 0 8217
612 1783 0 8217
613 1783 0 8217
614 1783 0 8217
615 1783 0 8217
616 1783 0 8217
617 1783 0 8217
618 1783 0 8217
619 1783 0 8217
620 1783 0 8217
621 1783 0 8217
622 1783 0 8217
623 1783 0 8217
624 1783 0 8217
625 1783 0 8217
626 1783 0 8217
627 1783 0 8217
628 1783 0 8217
629 1783 0 8217
630 1783 0 8217
631 1783 0 8217
632 1783 0 8217
633 1783 0 8217
634 1783 0 8217
635 1783 0 8217
636 1783 0 8217
637 1783 0 8217
638 1783 0 8217
639 1783 0 8217
640 1783 0 8217
641 1783 0 8217
642 1783 0 8217
643 1783 0 8217
644 1783 0 8217
645 1783 0 8217
646 1783 0 8217
647 1783 0 8217
648 1783 0 8217
649 1783 0 8217
650 1783 0 8217
651 1783 0 8217
652 1783 0 8217
653 1783 0 8217
654 1783 0 8217
655 1783 0 8217
656 1783 0 8217
657 1783 0 8217
658 1783 0 8217
659 1783 0 8217
660 1783 0 8217
661 1783 0 8217
662 1783 0 8217
663 1783 0 8217
664 1783 0 8217
665 1783 0 8217
666 1783 0 8217
667 1783 0 8217
668 1783 0 8217
669 1783 0 8217
670 1783 0 8217
671 1783 0 8217
672 1783 0 8217
673 1783 0 8217
674 1783 0 8217
675 1783 0 8217
676 1783 0 8217
677 1783 0 8217
678 1783 0 8217
679 1783 0 8217
680 1783 0 8217
681 1783 0 8217
682 1783 0 8217
683 1783 0 8217
684 1783 0 8217
685 1783 0 8217
686 1783 0 8217
687 1783 0 8217
688 1783 0 8217
689 1783 0 8217
690 1783 0 8217
691 1783 0 8217
692 1783 0 8217
693 1783 0 8217
694 1783 0 8217
695 1783 0 8217
696 1783 0 8217
697 1783 0 8217
698 1783 0 8217
699 1783 0 8217
700 1783 0 8217
701 1783 0 8217
702 1783 0 8217
703 1783 0 8217
704 1783 0 8217
705 1783 0 8217
706 1783 0 8217
707 1783 0 8217
708 1783 0 8217
709 1783 0 8217
710 1783 0 8217
711 1783 0 8217
712 1783 0 8217
713 1783 0 8217
714 1783 0 8217
715 1783 0 8217
716 1783 0 8217
717 1783 0 8217
718 1783 0 8217
719 1783 0 8217
720 1783 0 8217
721 1783 0 8217
722 1783 0 8217
723 1783 0 8217
724 1783 0 8217
725 1783 0 8217
726 1783 0 8217
727 1783 0 8217
728 1783 0 8217
729 1783 0 8217
730 1783 0 8217
731 1783 0 8217
732 1783 0 8217
733 1783 0 8217
734 1783 0 8217
735 1783 0 8217
736 1783 0 8217
737 1783 0 8217
738 1783 0 8217
739 1783 0 8217
740 1783 0 8217
741 1783 0 8217
742 1783 0 8217
743 1783 0 8217
744 1783 0 8217
745 1783 0 8217
746 1783 0 8217
747 1783 0 8217
748 1783 0 8217
749 1783 0 8217
750 1783 0 8217
751 1783 0 8217
752 1783 0 8217
753 1783 0 8217
754 1783 0 8217
755 1783 0 8217
756 1783 0 8217
757 1783 0 8217
758 1783 0 8217
759 1783 0 8217
760 1783 0 8217
761 1783 0 8217
762 1783 0 8217
763 1783 0 8217
764 1783 0 8217
765 1783 0 8217
766 1783 0 8217
767 1783 0 8217
768 1783 0 8217
769 1783 0 8217
770 1783 0 8217
771 1783 0 8217
772 1783 0 8217
773 1783 0 8217
774 1783 0 8217
775 1783 0 8217
776 1783 0 8217
777 1783 0 8217
778 1783 0 8217
779 1783 0 8217
780 1783 0 8217
781 1783 0 8217
782 1783 0 8217
783 1783 0 8217
784 1783 0 8217
785 1783 0 8217
786 1783 0 8217
787 1783 0 8217
788 1783 0 8217
789 1783 0 8217
790 1783 0 8217
791 1783 0 8217
792 1783 0 8217
793 1783 0 8217
794 1783 0 8217
795 1783 0 8217
796 1783 0 8217
797 1783 0 8217
798 1783 0 8217
799 1783 0 8217
800 1783 0 8217
801 1783 0 8217
802 1783 0 8217
803 1783 0 8217
804 1783 0 8217
805 1783 0 8217
806 1783 0 8217
807 1783 0 8217
808 1783 0 8217
809 1783 0 8217
810 1783 0 8217
811 1783 0 8217
812 1783 0 8217
813 1783 0 8217
814 1783 0 8217
815 1783 0 8217
816 1783 0 8217
817 1783 0 8217
818 1783 0 8217
819 1783 0 8217
820 1783 0 8217
821 1783 0 8217
822 1783 0 8217
823 1783 0 8217
824 1783 0 8217
825 1783 0 8217
826 1783 0 8217
827 1783 0 8217
828 1783 0 8217
829 1783 0 8217
830 1783 0 8217
831 1783 0 8217
832 1783 0 8217
833 1783 0 8217
834 1783 0 8217
835 1783 0 8217
836 1783 0 8217
837 1783 0 8217
838 1783 0 8217
839 1783 0 8217
840 1783 0 8217
841 1783 0 8217
842 1783 0 8217
843 1783 0 8217
844 1783 0 8217
845 1783 0 8217
846 1783 0 8217
847 1783 0 8217
848 1783 0 8217
849 1783 0 8217
850 1783 0 8217
851 1783 0 8217
852 1783 0 8217
853 1783 0 8217
854 1783 0 8217
855 1783 0 8217
856 1783 0 8217
857 1783 0 8217
858 1783 0 8217
859 1783 0 8217
860 1783 0 8217
861 1783 0 8217
862 1783 0 8217
863 1783 0 8217
864 1783 0 8217
865 1783 0 8217
866 1783 0 8217
867 1783 0 8217
868 1783 0 8217
869 1783 0 8217
870 1783 0 8217
871 1783 0 8217
872 1783 0 8217
873 1783 0 8217
874 1783 0 8217
875 1783 0 8217
876 1783 0 8217
877 1783 0 8217
878 1783 0 8217
879 1783 0 8217
880 1783 0 8217
881 1783 0 8217
882 1783 0 8217
883 1783 0 8217
884 1783 0 8217
885 1783 0 8217
886 1783 0 8217
887 1783 0 8217
888 1783 0 8217
889 1783 0 8217
890 1783 0 8217
891 1783 0 8217
892 1783 0 8217
893 1783 0 8217
894 1783 0 8217
895 1783 0 8217
896 1783 0 8217
897 1783 0 8217
898 1783 0 8217
899 1783 0 8217
900 1783 0 8217
901 1783 0 8217
902 1783 0 8217
903 1783 0 8217
904 1783 0 8217
905 1783 0 8217
906 1783 0 8217
907 1783 0 8217
908 1783 0 8217
909 1783 0 8217
910 1783 0 8217
911 1783 0 8217
912 1783 0 8217
913 1783 0 8217
914 1783 0 8217
915 1783 0 8217
916 1783 0 8217
917 1783 0 8217
918 1783 0 8217
919 1783 0 8217
920 1783 0 8217
921 1783 0 8217
922 1783 0 8217
923 1783 0 8217
924 1783 0 8217
925 1783 0 8217
926 1783 0 8217
927 1783 0 8217
928 1783 0 8217
929 1783 0 8217
930 1783 0 8217
931 1783 0 8217
932 1783 0 8217
933 1783 0 8217
934 1783 0 8217
935 1783 0 8217
936 1783 0 8217
937 1783 0 8217
938 1783 0 8217
939 1783 0 8217
940 1783 0 8217
941 1783 0 8217
942 1783 0 8217
943 1783 0 8217
944 1783 0 8217
945 1783 0 8217
946 1783 0 8217
947 1783 0 8217
948 1783 0 8217
949 1783 0 8217
950 1783 0 8217
951 1783 0 8217
952 1783 0 8217
953 1783 0 8217
954 1783 0 8217
955 1783 0 8217
956 1783 0 8217
957 1783 0 8217
958 1783 0 8217
959 1783 0 8217
960 1783 0 8217
961 1783 0 8217
962 1783 0 8217
963 1783 0 8217
964 1783 0 8217
965 1783 0 8217
966 1783 0 8217
967 1783 0 8217
968 1783 0 8217
969 1783 0 8217
970 1783 0 8217
971 1783 0 8217
972 1783 0 8217
973 1783 0 8217
974 1783 0 8217
975 1783 0 8217
976 1783 0 8217
977 1783 0 8217
978 1783 0 8217
979 1783 0 8217
980 1783 0 8217
981 1783 0 8217
982 1783 0 8217
983 1783 0 8217
984 1783 0 8217
985 1783 0 8217
986 1783 0 8217
987 1783 0 8217
988 1783 0 8217
989 1783 0 8217
990 1783 0 8217
991 1783 0 8217
992 1783 0 8217
993 1783 0 8217
994 1783 0 8217
995 1783 0 8217
996 1783 0 8217
997 1783 0 8217
998 1783 0 8217
999 1783 0 8217
