0 9999 1 0
1 9999 1 0
2 9999 1 0
3 9998 2 0
4 9995 4 1
5 9992 6 2
6 9992 6 2
7 9991 6 3
8 9986 11 3
9 9984 12 4
10 9979 12 9
11 9976 11 13
12 9971 12 17
13 9965 15 20
14 9961 14 25
15 9958 15 27
16 9951 19 30
17 9946 21 33
18 9941 21 38
19 9935 22 43
20 9925 29 46
21 9920 29 51
22 9914 27 59
23 9911 26 63
24 9907 25 68
25 9901 26 73
26 9896 26 78
27 9891 27 82
28 9883 30 87
29 9878 31 91
30 9873 29 98
31 9867 30 103
32 9861 30 109
33 9854 34 112
34 9848 29 123
35 9840 31 129
36 9828 37 135
37 9810 47 143
38 9801 49 150
39 9793 53 154
40 9782 59 159
41 9770 64 166
42 9760 62 178
43 9745 67 188
44 9730 66 204
45 9718 66 216
46 9702 70 228
47 9695 66 239
48 9683 69 248
49 9672 66 262
50 9664 68 268
51 9651 70 279
52 9637 72 291
53 9627 73 300
54 9619 70 311
55 9607 75 318
56 9591 78 331
57 9576 83 341
58 9561 85 354
59 9547 90 363
60 9528 93 379
61 9512 96 392
62 9496 94 410
63 9481 94 425
64 9465 96 439
65 9447 96 457
66 9437 90 473
67 9420 92 488
68 9409 89 502
69 9401 77 522
70 9391 72 537
71 9386 65 549
72 9374 66 560
73 9366 65 569
74 9359 63 578
75 9348 64 588
76 9341 57 602
77 9329 62 609
78 9312 64 624
79 9303 59 638
80 9289 63 648
81 9275 66 659
82 9266 64 670
83 9255 68 677
84 9242 62 696
85 9227 72 701
86 9218 71 711
87 9204 71 725
88 9190 76 734
89 9177 73 750
90 9163 76 761
91 9150 74 776
92 9129 84 787
93 9111 88 801
94 9090 84 826
95 9072 81 847
96 9056 79 865
97 9033 90 877
98 9020 88 892
99 9003 84 913
100 8994 79 927
101 8978 79 943
102 8960 82 958
103 8938 91 971
104 8914 99 987
105 8899 97 1004
106 8879 100 1021
107 8856 102 1042
108 8837 104 1059
109 8815 108 1077
110 8791 109 1100
111 8778 108 1114
112 8755 112 1133
113 8730 114 1156
114 8712 118 1170
115 8690 129 1181
116 8670 134 1196
117 8650 129 1221
118 8623 128 1249
119 8596 132 1272
120 8574 130 1296
121 8555 131 1314
122 8526 127 1347
123 8502 128 1370
124 8484 116 1400
125 8461 117 1422
126 8441 110 1449
127 8421 110 1469
128 8397 111 1492
129 8378 109 1513
130 8353 108 1539
131 8329 119 1552
132 8294 133 1573
133 8266 134 1600
134 8244 135 1621
135 8221 146 1633
136 8186 155 1659
137 8167 144 1689
138 8144 138 1718
139 8129 132 1739
140 8109 128 1763
141 8101 109 1790
142 8090 105 1805
143 8070 108 1822
144 8060 98 1842
145 8038 101 1861
146 8019 102 1879
147 8005 89 1906
148 7993 93 1914
149 7971 94 1935
150 7943 110 1947
151 7920 113 1967
152 7902 112 1986
153 7869 126 2005
154 7833 137 2030
155 7814 135 2051
156 7787 143 2070
157 7769 143 2088
158 7744 144 2112
159 7721 139 2140
160 7709 128 2163
161 7690 131 2179
162 7666 131 2203
163 7636 144 2220
164 7613 150 2237
165 7582 157 2261
166 7553 151 2296
167 7530 150 2320
168 7489 157 2354
169 7463 150 2387
170 7428 156 2416
171 7395 160 2445
172 7351 182 2467
173 7314 186 2500
174 7279 188 2533
175 7248 189 2563
176 7210 194 2596
177 7161 210 2629
178 7124 210 2666
179 7074 224 2702
180 7009 252 2739
181 6960 250 2790
182 6911 258 2831
183 6866 259 2875
184 6833 241 2926
185 6791 240 2969
186 6758 225 3017
187 6714 227 3059
188 6678 229 3093
189 6640 230 3130
190 6596 232 3172
191 6561 229 3210
192 6526 231 3243
193 6479 237 3284
194 6428 239 3333
195 6379 254 3367
196 6343 251 3406
197 6305 243 3452
198 6268 239 3493
199 6232 237 3531
200 6183 250 3567
201 6148 239 3613
202 6113 239 3648
203 6052 258 3690
204 6004 264 3732
205 5947 272 3781
206 5896 285 3819
207 5840 294 3866
208 5794 280 3926
209 5761 261 3978
210 5699 271 4030
211 5640 290 4070
212 5577 303 4120
213 5517 305 4178
214 5451 321 4228
215 5400 319 4281
216 5355 305 4340
217 5321 290 4389
218 5263 290 4447
219 5209 293 4498
220 5157 299 4544
221 5107 296 4597
222 5039 313 4648
223 4989 318 4693
224 4919 333 4748
225 4862 338 4800
226 4801 341 4858
227 4745 334 4921
228 4680 331 4989
229 4639 323 5038
230 4590 326 5084
231 4539 315 5146
232 4490 307 5203
233 4443 299 5258
234 4403 293 5304
235 4351 300 5349
236 4290 310 5400
237 4248 306 5446
238 4197 307 5496
239 4151 292 5557
240 4126 259 5615
241 4097 245 5658
242 4070 224 5706
243 4037 224 5739
244 4012 209 5779
245 3978 205 5817
246 3950 194 5856
247 3920 189 5891
248 3888 185 5927
249 3859 191 5950
250 3821 197 5982
251 3783 205 6012
252 3758 199 6043
253 3725 194 6081
254 3686 199 6115
255 3657 200 6143
256 3612 208 6180
257 3577 209 6214
258 3550 200 6250
259 3522 190 6288
260 3491 188 6321
261 3464 187 6349
262 3434 181 6385
263 3403 176 6421
264 3374 178 6448
265 3344 179 6477
266 3311 174 6515
267 3287 169 6544
268 3266 161 6573
269 3243 157 6600
270 3225 153 6622
271 3208 144 6648
272 3182 143 6675
273 3165 136 6699
274 3144 131 6725
275 3117 137 6746
276 3097 129 6774
277 3079 126 6795
278 3055 129 6816
279 3038 124 6838
280 3027 111 6862
281 3006 112 6882
282 2985 114 6901
283 2967 116 6917
284 2956 107 6937
285 2942 101 6957
286 2931 96 6973
287 2919 90 6991
288 2911 82 7007
289 2900 82 7018
290 2889 74 7037
291 2880 66 7054
292 2869 65 7066
293 2861 64 7075
294 2847 70 7083
295 2831 79 7090
296 2822 75 7103
297 2813 74 7113
298 2799 78 7123
299 2787 71 7142
300 2771 70 7159
301 2758 70 7172
302 2744 69 7187
303 2728 79 7193
304 2713 82 7205
305 2699 78 7223
306 2685 83 7232
307 2665 90 7245
308 2652 81 7267
309 2635 85 7280
310 2614 93 7293
311 2602 88 7310
312 2591 85 7324
313 2575 82 7343
314 2561 78 7361
315 2555 68 7377
316 2549 63 7388
317 2540 57 7403
318 2537 52 7411
319 2533 48 7419
320 2527 50 7423
321 2518 47 7435
322 2517 38 7445
323 2512 38 7450
324 2509 38 7453
325 2508 34 7458
326 2508 26 7466
327 2508 25 7467
328 2506 24 7470
329 2504 25 7471
330 2502 25 7473
331 2499 24 7477
332 2498 16 7486
333 2492 18 7490
334 2490 18 7492
335 2488 16 7496
336 2485 17 7498
337 2483 16 7501
338 2480 16 7504
339 2478 14 7508
340 2476 15 7509
341 2475 15 7510
342 2473 14 7513
343 2472 14 7514
344 2466 19 7515
345 2461 20 7519
346 2456 20 7524
347 2452 20 7528
348 2447 22 7531
349 2444 23 7533
350 2435 28 7537
351 2431 27 7542
352 2422 30 7548
353 2420 28 7552
354 2410 33 7557
355 2405 34 7561
356 2398 31 7571
357 2393 30 7577
358 2389 30 7581
359 2386 28 7586
360 2380 28 7592
361 2375 30 7595
362 2368 34 7598
363 2365 35 7600
364 2360 34 7606
365 2356 31 7613
366 2352 31 7617
367 2350 27 7623
368 2349 24 7627
369 2349 13 7638
370 2349 10 7641
371 2348 9 7643
372 2347 9 7644
373 2347 7 7646
374 2347 6 7647
375 2346 4 7650
376 2346 3 7651
377 2346 3 7651
378 2345 4 7651
379 2343 5 7652
380 2340 8 7652
381 2338 10 7652
382 2333 14 7653
383 2331 10 7659
384 2330 10 7660
385 2330 9 7661
386 2328 11 7661
387 2326 11 7663
388 2324 10 7666
389 2323 9 7668
390 2320 11 7669
391 2315 14 7671
392 2305 23 7672
393 2298 29 7673
394 2293 23 7684
395 2288 24 7688
396 2283 23 7694
397 2281 22 7697
398 2277 23 7700
399 2275 22 7703
400 2271 25 7704
401 2266 25 7709
402 2265 21 7714
403 2262 19 7719
404 2259 20 7721
405 2257 15 7728
406 2256 14 7730
407 2256 12 7732
408 2254 10 7736
409 2252 12 7736
410 2249 13 7738
411 2247 14 7739
412 2246 10 7744
413 2244 11 7745
414 2243 8 7749
415 2239 11 7750
416 2239 11 7750
417 2233 17 7750
418 2230 18 7752
419 2230 16 7754
420 2227 16 7757
421 2227 14 7759
422 2222 19 7759
423 2221 20 7759
424 2218 21 7761
425 2214 23 7763
426 2212 21 7767
427 2209 21 7770
428 2204 25 7771
429 2201 24 7775
430 2200 21 7779
431 2199 18 7783
432 2199 16 7785
433 2197 16 7787
434 2197 12 7791
435 2197 9 7794
436 2197 9 7794
437 2197 8 7795
438 2197 8 7795
439 2197 5 7798
440 2197 5 7798
441 2197 5 7798
442 2197 4 7799
443 2197 4 7799
444 2197 3 7800
445 2197 2 7801
446 2197 2 7801
447 2197 2 7801
448 2197 2 7801
449 2197 2 7801
450 2197 2 7801
451 2197 2 7801
452 2197 1 7802
453 2197 1 7802
454 2197 1 7802
455 2197 1 7802
456 2197 1 7802
457 2197 1 7802
458 2197 0 7803
459 2197 0 7803
460 2197 0 7803
461 2197 0 7803
462 2197 0 7803
463 2197 0 7803
464 2197 0 7803
465 2197 0 7803
466 2197 0 7803
467 2197 0 7803
468 2197 0 7803
469 2197 0 7803
470 2197 0 7803
471 2197 0 7803
472 2197 0 7803
473 2197 0 7803
474 2197 0 7803
475 2197 0 7803
476 2197 0 7803
477 2197 0 7803
478 2197 0 7803
479 2197 0 7803
480 2197 0 7803
481 2197 0 7803
482 2197 0 7803
483 2197 0 7803
484 2197 0 7803
485 2197 0 7803
486 2197 0 7803
487 2197 0 7803
488 2197 0 7803
489 2197 0 7803
490 2197 0 7803
491 2197 0 7803
492 2197 0 7803
493 2197 0 7803
494 2197 0 7803
495 2197 0 7803
496 2197 0 7803
497 2197 0 7803
498 2197 0 7803
499 2197 0 7803
500 2197 0 7803
501 2197 0 7803
502 2197 0 7803
503 2197 0 7803
504 2197 0 7803
505 2197 0 7803
506 2197 0 7803
507 2197 0 7803
508 2197 0 7803
509 2197 0 7803
510 2197 0 7803
511 2197 0 7803
512 2197 0 7803
513 2197 0 7803
514 2197 0 7803
515 2197 0 7803
516 2197 0 7803
517 2197 0 7803
518 2197 0 7803
519 2197 0 7803
520 2197 0 7803
521 2197 0 7803
522 2197 0 7803
523 2197 0 7803
524 2197 0 7803
525 2197 0 7803
526 2197 0 7803
527 2197 0 7803
528 2197 0 7803
529 2197 0 7803
530 2197 0 7803
531 2197 0 7803
532 2197 0 7803
533 2197 0 7803
534 2197 0 7803
535 2197 0 7803
536 2197 0 7803
537 2197 0 7803
538 2197 0 7803
539 2197 0 7803
540 2197 0 7803
541 2197 0 7803
542 2197 0 7803
543 2197 0 7803
544 2197 0 7803
545 2197 0 7803
546 2197 0 7803
547 2197 0 7803
548 2197 0 7803
549 2197 0 7803
550 2197 0 7803
551 2197 0 7803
552 2197 0 7803
553 2197 0 7803
554 2197 0 7803
555 2197 0 7803
556 2197 0 7803
557 2197 0 7803
558 2197 0 7803
559 2197 0 7803
560 2197 0 7803
561 2197 0 7803
562 2197 0 7803
563 2197 0 7803
564 2197 0 7803
565 2197 0 7803
566 2197 0 7803
567 2197 0 7803
568 2197 0 7803
569 2197 0 7803
570 2197 0 7803
571 2197 0 7803
572 2197 0 7803
573 2197 0 7803
574 2197 0 7803
575 2197 0 7803
576 2197 0 7803
577 2197 0 7803
578 2197 0 7803
579 2197 0 7803
580 2197 0 7803
581 2197 0 7803
582 2197 0 7803
583 2197 0 7803
584 2197 0 7803
585 2197 0 7803
586 2197 0 7803
587 2197 0 7803
588 2197 0 7803
589 2197 0 7803
590 2197 0 7803
591 2197 0 7803
592 2197 0 7803
593 2197 0 7803
594 2197 0 7803
595 2197 0 7803
596 2197 0 7803
597 2197 0 7803
598 2197 0 7803
599 2197 0 7803
600 2197 0 7803
601 2197 0 7803
602 2197 0 7803
603 2197 0 7803
604 2197 0 7803
605 2197 0 7803
606 2197 0 7803
607 2197 0 7803
608 2197 0 7803
609 2197 0 7803
610 2197 0 7803
611 2197 0 7803
612 2197 0 7803
613 2197 0 7803
614 2197 0 7803
615 2197 0 7803
616 2197 0 7803
617 2197 0 7803
618 2197 0 7803
619 2197 0 7803
620 2197 0 7803
621 2197 0 7803
622 2197 0 7803
623 2197 0 7803
624 2197 0 7803
625 2197 0 7803
626 2197 0 7803
627 2197 0 7803
628 2197 0 7803
629 2197 0 7803
630 2197 0 7803
631 2197 0 7803
632 2197 0 7803
633 2197 0 7803
634 2197 0 7803
635 2197 0 7803
636 2197 0 7803
637 2197 0 7803
638 2197 0 7803
639 2197 0 7803
640 2197 0 7803
641 2197 0 7803
642 2197 0 7803
643 2197 0 7803
644 2197 0 7803
645 2197 0 7803
646 2197 0 7803
647 2197 0 7803
648 2197 0 7803
649 2197 0 7803
650 2197 0 7803
651 2197 0 7803
652 2197 0 7803
653 2197 0 7803
654 2197 0 7803
655 2197 0 7803
656 2197 0 7803
657 2197 0 7803
658 2197 0 7803
659 2197 0 7803
660 2197 0 7803
661 2197 0 7803
662 2197 0 7803
663 2197 0 7803
664 2197 0 7803
665 2197 0 7803
666 2197 0 7803
667 2197 0 7803
668 2197 0 7803
669 2197 0 7803
670 2197 0 7803
671 2197 0 7803
672 2197 0 7803
673 2197 0 7803
674 2197 0 7803
675 2197 0 7803
676 2197 0 7803
677 2197 0 7803
678 2197 0 7803
679 2197 0 7803
680 2197 0 7803
681 2197 0 7803
682 2197 0 7803
683 2197 0 7803
684 2197 0 7803
685 2197 0 7803
686 2197 0 7803
687 2197 0 7803
688 2197 0 7803
689 2197 0 7803
690 2197 0 7803
691 2197 0 7803
692 2197 0 7803
693 2197 0 7803
694 2197 0 7803
695 2197 0 7803
696 2197 0 7803
697 2197 0 7803
698 2197 0 7803
699 2197 0 7803
700 2197 0 7803
701 2197 0 7803
702 2197 0 7803
703 2197 0 7803
704 2197 0 7803
705 2197 0 7803
706 2197 0 7803
707 2197 0 7803
708 2197 0 7803
709 2197 0 7803
710 2197 0 7803
711 2197 0 7803
712 2197 0 7803
713 2197 0 7803
714 2197 0 7803
715 2197 0 7803
716 2197 0 7803
717 2197 0 7803
718 2197 0 7803
719 2197 0 7803
720 2197 0 7803
721 2197 0 7803
722 2197 0 7803
723 2197 0 7803
724 2197 0 7803
725 2197 0 7803
726 2197 0 7803
727 2197 0 7803
728 2197 0 7803
729 2197 0 7803
730 2197 0 7803
731 2197 0 7803
732 2197 0 7803
733 2197 0 7803
734 2197 0 7803
735 2197 0 7803
736 2197 0 7803
737 2197 0 7803
738 2197 0 7803
739 2197 0 7803
740 2197 0 7803
741 2197 0 7803
742 2197 0 7803
743 2197 0 7803
744 2197 0 7803
745 2197 0 7803
746 2197 0 7803
747 2197 0 7803
748 2197 0 7803
749 2197 0 7803
750 2197 0 7803
751 2197 0 7803
752 2197 0 7803
753 2197 0 7803
754 2197 0 7803
755 2197 0 7803
756 2197 0 7803
757 2197 0 7803
758 2197 0 7803
759 2197 0 7803
760 2197 0 7803
761 2197 0 7803
762 2197 0 7803
763 2197 0 7803
764 2197 0 7803
765 2197 0 7803
766 2197 0 7803
767 2197 0 7803
768 2197 0 7803
769 2197 0 7803
770 2197 0 7803
771 2197 0 7803
772 2197 0 7803
773 2197 0 7803
774 2197 0 7803
775 2197 0 7803
776 2197 0 7803
777 2197 0 7803
778 2197 0 7803
779 2197 0 7803
780 2197 0 7803
781 2197 0 7803
782 2197 0 7803
783 2197 0 7803
784 2197 0 7803
785 2197 0 7803
786 2197 0 7803
787 2197 0 7803
788 2197 0 7803
789 2197 0 7803
790 2197 0 7803
791 2197 0 7803
792 2197 0 7803
793 2197 0 7803
794 2197 0 7803
795 2197 0 7803
796 2197 0 7803
797 2197 0 7803
798 2197 0 7803
799 2197 0 7803
800 2197 0 7803
801 2197 0 7803
802 2197 0 7803
803 2197 0 7803
804 2197 0 7803
805 2197 0 7803
806 2197 0 7803
807 2197 0 7803
808 2197 0 7803
809 2197 0 7803
810 2197 0 7803
811 2197 0 7803
812 2197 0 7803
813 2197 0 7803
814 2197 0 7803
815 2197 0 7803
816 2197 0 7803
817 2197 0 7803
818 2197 0 7803
819 2197 0 7803
820 2197 0 7803
821 2197 0 7803
822 2197 0 7803
823 2197 0 7803
824 2197 0 7803
825 2197 0 7803
826 2197 0 7803
827 2197 0 7803
828 2197 0 7803
829 2197 0 7803
830 2197 0 7803
831 2197 0 7803
832 2197 0 7803
833 2197 0 7803
834 2197 0 7803
835 2197 0 7803
836 2197 0 7803
837 2197 0 7803
838 2197 0 7803
839 2197 0 7803
840 2197 0 7803
841 2197 0 7803
842 2197 0 7803
843 2197 0 7803
844 2197 0 7803
845 2197 0 7803
846 2197 0 7803
847 2197 0 7803
848 2197 0 7803
849 2197 0 7803
850 2197 0 7803
851 2197 0 7803
852 2197 0 7803
853 2197 0 7803
854 2197 0 7803
855 2197 0 7803
856 2197 0 7803
857 2197 0 7803
858 2197 0 7803
859 2197 0 7803
860 2197 0 7803
861 2197 0 7803
862 2197 0 7803
863 2197 0 7803
864 2197 0 7803
865 2197 0 7803
866 2197 0 7803
867 2197 0 7803
868 2197 0 7803
869 2197 0 7803
870 2197 0 7803
871 2197 0 7803
872 2197 0 7803
873 2197 0 7803
874 2197 0 7803
875 2197 0 7803
876 2197 0 7803
877 2197 0 7803
878 2197 0 7803
879 2197 0 7803
880 2197 0 7803
881 2197 0 7803
882 2197 0 7803
883 2197 0 7803
884 2197 0 7803
885 2197 0 7803
886 2197 0 7803
887 2197 0 7803
888 2197 0 7803
889 2197 0 7803
890 2197 0 7803
891 2197 0 7803
892 2197 0 7803
893 2197 0 7803
894 2197 0 7803
895 2197 0 7803
896 2197 0 7803
897 2197 0 7803
898 2197 0 7803
899 2197 0 7803
900 2197 0 7803
901 2197 0 7803
902 2197 0 7803
903 2197 0 7803
904 2197 0 7803
905 2197 0 7803
906 2197 0 7803
907 2197 0 7803
908 2197 0 7803
909 2197 0 7803
910 2197 0 7803
911 2197 0 7803
912 2197 0 7803
913 2197 0 7803
914 2197 0 7803
915 2197 0 7803
916 2197 0 7803
917 2197 0 7803
918 2197 0 7803
919 2197 0 7803
920 2197 0 7803
921 2197 0 7803
922 2197 0 7803
923 2197 0 7803
924 2197 0 7803
925 2197 0 7803
926 2197 0 7803
927 2197 0 7803
928 2197 0 7803
929 2197 0 7803
930 2197 0 7803
931 2197 0 7803
932 2197 0 7803
933 2197 0 7803
934 2197 0 7803
935 2197 0 7803
936 2197 0 7803
937 2197 0 7803
938 2197 0 7803
939 2197 0 7803
940 2197 0 7803
941 2197 0 7803
942 2197 0 7803
943 2197 0 7803
944 2197 0 7803
945 2197 0 7803
946 2197 0 7803
947 2197 0 7803
948 2197 0 7803
949 2197 0 7803
950 2197 0 7803
951 2197 0 7803
952 2197 0 7803
953 2197 0 7803
954 2197 0 7803
955 2197 0 7803
956 2197 0 7803
957 2197 0 7803
958 2197 0 7803
959 2197 0 7803
960 2197 0 7803
961 2197 0 7803
962 2197 0 7803
963 2197 0 7803
964 2197 0 7803
965 2197 0 7803
966 2197 0 7803
967 2197 0 7803
968 2197 0 7803
969 2197 0 7803
970 2197 0 7803
971 2197 0 7803
972 2197 0 7803
973 2197 0 7803
974 2197 0 7803
975 2197 0 7803
976 2197 0 7803
977 2197 0 7803
978 2197 0 7803
979 2197 0 7803
980 2197 0 7803
981 2197 0 7803
982 2197 0 7803
983 2197 0 7803
984 2197 0 7803
985 2197 0 7803
986 2197 0 7803
987 2197 0 7803
988 2197 0 7803
989 2197 0 7803
990 2197 0 7803
991 2197 0 7803
992 2197 0 7803
993 2197 0 7803
994 2197 0 7803
995 2197 0 7803
996 2197 0 7803
997 2197 0 7803
998 2197 0 7803
999 2197 0 7803
