0 9999 1 0
1 9998 2 0
2 9995 5 0
3 9994 5 1
4 9991 7 2
5 9989 6 5
6 9981 11 8
7 9973 16 11
8 9969 18 13
9 9965 14 21
10 9961 16 23
11 9960 14 26
12 9957 13 30
13 9954 12 34
14 9953 13 34
15 9951 15 34
16 9950 12 38
17 9945 15 40
18 9943 15 42
19 9941 16 43
20 9937 18 45
21 9930 22 48
22 9926 21 53
23 9923 21 56
24 9920 19 61
25 9918 19 63
26 9914 16 70
27 9909 17 74
28 9907 18 75
29 9903 19 78
30 9901 16 83
31 9896 19 85
32 9896 12 92
33 9896 10 94
34 9894 10 96
35 9893 7 100
36 9893 7 100
37 9892 8 100
38 9891 7 102
39 9889 9 102
40 9887 10 103
41 9887 9 104
42 9883 11 106
43 9882 10 108
44 9880 9 111
45 9880 7 113
46 9877 7 116
47 9877 6 117
48 9876 4 120
49 9875 4 121
50 9875 1 124
51 9875 1 124
52 9875 1 124
53 9875 0 125
54 9875 0 125
55 9875 0 125
56 9875 0 125
57 9875 0 125
58 9875 0 125
59 9875 0 125
60 9875 0 125
61 9875 0 125
62 9875 0 125
63 9875 0 125
64 9875 0 125
65 9875 0 125
66 9875 0 125
67 9875 0 125
68 9875 0 125
69 9875 0 125
70 9875 0 125
71 9875 0 125
72 9875 0 125
73 9875 0 125
74 9875 0 125
75 9875 0 125
76 9875 0 125
77 9875 0 125
78 9875 0 125
79 9875 0 125
80 9875 0 125
81 9875 0 125
82 9875 0 125
83 9875 0 125
84 9875 0 125
85 9875 0 125
86 9875 0 125
87 9875 0 125
88 9875 0 125
89 9875 0 125
90 9875 0 125
91 9875 0 125
92 9875 0 125
93 9875 0 125
94 9875 0 125
95 9875 0 125
96 9875 0 125
97 9875 0 125
98 9875 0 125
99 9875 0 125
100 9875 0 125
101 9875 0 125
102 9875 0 125
103 9875 0 125
104 9875 0 125
105 9875 0 125
106 9875 0 125
107 9875 0 125
108 9875 0 125
109 9875 0 125
110 9875 0 125
111 9875 0 125
112 9875 0 125
113 9875 0 125
114 9875 0 125
115 9875 0 125
116 9875 0 125
117 9875 0 125
118 9875 0 125
119 9875 0 125
120 9875 0 125
121 9875 0 125
122 9875 0 125
123 9875 0 125
124 9875 0 125
125 9875 0 125
126 9875 0 125
127 9875 0 125
128 9875 0 125
129 9875 0 125
130 9875 0 125
131 9875 0 125
132 9875 0 125
133 9875 0 125
134 9875 0 125
135 9875 0 125
136 9875 0 125
137 9875 0 125
138 9875 0 125
139 9875 0 125
140 9875 0 125
141 9875 0 125
142 9875 0 125
143 9875 0 125
144 9875 0 125
145 9875 0 125
146 9875 0 125
147 9875 0 125
148 9875 0 125
149 9875 0 125
150 9875 0 125
151 9875 0 125
152 9875 0 125
153 9875 0 125
154 9875 0 125
155 9875 0 125
156 9875 0 125
157 9875 0 125
158 9875 0 125
159 9875 0 125
160 9875 0 125
161 9875 0 125
162 9875 0 125
163 9875 0 125
164 9875 0 125
165 9875 0 125
166 9875 0 125
167 9875 0 125
168 9875 0 125
169 9875 0 125
170 9875 0 125
171 9875 0 125
172 9875 0 125
173 9875 0 125
174 9875 0 125
175 9875 0 125
176 9875 0 125
177 9875 0 125
178 9875 0 125
179 9875 0 125
180 9875 0 125
181 9875 0 125
182 9875 0 125
183 9875 0 125
184 9875 0 125
185 9875 0 125
186 9875 0 125
187 9875 0 125
188 9875 0 125
189 9875 0 125
190 9875 0 125
191 9875 0 125
192 9875 0 125
193 9875 0 125
194 9875 0 125
195 9875 0 125
196 9875 0 125
197 9875 0 125
198 9875 0 125
199 9875 0 125
200 9875 0 125
201 9875 0 125
202 9875 0 125
203 9875 0 125
204 9875 0 125
205 9875 0 125
206 9875 0 125
207 9875 0 125
208 9875 0 125
209 9875 0 125
210 9875 0 125
211 9875 0 125
212 9875 0 125
213 9875 0 125
214 9875 0 125
215 9875 0 125
216 9875 0 125
217 9875 0 125
218 9875 0 125
219 9875 0 125
220 9875 0 125
221 9875 0 125
222 9875 0 125
223 9875 0 125
224 9875 0 125
225 9875 0 125
226 9875 0 125
227 9875 0 125
228 9875 0 125
229 9875 0 125
230 9875 0 125
231 9875 0 125
232 9875 0 125
233 9875 0 125
234 9875 0 125
235 9875 0 125
236 9875 0 125
237 9875 0 125
238 9875 0 125
239 9875 0 125
240 9875 0 125
241 9875 0 125
242 9875 0 125
243 9875 0 125
244 9875 0 125
245 9875 0 125
246 9875 0 125
247 9875 0 125
248 9875 0 125
249 9875 0 125
250 9875 0 125
251 9875 0 125
252 9875 0 125
253 9875 0 125
254 9875 0 125
255 9875 0 125
256 9875 0 125
257 9875 0 125
258 9875 0 125
259 9875 0 125
260 9875 0 125
261 9875 0 125
262 9875 0 125
263 9875 0 125
264 9875 0 125
265 9875 0 125
266 9875 0 125
267 9875 0 125
268 9875 0 125
269 9875 0 125
270 9875 0 125
271 9875 0 125
272 9875 0 125
273 9875 0 125
274 9875 0 125
275 9875 0 125
276 9875 0 125
277 9875 0 125
278 9875 0 125
279 9875 0 125
280 9875 0 125
281 9875 0 125
282 9875 0 125
283 9875 0 125
284 9875 0 125
285 9875 0 125
286 9875 0 125
287 9875 0 125
288 9875 0 125
289 9875 0 125
290 9875 0 125
291 9875 0 125
292 9875 0 125
293 9875 0 125
294 9875 0 125
295 9875 0 125
296 9875 0 125
297 9875 0 125
298 9875 0 125
299 9875 0 125
300 9875 0 125
301 9875 0 125
302 9875 0 125
303 9875 0 125
304 9875 0 125
305 9875 0 125
306 9875 0 125
307 9875 0 125
308 9875 0 125
309 9875 0 125
310 9875 0 125
311 9875 0 125
312 9875 0 125
313 9875 0 125
314 9875 0 125
315 9875 0 125
316 9875 0 125
317 9875 0 125
318 9875 0 125
319 9875 0 125
320 9875 0 125
321 9875 0 125
322 9875 0 125
323 9875 0 125
324 9875 0 125
325 9875 0 125
326 9875 0 125
327 9875 0 125
328 9875 0 125
329 9875 0 125
330 9875 0 125
331 9875 0 125
332 9875 0 125
333 9875 0 125
334 9875 0 125
335 9875 0 125
336 9875 0 125
337 9875 0 125
338 9875 0 125
339 9875 0 125
340 9875 0 125
341 9875 0 125
342 9875 0 125
343 9875 0 125
344 9875 0 125
345 9875 0 125
346 9875 0 125
347 9875 0 125
348 9875 0 125
349 9875 0 125
350 9875 0 125
351 9875 0 125
352 9875 0 125
353 9875 0 125
354 9875 0 125
355 9875 0 125
356 9875 0 125
357 9875 0 125
358 9875 0 125
359 9875 0 125
360 9875 0 125
361 9875 0 125
362 9875 0 125
363 9875 0 125
364 9875 0 125
365 9875 0 125
366 9875 0 125
367 9875 0 125
368 9875 0 125
369 9875 0 125
370 9875 0 125
371 9875 0 125
372 9875 0 125
373 9875 0 125
374 9875 0 125
375 9875 0 125
376 9875 0 125
377 9875 0 125
378 9875 0 125
379 9875 0 125
380 9875 0 125
381 9875 0 125
382 9875 0 125
383 9875 0 125
384 9875 0 125
385 9875 0 125
386 9875 0 125
387 9875 0 125
388 9875 0 125
389 9875 0 125
390 9875 0 125
391 9875 0 125
392 9875 0 125
393 9875 0 125
394 9875 0 125
395 9875 0 125
396 9875 0 125
397 9875 0 125
398 9875 0 125
399 9875 0 125
400 9875 0 125
401 9875 0 125
402 9875 0 125
403 9875 0 125
404 9875 0 125
405 9875 0 125
406 9875 0 125
407 9875 0 125
408 9875 0 125
409 9875 0 125
410 9875 0 125
411 9875 0 125
412 9875 0 125
413 9875 0 125
414 9875 0 125
415 9875 0 125
416 9875 0 125
417 9875 0 125
418 9875 0 125
419 9875 0 125
420 9875 0 125
421 9875 0 125
422 9875 0 125
423 9875 0 125
424 9875 0 125
425 9875 0 125
426 9875 0 125
427 9875 0 125
428 9875 0 125
429 9875 0 125
430 9875 0 125
431 9875 0 125
432 9875 0 125
433 9875 0 125
434 9875 0 125
435 9875 0 125
436 9875 0 125
437 9875 0 125
438 9875 0 125
439 9875 0 125
440 9875 0 125
441 9875 0 125
442 9875 0 125
443 9875 0 125
444 9875 0 125
445 9875 0 125
446 9875 0 125
447 9875 0 125
448 9875 0 125
449 9875 0 125
450 9875 0 125
451 9875 0 125
452 9875 0 125
453 9875 0 125
454 9875 0 125
455 9875 0 125
456 9875 0 125
457 9875 0 125
458 9875 0 125
459 9875 0 125
460 9875 0 125
461 9875 0 125
462 9875 0 125
463 9875 0 125
464 9875 0 125
465 9875 0 125
466 9875 0 125
467 9875 0 125
468 9875 0 125
469 9875 0 125
470 9875 0 125
471 9875 0 125
472 9875 0 125
473 9875 0 125
474 9875 0 125
475 9875 0 125
476 9875 0 125
477 9875 0 125
478 9875 0 125
479 9875 0 125
480 9875 0 125
481 9875 0 125
482 9875 0 125
483 9875 0 125
484 9875 0 125
485 9875 0 125
486 9875 0 125
487 9875 0 125
488 9875 0 125
489 9875 0 125
490 9875 0 125
491 9875 0 125
492 9875 0 125
493 9875 0 125
494 9875 0 125
495 9875 0 125
496 9875 0 125
497 9875 0 125
498 9875 0 125
499 9875 0 125
500 9875 0 125
501 9875 0 125
502 9875 0 125
503 9875 0 125
504 9875 0 125
505 9875 0 125
506 9875 0 125
507 9875 0 125
508 9875 0 125
509 9875 0 125
510 9875 0 125
511 9875 0 125
512 9875 0 125
513 9875 0 125
514 9875 0 125
515 9875 0 125
516 9875 0 125
517 9875 0 125
518 9875 0 125
519 9875 0 125
520 9875 0 125
521 9875 0 125
522 9875 0 125
523 9875 0 125
524 9875 0 125
525 9875 0 125
526 9875 0 125
527 9875 0 125
528 9875 0 125
529 9875 0 125
530 9875 0 125
531 9875 0 125
532 9875 0 125
533 9875 0 125
534 9875 0 125
535 9875 0 125
536 9875 0 125
537 9875 0 125
538 9875 0 125
539 9875 0 125
540 9875 0 125
541 9875 0 125
542 9875 0 125
543 9875 0 125
544 9875 0 125
545 9875 0 125
546 9875 0 125
547 9875 0 125
548 9875 0 125
549 9875 0 125
550 9875 0 125
551 9875 0 125
552 9875 0 125
553 9875 0 125
554 9875 0 125
555 9875 0 125
556 9875 0 125
557 9875 0 125
558 9875 0 125
559 9875 0 125
560 9875 0 125
561 9875 0 125
562 9875 0 125
563 9875 0 125
564 9875 0 125
565 9875 0 125
566 9875 0 125
567 9875 0 125
568 9875 0 125
569 9875 0 125
570 9875 0 125
571 9875 0 125
572 9875 0 125
573 9875 0 125
574 9875 0 125
575 9875 0 125
576 9875 0 125
577 9875 0 125
578 9875 0 125
579 9875 0 125
580 9875 0 125
581 9875 0 125
582 9875 0 125
583 9875 0 125
584 9875 0 125
585 9875 0 125
586 9875 0 125
587 9875 0 125
588 9875 0 125
589 9875 0 125
590 9875 0 125
591 9875 0 125
592 9875 0 125
593 9875 0 125
594 9875 0 125
595 9875 0 125
596 9875 0 125
597 9875 0 125
598 9875 0 125
599 9875 0 125
600 9875 0 125
601 9875 0 125
602 9875 0 125
603 9875 0 125
604 9875 0 125
605 9875 0 125
606 9875 0 125
607 9875 0 125
608 9875 0 125
609 9875 0 125
610 9875 0 125
611 9875 0 125
612 9875 0 125
613 9875 0 125
614 9875 0 125
615 9875 0 125
616 9875 0 125
617 9875 0 125
618 9875 0 125
619 9875 0 125
620 9875 0 125
621 9875 0 125
622 9875 0 125
623 9875 0 125
624 9875 0 125
625 9875 0 125
626 9875 0 125
627 9875 0 125
628 9875 0 125
629 9875 0 125
630 9875 0 125
631 9875 0 125
632 9875 0 125
633 9875 0 125
634 9875 0 125
635 9875 0 125
636 9875 0 125
637 9875 0 125
638 9875 0 125
639 9875 0 125
640 9875 0 125
641 9875 0 125
642 9875 0 125
643 9875 0 125
644 9875 0 125
645 9875 0 125
646 9875 0 125
647 9875 0 125
648 9875 0 125
649 9875 0 125
650 9875 0 125
651 9875 0 125
652 9875 0 125
653 9875 0 125
654 9875 0 125
655 9875 0 125
656 9875 0 125
657 9875 0 125
658 9875 0 125
659 9875 0 125
660 9875 0 125
661 9875 0 125
662 9875 0 125
663 9875 0 125
664 9875 0 125
665 9875 0 125
666 9875 0 125
667 9875 0 125
668 9875 0 125
669 9875 0 125
670 9875 0 125
671 9875 0 125
672 9875 0 125
673 9875 0 125
674 9875 0 125
675 9875 0 125
676 9875 0 125
677 9875 0 125
678 9875 0 125
679 9875 0 125
680 9875 0 125
681 9875 0 125
682 9875 0 125
683 9875 0 125
684 9875 0 125
685 9875 0 125
686 9875 0 125
687 9875 0 125
688 9875 0 125
689 9875 0 125
690 9875 0 125
691 9875 0 125
692 9875 0 125
693 9875 0 125
694 9875 0 125
695 9875 0 125
696 9875 0 125
697 9875 0 125
698 9875 0 125
699 9875 0 125
700 9875 0 125
701 9875 0 125
702 9875 0 125
703 9875 0 125
704 9875 0 125
705 9875 0 125
706 9875 0 125
707 9875 0 125
708 9875 0 125
709 9875 0 125
710 9875 0 125
711 9875 0 125
712 9875 0 125
713 9875 0 125
714 9875 0 125
715 9875 0 125
716 9875 0 125
717 9875 0 125
718 9875 0 125
719 9875 0 125
720 9875 0 125
721 9875 0 125
722 9875 0 125
723 9875 0 125
724 9875 0 125
725 9875 0 125
726 9875 0 125
727 9875 0 125
728 9875 0 125
729 9875 0 125
730 9875 0 125
731 9875 0 125
732 9875 0 125
733 9875 0 125
734 9875 0 125
735 9875 0 125
736 9875 0 125
737 9875 0 125
738 9875 0 125
739 9875 0 125
740 9875 0 125
741 9875 0 125
742 9875 0 125
743 9875 0 125
744 9875 0 125
745 9875 0 125
746 9875 0 125
747 9875 0 125
748 9875 0 125
749 9875 0 125
750 9875 0 125
751 9875 0 125
752 9875 0 125
753 9875 0 125
754 9875 0 125
755 9875 0 125
756 9875 0 125
757 9875 0 125
758 9875 0 125
759 9875 0 125
760 9875 0 125
761 9875 0 125
762 9875 0 125
763 9875 0 125
764 9875 0 125
765 9875 0 125
766 9875 0 125
767 9875 0 125
768 9875 0 125
769 9875 0 125
770 9875 0 125
771 9875 0 125
772 9875 0 125
773 9875 0 125
774 9875 0 125
775 9875 0 125
776 9875 0 125
777 9875 0 125
778 9875 0 125
779 9875 0 125
780 9875 0 125
781 9875 0 125
782 9875 0 125
783 9875 0 125
784 9875 0 125
785 9875 0 125
786 9875 0 125
787 9875 0 125
788 9875 0 125
789 9875 0 125
790 9875 0 125
791 9875 0 125
792 9875 0 125
793 9875 0 125
794 9875 0 125
795 9875 0 125
796 9875 0 125
797 9875 0 125
798 9875 0 125
799 9875 0 125
800 9875 0 125
801 9875 0 125
802 9875 0 125
803 9875 0 125
804 9875 0 125
805 9875 0 125
806 9875 0 125
807 9875 0 125
808 9875 0 125
809 9875 0 125
810 9875 0 125
811 9875 0 125
812 9875 0 125
813 9875 0 125
814 9875 0 125
815 9875 0 125
816 9875 0 125
817 9875 0 125
818 9875 0 125
819 9875 0 125
820 9875 0 125
821 9875 0 125
822 9875 0 125
823 9875 0 125
824 9875 0 125
825 9875 0 125
826 9875 0 125
827 9875 0 125
828 9875 0 125
829 9875 0 125
830 9875 0 125
831 9875 0 125
832 9875 0 125
833 9875 0 125
834 9875 0 125
835 9875 0 125
836 9875 0 125
837 9875 0 125
838 9875 0 125
839 9875 0 125
840 9875 0 125
841 9875 0 125
842 9875 0 125
843 9875 0 125
844 9875 0 125
845 9875 0 125
846 9875 0 125
847 9875 0 125
848 9875 0 125
849 9875 0 125
850 9875 0 125
851 9875 0 125
852 9875 0 125
853 9875 0 125
854 9875 0 125
855 9875 0 125
856 9875 0 125
857 9875 0 125
858 9875 0 125
859 9875 0 125
860 9875 0 125
861 9875 0 125
862 9875 0 125
863 9875 0 125
864 9875 0 125
865 9875 0 125
866 9875 0 125
867 9875 0 125
868 9875 0 125
869 9875 0 125
870 9875 0 125
871 9875 0 125
872 9875 0 125
873 9875 0 125
874 9875 0 125
875 9875 0 125
876 9875 0 125
877 9875 0 125
878 9875 0 125
879 9875 0 125
880 9875 0 125
881 9875 0 125
882 9875 0 125
883 9875 0 125
884 9875 0 125
885 9875 0 125
886 9875 0 125
887 9875 0 125
888 9875 0 125
889 9875 0 125
890 9875 0 125
891 9875 0 125
892 9875 0 125
893 9875 0 125
894 9875 0 125
895 9875 0 125
896 9875 0 125
897 9875 0 125
898 9875 0 125
899 9875 0 125
900 9875 0 125
901 9875 0 125
902 9875 0 125
903 9875 0 125
904 9875 0 125
905 9875 0 125
906 9875 0 125
907 9875 0 125
908 9875 0 125
909 9875 0 125
910 9875 0 125
911 9875 0 125
912 9875 0 125
913 9875 0 125
914 9875 0 125
915 9875 0 125
916 9875 0 125
917 9875 0 125
918 9875 0 125
919 9875 0 125
920 9875 0 125
921 9875 0 125
922 9875 0 125
923 9875 0 125
924 9875 0 125
925 9875 0 125
926 9875 0 125
927 9875 0 125
928 9875 0 125
929 9875 0 125
930 9875 0 125
931 9875 0 125
932 9875 0 125
933 9875 0 125
934 9875 0 125
935 9875 0 125
936 9875 0 125
937 9875 0 125
938 9875 0 125
939 9875 0 125
940 9875 0 125
941 9875 0 125
942 9875 0 125
943 9875 0 125
944 9875 0 125
945 9875 0 125
946 9875 0 125
947 9875 0 125
948 9875 0 125
949 9875 0 125
950 9875 0 125
951 9875 0 125
952 9875 0 125
953 9875 0 125
954 9875 0 125
955 9875 0 125
956 9875 0 125
957 9875 0 125
958 9875 0 125
959 9875 0 125
960 9875 0 125
961 9875 0 125
962 9875 0 125
963 9875 0 125
964 9875 0 125
965 9875 0 125
966 9875 0 125
967 9875 0 125
968 9875 0 125
969 9875 0 125
970 9875 0 125
971 9875 0 125
972 9875 0 125
973 9875 0 125
974 9875 0 125
975 9875 0 125
976 9875 0 125
977 9875 0 125
978 9875 0 125
979 9875 0 125
980 9875 0 125
981 9875 0 125
982 9875 0 125
983 9875 0 125
984 9875 0 125
985 9875 0 125
986 9875 0 125
987 9875 0 125
988 9875 0 125
989 9875 0 125
990 9875 0 125
991 9875 0 125
992 9875 0 125
993 9875 0 125
994 9875 0 125
995 9875 0 125
996 9875 0 125
997 9875 0 125
998 9875 0 125
999 9875 0 125
