0 9999 1 0
1 9998 2 0
2 9998 2 0
3 9996 4 0
4 9994 6 0
5 9990 8 2
6 9988 9 3
7 9984 11 5
8 9978 17 5
9 9974 18 8
10 9973 13 14
11 9971 14 15
12 9970 12 18
13 9968 10 22
14 9965 13 22
15 9960 17 23
16 9955 18 27
17 9954 14 32
18 9949 14 37
19 9947 14 39
20 9942 15 43
21 9940 15 45
22 9940 15 45
23 9937 13 50
24 9933 13 54
25 9932 13 55
26 9927 17 56
27 9922 21 57
28 9916 23 61
29 9914 21 65
30 9909 22 69
31 9905 23 72
32 9904 18 78
33 9902 14 84
34 9900 13 87
35 9891 21 88
36 9885 24 91
37 9875 29 96
38 9868 32 100
39 9854 40 106
40 9849 37 114
41 9837 44 119
42 9833 39 128
43 9825 38 137
44 9819 37 144
45 9813 39 148
46 9803 42 155
47 9792 43 165
48 9785 43 172
49 9776 46 178
50 9766 51 183
51 9755 54 191
52 9740 64 196
53 9730 60 210
54 9719 60 221
55 9706 64 230
56 9687 73 240
57 9667 80 253
58 9643 92 265
59 9620 99 281
60 9602 103 295
61 9583 106 311
62 9558 109 333
63 9532 114 354
64 9517 106 377
65 9494 117 389
66 9477 110 413
67 9457 112 431
68 9445 109 446
69 9409 127 464
70 9394 119 487
71 9379 120 501
72 9367 102 531
73 9343 113 544
74 9323 111 566
75 9303 109 588
76 9281 110 609
77 9262 106 632
78 9249 98 653
79 9230 99 671
80 9203 111 686
81 9189 110 701
82 9170 108 722
83 9161 97 742
84 9143 97 760
85 9117 99 784
86 9099 93 808
87 9081 94 825
88 9065 96 839
89 9047 101 852
90 9026 103 871
91 9012 101 887
92 8995 95 910
93 8969 103 928
94 8953 106 941
95 8939 97 964
96 8926 88 986
97 8916 87 997
98 8896 94 1010
99 8871 103 1026
100 8862 92 1046
101 8845 96 1059
102 8831 94 1075
103 8808 108 1084
104 8783 113 1104
105 8768 106 1126
106 8756 103 1141
107 8746 95 1159
108 8739 77 1184
109 8731 69 1200
110 8719 68 1213
111 8714 61 1225
112 8700 68 1232
113 8680 76 1244
114 8670 72 1258
115 8659 69 1272
116 8642 76 1282
117 8628 75 1297
118 8614 73 1313
119 8604 72 1324
120 8597 68 1335
121 8576 77 1347
122 8565 71 1364
123 8554 74 1372
124 8536 73 1391
125 8519 79 1402
126 8502 78 1420
127 8487 79 1434
128 8470 78 1452
129 8451 90 1459
130 8435 87 1478
131 8412 97 1491
132 8396 99 1505
133 8376 104 1520
134 8357 110 1533
135 8333 111 1556
136 8300 132 1568
137 8272 144 1584
138 8241 154 1605
139 8208 154 1638
140 8181 157 1662
141 8149 167 1684
142 8103 179 1718
143 8067 176 1757
144 8029 192 1779
145 8000 190 1810
146 7975 187 1838
147 7937 200 1863
148 7909 191 1900
149 7875 205 1920
150 7840 205 1955
151 7794 214 1992
152 7753 204 2043
153 7723 192 2085
154 7684 198 2118
155 7647 201 2152
156 7595 213 2192
157 7548 217 2235
158 7503 230 2267
159 7469 217 2314
160 7432 218 2350
161 7394 211 2395
162 7362 212 2426
163 7327 221 2452
164 7288 223 2489
165 7247 226 2527
166 7226 204 2570
167 7175 221 2604
168 7141 213 2646
169 7105 215 2680
170 7078 206 2716
171 7045 207 2748
172 7001 214 2785
173 6961 220 2819
174 6906 242 2852
175 6845 253 2902
176 6795 255 2950
177 6746 263 2991
178 6692 271 3037
179 6643 277 3080
180 6590 295 3115
181 6554 287 3159
182 6508 289 3203
183 6460 280 3260
184 6417 271 3312
185 6377 259 3364
186 6331 265 3404
187 6292 258 3450
188 6256 260 3484
189 6206 261 3533
190 6170 258 3572
191 6141 239 3620
192 6101 234 3665
193 6057 238 3705
194 6014 236 3750
195 5981 232 3787
196 5941 244 3815
197 5905 239 3856
198 5859 232 3909
199 5816 230 3954
200 5761 249 3990
201 5720 249 4031
202 5678 253 4069
203 5623 265 4112
204 5585 253 4162
205 5542 254 4204
206 5490 270 4240
207 5445 275 4280
208 5406 260 4334
209 5369 254 4377
210 5331 247 4422
211 5295 240 4465
212 5259 229 4512
213 5208 238 4554
214 5171 240 4589
215 5140 225 4635
216 5090 236 4674
217 5040 242 4718
218 5003 249 4748
219 4963 245 4792
220 4928 252 4820
221 4886 252 4862
222 4855 243 4902
223 4807 263 4930
224 4763 261 4976
225 4730 245 5025
226 4696 235 5069
227 4654 240 5106
228 4616 237 5147
229 4568 238 5194
230 4533 216 5251
231 4501 206 5293
232 4467 203 5330
233 4439 197 5364
234 4414 181 5405
235 4384 170 5446
236 4349 169 5482
237 4319 165 5516
238 4297 156 5547
239 4275 152 5573
240 4245 159 5596
241 4222 156 5622
242 4194 155 5651
243 4168 154 5678
244 4143 147 5710
245 4119 152 5729
246 4097 141 5762
247 4078 143 5779
248 4050 143 5807
249 4022 139 5839
250 3997 144 5859
251 3960 150 5890
252 3931 151 5918
253 3892 166 5942
254 3861 167 5972
255 3833 168 5999
256 3793 181 6026
257 3766 171 6063
258 3746 165 6089
259 3722 169 6109
260 3675 191 6134
261 3631 198 6171
262 3601 193 6206
263 3574 179 6247
264 3553 166 6281
265 3533 147 6320
266 3514 148 6338
267 3484 152 6364
268 3466 151 6383
269 3427 163 6410
270 3402 164 6434
271 3377 164 6459
272 3355 153 6492
273 3345 136 6519
274 3321 139 6540
275 3299 141 6560
276 3272 144 6584
277 3248 146 6606
278 3231 130 6639
279 3199 140 6661
280 3165 143 6692
281 3149 143 6708
282 3138 135 6727
283 3107 143 6750
284 3087 136 6777
285 3059 138 6803
286 3032 144 6824
287 3006 150 6844
288 2980 143 6877
289 2942 153 6905
290 2916 163 6921
291 2879 173 6948
292 2842 180 6978
293 2815 170 7015
294 2791 165 7044
295 2771 157 7072
296 2748 154 7098
297 2725 156 7119
298 2704 150 7146
299 2680 151 7169
300 2653 155 7192
301 2633 148 7219
302 2619 138 7243
303 2595 144 7261
304 2574 139 7287
305 2566 125 7309
306 2544 122 7334
307 2527 120 7353
308 2503 123 7374
309 2488 117 7395
310 2473 101 7426
311 2458 105 7437
312 2445 96 7459
313 2436 95 7469
314 2421 98 7481
315 2406 97 7497
316 2393 95 7512
317 2386 88 7526
318 2378 85 7537
319 2366 84 7550
320 2357 77 7566
321 2341 77 7582
322 2322 82 7596
323 2313 73 7614
324 2304 71 7625
325 2292 70 7638
326 2286 67 7647
327 2270 70 7660
328 2259 72 7669
329 2240 81 7679
330 2230 78 7692
331 2207 86 7707
332 2194 83 7723
333 2172 87 7741
334 2160 84 7756
335 2141 89 7770
336 2130 86 7784
337 2115 88 7797
338 2097 94 7809
339 2083 90 7827
340 2061 95 7844
341 2037 102 7861
342 2026 93 7881
343 2014 83 7903
344 1995 89 7916
345 1981 89 7930
346 1967 90 7943
347 1957 90 7953
348 1944 87 7969
349 1925 89 7986
350 1907 95 7998
351 1893 85 8022
352 1886 67 8047
353 1883 62 8055
354 1875 60 8065
355 1871 53 8076
356 1864 51 8085
357 1858 49 8093
358 1856 41 8103
359 1853 35 8112
360 1848 33 8119
361 1842 35 8123
362 1833 41 8126
363 1828 42 8130
364 1822 43 8135
365 1814 41 8145
366 1801 49 8150
367 1789 53 8158
368 1783 53 8164
369 1778 51 8171
370 1768 54 8178
371 1759 53 8188
372 1756 49 8195
373 1752 45 8203
374 1745 42 8213
375 1744 40 8216
376 1740 34 8226
377 1737 34 8229
378 1735 35 8230
379 1729 35 8236
380 1723 37 8240
381 1719 35 8246
382 1716 32 8252
383 1712 32 8256
384 1709 27 8264
385 1705 26 8269
386 1702 26 8272
387 1698 26 8276
388 1697 23 8280
389 1694 18 8288
390 1694 16 8290
391 1693 16 8291
392 1693 14 8293
393 1692 13 8295
394 1692 9 8299
395 1692 8 8300
396 1692 8 8300
397 1692 7 8301
398 1691 8 8301
399 1691 8 8301
400 1689 9 8302
401 1687 8 8305
402 1686 9 8305
403 1683 9 8308
404 1682 8 8310
405 1679 10 8311
406 1679 7 8314
407 1678 7 8315
408 1678 5 8317
409 1678 4 8318
410 1678 3 8319
411 1678 2 8320
412 1678 2 8320
413 1678 1 8321
414 1678 1 8321
415 1678 1 8321
416 1678 1 8321
417 1678 1 8321
418 1678 1 8321
419 1678 1 8321
420 1678 0 8322
421 1678 0 8322
422 1678 0 8322
423 1678 0 8322
424 1678 0 8322
425 1678 0 8322
426 1678 0 8322
427 1678 0 8322
428 1678 0 8322
429 1678 0 8322
430 1678 0 8322
431 1678 0 8322
432 1678 0 8322
433 1678 0 8322
434 1678 0 8322
435 1678 0 8322
436 1678 0 8322
437 1678 0 8322
438 1678 0 8322
439 1678 0 8322
440 1678 0 8322
441 1678 0 8322
442 1678 0 8322
443 1678 0 8322
444 1678 0 8322
445 1678 0 8322
446 1678 0 8322
447 1678 0 8322
448 1678 0 8322
449 1678 0 8322
450 1678 0 8322
451 1678 0 8322
452 1678 0 8322
453 1678 0 8322
454 1678 0 8322
455 1678 0 8322
456 1678 0 8322
457 1678 0 8322
458 1678 0 8322
459 1678 0 8322
460 1678 0 8322
461 1678 0 8322
462 1678 0 8322
463 1678 0 8322
464 1678 0 8322
465 1678 0 8322
466 1678 0 8322
467 1678 0 8322
468 1678 0 8322
469 1678 0 8322
470 1678 0 8322
471 1678 0 8322
472 1678 0 8322
473 1678 0 8322
474 1678 0 8322
475 1678 0 8322
476 1678 0 8322
477 1678 0 8322
478 1678 0 8322
479 1678 0 8322
480 1678 0 8322
481 1678 0 8322
482 1678 0 8322
483 1678 0 8322
484 1678 0 8322
485 1678 0 8322
486 1678 0 8322
487 1678 0 8322
488 1678 0 8322
489 1678 0 8322
490 1678 0 8322
491 1678 0 8322
492 1678 0 8322
493 1678 0 8322
494 1678 0 8322
495 1678 0 8322
496 1678 0 8322
497 1678 0 8322
498 1678 0 8322
499 1678 0 8322
500 1678 0 8322
501 1678 0 8322
502 1678 0 8322
503 1678 0 8322
504 1678 0 8322
505 1678 0 8322
506 1678 0 8322
507 1678 0 8322
508 1678 0 8322
509 1678 0 8322
510 1678 0 8322
511 1678 0 8322
512 1678 0 8322
513 1678 0 8322
514 1678 0 8322
515 1678 0 8322
516 1678 0 8322
517 1678 0 8322
518 1678 0 8322
519 1678 0 8322
520 1678 0 8322
521 1678 0 8322
522 1678 0 8322
523 1678 0 8322
524 1678 0 8322
525 1678 0 8322
526 1678 0 8322
527 1678 0 8322
528 1678 0 8322
529 1678 0 8322
530 1678 0 8322
531 1678 0 8322
532 1678 0 8322
533 1678 0 8322
534 1678 0 8322
535 1678 0 8322
536 1678 0 8322
537 1678 0 8322
538 1678 0 8322
539 1678 0 8322
540 1678 0 8322
541 1678 0 8322
542 1678 0 8322
543 1678 0 8322
544 1678 0 8322
545 1678 0 8322
546 1678 0 8322
547 1678 0 8322
548 1678 0 8322
549 1678 0 8322
550 1678 0 8322
551 1678 0 8322
552 1678 0 8322
553 1678 0 8322
554 1678 0 8322
555 1678 0 8322
556 1678 0 8322
557 1678 0 8322
558 1678 0 8322
559 1678 0 8322
560 1678 0 8322
561 1678 0 8322
562 1678 0 8322
563 1678 0 8322
564 1678 0 8322
565 1678 0 8322
566 1678 0 8322
567 1678 0 8322
568 1678 0 8322
569 1678 0 8322
570 1678 0 8322
571 1678 0 8322
572 1678 0 8322
573 1678 0 8322
574 1678 0 8322
575 1678 0 8322
576 1678 0 8322
577 1678 0 8322
578 1678 0 8322
579 1678 0 8322
580 1678 0 8322
581 1678 0 8322
582 1678 0 8322
583 1678 0 8322
584 1678 0 8322
585 1678 0 8322
586 1678 0 8322
587 1678 0 8322
588 1678 0 8322
589 1678 0 8322
590 1678 0 8322
591 1678 0 8322
592 1678 0 8322
593 1678 0 8322
594 1678 0 8322
595 1678 0 8322
596 1678 0 8322
597 1678 0 8322
598 1678 0 8322
599 1678 0 8322
600 1678 0 8322
601 1678 0 8322
602 1678 0 8322
603 1678 0 8322
604 1678 0 8322
605 1678 0 8322
606 1678 0 8322
607 1678 0 8322
608 1678 0 8322
609 1678 0 8322
610 1678 0 8322
611 1678 0 8322
612 1678 0 8322
613 1678 0 8322
614 1678 0 8322
615 1678 0 8322
616 1678 0 8322
617 1678 0 8322
618 1678 0 8322
619 1678 0 8322
620 1678 0 8322
621 1678 0 8322
622 1678 0 8322
623 1678 0 8322
624 1678 0 8322
625 1678 0 8322
626 1678 0 8322
627 1678 0 8322
628 1678 0 8322
629 1678 0 8322
630 1678 0 8322
631 1678 0 8322
632 1678 0 8322
633 1678 0 8322
634 1678 0 8322
635 1678 0 8322
636 1678 0 8322
637 1678 0 8322
638 1678 0 8322
639 1678 0 8322
640 1678 0 8322
641 1678 0 8322
642 1678 0 8322
643 1678 0 8322
644 1678 0 8322
645 1678 0 8322
646 1678 0 8322
647 1678 0 8322
648 1678 0 8322
649 1678 0 8322
650 1678 0 8322
651 1678 0 8322
652 1678 0 8322
653 1678 0 8322
654 1678 0 8322
655 1678 0 8322
656 1678 0 8322
657 1678 0 8322
658 1678 0 8322
659 1678 0 8322
660 1678 0 8322
661 1678 0 8322
662 1678 0 8322
663 1678 0 8322
664 1678 0 8322
665 1678 0 8322
666 1678 0 8322
667 1678 0 8322
668 1678 0 8322
669 1678 0 8322
670 1678 0 8322
671 1678 0 8322
672 1678 0 8322
673 1678 0 8322
674 1678 0 8322
675 1678 0 8322
676 1678 0 8322
677 1678 0 8322
678 1678 0 8322
679 1678 0 8322
680 1678 0 8322
681 1678 0 8322
682 1678 0 8322
683 1678 0 8322
684 1678 0 8322
685 1678 0 8322
686 1678 0 8322
687 1678 0 8322
688 1678 0 8322
689 1678 0 8322
690 1678 0 8322
691 1678 0 8322
692 1678 0 8322
693 1678 0 8322
694 1678 0 8322
695 1678 0 8322
696 1678 0 8322
697 1678 0 8322
698 1678 0 8322
699 1678 0 8322
700 1678 0 8322
701 1678 0 8322
702 1678 0 8322
703 1678 0 8322
704 1678 0 8322
705 1678 0 8322
706 1678 0 8322
707 1678 0 8322
708 1678 0 8322
709 1678 0 8322
710 1678 0 8322
711 1678 0 8322
712 1678 0 8322
713 1678 0 8322
714 1678 0 8322
715 1678 0 8322
716 1678 0 8322
717 1678 0 8322
718 1678 0 8322
719 1678 0 8322
720 1678 0 8322
721 1678 0 8322
722 1678 0 8322
723 1678 0 8322
724 1678 0 8322
725 1678 0 8322
726 1678 0 8322
727 1678 0 8322
728 1678 0 8322
729 1678 0 8322
730 1678 0 8322
731 1678 0 8322
732 1678 0 8322
733 1678 0 8322
734 1678 0 8322
735 1678 0 8322
736 1678 0 8322
737 1678 0 8322
738 1678 0 8322
739 1678 0 8322
740 1678 0 8322
741 1678 0 8322
742 1678 0 8322
743 1678 0 8322
744 1678 0 8322
745 1678 0 8322
746 1678 0 8322
747 1678 0 8322
748 1678 0 8322
749 1678 0 8322
750 1678 0 8322
751 1678 0 8322
752 1678 0 8322
753 1678 0 8322
754 1678 0 8322
755 1678 0 8322
756 1678 0 8322
757 1678 0 8322
758 1678 0 8322
759 1678 0 8322
760 1678 0 8322
761 1678 0 8322
762 1678 0 8322
763 1678 0 8322
764 1678 0 8322
765 1678 0 8322
766 1678 0 8322
767 1678 0 8322
768 1678 0 8322
769 1678 0 8322
770 1678 0 8322
771 1678 0 8322
772 1678 0 8322
773 1678 0 8322
774 1678 0 8322
775 1678 0 8322
776 1678 0 8322
777 1678 0 8322
778 1678 0 8322
779 1678 0 8322
780 1678 0 8322
781 1678 0 8322
782 1678 0 8322
783 1678 0 8322
784 1678 0 8322
785 1678 0 8322
786 1678 0 8322
787 1678 0 8322
788 1678 0 8322
789 1678 0 8322
790 1678 0 8322
791 1678 0 8322
792 1678 0 8322
793 1678 0 8322
794 1678 0 8322
795 1678 0 8322
796 1678 0 8322
797 1678 0 8322
798 1678 0 8322
799 1678 0 8322
800 1678 0 8322
801 1678 0 8322
802 1678 0 8322
803 1678 0 8322
804 1678 0 8322
805 1678 0 8322
806 1678 0 8322
807 1678 0 8322
808 1678 0 8322
809 1678 0 8322
810 1678 0 8322
811 1678 0 8322
812 1678 0 8322
813 1678 0 8322
814 1678 0 8322
815 1678 0 8322
816 1678 0 8322
817 1678 0 8322
818 1678 0 8322
819 1678 0 8322
820 1678 0 8322
821 1678 0 8322
822 1678 0 8322
823 1678 0 8322
824 1678 0 8322
825 1678 0 8322
826 1678 0 8322
827 1678 0 8322
828 1678 0 8322
829 1678 0 8322
830 1678 0 8322
831 1678 0 8322
832 1678 0 8322
833 1678 0 8322
834 1678 0 8322
835 1678 0 8322
836 1678 0 8322
837 1678 0 8322
838 1678 0 8322
839 1678 0 8322
840 1678 0 8322
841 1678 0 8322
842 1678 0 8322
843 1678 0 8322
844 1678 0 8322
845 1678 0 8322
846 1678 0 8322
847 1678 0 8322
848 1678 0 8322
849 1678 0 8322
850 1678 0 8322
851 1678 0 8322
852 1678 0 8322
853 1678 0 8322
854 1678 0 8322
855 1678 0 8322
856 1678 0 8322
857 1678 0 8322
858 1678 0 8322
859 1678 0 8322
860 1678 0 8322
861 1678 0 8322
862 1678 0 8322
863 1678 0 8322
864 1678 0 8322
865 1678 0 8322
866 1678 0 8322
867 1678 0 8322
868 1678 0 8322
869 1678 0 8322
870 1678 0 8322
871 1678 0 8322
872 1678 0 8322
873 1678 0 8322
874 1678 0 8322
875 1678 0 8322
876 1678 0 8322
877 1678 0 8322
878 1678 0 8322
879 1678 0 8322
880 1678 0 8322
881 1678 0 8322
882 1678 0 8322
883 1678 0 8322
884 1678 0 8322
885 1678 0 8322
886 1678 0 8322
887 1678 0 8322
888 1678 0 8322
889 1678 0 8322
890 1678 0 8322
891 1678 0 8322
892 1678 0 8322
893 1678 0 8322
894 1678 0 8322
895 1678 0 8322
896 1678 0 8322
897 1678 0 8322
898 1678 0 8322
899 1678 0 8322
900 1678 0 8322
901 1678 0 8322
902 1678 0 8322
903 1678 0 8322
904 1678 0 8322
905 1678 0 8322
906 1678 0 8322
907 1678 0 8322
908 1678 0 8322
909 1678 0 8322
910 1678 0 8322
911 1678 0 8322
912 1678 0 8322
913 1678 0 8322
914 1678 0 8322
915 1678 0 8322
916 1678 0 8322
917 1678 0 8322
918 1678 0 8322
919 1678 0 8322
920 1678 0 8322
921 1678 0 8322
922 1678 0 8322
923 1678 0 8322
924 1678 0 8322
925 1678 0 8322
926 1678 0 8322
927 1678 0 8322
928 1678 0 8322
929 1678 0 8322
930 1678 0 8322
931 1678 0 8322
932 1678 0 8322
933 1678 0 8322
934 1678 0 8322
935 1678 0 8322
936 1678 0 8322
937 1678 0 8322
938 1678 0 8322
939 1678 0 8322
940 1678 0 8322
941 1678 0 8322
942 1678 0 8322
943 1678 0 8322
944 1678 0 8322
945 1678 0 8322
946 1678 0 8322
947 1678 0 8322
948 1678 0 8322
949 1678 0 8322
950 1678 0 8322
951 1678 0 8322
952 1678 0 8322
953 1678 0 8322
954 1678 0 8322
955 1678 0 8322
956 1678 0 8322
957 1678 0 8322
958 1678 0 8322
959 1678 0 8322
960 1678 0 8322
961 1678 0 8322
962 1678 0 8322
963 1678 0 8322
964 1678 0 8322
965 1678 0 8322
966 1678 0 8322
967 1678 0 8322
968 1678 0 8322
969 1678 0 8322
970 1678 0 8322
971 1678 0 8322
972 1678 0 8322
973 1678 0 8322
974 1678 0 8322
975 1678 0 8322
976 1678 0 8322
977 1678 0 8322
978 1678 0 8322
979 1678 0 8322
980 1678 0 8322
981 1678 0 8322
982 1678 0 8322
983 1678 0 8322
984 1678 0 8322
985 1678 0 8322
986 1678 0 8322
987 1678 0 8322
988 1678 0 8322
989 1678 0 8322
990 1678 0 8322
991 1678 0 8322
992 1678 0 8322
993 1678 0 8322
994 1678 0 8322
995 1678 0 8322
996 1678 0 8322
997 1678 0 8322
998 1678 0 8322
999 1678 0 8322
