0 9999 1 0
1 9998 2 0
2 9996 3 1
3 9996 3 1
4 9996 3 1
5 9995 3 2
6 9992 5 3
7 9989 6 5
8 9988 5 7
9 9987 4 9
10 9985 4 11
11 9983 5 12
12 9980 7 13
13 9973 14 13
14 9973 14 13
15 9969 16 15
16 9968 14 18
17 9964 13 23
18 9961 14 25
19 9958 13 29
20 9951 18 31
21 9948 16 36
22 9947 15 38
23 9946 11 43
24 9944 10 46
25 9943 9 48
26 9942 5 53
27 9942 5 53
28 9940 7 53
29 9939 6 55
30 9938 7 55
31 9933 11 56
32 9930 11 59
33 9929 9 62
34 9924 12 64
35 9921 11 68
36 9919 10 71
37 9918 9 73
38 9913 12 75
39 9910 14 76
40 9904 15 81
41 9899 19 82
42 9893 17 90
43 9885 24 91
44 9877 28 95
45 9871 29 100
46 9867 26 107
47 9863 24 113
48 9853 32 115
49 9835 42 123
50 9829 44 127
51 9820 44 136
52 9806 51 143
53 9794 55 151
54 9779 58 163
55 9770 59 171
56 9749 72 179
57 9734 77 189
58 9718 77 205
59 9702 82 216
60 9687 85 228
61 9678 79 243
62 9665 73 262
63 9657 73 270
64 9651 67 282
65 9642 62 296
66 9633 63 304
67 9621 67 312
68 9611 59 330
69 9599 64 337
70 9581 71 348
71 9566 71 363
72 9548 78 374
73 9535 74 391
74 9528 71 401
75 9513 64 423
76 9504 63 433
77 9496 62 442
78 9494 49 457
79 9489 47 464
80 9483 41 476
81 9481 41 478
82 9469 48 483
83 9466 38 496
84 9463 36 501
85 9462 32 506
86 9459 28 513
87 9453 32 515
88 9449 28 523
89 9448 24 528
90 9441 27 532
91 9434 31 535
92 9430 33 537
93 9424 32 544
94 9410 37 553
95 9406 36 558
96 9401 33 566
97 9399 32 569
98 9393 29 578
99 9383 32 585
100 9378 35 587
101 9370 39 591
102 9361 40 599
103 9352 40 608
104 9342 44 614
105 9333 44 623
106 9323 44 633
107 9321 39 640
108 9315 31 654
109 9313 29 658
110 9311 27 662
111 9307 26 667
112 9301 28 671
113 9297 29 674
114 9292 30 678
115 9283 30 687
116 9277 29 694
117 9271 32 697
118 9268 29 703
119 9265 27 708
120 9264 24 712
121 9261 25 714
122 9258 24 718
123 9255 20 725
124 9251 20 729
125 9250 19 731
126 9246 20 734
127 9240 23 737
128 9238 23 739
129 9237 18 745
130 9235 17 748
131 9227 20 753
132 9222 23 755
133 9214 27 759
134 9211 23 766
135 9208 24 768
136 9203 25 772
137 9198 26 776
138 9189 30 781
139 9178 35 787
140 9166 42 792
141 9161 39 800
142 9150 43 807
143 9141 49 810
144 9135 45 820
145 9127 47 826
146 9123 44 833
147 9116 47 837
148 9107 51 842
149 9098 52 850
150 9094 48 858
151 9092 41 867
152 9083 44 873
153 9077 41 882
154 9074 34 892
155 9069 34 897
156 9065 33 902
157 9060 32 908
158 9054 31 915
159 9047 34 919
160 9039 31 930
161 9029 37 934
162 9022 38 940
163 9013 35 952
164 9010 35 955
165 9007 31 962
166 8997 39 964
167 8989 40 971
168 8982 46 972
169 8973 47 980
170 8963 52 985
171 8955 50 995
172 8946 46 1008
173 8942 45 1013
174 8938 40 1022
175 8937 30 1033
176 8933 23 1044
177 8931 19 1050
178 8930 20 1050
179 8929 19 1052
180 8928 15 1057
181 8927 12 1061
182 8922 14 1064
183 8920 12 1068
184 8918 14 1068
185 8916 15 1069
186 8915 11 1074
187 8907 16 1077
188 8907 14 1079
189 8905 15 1080
190 8902 15 1083
191 8899 13 1088
192 8893 13 1094
193 8891 12 1097
194 8886 17 1097
195 8880 21 1099
196 8872 24 1104
197 8864 28 1108
198 8859 27 1114
199 8847 36 1117
200 8841 36 1123
201 8831 36 1133
202 8823 36 1141
203 8815 37 1148
204 8807 38 1155
205 8797 41 1162
206 8789 46 1165
207 8782 46 1172
208 8776 44 1180
209 8767 48 1185
210 8757 51 1192
211 8740 61 1199
212 8731 62 1207
213 8719 60 1221
214 8711 53 1236
215 8702 56 1242
216 8697 51 1252
217 8684 56 1260
218 8679 46 1275
219 8671 41 1288
220 8664 41 1295
221 8659 39 1302
222 8655 36 1309
223 8639 46 1315
224 8629 47 1324
225 8622 45 1333
226 8615 44 1341
227 8608 47 1345
228 8603 49 1348
229 8593 49 1358
230 8580 52 1368
231 8570 50 1380
232 8563 40 1397
233 8560 37 1403
234 8552 39 1409
235 8545 36 1419
236 8540 31 1429
237 8531 36 1433
238 8521 44 1435
239 8512 41 1447
240 8506 40 1454
241 8495 42 1463
242 8487 39 1474
243 8476 44 1480
244 8465 47 1488
245 8458 42 1500
246 8453 39 1508
247 8436 48 1516
248 8423 51 1526
249 8412 58 1530
250 8399 56 1545
251 8394 50 1556
252 8384 52 1564
253 8372 58 1570
254 8366 51 1583
255 8353 54 1593
256 8349 47 1604
257 8343 49 1608
258 8330 56 1614
259 8321 62 1617
260 8312 64 1624
261 8305 61 1634
262 8294 57 1649
263 8275 64 1661
264 8264 66 1670
265 8245 66 1689
266 8230 75 1695
267 8204 90 1706
268 8188 93 1719
269 8174 91 1735
270 8162 88 1750
271 8145 94 1761
272 8134 91 1775
273 8112 96 1792
274 8106 82 1812
275 8092 77 1831
276 8076 78 1846
277 8069 74 1857
278 8056 74 1870
279 8047 70 1883
280 8038 69 1893
281 8027 66 1907
282 8016 68 1916
283 8004 67 1929
284 7993 70 1937
285 7978 73 1949
286 7966 76 1958
287 7956 73 1971
288 7945 74 1981
289 7934 71 1995
290 7924 71 2005
291 7911 74 2015
292 7901 76 2023
293 7887 71 2042
294 7875 72 2053
295 7869 63 2068
296 7861 62 2077
297 7855 54 2091
298 7851 49 2100
299 7840 52 2108
300 7829 54 2117
301 7817 61 2122
302 7803 65 2132
303 7794 65 2141
304 7776 70 2154
305 7767 71 2162
306 7752 73 2175
307 7737 75 2188
308 7724 69 2207
309 7713 70 2217
310 7704 71 2225
311 7685 84 2231
312 7665 92 2243
313 7644 101 2255
314 7634 92 2274
315 7620 93 2287
316 7605 95 2300
317 7583 96 2321
318 7571 93 2336
319 7556 89 2355
320 7547 83 2370
321 7541 71 2388
322 7529 76 2395
323 7519 63 2418
324 7506 70 2424
325 7497 67 2436
326 7486 62 2452
327 7477 61 2462
328 7468 62 2470
329 7455 61 2484
330 7442 62 2496
331 7433 63 2504
332 7424 61 2515
333 7419 53 2528
334 7405 54 2541
335 7394 57 2549
336 7375 63 2562
337 7357 68 2575
338 7346 70 2584
339 7333 68 2599
340 7321 69 2610
341 7295 86 2619
342 7274 99 2627
343 7263 93 2644
344 7244 92 2664
345 7229 88 2683
346 7213 92 2695
347 7199 90 2711
348 7180 94 2726
349 7164 93 2743
350 7147 98 2755
351 7139 86 2775
352 7128 78 2794
353 7119 68 2813
354 7104 67 2829
355 7093 70 2837
356 7080 71 2849
357 7062 75 2863
358 7058 67 2875
359 7038 76 2886
360 7015 86 2899
361 6995 83 2922
362 6973 86 2941
363 6964 80 2956
364 6947 85 2968
365 6933 87 2980
366 6917 87 2996
367 6903 89 3008
368 6889 84 3027
369 6876 76 3048
370 6865 73 3062
371 6856 71 3073
372 6848 62 3090
373 6840 59 3101
374 6826 64 3110
375 6815 67 3118
376 6809 57 3134
377 6796 59 3145
378 6785 55 3160
379 6777 57 3166
380 6772 48 3180
381 6766 41 3193
382 6753 51 3196
383 6744 54 3202
384 6733 54 3213
385 6724 52 3224
386 6718 52 3230
387 6710 42 3248
388 6701 42 3257
389 6692 47 3261
390 6687 43 3270
391 6676 45 3279
392 6668 47 3285
393 6664 47 3289
394 6649 54 3297
395 6639 52 3309
396 6633 49 3318
397 6626 44 3330
398 6621 40 3339
399 6613 42 3345
400 6608 41 3351
401 6604 38 3358
402 6601 37 3362
403 6596 34 3370
404 6592 33 3375
405 6585 36 3379
406 6578 36 3386
407 6577 32 3391
408 6567 31 3402
409 6560 36 3404
410 6548 42 3410
411 6536 44 3420
412 6523 46 3431
413 6519 41 3440
414 6515 39 3446
415 6510 41 3449
416 6502 44 3454
417 6496 43 3461
418 6481 52 3467
419 6474 53 3473
420 6466 51 3483
421 6458 49 3493
422 6446 50 3504
423 6443 45 3512
424 6438 42 3520
425 6432 39 3529
426 6428 37 3535
427 6425 35 3540
428 6421 33 3546
429 6417 32 3551
430 6411 35 3554
431 6405 36 3559
432 6398 29 3573
433 6390 32 3578
434 6380 36 3584
435 6372 39 3589
436 6363 40 3597
437 6357 39 3604
438 6349 36 3615
439 6337 43 3620
440 6323 49 3628
441 6316 51 3633
442 6299 55 3646
443 6294 49 3657
444 6278 53 3669
445 6265 58 3677
446 6256 54 3690
447 6242 55 3703
448 6229 62 3709
449 6226 55 3719
450 6217 58 3725
451 6203 65 3732
452 6190 65 3745
453 6183 62 3755
454 6167 64 3769
455 6167 51 3782
456 6158 49 3793
457 6151 48 3801
458 6145 48 3807
459 6137 48 3815
460 6132 46 3822
461 6121 46 3833
462 6112 51 3837
463 6106 50 3844
464 6095 56 3849
465 6083 61 3856
466 6078 57 3865
467 6075 47 3878
468 6067 47 3886
469 6065 43 3892
470 6059 42 3899
471 6057 39 3904
472 6050 40 3910
473 6043 39 3918
474 6037 36 3927
475 6035 36 3929
476 6034 34 3932
477 6031 30 3939
478 6029 26 3945
479 6017 34 3949
480 6008 37 3955
481 6004 37 3959
482 5994 40 3966
483 5978 50 3972
484 5971 48 3981
485 5964 48 3988
486 5959 43 3998
487 5953 39 4008
488 5951 31 4018
489 5951 28 4021
490 5946 28 4026
491 5939 32 4029
492 5933 28 4039
493 5926 32 4042
494 5915 37 4048
495 5908 41 4051
496 5905 40 4055
497 5900 36 4064
498 5897 31 4072
499 5892 31 4077
500 5884 37 4079
501 5878 37 4085
502 5873 39 4088
503 5869 37 4094
504 5863 36 4101
505 5853 38 4109
506 5850 35 4115
507 5841 36 4123
508 5837 35 4128
509 5831 34 4135
510 5822 38 4140
511 5820 37 4143
512 5817 33 4150
513 5808 38 4154
514 5803 40 4157
515 5796 42 4162
516 5785 45 4170
517 5772 47 4181
518 5769 46 4185
519 5760 46 4194
520 5751 48 4201
521 5742 51 4207
522 5734 50 4216
523 5730 44 4226
524 5721 47 4232
525 5713 44 4243
526 5711 37 4252
527 5706 35 4259
528 5703 35 4262
529 5699 36 4265
530 5696 33 4271
531 5690 39 4271
532 5686 33 4281
533 5678 37 4285
534 5671 38 4291
535 5667 33 4300
536 5661 32 4307
537 5651 37 4312
538 5638 43 4319
539 5630 43 4327
540 5620 45 4335
541 5618 37 4345
542 5611 38 4351
543 5607 35 4358
544 5602 37 4361
545 5599 34 4367
546 5592 35 4373
547 5588 36 4376
548 5585 33 4382
549 5578 31 4391
550 5572 31 4397
551 5561 36 4403
552 5550 40 4410
553 5543 41 4416
554 5537 36 4427
555 5535 35 4430
556 5532 33 4435
557 5528 35 4437
558 5517 43 4440
559 5513 41 4446
560 5503 40 4457
561 5493 43 4464
562 5487 45 4468
563 5475 46 4479
564 5467 49 4484
565 5463 47 4490
566 5458 45 4497
567 5449 48 4503
568 5444 41 4515
569 5439 39 4522
570 5434 35 4531
571 5429 33 4538
572 5428 27 4545
573 5424 30 4546
574 5420 25 4555
575 5413 27 4560
576 5412 18 4570
577 5404 23 4573
578 5400 20 4580
579 5398 17 4585
580 5397 13 4590
581 5396 11 4593
582 5395 7 4598
583 5395 4 4601
584 5393 3 4604
585 5393 3 4604
586 5393 3 4604
587 5393 3 4604
588 5393 3 4604
589 5392 3 4605
590 5392 2 4606
591 5391 3 4606
592 5391 3 4606
593 5389 5 4606
594 5388 4 4608
595 5387 5 4608
596 5385 7 4608
597 5384 5 4611
598 5382 4 4614
599 5382 4 4614
600 5382 3 4615
601 5382 2 4616
602 5381 3 4616
603 5381 2 4617
604 5381 2 4617
605 5380 3 4617
606 5376 6 4618
607 5373 8 4619
608 5373 7 4620
609 5372 7 4621
610 5371 8 4621
611 5370 7 4623
612 5370 6 4624
613 5369 5 4626
614 5368 4 4628
615 5366 5 4629
616 5362 9 4629
617 5357 10 4633
618 5356 10 4634
619 5355 9 4636
620 5354 8 4638
621 5353 8 4639
622 5353 8 4639
623 5350 10 4640
624 5344 14 4642
625 5340 15 4645
626 5335 19 4646
627 5331 20 4649
628 5329 19 4652
629 5325 18 4657
630 5322 18 4660
631 5317 17 4666
632 5316 12 4672
633 5316 11 4673
634 5316 7 4677
635 5316 7 4677
636 5314 9 4677
637 5313 7 4680
638 5313 5 4682
639 5310 6 4684
640 5308 7 4685
641 5307 8 4685
642 5307 8 4685
643 5307 8 4685
644 5305 7 4688
645 5303 8 4689
646 5301 8 4691
647 5297 9 4694
648 5292 12 4696
649 5290 13 4697
650 5288 10 4702
651 5286 9 4705
652 5278 14 4708
653 5273 18 4709
654 5269 17 4714
655 5265 19 4716
656 5260 21 4719
657 5258 18 4724
658 5253 20 4727
659 5247 18 4735
660 5242 19 4739
661 5229 28 4743
662 5224 30 4746
663 5210 38 4752
664 5202 37 4761
665 5195 35 4770
666 5189 37 4774
667 5183 36 4781
668 5171 42 4787
669 5161 42 4797
670 5157 35 4808
671 5149 35 4816
672 5141 36 4823
673 5138 33 4829
674 5135 31 4834
675 5131 31 4838
676 5119 38 4843
677 5104 49 4847
678 5092 52 4856
679 5083 55 4862
680 5077 53 4870
681 5067 56 4877
682 5061 47 4892
683 5055 43 4902
684 5039 54 4907
685 5030 56 4914
686 5017 59 4924
687 5006 58 4936
688 4994 58 4948
689 4987 48 4965
690 4978 49 4973
691 4971 46 4983
692 4956 54 4990
693 4945 56 4999
694 4929 63 5008
695 4916 70 5014
696 4907 67 5026
697 4895 66 5039
698 4881 70 5049
699 4869 63 5068
700 4861 57 5082
701 4852 54 5094
702 4846 47 5107
703 4839 48 5113
704 4835 45 5120
705 4829 44 5127
706 4824 41 5135
707 4822 34 5144
708 4819 31 5150
709 4814 30 5156
710 4808 31 5161
711 4805 27 5168
712 4802 26 5172
713 4800 25 5175
714 4795 22 5183
715 4792 18 5190
716 4791 18 5191
717 4790 15 5195
718 4788 14 5198
719 4782 18 5200
720 4779 15 5206
721 4777 16 5207
722 4776 17 5207
723 4768 23 5209
724 4762 24 5214
725 4761 21 5218
726 4758 20 5222
727 4756 18 5226
728 4753 14 5233
729 4751 14 5235
730 4751 12 5237
731 4748 12 5240
732 4748 10 5242
733 4747 8 5245
734 4747 7 5246
735 4746 7 5247
736 4745 5 5250
737 4745 4 5251
738 4745 3 5252
739 4745 3 5252
740 4745 3 5252
741 4744 1 5255
742 4744 1 5255
743 4744 1 5255
744 4744 1 5255
745 4744 1 5255
746 4744 0 5256
747 4744 0 5256
748 4744 0 5256
749 4744 0 5256
750 4744 0 5256
751 4744 0 5256
752 4744 0 5256
753 4744 0 5256
754 4744 0 5256
755 4744 0 5256
756 4744 0 5256
757 4744 0 5256
758 4744 0 5256
759 4744 0 5256
760 4744 0 5256
761 4744 0 5256
762 4744 0 5256
763 4744 0 5256
764 4744 0 5256
765 4744 0 5256
766 4744 0 5256
767 4744 0 5256
768 4744 0 5256
769 4744 0 5256
770 4744 0 5256
771 4744 0 5256
772 4744 0 5256
773 4744 0 5256
774 4744 0 5256
775 4744 0 5256
776 4744 0 5256
777 4744 0 5256
778 4744 0 5256
779 4744 0 5256
780 4744 0 5256
781 4744 0 5256
782 4744 0 5256
783 4744 0 5256
784 4744 0 5256
785 4744 0 5256
786 4744 0 5256
787 4744 0 5256
788 4744 0 5256
789 4744 0 5256
790 4744 0 5256
791 4744 0 5256
792 4744 0 5256
793 4744 0 5256
794 4744 0 5256
795 4744 0 5256
796 4744 0 5256
797 4744 0 5256
798 4744 0 5256
799 4744 0 5256
800 4744 0 5256
801 4744 0 5256
802 4744 0 5256
803 4744 0 5256
804 4744 0 5256
805 4744 0 5256
806 4744 0 5256
807 4744 0 5256
808 4744 0 5256
809 4744 0 5256
810 4744 0 5256
811 4744 0 5256
812 4744 0 5256
813 4744 0 5256
814 4744 0 5256
815 4744 0 5256
816 4744 0 5256
817 4744 0 5256
818 4744 0 5256
819 4744 0 5256
820 4744 0 5256
821 4744 0 5256
822 4744 0 5256
823 4744 0 5256
824 4744 0 5256
825 4744 0 5256
826 4744 0 5256
827 4744 0 5256
828 4744 0 5256
829 4744 0 5256
830 4744 0 5256
831 4744 0 5256
832 4744 0 5256
833 4744 0 5256
834 4744 0 5256
835 4744 0 5256
836 4744 0 5256
837 4744 0 5256
838 4744 0 5256
839 4744 0 5256
840 4744 0 5256
841 4744 0 5256
842 4744 0 5256
843 4744 0 5256
844 4744 0 5256
845 4744 0 5256
846 4744 0 5256
847 4744 0 5256
848 4744 0 5256
849 4744 0 5256
850 4744 0 5256
851 4744 0 5256
852 4744 0 5256
853 4744 0 5256
854 4744 0 5256
855 4744 0 5256
856 4744 0 5256
857 4744 0 5256
858 4744 0 5256
859 4744 0 5256
860 4744 0 5256
861 4744 0 5256
862 4744 0 5256
863 4744 0 5256
864 4744 0 5256
865 4744 0 5256
866 4744 0 5256
867 4744 0 5256
868 4744 0 5256
869 4744 0 5256
870 4744 0 5256
871 4744 0 5256
872 4744 0 5256
873 4744 0 5256
874 4744 0 5256
875 4744 0 5256
876 4744 0 5256
877 4744 0 5256
878 4744 0 5256
879 4744 0 5256
880 4744 0 5256
881 4744 0 5256
882 4744 0 5256
883 4744 0 5256
884 4744 0 5256
885 4744 0 5256
886 4744 0 5256
887 4744 0 5256
888 4744 0 5256
889 4744 0 5256
890 4744 0 5256
891 4744 0 5256
892 4744 0 5256
893 4744 0 5256
894 4744 0 5256
895 4744 0 5256
896 4744 0 5256
897 4744 0 5256
898 4744 0 5256
899 4744 0 5256
900 4744 0 5256
901 4744 0 5256
902 4744 0 5256
903 4744 0 5256
904 4744 0 5256
905 4744 0 5256
906 4744 0 5256
907 4744 0 5256
908 4744 0 5256
909 4744 0 5256
910 4744 0 5256
911 4744 0 5256
912 4744 0 5256
913 4744 0 5256
914 4744 0 5256
915 4744 0 5256
916 4744 0 5256
917 4744 0 5256
918 4744 0 5256
919 4744 0 5256
920 4744 0 5256
921 4744 0 5256
922 4744 0 5256
923 4744 0 5256
924 4744 0 5256
925 4744 0 5256
926 4744 0 5256
927 4744 0 5256
928 4744 0 5256
929 4744 0 5256
930 4744 0 5256
931 4744 0 5256
932 4744 0 5256
933 4744 0 5256
934 4744 0 5256
935 4744 0 5256
936 4744 0 5256
937 4744 0 5256
938 4744 0 5256
939 4744 0 5256
940 4744 0 5256
941 4744 0 5256
942 4744 0 5256
943 4744 0 5256
944 4744 0 5256
945 4744 0 5256
946 4744 0 5256
947 4744 0 5256
948 4744 0 5256
949 4744 0 5256
950 4744 0 5256
951 4744 0 5256
952 4744 0 5256
953 4744 0 5256
954 4744 0 5256
955 4744 0 5256
956 4744 0 5256
957 4744 0 5256
958 4744 0 5256
959 4744 0 5256
960 4744 0 5256
961 4744 0 5256
962 4744 0 5256
963 4744 0 5256
964 4744 0 5256
965 4744 0 5256
966 4744 0 5256
967 4744 0 5256
968 4744 0 5256
969 4744 0 5256
970 4744 0 5256
971 4744 0 5256
972 4744 0 5256
973 4744 0 5256
974 4744 0 5256
975 4744 0 5256
976 4744 0 5256
977 4744 0 5256
978 4744 0 5256
979 4744 0 5256
980 4744 0 5256
981 4744 0 5256
982 4744 0 5256
983 4744 0 5256
984 4744 0 5256
985 4744 0 5256
986 4744 0 5256
987 4744 0 5256
988 4744 0 5256
989 4744 0 5256
990 4744 0 5256
991 4744 0 5256
992 4744 0 5256
993 4744 0 5256
994 4744 0 5256
995 4744 0 5256
996 4744 0 5256
997 4744 0 5256
998 4744 0 5256
999 4744 0 5256
