0 9999 1 0
1 9999 1 0
2 9999 1 0
3 9999 1 0
4 9997 3 0
5 9995 5 0
6 9993 7 0
7 9991 7 2
8 9985 10 5
9 9983 10 7
10 9978 13 9
11 9978 8 14
12 9976 6 18
13 9971 10 19
14 9967 12 21
15 9967 10 23
16 9965 9 26
17 9958 14 28
18 9949 21 30
19 9940 27 33
20 9929 34 37
21 9922 38 40
22 9913 38 49
23 9902 45 53
24 9897 43 60
25 9884 51 65
26 9875 49 76
27 9865 48 87
28 9852 51 97
29 9838 56 106
30 9828 57 115
31 9816 61 123
32 9813 54 133
33 9807 54 139
34 9800 57 143
35 9793 50 157
36 9788 49 163
37 9786 40 174
38 9785 35 180
39 9779 35 186
40 9776 29 195
41 9776 26 198
42 9774 26 200
43 9772 24 204
44 9769 24 207
45 9767 20 213
46 9760 22 218
47 9755 24 221
48 9752 24 224
49 9747 25 228
50 9734 29 237
51 9731 27 242
52 9724 32 244
53 9716 38 246
54 9707 43 250
55 9700 44 256
56 9693 45 262
57 9687 43 270
58 9678 45 277
59 9671 41 288
60 9664 40 296
61 9661 36 303
62 9655 37 308
63 9649 34 317
64 9643 36 321
65 9641 29 330
66 9639 27 334
67 9636 24 340
68 9631 24 345
69 9628 24 348
70 9626 24 350
71 9620 25 355
72 9616 22 362
73 9612 19 369
74 9609 19 372
75 9604 21 375
76 9599 24 377
77 9593 25 382
78 9590 23 387
79 9585 24 391
80 9578 28 394
81 9570 28 402
82 9564 29 407
83 9559 30 411
84 9552 30 418
85 9547 31 422
86 9542 26 432
87 9537 28 435
88 9529 31 440
89 9523 34 443
90 9513 39 448
91 9506 38 456
92 9493 42 465
93 9487 38 475
94 9481 42 477
95 9475 40 485
96 9470 39 491
97 9466 40 494
98 9460 34 506
99 9458 31 511
100 9454 30 516
101 9452 27 521
102 9451 26 523
103 9446 28 526
104 9438 33 529
105 9435 32 533
106 9428 34 538
107 9425 34 541
108 9422 34 544
109 9419 30 551
110 9414 30 556
111 9411 27 562
112 9403 28 569
113 9399 25 576
114 9392 28 580
115 9386 29 585
116 9380 26 594
117 9380 24 596
118 9377 20 603
119 9374 19 607
120 9370 22 608
121 9367 18 615
122 9362 20 618
123 9360 20 620
124 9352 26 622
125 9346 28 626
126 9345 24 631
127 9343 23 634
128 9338 22 640
129 9335 23 642
130 9331 25 644
131 9327 22 651
132 9319 27 654
133 9312 29 659
134 9301 32 667
135 9294 31 675
136 9285 35 680
137 9280 36 684
138 9268 43 689
139 9266 42 692
140 9253 51 696
141 9248 51 701
142 9229 65 706
143 9214 68 718
144 9196 73 731
145 9182 67 751
146 9168 65 767
147 9151 66 783
148 9139 66 795
149 9122 60 818
150 9096 77 827
151 9078 83 839
152 9065 83 852
153 9056 78 866
154 9042 76 882
155 9024 84 892
156 9004 88 908
157 8987 89 924
158 8971 82 947
159 8946 91 963
160 8928 97 975
161 8904 105 991
162 8876 113 1011
163 8855 114 1031
164 8832 117 1051
165 8814 107 1079
166 8797 105 1098
167 8774 107 1119
168 8759 106 1135
169 8742 103 1155
170 8729 98 1173
171 8713 89 1198
172 8699 82 1219
173 8686 79 1235
174 8671 83 1246
175 8658 83 1259
176 8649 80 1271
177 8636 81 1283
178 8625 81 1294
179 8613 75 1312
180 8606 75 1319
181 8592 76 1332
182 8583 70 1347
183 8579 58 1363
184 8570 60 1370
185 8561 56 1383
186 8557 48 1395
187 8549 49 1402
188 8545 43 1412
189 8540 36 1424
190 8530 40 1430
191 8527 29 1444
192 8518 32 1450
193 8508 38 1454
194 8498 41 1461
195 8490 39 1471
196 8481 40 1479
197 8466 49 1485
198 8460 51 1489
199 8455 45 1500
200 8448 43 1509
201 8440 47 1513
202 8430 46 1524
203 8424 44 1532
204 8415 48 1537
205 8406 45 1549
206 8393 50 1557
207 8387 50 1563
208 8380 48 1572
209 8375 41 1584
210 8366 46 1588
211 8360 46 1594
212 8351 49 1600
213 8345 44 1611
214 8334 49 1617
215 8324 50 1626
216 8321 46 1633
217 8313 41 1646
218 8307 40 1653
219 8299 42 1659
220 8292 44 1664
221 8274 54 1672
222 8266 56 1678
223 8257 59 1684
224 8250 55 1695
225 8242 52 1706
226 8226 50 1724
227 8210 55 1735
228 8193 60 1747
229 8173 72 1755
230 8159 66 1775
231 8150 67 1783
232 8137 67 1796
233 8123 67 1810
234 8111 69 1820
235 8100 67 1833
236 8086 64 1850
237 8070 63 1867
238 8057 68 1875
239 8036 79 1885
240 8021 79 1900
241 8003 80 1917
242 7986 84 1930
243 7968 83 1949
244 7954 76 1970
245 7934 82 1984
246 7926 75 1999
247 7905 82 2013
248 7886 94 2020
249 7868 100 2032
250 7851 103 2046
251 7823 115 2062
252 7800 110 2090
253 7778 115 2107
254 7762 107 2131
255 7747 108 2145
256 7729 101 2170
257 7711 102 2187
258 7701 88 2211
259 7689 83 2228
260 7675 84 2241
261 7658 86 2256
262 7636 86 2278
263 7616 91 2293
264 7603 86 2311
265 7593 82 2325
266 7580 82 2338
267 7566 84 2350
268 7538 96 2366
269 7520 95 2385
270 7501 96 2403
271 7488 87 2425
272 7474 85 2441
273 7456 89 2455
274 7439 92 2469
275 7421 92 2487
276 7404 96 2500
277 7390 90 2520
278 7372 91 2537
279 7357 90 2553
280 7341 88 2571
281 7332 82 2586
282 7319 79 2602
283 7302 81 2617
284 7281 88 2631
285 7261 93 2646
286 7249 91 2660
287 7239 86 2675
288 7218 87 2695
289 7205 83 2712
290 7193 76 2731
291 7178 72 2750
292 7166 72 2762
293 7151 75 2774
294 7133 83 2784
295 7110 83 2807
296 7100 78 2822
297 7081 83 2836
298 7067 84 2849
299 7051 90 2859
300 7038 91 2871
301 7024 86 2890
302 7013 81 2906
303 7001 72 2927
304 6990 68 2942
305 6976 73 2951
306 6963 77 2960
307 6952 65 2983
308 6944 68 2988
309 6930 72 2998
310 6923 70 3007
311 6909 75 3016
312 6902 70 3028
313 6889 74 3037
314 6877 76 3047
315 6865 74 3061
316 6854 69 3077
317 6837 74 3089
318 6821 75 3104
319 6804 76 3120
320 6788 76 3136
321 6776 77 3147
322 6751 90 3159
323 6737 90 3173
324 6721 91 3188
325 6705 97 3198
326 6692 91 3217
327 6678 89 3233
328 6663 93 3244
329 6649 95 3256
330 6635 89 3276
331 6620 86 3294
332 6605 81 3314
333 6598 75 3327
334 6582 81 3337
335 6572 74 3354
336 6561 70 3369
337 6548 71 3381
338 6532 72 3396
339 6520 77 3403
340 6505 82 3413
341 6497 73 3430
342 6486 75 3439
343 6477 67 3456
344 6467 58 3475
345 6452 63 3485
346 6444 66 3490
347 6433 65 3502
348 6424 64 3512
349 6411 70 3519
350 6402 63 3535
351 6395 62 3543
352 6385 61 3554
353 6372 62 3566
354 6364 58 3578
355 6355 58 3587
356 6347 59 3594
357 6340 58 3602
358 6338 50 3612
359 6331 51 3618
360 6324 49 3627
361 6306 58 3636
362 6292 60 3648
363 6278 59 3663
364 6271 59 3670
365 6263 53 3684
366 6253 59 3688
367 6247 56 3697
368 6235 60 3705
369 6222 66 3712
370 6209 67 3724
371 6198 60 3742
372 6183 70 3747
373 6172 73 3755
374 6160 76 3764
375 6145 75 3780
376 6133 70 3797
377 6127 59 3814
378 6121 52 3827
379 6112 52 3836
380 6107 49 3844
381 6096 51 3853
382 6093 46 3861
383 6087 43 3870
384 6087 35 3878
385 6084 35 3881
386 6076 40 3884
387 6071 39 3890
388 6066 43 3891
389 6057 48 3895
390 6050 43 3907
391 6048 37 3915
392 6043 35 3922
393 6037 37 3926
394 6031 38 3931
395 6025 36 3939
396 6015 39 3946
397 6008 40 3952
398 5997 49 3954
399 5984 53 3963
400 5981 51 3968
401 5970 53 3977
402 5962 54 3984
403 5953 51 3996
404 5941 56 4003
405 5935 51 4014
406 5926 50 4024
407 5916 49 4035
408 5908 49 4043
409 5889 59 4052
410 5879 61 4060
411 5871 55 4074
412 5860 57 4083
413 5842 66 4092
414 5829 66 4105
415 5820 63 4117
416 5808 62 4130
417 5797 57 4146
418 5793 50 4157
419 5786 47 4167
420 5781 43 4176
421 5771 47 4182
422 5765 44 4191
423 5759 48 4193
424 5743 55 4202
425 5730 55 4215
426 5713 59 4228
427 5701 63 4236
428 5694 59 4247
429 5684 59 4257
430 5671 61 4268
431 5653 74 4273
432 5637 76 4287
433 5621 79 4300
434 5607 75 4318
435 5593 76 4331
436 5579 71 4350
437 5573 66 4361
438 5566 63 4371
439 5556 60 4384
440 5549 57 4394
441 5546 45 4409
442 5539 45 4416
443 5531 44 4425
444 5531 39 4430
445 5527 36 4437
446 5519 36 4445
447 5510 35 4455
448 5499 42 4459
449 5487 47 4466
450 5481 43 4476
451 5469 42 4489
452 5457 46 4497
453 5446 51 4503
454 5434 53 4513
455 5417 65 4518
456 5400 74 4526
457 5381 81 4538
458 5365 77 4558
459 5357 71 4572
460 5351 67 4582
461 5341 64 4595
462 5327 66 4607
463 5317 60 4623
464 5308 61 4631
465 5292 63 4645
466 5277 63 4660
467 5270 60 4670
468 5257 65 4678
469 5244 63 4693
470 5228 63 4709
471 5217 63 4720
472 5209 62 4729
473 5202 55 4743
474 5190 54 4756
475 5183 52 4765
476 5175 46 4779
477 5165 44 4791
478 5143 57 4800
479 5131 58 4811
480 5122 57 4821
481 5113 56 4831
482 5106 52 4842
483 5101 46 4853
484 5091 52 4857
485 5082 55 4863
486 5074 57 4869
487 5057 63 4880
488 5043 64 4893
489 5031 62 4907
490 5021 63 4916
491 5010 57 4933
492 5003 52 4945
493 4997 50 4953
494 4989 45 4966
495 4982 50 4968
496 4968 56 4976
497 4955 59 4986
498 4944 66 4990
499 4936 65 4999
500 4925 65 5010
501 4910 72 5018
502 4896 70 5034
503 4880 73 5047
504 4871 69 5060
505 4861 66 5073
506 4845 70 5085
507 4833 70 5097
508 4827 62 5111
509 4824 53 5123
510 4818 51 5131
511 4807 55 5138
512 4803 50 5147
513 4800 46 5154
514 4793 45 5162
515 4787 42 5171
516 4784 37 5179
517 4781 29 5190
518 4776 29 5195
519 4774 23 5203
520 4773 23 5204
521 4773 18 5209
522 4769 22 5209
523 4769 16 5215
524 4768 15 5217
525 4764 17 5219
526 4761 19 5220
527 4755 21 5224
528 4753 21 5226
529 4750 17 5233
530 4749 14 5237
531 4748 11 5241
532 4747 9 5244
533 4743 13 5244
534 4736 20 5244
535 4732 17 5251
536 4727 16 5257
537 4726 14 5260
538 4723 13 5264
539 4721 11 5268
540 4717 14 5269
541 4714 15 5271
542 4709 17 5274
543 4708 17 5275
544 4707 13 5280
545 4705 13 5282
546 4704 13 5283
547 4702 14 5284
548 4700 14 5286
549 4694 16 5290
550 4688 17 5295
551 4686 13 5301
552 4686 11 5303
553 4685 11 5304
554 4683 11 5306
555 4683 8 5309
556 4683 8 5309
557 4682 8 5310
558 4680 8 5312
559 4677 9 5314
560 4673 11 5316
561 4671 9 5320
562 4669 9 5322
563 4666 10 5324
564 4661 12 5327
565 4656 17 5327
566 4655 14 5331
567 4652 12 5336
568 4650 12 5338
569 4646 14 5340
570 4642 15 5343
571 4642 13 5345
572 4639 10 5351
573 4636 13 5351
574 4635 9 5356
575 4633 11 5356
576 4632 10 5358
577 4630 11 5359
578 4630 10 5360
579 4628 10 5362
580 4625 12 5363
581 4620 15 5365
582 4618 13 5369
583 4615 14 5371
584 4609 15 5376
585 4605 16 5379
586 4603 14 5383
587 4599 16 5385
588 4593 18 5389
589 4589 17 5394
590 4587 19 5394
591 4585 18 5397
592 4584 19 5397
593 4583 17 5400
594 4579 20 5401
595 4578 19 5403
596 4575 19 5406
597 4574 16 5410
598 4574 14 5412
599 4572 15 5413
600 4572 10 5418
601 4571 8 5421
602 4570 7 5423
603 4570 6 5424
604 4570 4 5426
605 4570 3 5427
606 4570 2 5428
607 4570 2 5428
608 4570 2 5428
609 4570 2 5428
610 4570 1 5429
611 4570 1 5429
612 4570 1 5429
613 4570 1 5429
614 4570 1 5429
615 4570 0 5430
616 4570 0 5430
617 4570 0 5430
618 4570 0 5430
619 4570 0 5430
620 4570 0 5430
621 4570 0 5430
622 4570 0 5430
623 4570 0 5430
624 4570 0 5430
625 4570 0 5430
626 4570 0 5430
627 4570 0 5430
628 4570 0 5430
629 4570 0 5430
630 4570 0 5430
631 4570 0 5430
632 4570 0 5430
633 4570 0 5430
634 4570 0 5430
635 4570 0 5430
636 4570 0 5430
637 4570 0 5430
638 4570 0 5430
639 4570 0 5430
640 4570 0 5430
641 4570 0 5430
642 4570 0 5430
643 4570 0 5430
644 4570 0 5430
645 4570 0 5430
646 4570 0 5430
647 4570 0 5430
648 4570 0 5430
649 4570 0 5430
650 4570 0 5430
651 4570 0 5430
652 4570 0 5430
653 4570 0 5430
654 4570 0 5430
655 4570 0 5430
656 4570 0 5430
657 4570 0 5430
658 4570 0 5430
659 4570 0 5430
660 4570 0 5430
661 4570 0 5430
662 4570 0 5430
663 4570 0 5430
664 4570 0 5430
665 4570 0 5430
666 4570 0 5430
667 4570 0 5430
668 4570 0 5430
669 4570 0 5430
670 4570 0 5430
671 4570 0 5430
672 4570 0 5430
673 4570 0 5430
674 4570 0 5430
675 4570 0 5430
676 4570 0 5430
677 4570 0 5430
678 4570 0 5430
679 4570 0 5430
680 4570 0 5430
681 4570 0 5430
682 4570 0 5430
683 4570 0 5430
684 4570 0 5430
685 4570 0 5430
686 4570 0 5430
687 4570 0 5430
688 4570 0 5430
689 4570 0 5430
690 4570 0 5430
691 4570 0 5430
692 4570 0 5430
693 4570 0 5430
694 4570 0 5430
695 4570 0 5430
696 4570 0 5430
697 4570 0 5430
698 4570 0 5430
699 4570 0 5430
700 4570 0 5430
701 4570 0 5430
702 4570 0 5430
703 4570 0 5430
704 4570 0 5430
705 4570 0 5430
706 4570 0 5430
707 4570 0 5430
708 4570 0 5430
709 4570 0 5430
710 4570 0 5430
711 4570 0 5430
712 4570 0 5430
713 4570 0 5430
714 4570 0 5430
715 4570 0 5430
716 4570 0 5430
717 4570 0 5430
718 4570 0 5430
719 4570 0 5430
720 4570 0 5430
721 4570 0 5430
722 4570 0 5430
723 4570 0 5430
724 4570 0 5430
725 4570 0 5430
726 4570 0 5430
727 4570 0 5430
728 4570 0 5430
729 4570 0 5430
730 4570 0 5430
731 4570 0 5430
732 4570 0 5430
733 4570 0 5430
734 4570 0 5430
735 4570 0 5430
736 4570 0 5430
737 4570 0 5430
738 4570 0 5430
739 4570 0 5430
740 4570 0 5430
741 4570 0 5430
742 4570 0 5430
743 4570 0 5430
744 4570 0 5430
745 4570 0 5430
746 4570 0 5430
747 4570 0 5430
748 4570 0 5430
749 4570 0 5430
750 4570 0 5430
751 4570 0 5430
752 4570 0 5430
753 4570 0 5430
754 4570 0 5430
755 4570 0 5430
756 4570 0 5430
757 4570 0 5430
758 4570 0 5430
759 4570 0 5430
760 4570 0 5430
761 4570 0 5430
762 4570 0 5430
763 4570 0 5430
764 4570 0 5430
765 4570 0 5430
766 4570 0 5430
767 4570 0 5430
768 4570 0 5430
769 4570 0 5430
770 4570 0 5430
771 4570 0 5430
772 4570 0 5430
773 4570 0 5430
774 4570 0 5430
775 4570 0 5430
776 4570 0 5430
777 4570 0 5430
778 4570 0 5430
779 4570 0 5430
780 4570 0 5430
781 4570 0 5430
782 4570 0 5430
783 4570 0 5430
784 4570 0 5430
785 4570 0 5430
786 4570 0 5430
787 4570 0 5430
788 4570 0 5430
789 4570 0 5430
790 4570 0 5430
791 4570 0 5430
792 4570 0 5430
793 4570 0 5430
794 4570 0 5430
795 4570 0 5430
796 4570 0 5430
797 4570 0 5430
798 4570 0 5430
799 4570 0 5430
800 4570 0 5430
801 4570 0 5430
802 4570 0 5430
803 4570 0 5430
804 4570 0 5430
805 4570 0 5430
806 4570 0 5430
807 4570 0 5430
808 4570 0 5430
809 4570 0 5430
810 4570 0 5430
811 4570 0 5430
812 4570 0 5430
813 4570 0 5430
814 4570 0 5430
815 4570 0 5430
816 4570 0 5430
817 4570 0 5430
818 4570 0 5430
819 4570 0 5430
820 4570 0 5430
821 4570 0 5430
822 4570 0 5430
823 4570 0 5430
824 4570 0 5430
825 4570 0 5430
826 4570 0 5430
827 4570 0 5430
828 4570 0 5430
829 4570 0 5430
830 4570 0 5430
831 4570 0 5430
832 4570 0 5430
833 4570 0 5430
834 4570 0 5430
835 4570 0 5430
836 4570 0 5430
837 4570 0 5430
838 4570 0 5430
839 4570 0 5430
840 4570 0 5430
841 4570 0 5430
842 4570 0 5430
843 4570 0 5430
844 4570 0 5430
845 4570 0 5430
846 4570 0 5430
847 4570 0 5430
848 4570 0 5430
849 4570 0 5430
850 4570 0 5430
851 4570 0 5430
852 4570 0 5430
853 4570 0 5430
854 4570 0 5430
855 4570 0 5430
856 4570 0 5430
857 4570 0 5430
858 4570 0 5430
859 4570 0 5430
860 4570 0 5430
861 4570 0 5430
862 4570 0 5430
863 4570 0 5430
864 4570 0 5430
865 4570 0 5430
866 4570 0 5430
867 4570 0 5430
868 4570 0 5430
869 4570 0 5430
870 4570 0 5430
871 4570 0 5430
872 4570 0 5430
873 4570 0 5430
874 4570 0 5430
875 4570 0 5430
876 4570 0 5430
877 4570 0 5430
878 4570 0 5430
879 4570 0 5430
880 4570 0 5430
881 4570 0 5430
882 4570 0 5430
883 4570 0 5430
884 4570 0 5430
885 4570 0 5430
886 4570 0 5430
887 4570 0 5430
888 4570 0 5430
889 4570 0 5430
890 4570 0 5430
891 4570 0 5430
892 4570 0 5430
893 4570 0 5430
894 4570 0 5430
895 4570 0 5430
896 4570 0 5430
897 4570 0 5430
898 4570 0 5430
899 4570 0 5430
900 4570 0 5430
901 4570 0 5430
902 4570 0 5430
903 4570 0 5430
904 4570 0 5430
905 4570 0 5430
906 4570 0 5430
907 4570 0 5430
908 4570 0 5430
909 4570 0 5430
910 4570 0 5430
911 4570 0 5430
912 4570 0 5430
913 4570 0 5430
914 4570 0 5430
915 4570 0 5430
916 4570 0 5430
917 4570 0 5430
918 4570 0 5430
919 4570 0 5430
920 4570 0 5430
921 4570 0 5430
922 4570 0 5430
923 4570 0 5430
924 4570 0 5430
925 4570 0 5430
926 4570 0 5430
927 4570 0 5430
928 4570 0 5430
929 4570 0 5430
930 4570 0 5430
931 4570 0 5430
932 4570 0 5430
933 4570 0 5430
934 4570 0 5430
935 4570 0 5430
936 4570 0 5430
937 4570 0 5430
938 4570 0 5430
939 4570 0 5430
940 4570 0 5430
941 4570 0 5430
942 4570 0 5430
943 4570 0 5430
944 4570 0 5430
945 4570 0 5430
946 4570 0 5430
947 4570 0 5430
948 4570 0 5430
949 4570 0 5430
950 4570 0 5430
951 4570 0 5430
952 4570 0 5430
953 4570 0 5430
954 4570 0 5430
955 4570 0 5430
956 4570 0 5430
957 4570 0 5430
958 4570 0 5430
959 4570 0 5430
960 4570 0 5430
961 4570 0 5430
962 4570 0 5430
963 4570 0 5430
964 4570 0 5430
965 4570 0 5430
966 4570 0 5430
967 4570 0 5430
968 4570 0 5430
969 4570 0 5430
970 4570 0 5430
971 4570 0 5430
972 4570 0 5430
973 4570 0 5430
974 4570 0 5430
975 4570 0 5430
976 4570 0 5430
977 4570 0 5430
978 4570 0 5430
979 4570 0 5430
980 4570 0 5430
981 4570 0 5430
982 4570 0 5430
983 4570 0 5430
984 4570 0 5430
985 4570 0 5430
986 4570 0 5430
987 4570 0 5430
988 4570 0 5430
989 4570 0 5430
990 4570 0 5430
991 4570 0 5430
992 4570 0 5430
993 4570 0 5430
994 4570 0 5430
995 4570 0 5430
996 4570 0 5430
997 4570 0 5430
998 4570 0 5430
999 4570 0 5430
