0 9999 1 0
1 9998 2 0
2 9998 2 0
3 9997 3 0
4 9997 1 2
5 9997 1 2
6 9996 2 2
7 9992 6 2
8 9992 6 2
9 9991 7 2
10 9988 9 3
11 9984 13 3
12 9979 12 9
13 9975 15 10
14 9971 12 17
15 9971 9 20
16 9969 8 23
17 9967 9 24
18 9967 7 26
19 9967 6 27
20 9966 7 27
21 9965 6 29
22 9964 7 29
23 9958 13 29
24 9950 17 33
25 9946 19 35
26 9940 21 39
27 9933 24 43
28 9925 26 49
29 9921 25 54
30 9912 24 64
31 9905 25 70
32 9901 25 74
33 9897 26 77
34 9895 25 80
35 9888 29 83
36 9878 33 89
37 9872 33 95
38 9868 33 99
39 9862 34 104
40 9857 35 108
41 9848 37 115
42 9839 42 119
43 9828 46 126
44 9822 43 135
45 9811 46 143
46 9806 40 154
47 9794 46 160
48 9787 48 165
49 9783 45 172
50 9777 47 176
51 9768 48 184
52 9761 45 194
53 9755 49 196
54 9746 47 207
55 9741 49 210
56 9735 51 214
57 9725 50 225
58 9717 54 229
59 9712 46 242
60 9702 45 253
61 9693 47 260
62 9683 44 273
63 9676 45 279
64 9670 43 287
65 9667 35 298
66 9658 37 305
67 9652 35 313
68 9647 36 317
69 9647 31 322
70 9643 26 331
71 9639 25 336
72 9638 19 343
73 9635 21 344
74 9633 21 346
75 9629 22 349
76 9626 21 353
77 9624 17 359
78 9617 22 361
79 9614 21 365
80 9612 20 368
81 9609 19 372
82 9608 17 375
83 9605 14 381
84 9604 14 382
85 9600 15 385
86 9596 16 388
87 9593 18 389
88 9586 24 390
89 9581 23 396
90 9575 21 404
91 9572 24 404
92 9568 24 408
93 9565 20 415
94 9558 25 417
95 9553 27 420
96 9546 29 425
97 9538 30 432
98 9530 33 437
99 9523 30 447
100 9520 26 454
101 9516 22 462
102 9506 25 469
103 9499 26 475
104 9487 34 479
105 9480 36 484
106 9468 42 490
107 9454 48 498
108 9443 45 512
109 9433 48 519
110 9424 50 526
111 9415 49 536
112 9401 52 547
113 9393 48 559
114 9374 57 569
115 9365 52 583
116 9355 45 600
117 9347 46 607
118 9334 51 615
119 9330 50 620
120 9317 46 637
121 9306 54 640
122 9301 47 652
123 9289 50 661
124 9277 50 673
125 9263 53 684
126 9250 61 689
127 9234 64 702
128 9219 61 720
129 9213 52 735
130 9204 58 738
131 9193 61 746
132 9181 60 759
133 9170 62 768
134 9155 63 782
135 9134 72 794
136 9113 79 808
137 9102 78 820
138 9095 72 833
139 9084 71 845
140 9071 73 856
141 9062 71 867
142 9053 72 875
143 9048 66 886
144 9034 69 897
145 9015 79 906
146 9002 80 918
147 8990 77 933
148 8971 81 948
149 8947 86 967
150 8920 93 987
151 8899 99 1002
152 8885 94 1021
153 8865 98 1037
154 8852 95 1053
155 8838 95 1067
156 8823 90 1087
157 8804 93 1103
158 8789 94 1117
159 8773 102 1125
160 8752 107 1141
161 8725 113 1162
162 8703 118 1179
163 8672 134 1194
164 8637 144 1219
165 8607 145 1248
166 8577 145 1278
167 8555 147 1298
168 8533 141 1326
169 8511 136 1353
170 8497 135 1368
171 8474 136 1390
172 8449 137 1414
173 8424 143 1433
174 8400 136 1464
175 8372 145 1483
176 8348 141 1511
177 8332 126 1542
178 8304 120 1576
179 8277 123 1600
180 8250 130 1620
181 8233 126 1641
182 8223 111 1666
183 8206 113 1681
184 8192 106 1702
185 8184 100 1716
186 8161 105 1734
187 8143 108 1749
188 8124 118 1758
189 8104 118 1778
190 8076 125 1799
191 8052 129 1819
192 8036 125 1839
193 8011 125 1864
194 7994 115 1891
195 7974 117 1909
196 7950 117 1933
197 7922 127 1951
198 7895 134 1971
199 7872 128 2000
200 7842 136 2022
201 7818 140 2042
202 7796 144 2060
203 7755 158 2087
204 7735 146 2119
205 7704 152 2144
206 7687 139 2174
207 7661 149 2190
208 7628 159 2213
209 7594 164 2242
210 7563 170 2267
211 7537 172 2291
212 7515 157 2328
213 7492 154 2354
214 7453 176 2371
215 7417 187 2396
216 7390 180 2430
217 7362 169 2469
218 7334 166 2500
219 7302 158 2540
220 7277 153 2570
221 7246 162 2592
222 7212 163 2625
223 7162 175 2663
224 7120 184 2696
225 7077 196 2727
226 7027 207 2766
227 6976 216 2808
228 6931 216 2853
229 6886 229 2885
230 6842 234 2924
231 6792 243 2965
232 6733 256 3011
233 6679 257 3064
234 6633 257 3110
235 6592 242 3166
236 6552 249 3199
237 6516 248 3236
238 6466 251 3283
239 6430 237 3333
240 6388 240 3372
241 6336 266 3398
242 6288 265 3447
243 6249 254 3497
244 6211 252 3537
245 6166 256 3578
246 6112 257 3631
247 6062 267 3671
248 6011 282 3707
249 5947 303 3750
250 5900 297 3803
251 5843 316 3841
252 5779 324 3897
253 5722 322 3956
254 5667 319 4014
255 5608 316 4076
256 5550 313 4137
257 5478 326 4196
258 5439 309 4252
259 5390 306 4304
260 5323 316 4361
261 5273 308 4419
262 5227 306 4467
263 5190 292 4518
264 5148 273 4579
265 5116 257 4627
266 5074 259 4667
267 5033 257 4710
268 4976 255 4769
269 4929 259 4812
270 4886 255 4859
271 4838 260 4902
272 4797 251 4952
273 4765 239 4996
274 4729 231 5040
275 4698 217 5085
276 4664 215 5121
277 4622 211 5167
278 4588 205 5207
279 4554 200 5246
280 4520 199 5281
281 4491 196 5313
282 4462 190 5348
283 4429 182 5389
284 4395 181 5424
285 4365 175 5460
286 4335 178 5487
287 4311 162 5527
288 4278 180 5542
289 4246 179 5575
290 4220 179 5601
291 4196 165 5639
292 4169 164 5667
293 4136 170 5694
294 4108 167 5725
295 4087 152 5761
296 4061 155 5784
297 4030 160 5810
298 4004 161 5835
299 3972 156 5872
300 3947 157 5896
301 3926 157 5917
302 3912 141 5947
303 3889 140 5971
304 3869 136 5995
305 3846 129 6025
306 3824 126 6050
307 3803 128 6069
308 3781 134 6085
309 3759 133 6108
310 3744 123 6133
311 3729 115 6156
312 3717 108 6175
313 3701 109 6190
314 3688 96 6216
315 3669 98 6233
316 3657 94 6249
317 3646 84 6270
318 3634 87 6279
319 3622 84 6294
320 3611 79 6310
321 3602 74 6324
322 3585 75 6340
323 3572 73 6355
324 3564 69 6367
325 3549 73 6378
326 3541 67 6392
327 3531 71 6398
328 3517 76 6407
329 3509 62 6429
330 3490 69 6441
331 3473 75 6452
332 3461 74 6465
333 3455 67 6478
334 3442 70 6488
335 3430 64 6506
336 3415 66 6519
337 3402 68 6530
338 3387 65 6548
339 3372 70 6558
340 3361 63 6576
341 3349 67 6584
342 3332 76 6592
343 3320 72 6608
344 3306 73 6621
345 3289 78 6633
346 3277 76 6647
347 3264 75 6661
348 3253 72 6675
349 3233 82 6685
350 3218 83 6699
351 3204 89 6707
352 3194 85 6721
353 3172 89 6739
354 3155 88 6757
355 3139 91 6770
356 3123 89 6788
357 3106 86 6808
358 3096 75 6829
359 3085 72 6843
360 3075 71 6854
361 3062 71 6867
362 3047 76 6877
363 3037 70 6893
364 3020 71 6909
365 3010 72 6918
366 2990 79 6931
367 2969 87 6944
368 2954 81 6965
369 2937 85 6978
370 2929 79 6992
371 2921 73 7006
372 2909 77 7014
373 2901 75 7024
374 2893 69 7038
375 2882 68 7050
376 2869 68 7063
377 2845 80 7075
378 2829 85 7086
379 2806 94 7100
380 2796 88 7116
381 2781 91 7128
382 2766 89 7145
383 2752 87 7161
384 2739 85 7176
385 2725 81 7194
386 2713 84 7203
387 2700 85 7215
388 2688 85 7227
389 2670 89 7241
390 2658 86 7256
391 2645 81 7274
392 2637 74 7289
393 2612 84 7304
394 2602 75 7323
395 2590 72 7338
396 2579 71 7350
397 2574 65 7361
398 2567 59 7374
399 2564 53 7383
400 2560 47 7393
401 2553 45 7402
402 2547 42 7411
403 2532 52 7416
404 2527 45 7428
405 2526 39 7435
406 2522 34 7444
407 2515 36 7449
408 2512 36 7452
409 2506 33 7461
410 2505 28 7467
411 2501 27 7472
412 2498 23 7479
413 2497 21 7482
414 2495 20 7485
415 2493 18 7489
416 2493 16 7491
417 2488 19 7493
418 2486 18 7496
419 2482 19 7499
420 2479 19 7502
421 2475 20 7505
422 2471 22 7507
423 2471 20 7509
424 2469 16 7515
425 2466 16 7518
426 2464 15 7521
427 2463 15 7522
428 2461 13 7526
429 2460 12 7528
430 2460 9 7531
431 2458 10 7532
432 2458 4 7538
433 2458 2 7540
434 2458 2 7540
435 2457 3 7540
436 2456 2 7542
437 2455 3 7542
438 2455 2 7543
439 2455 2 7543
440 2455 2 7543
441 2455 2 7543
442 2455 0 7545
443 2455 0 7545
444 2455 0 7545
445 2455 0 7545
446 2455 0 7545
447 2455 0 7545
448 2455 0 7545
449 2455 0 7545
450 2455 0 7545
451 2455 0 7545
452 2455 0 7545
453 2455 0 7545
454 2455 0 7545
455 2455 0 7545
456 2455 0 7545
457 2455 0 7545
458 2455 0 7545
459 2455 0 7545
460 2455 0 7545
461 2455 0 7545
462 2455 0 7545
463 2455 0 7545
464 2455 0 7545
465 2455 0 7545
466 2455 0 7545
467 2455 0 7545
468 2455 0 7545
469 2455 0 7545
470 2455 0 7545
471 2455 0 7545
472 2455 0 7545
473 2455 0 7545
474 2455 0 7545
475 2455 0 7545
476 2455 0 7545
477 2455 0 7545
478 2455 0 7545
479 2455 0 7545
480 2455 0 7545
481 2455 0 7545
482 2455 0 7545
483 2455 0 7545
484 2455 0 7545
485 2455 0 7545
486 2455 0 7545
487 2455 0 7545
488 2455 0 7545
489 2455 0 7545
490 2455 0 7545
491 2455 0 7545
492 2455 0 7545
493 2455 0 7545
494 2455 0 7545
495 2455 0 7545
496 2455 0 7545
497 2455 0 7545
498 2455 0 7545
499 2455 0 7545
500 2455 0 7545
501 2455 0 7545
502 2455 0 7545
503 2455 0 7545
504 2455 0 7545
505 2455 0 7545
506 2455 0 7545
507 2455 0 7545
508 2455 0 7545
509 2455 0 7545
510 2455 0 7545
511 2455 0 7545
512 2455 0 7545
513 2455 0 7545
514 2455 0 7545
515 2455 0 7545
516 2455 0 7545
517 2455 0 7545
518 2455 0 7545
519 2455 0 7545
520 2455 0 7545
521 2455 0 7545
522 2455 0 7545
523 2455 0 7545
524 2455 0 7545
525 2455 0 7545
526 2455 0 7545
527 2455 0 7545
528 2455 0 7545
529 2455 0 7545
530 2455 0 7545
531 2455 0 7545
532 2455 0 7545
533 2455 0 7545
534 2455 0 7545
535 2455 0 7545
536 2455 0 7545
537 2455 0 7545
538 2455 0 7545
539 2455 0 7545
540 2455 0 7545
541 2455 0 7545
542 2455 0 7545
543 2455 0 7545
544 2455 0 7545
545 2455 0 7545
546 2455 0 7545
547 2455 0 7545
548 2455 0 7545
549 2455 0 7545
550 2455 0 7545
551 2455 0 7545
552 2455 0 7545
553 2455 0 7545
554 2455 0 7545
555 2455 0 7545
556 2455 0 7545
557 2455 0 7545
558 2455 0 7545
559 2455 0 7545
560 2455 0 7545
561 2455 0 7545
562 2455 0 7545
563 2455 0 7545
564 2455 0 7545
565 2455 0 7545
566 2455 0 7545
567 2455 0 7545
568 2455 0 7545
569 2455 0 7545
570 2455 0 7545
571 2455 0 7545
572 2455 0 7545
573 2455 0 7545
574 2455 0 7545
575 2455 0 7545
576 2455 0 7545
577 2455 0 7545
578 2455 0 7545
579 2455 0 7545
580 2455 0 7545
581 2455 0 7545
582 2455 0 7545
583 2455 0 7545
584 2455 0 7545
585 2455 0 7545
586 2455 0 7545
587 2455 0 7545
588 2455 0 7545
589 2455 0 7545
590 2455 0 7545
591 2455 0 7545
592 2455 0 7545
593 2455 0 7545
594 2455 0 7545
595 2455 0 7545
596 2455 0 7545
597 2455 0 7545
598 2455 0 7545
599 2455 0 7545
600 2455 0 7545
601 2455 0 7545
602 2455 0 7545
603 2455 0 7545
604 2455 0 7545
605 2455 0 7545
606 2455 0 7545
607 2455 0 7545
608 2455 0 7545
609 2455 0 7545
610 2455 0 7545
611 2455 0 7545
612 2455 0 7545
613 2455 0 7545
614 2455 0 7545
615 2455 0 7545
616 2455 0 7545
617 2455 0 7545
618 2455 0 7545
619 2455 0 7545
620 2455 0 7545
621 2455 0 7545
622 2455 0 7545
623 2455 0 7545
624 2455 0 7545
625 2455 0 7545
626 2455 0 7545
627 2455 0 7545
628 2455 0 7545
629 2455 0 7545
630 2455 0 7545
631 2455 0 7545
632 2455 0 7545
633 2455 0 7545
634 2455 0 7545
635 2455 0 7545
636 2455 0 7545
637 2455 0 7545
638 2455 0 7545
639 2455 0 7545
640 2455 0 7545
641 2455 0 7545
642 2455 0 7545
643 2455 0 7545
644 2455 0 7545
645 2455 0 7545
646 2455 0 7545
647 2455 0 7545
648 2455 0 7545
649 2455 0 7545
650 2455 0 7545
651 2455 0 7545
652 2455 0 7545
653 2455 0 7545
654 2455 0 7545
655 2455 0 7545
656 2455 0 7545
657 2455 0 7545
658 2455 0 7545
659 2455 0 7545
660 2455 0 7545
661 2455 0 7545
662 2455 0 7545
663 2455 0 7545
664 2455 0 7545
665 2455 0 7545
666 2455 0 7545
667 2455 0 7545
668 2455 0 7545
669 2455 0 7545
670 2455 0 7545
671 2455 0 7545
672 2455 0 7545
673 2455 0 7545
674 2455 0 7545
675 2455 0 7545
676 2455 0 7545
677 2455 0 7545
678 2455 0 7545
679 2455 0 7545
680 2455 0 7545
681 2455 0 7545
682 2455 0 7545
683 2455 0 7545
684 2455 0 7545
685 2455 0 7545
686 2455 0 7545
687 2455 0 7545
688 2455 0 7545
689 2455 0 7545
690 2455 0 7545
691 2455 0 7545
692 2455 0 7545
693 2455 0 7545
694 2455 0 7545
695 2455 0 7545
696 2455 0 7545
697 2455 0 7545
698 2455 0 7545
699 2455 0 7545
700 2455 0 7545
701 2455 0 7545
702 2455 0 7545
703 2455 0 7545
704 2455 0 7545
705 2455 0 7545
706 2455 0 7545
707 2455 0 7545
708 2455 0 7545
709 2455 0 7545
710 2455 0 7545
711 2455 0 7545
712 2455 0 7545
713 2455 0 7545
714 2455 0 7545
715 2455 0 7545
716 2455 0 7545
717 2455 0 7545
718 2455 0 7545
719 2455 0 7545
720 2455 0 7545
721 2455 0 7545
722 2455 0 7545
723 2455 0 7545
724 2455 0 7545
725 2455 0 7545
726 2455 0 7545
727 2455 0 7545
728 2455 0 7545
729 2455 0 7545
730 2455 0 7545
731 2455 0 7545
732 2455 0 7545
733 2455 0 7545
734 2455 0 7545
735 2455 0 7545
736 2455 0 7545
737 2455 0 7545
738 2455 0 7545
739 2455 0 7545
740 2455 0 7545
741 2455 0 7545
742 2455 0 7545
743 2455 0 7545
744 2455 0 7545
745 2455 0 7545
746 2455 0 7545
747 2455 0 7545
748 2455 0 7545
749 2455 0 7545
750 2455 0 7545
751 2455 0 7545
752 2455 0 7545
753 2455 0 7545
754 2455 0 7545
755 2455 0 7545
756 2455 0 7545
757 2455 0 7545
758 2455 0 7545
759 2455 0 7545
760 2455 0 7545
761 2455 0 7545
762 2455 0 7545
763 2455 0 7545
764 2455 0 7545
765 2455 0 7545
766 2455 0 7545
767 2455 0 7545
768 2455 0 7545
769 2455 0 7545
770 2455 0 7545
771 2455 0 7545
772 2455 0 7545
773 2455 0 7545
774 2455 0 7545
775 2455 0 7545
776 2455 0 7545
777 2455 0 7545
778 2455 0 7545
779 2455 0 7545
780 2455 0 7545
781 2455 0 7545
782 2455 0 7545
783 2455 0 7545
784 2455 0 7545
785 2455 0 7545
786 2455 0 7545
787 2455 0 7545
788 2455 0 7545
789 2455 0 7545
790 2455 0 7545
791 2455 0 7545
792 2455 0 7545
793 2455 0 7545
794 2455 0 7545
795 2455 0 7545
796 2455 0 7545
797 2455 0 7545
798 2455 0 7545
799 2455 0 7545
800 2455 0 7545
801 2455 0 7545
802 2455 0 7545
803 2455 0 7545
804 2455 0 7545
805 2455 0 7545
806 2455 0 7545
807 2455 0 7545
808 2455 0 7545
809 2455 0 7545
810 2455 0 7545
811 2455 0 7545
812 2455 0 7545
813 2455 0 7545
814 2455 0 7545
815 2455 0 7545
816 2455 0 7545
817 2455 0 7545
818 2455 0 7545
819 2455 0 7545
820 2455 0 7545
821 2455 0 7545
822 2455 0 7545
823 2455 0 7545
824 2455 0 7545
825 2455 0 7545
826 2455 0 7545
827 2455 0 7545
828 2455 0 7545
829 2455 0 7545
830 2455 0 7545
831 2455 0 7545
832 2455 0 7545
833 2455 0 7545
834 2455 0 7545
835 2455 0 7545
836 2455 0 7545
837 2455 0 7545
838 2455 0 7545
839 2455 0 7545
840 2455 0 7545
841 2455 0 7545
842 2455 0 7545
843 2455 0 7545
844 2455 0 7545
845 2455 0 7545
846 2455 0 7545
847 2455 0 7545
848 2455 0 7545
849 2455 0 7545
850 2455 0 7545
851 2455 0 7545
852 2455 0 7545
853 2455 0 7545
854 2455 0 7545
855 2455 0 7545
856 2455 0 7545
857 2455 0 7545
858 2455 0 7545
859 2455 0 7545
860 2455 0 7545
861 2455 0 7545
862 2455 0 7545
863 2455 0 7545
864 2455 0 7545
865 2455 0 7545
866 2455 0 7545
867 2455 0 7545
868 2455 0 7545
869 2455 0 7545
870 2455 0 7545
871 2455 0 7545
872 2455 0 7545
873 2455 0 7545
874 2455 0 7545
875 2455 0 7545
876 2455 0 7545
877 2455 0 7545
878 2455 0 7545
879 2455 0 7545
880 2455 0 7545
881 2455 0 7545
882 2455 0 7545
883 2455 0 7545
884 2455 0 7545
885 2455 0 7545
886 2455 0 7545
887 2455 0 7545
888 2455 0 7545
889 2455 0 7545
890 2455 0 7545
891 2455 0 7545
892 2455 0 7545
893 2455 0 7545
894 2455 0 7545
895 2455 0 7545
896 2455 0 7545
897 2455 0 7545
898 2455 0 7545
899 2455 0 7545
900 2455 0 7545
901 2455 0 7545
902 2455 0 7545
903 2455 0 7545
904 2455 0 7545
905 2455 0 7545
906 2455 0 7545
907 2455 0 7545
908 2455 0 7545
909 2455 0 7545
910 2455 0 7545
911 2455 0 7545
912 2455 0 7545
913 2455 0 7545
914 2455 0 7545
915 2455 0 7545
916 2455 0 7545
917 2455 0 7545
918 2455 0 7545
919 2455 0 7545
920 2455 0 7545
921 2455 0 7545
922 2455 0 7545
923 2455 0 7545
924 2455 0 7545
925 2455 0 7545
926 2455 0 7545
927 2455 0 7545
928 2455 0 7545
929 2455 0 7545
930 2455 0 7545
931 2455 0 7545
932 2455 0 7545
933 2455 0 7545
934 2455 0 7545
935 2455 0 7545
936 2455 0 7545
937 2455 0 7545
938 2455 0 7545
939 2455 0 7545
940 2455 0 7545
941 2455 0 7545
942 2455 0 7545
943 2455 0 7545
944 2455 0 7545
945 2455 0 7545
946 2455 0 7545
947 2455 0 7545
948 2455 0 7545
949 2455 0 7545
950 2455 0 7545
951 2455 0 7545
952 2455 0 7545
953 2455 0 7545
954 2455 0 7545
955 2455 0 7545
956 2455 0 7545
957 2455 0 7545
958 2455 0 7545
959 2455 0 7545
960 2455 0 7545
961 2455 0 7545
962 2455 0 7545
963 2455 0 7545
964 2455 0 7545
965 2455 0 7545
966 2455 0 7545
967 2455 0 7545
968 2455 0 7545
969 2455 0 7545
970 2455 0 7545
971 2455 0 7545
972 2455 0 7545
973 2455 0 7545
974 2455 0 7545
975 2455 0 7545
976 2455 0 7545
977 2455 0 7545
978 2455 0 7545
979 2455 0 7545
980 2455 0 7545
981 2455 0 7545
982 2455 0 7545
983 2455 0 7545
984 2455 0 7545
985 2455 0 7545
986 2455 0 7545
987 2455 0 7545
988 2455 0 7545
989 2455 0 7545
990 2455 0 7545
991 2455 0 7545
992 2455 0 7545
993 2455 0 7545
994 2455 0 7545
995 2455 0 7545
996 2455 0 7545
997 2455 0 7545
998 2455 0 7545
999 2455 0 7545
