0 9999 1 0
1 9999 1 0
2 9998 2 0
3 9997 3 0
4 9997 2 1
5 9996 3 1
6 9994 5 1
7 9992 7 1
8 9988 10 2
9 9987 9 4
10 9984 12 4
11 9979 13 8
12 9976 13 11
13 9972 15 13
14 9968 12 20
15 9967 12 21
16 9963 15 22
17 9960 13 27
18 9952 16 32
19 9947 16 37
20 9944 17 39
21 9939 21 40
22 9931 28 41
23 9921 35 44
24 9916 33 51
25 9912 32 56
26 9906 35 59
27 9899 36 65
28 9892 38 70
29 9888 35 77
30 9882 37 81
31 9878 33 89
32 9874 31 95
33 9865 34 101
34 9855 31 114
35 9846 35 119
36 9839 32 129
37 9836 28 136
38 9826 33 141
39 9815 39 146
40 9809 39 152
41 9800 43 157
42 9786 47 167
43 9780 48 172
44 9771 49 180
45 9758 54 188
46 9749 57 194
47 9737 57 206
48 9728 59 213
49 9718 68 214
50 9712 62 226
51 9701 57 242
52 9684 66 250
53 9666 78 256
54 9657 70 273
55 9640 74 286
56 9622 79 299
57 9609 78 313
58 9598 74 328
59 9577 79 344
60 9557 85 358
61 9541 93 366
62 9528 89 383
63 9514 83 403
64 9499 89 412
65 9470 101 429
66 9452 105 443
67 9430 104 466
68 9415 103 482
69 9392 114 494
70 9371 122 507
71 9345 126 529
72 9330 124 546
73 9308 120 572
74 9290 120 590
75 9271 118 611
76 9249 115 636
77 9226 118 656
78 9201 124 675
79 9176 132 692
80 9148 139 713
81 9134 122 744
82 9115 123 762
83 9090 124 786
84 9067 123 810
85 9046 126 828
86 9015 136 849
87 8991 137 872
88 8971 133 896
89 8948 131 921
90 8920 139 941
91 8890 146 964
92 8861 141 998
93 8842 140 1018
94 8807 147 1046
95 8784 146 1070
96 8747 164 1089
97 8720 164 1116
98 8690 166 1144
99 8659 162 1179
100 8635 160 1205
101 8608 149 1243
102 8584 157 1259
103 8556 160 1284
104 8533 150 1317
105 8517 144 1339
106 8485 146 1369
107 8463 145 1392
108 8438 147 1415
109 8413 139 1448
110 8384 139 1477
111 8362 139 1499
112 8333 138 1529
113 8309 134 1557
114 8295 120 1585
115 8271 122 1607
116 8250 122 1628
117 8221 126 1653
118 8207 116 1677
119 8182 120 1698
120 8155 119 1726
121 8127 121 1752
122 8105 125 1770
123 8083 118 1799
124 8073 112 1815
125 8047 122 1831
126 8024 123 1853
127 8009 117 1874
128 7995 108 1897
129 7975 107 1918
130 7964 105 1931
131 7941 104 1955
132 7924 104 1972
133 7905 106 1989
134 7889 101 2010
135 7876 102 2022
136 7863 101 2036
137 7841 106 2053
138 7817 112 2071
139 7796 111 2093
140 7774 109 2117
141 7757 103 2140
142 7738 99 2163
143 7717 111 2172
144 7704 102 2194
145 7686 103 2211
146 7665 109 2226
147 7643 117 2240
148 7614 122 2264
149 7593 118 2289
150 7563 122 2315
151 7542 121 2337
152 7512 135 2353
153 7483 144 2373
154 7444 164 2392
155 7400 179 2421
156 7353 194 2453
157 7323 189 2488
158 7281 192 2527
159 7241 204 2555
160 7204 213 2583
161 7170 207 2623
162 7143 192 2665
163 7118 178 2704
164 7099 172 2729
165 7067 176 2757
166 7034 178 2788
167 7005 177 2818
168 6965 188 2847
169 6936 186 2878
170 6909 191 2900
171 6868 198 2934
172 6839 185 2976
173 6803 182 3015
174 6780 178 3042
175 6749 180 3071
176 6718 174 3108
177 6689 158 3153
178 6663 156 3181
179 6637 150 3213
180 6609 153 3238
181 6585 146 3269
182 6546 166 3288
183 6510 168 3322
184 6490 158 3352
185 6458 169 3373
186 6428 158 3414
187 6399 165 3436
188 6381 162 3457
189 6358 159 3483
190 6337 156 3507
191 6307 158 3535
192 6278 157 3565
193 6247 158 3595
194 6220 160 3620
195 6193 165 3642
196 6172 152 3676
197 6159 130 3711
198 6133 135 3732
199 6108 136 3756
200 6085 134 3781
201 6065 129 3806
202 6045 122 3833
203 6020 128 3852
204 6003 126 3871
205 5980 124 3896
206 5956 126 3918
207 5930 131 3939
208 5912 130 3958
209 5892 136 3972
210 5865 132 4003
211 5850 127 4023
212 5820 136 4044
213 5787 136 4077
214 5766 135 4099
215 5748 124 4128
216 5709 132 4159
217 5688 132 4180
218 5672 124 4204
219 5647 130 4223
220 5622 128 4250
221 5601 129 4270
222 5577 127 4296
223 5564 116 4320
224 5543 111 4346
225 5520 106 4374
226 5484 122 4394
227 5455 134 4411
228 5429 135 4436
229 5399 146 4455
230 5380 136 4484
231 5351 138 4511
232 5316 155 4529
233 5288 148 4564
234 5252 154 4594
235 5231 150 4619
236 5202 143 4655
237 5172 148 4680
238 5150 146 4704
239 5120 156 4724
240 5096 155 4749
241 5076 146 4778
242 5046 157 4797
243 5029 149 4822
244 5002 158 4840
245 4971 158 4871
246 4937 166 4897
247 4910 153 4937
248 4881 157 4962
249 4845 162 4993
250 4822 152 5026
251 4797 156 5047
252 4777 147 5076
253 4752 150 5098
254 4738 135 5127
255 4721 132 5147
256 4703 128 5169
257 4682 116 5202
258 4663 111 5226
259 4642 110 5248
260 4612 113 5275
261 4593 117 5290
262 4567 121 5312
263 4543 126 5331
264 4519 128 5353
265 4500 127 5373
266 4470 135 5395
267 4453 122 5425
268 4432 112 5456
269 4405 115 5480
270 4379 124 5497
271 4356 126 5518
272 4337 127 5536
273 4308 129 5563
274 4292 120 5588
275 4271 112 5617
276 4247 111 5642
277 4227 117 5656
278 4209 119 5672
279 4189 117 5694
280 4164 125 5711
281 4133 138 5729
282 4103 141 5756
283 4077 144 5779
284 4038 156 5806
285 4007 156 5837
286 3980 149 5871
287 3943 165 5892
288 3905 173 5922
289 3873 168 5959
290 3826 188 5986
291 3793 189 6018
292 3764 194 6042
293 3742 183 6075
294 3717 169 6114
295 3695 162 6143
296 3668 172 6160
297 3639 176 6185
298 3628 146 6226
299 3605 146 6249
300 3591 130 6279
301 3575 126 6299
302 3554 126 6320
303 3539 122 6339
304 3525 120 6355
305 3509 113 6378
306 3490 108 6402
307 3480 100 6420
308 3467 97 6436
309 3448 93 6459
310 3427 98 6475
311 3412 90 6498
312 3393 95 6512
313 3385 90 6525
314 3367 98 6535
315 3345 104 6551
316 3330 102 6568
317 3313 107 6580
318 3297 104 6599
319 3281 98 6621
320 3267 97 6636
321 3258 90 6652
322 3239 94 6667
323 3227 98 6675
324 3214 94 6692
325 3193 97 6710
326 3175 93 6732
327 3148 106 6746
328 3135 95 6770
329 3121 95 6784
330 3109 89 6802
331 3102 80 6818
332 3092 79 6829
333 3079 78 6843
334 3072 74 6854
335 3067 67 6866
336 3060 66 6874
337 3052 67 6881
338 3038 69 6893
339 3024 72 6904
340 3010 73 6917
341 3002 72 6926
342 2990 75 6935
343 2977 74 6949
344 2972 72 6956
345 2954 76 6970
346 2942 70 6988
347 2936 63 7001
348 2922 64 7014
349 2915 53 7032
350 2908 51 7041
351 2898 53 7049
352 2892 53 7055
353 2886 50 7064
354 2878 50 7072
355 2872 50 7078
356 2864 49 7087
357 2853 50 7097
358 2844 49 7107
359 2834 49 7117
360 2830 41 7129
361 2826 34 7140
362 2822 36 7142
363 2819 27 7154
364 2817 24 7159
365 2815 26 7159
366 2810 27 7163
367 2807 29 7164
368 2804 26 7170
369 2802 25 7173
370 2800 24 7176
371 2794 26 7180
372 2790 22 7188
373 2789 17 7194
374 2786 17 7197
375 2782 18 7200
376 2781 14 7205
377 2780 13 7207
378 2780 11 7209
379 2776 14 7210
380 2771 15 7214
381 2771 13 7216
382 2768 14 7218
383 2768 11 7221
384 2768 9 7223
385 2767 9 7224
386 2767 9 7224
387 2765 10 7225
388 2764 10 7226
389 2761 8 7231
390 2759 10 7231
391 2756 12 7232
392 2754 10 7236
393 2754 7 7239
394 2753 7 7240
395 2752 8 7240
396 2751 8 7241
397 2750 7 7243
398 2749 6 7245
399 2747 7 7246
400 2744 9 7247
401 2744 6 7250
402 2744 4 7252
403 2743 4 7253
404 2743 4 7253
405 2741 5 7254
406 2741 4 7255
407 2741 4 7255
408 2741 4 7255
409 2739 5 7256
410 2739 4 7257
411 2739 2 7259
412 2739 2 7259
413 2739 1 7260
414 2739 0 7261
415 2739 0 7261
416 2739 0 7261
417 2739 0 7261
418 2739 0 7261
419 2739 0 7261
420 2739 0 7261
421 2739 0 7261
422 2739 0 7261
423 2739 0 7261
424 2739 0 7261
425 2739 0 7261
426 2739 0 7261
427 2739 0 7261
428 2739 0 7261
429 2739 0 7261
430 2739 0 7261
431 2739 0 7261
432 2739 0 7261
433 2739 0 7261
434 2739 0 7261
435 2739 0 7261
436 2739 0 7261
437 2739 0 7261
438 2739 0 7261
439 2739 0 7261
440 2739 0 7261
441 2739 0 7261
442 2739 0 7261
443 2739 0 7261
444 2739 0 7261
445 2739 0 7261
446 2739 0 7261
447 2739 0 7261
448 2739 0 7261
449 2739 0 7261
450 2739 0 7261
451 2739 0 7261
452 2739 0 7261
453 2739 0 7261
454 2739 0 7261
455 2739 0 7261
456 2739 0 7261
457 2739 0 7261
458 2739 0 7261
459 2739 0 7261
460 2739 0 7261
461 2739 0 7261
462 2739 0 7261
463 2739 0 7261
464 2739 0 7261
465 2739 0 7261
466 2739 0 7261
467 2739 0 7261
468 2739 0 7261
469 2739 0 7261
470 2739 0 7261
471 2739 0 7261
472 2739 0 7261
473 2739 0 7261
474 2739 0 7261
475 2739 0 7261
476 2739 0 7261
477 2739 0 7261
478 2739 0 7261
479 2739 0 7261
480 2739 0 7261
481 2739 0 7261
482 2739 0 7261
483 2739 0 7261
484 2739 0 7261
485 2739 0 7261
486 2739 0 7261
487 2739 0 7261
488 2739 0 7261
489 2739 0 7261
490 2739 0 7261
491 2739 0 7261
492 2739 0 7261
493 2739 0 7261
494 2739 0 7261
495 2739 0 7261
496 2739 0 7261
497 2739 0 7261
498 2739 0 7261
499 2739 0 7261
500 2739 0 7261
501 2739 0 7261
502 2739 0 7261
503 2739 0 7261
504 2739 0 7261
505 2739 0 7261
506 2739 0 7261
507 2739 0 7261
508 2739 0 7261
509 2739 0 7261
510 2739 0 7261
511 2739 0 7261
512 2739 0 7261
513 2739 0 7261
514 2739 0 7261
515 2739 0 7261
516 2739 0 7261
517 2739 0 7261
518 2739 0 7261
519 2739 0 7261
520 2739 0 7261
521 2739 0 7261
522 2739 0 7261
523 2739 0 7261
524 2739 0 7261
525 2739 0 7261
526 2739 0 7261
527 2739 0 7261
528 2739 0 7261
529 2739 0 7261
530 2739 0 7261
531 2739 0 7261
532 2739 0 7261
533 2739 0 7261
534 2739 0 7261
535 2739 0 7261
536 2739 0 7261
537 2739 0 7261
538 2739 0 7261
539 2739 0 7261
540 2739 0 7261
541 2739 0 7261
542 2739 0 7261
543 2739 0 7261
544 2739 0 7261
545 2739 0 7261
546 2739 0 7261
547 2739 0 7261
548 2739 0 7261
549 2739 0 7261
550 2739 0 7261
551 2739 0 7261
552 2739 0 7261
553 2739 0 7261
554 2739 0 7261
555 2739 0 7261
556 2739 0 7261
557 2739 0 7261
558 2739 0 7261
559 2739 0 7261
560 2739 0 7261
561 2739 0 7261
562 2739 0 7261
563 2739 0 7261
564 2739 0 7261
565 2739 0 7261
566 2739 0 7261
567 2739 0 7261
568 2739 0 7261
569 2739 0 7261
570 2739 0 7261
571 2739 0 7261
572 2739 0 7261
573 2739 0 7261
574 2739 0 7261
575 2739 0 7261
576 2739 0 7261
577 2739 0 7261
578 2739 0 7261
579 2739 0 7261
580 2739 0 7261
581 2739 0 7261
582 2739 0 7261
583 2739 0 7261
584 2739 0 7261
585 2739 0 7261
586 2739 0 7261
587 2739 0 7261
588 2739 0 7261
589 2739 0 7261
590 2739 0 7261
591 2739 0 7261
592 2739 0 7261
593 2739 0 7261
594 2739 0 7261
595 2739 0 7261
596 2739 0 7261
597 2739 0 7261
598 2739 0 7261
599 2739 0 7261
600 2739 0 7261
601 2739 0 7261
602 2739 0 7261
603 2739 0 7261
604 2739 0 7261
605 2739 0 7261
606 2739 0 7261
607 2739 0 7261
608 2739 0 7261
609 2739 0 7261
610 2739 0 7261
611 2739 0 7261
612 2739 0 7261
613 2739 0 7261
614 2739 0 7261
615 2739 0 7261
616 2739 0 7261
617 2739 0 7261
618 2739 0 7261
619 2739 0 7261
620 2739 0 7261
621 2739 0 7261
622 2739 0 7261
623 2739 0 7261
624 2739 0 7261
625 2739 0 7261
626 2739 0 7261
627 2739 0 7261
628 2739 0 7261
629 2739 0 7261
630 2739 0 7261
631 2739 0 7261
632 2739 0 7261
633 2739 0 7261
634 2739 0 7261
635 2739 0 7261
636 2739 0 7261
637 2739 0 7261
638 2739 0 7261
639 2739 0 7261
640 2739 0 7261
641 2739 0 7261
642 2739 0 7261
643 2739 0 7261
644 2739 0 7261
645 2739 0 7261
646 2739 0 7261
647 2739 0 7261
648 2739 0 7261
649 2739 0 7261
650 2739 0 7261
651 2739 0 7261
652 2739 0 7261
653 2739 0 7261
654 2739 0 7261
655 2739 0 7261
656 2739 0 7261
657 2739 0 7261
658 2739 0 7261
659 2739 0 7261
660 2739 0 7261
661 2739 0 7261
662 2739 0 7261
663 2739 0 7261
664 2739 0 7261
665 2739 0 7261
666 2739 0 7261
667 2739 0 7261
668 2739 0 7261
669 2739 0 7261
670 2739 0 7261
671 2739 0 7261
672 2739 0 7261
673 2739 0 7261
674 2739 0 7261
675 2739 0 7261
676 2739 0 7261
677 2739 0 7261
678 2739 0 7261
679 2739 0 7261
680 2739 0 7261
681 2739 0 7261
682 2739 0 7261
683 2739 0 7261
684 2739 0 7261
685 2739 0 7261
686 2739 0 7261
687 2739 0 7261
688 2739 0 7261
689 2739 0 7261
690 2739 0 7261
691 2739 0 7261
692 2739 0 7261
693 2739 0 7261
694 2739 0 7261
695 2739 0 7261
696 2739 0 7261
697 2739 0 7261
698 2739 0 7261
699 2739 0 7261
700 2739 0 7261
701 2739 0 7261
702 2739 0 7261
703 2739 0 7261
704 2739 0 7261
705 2739 0 7261
706 2739 0 7261
707 2739 0 7261
708 2739 0 7261
709 2739 0 7261
710 2739 0 7261
711 2739 0 7261
712 2739 0 7261
713 2739 0 7261
714 2739 0 7261
715 2739 0 7261
716 2739 0 7261
717 2739 0 7261
718 2739 0 7261
719 2739 0 7261
720 2739 0 7261
721 2739 0 7261
722 2739 0 7261
723 2739 0 7261
724 2739 0 7261
725 2739 0 7261
726 2739 0 7261
727 2739 0 7261
728 2739 0 7261
729 2739 0 7261
730 2739 0 7261
731 2739 0 7261
732 2739 0 7261
733 2739 0 7261
734 2739 0 7261
735 2739 0 7261
736 2739 0 7261
737 2739 0 7261
738 2739 0 7261
739 2739 0 7261
740 2739 0 7261
741 2739 0 7261
742 2739 0 7261
743 2739 0 7261
744 2739 0 7261
745 2739 0 7261
746 2739 0 7261
747 2739 0 7261
748 2739 0 7261
749 2739 0 7261
750 2739 0 7261
751 2739 0 7261
752 2739 0 7261
753 2739 0 7261
754 2739 0 7261
755 2739 0 7261
756 2739 0 7261
757 2739 0 7261
758 2739 0 7261
759 2739 0 7261
760 2739 0 7261
761 2739 0 7261
762 2739 0 7261
763 2739 0 7261
764 2739 0 7261
765 2739 0 7261
766 2739 0 7261
767 2739 0 7261
768 2739 0 7261
769 2739 0 7261
770 2739 0 7261
771 2739 0 7261
772 2739 0 7261
773 2739 0 7261
774 2739 0 7261
775 2739 0 7261
776 2739 0 7261
777 2739 0 7261
778 2739 0 7261
779 2739 0 7261
780 2739 0 7261
781 2739 0 7261
782 2739 0 7261
783 2739 0 7261
784 2739 0 7261
785 2739 0 7261
786 2739 0 7261
787 2739 0 7261
788 2739 0 7261
789 2739 0 7261
790 2739 0 7261
791 2739 0 7261
792 2739 0 7261
793 2739 0 7261
794 2739 0 7261
795 2739 0 7261
796 2739 0 7261
797 2739 0 7261
798 2739 0 7261
799 2739 0 7261
800 2739 0 7261
801 2739 0 7261
802 2739 0 7261
803 2739 0 7261
804 2739 0 7261
805 2739 0 7261
806 2739 0 7261
807 2739 0 7261
808 2739 0 7261
809 2739 0 7261
810 2739 0 7261
811 2739 0 7261
812 2739 0 7261
813 2739 0 7261
814 2739 0 7261
815 2739 0 7261
816 2739 0 7261
817 2739 0 7261
818 2739 0 7261
819 2739 0 7261
820 2739 0 7261
821 2739 0 7261
822 2739 0 7261
823 2739 0 7261
824 2739 0 7261
825 2739 0 7261
826 2739 0 7261
827 2739 0 7261
828 2739 0 7261
829 2739 0 7261
830 2739 0 7261
831 2739 0 7261
832 2739 0 7261
833 2739 0 7261
834 2739 0 7261
835 2739 0 7261
836 2739 0 7261
837 2739 0 7261
838 2739 0 7261
839 2739 0 7261
840 2739 0 7261
841 2739 0 7261
842 2739 0 7261
843 2739 0 7261
844 2739 0 7261
845 2739 0 7261
846 2739 0 7261
847 2739 0 7261
848 2739 0 7261
849 2739 0 7261
850 2739 0 7261
851 2739 0 7261
852 2739 0 7261
853 2739 0 7261
854 2739 0 7261
855 2739 0 7261
856 2739 0 7261
857 2739 0 7261
858 2739 0 7261
859 2739 0 7261
860 2739 0 7261
861 2739 0 7261
862 2739 0 7261
863 2739 0 7261
864 2739 0 7261
865 2739 0 7261
866 2739 0 7261
867 2739 0 7261
868 2739 0 7261
869 2739 0 7261
870 2739 0 7261
871 2739 0 7261
872 2739 0 7261
873 2739 0 7261
874 2739 0 7261
875 2739 0 7261
876 2739 0 7261
877 2739 0 7261
878 2739 0 7261
879 2739 0 7261
880 2739 0 7261
881 2739 0 7261
882 2739 0 7261
883 2739 0 7261
884 2739 0 7261
885 2739 0 7261
886 2739 0 7261
887 2739 0 7261
888 2739 0 7261
889 2739 0 7261
890 2739 0 7261
891 2739 0 7261
892 2739 0 7261
893 2739 0 7261
894 2739 0 7261
895 2739 0 7261
896 2739 0 7261
897 2739 0 7261
898 2739 0 7261
899 2739 0 7261
900 2739 0 7261
901 2739 0 7261
902 2739 0 7261
903 2739 0 7261
904 2739 0 7261
905 2739 0 7261
906 2739 0 7261
907 2739 0 7261
908 2739 0 7261
909 2739 0 7261
910 2739 0 7261
911 2739 0 7261
912 2739 0 7261
913 2739 0 7261
914 2739 0 7261
915 2739 0 7261
916 2739 0 7261
917 2739 0 7261
918 2739 0 7261
919 2739 0 7261
920 2739 0 7261
921 2739 0 7261
922 2739 0 7261
923 2739 0 7261
924 2739 0 7261
925 2739 0 7261
926 2739 0 7261
927 2739 0 7261
928 2739 0 7261
929 2739 0 7261
930 2739 0 7261
931 2739 0 7261
932 2739 0 7261
933 2739 0 7261
934 2739 0 7261
935 2739 0 7261
936 2739 0 7261
937 2739 0 7261
938 2739 0 7261
939 2739 0 7261
940 2739 0 7261
941 2739 0 7261
942 2739 0 7261
943 2739 0 7261
944 2739 0 7261
945 2739 0 7261
946 2739 0 7261
947 2739 0 7261
948 2739 0 7261
949 2739 0 7261
950 2739 0 7261
951 2739 0 7261
952 2739 0 7261
953 2739 0 7261
954 2739 0 7261
955 2739 0 7261
956 2739 0 7261
957 2739 0 7261
958 2739 0 7261
959 2739 0 7261
960 2739 0 7261
961 2739 0 7261
962 2739 0 7261
963 2739 0 7261
964 2739 0 7261
965 2739 0 7261
966 2739 0 7261
967 2739 0 7261
968 2739 0 7261
969 2739 0 7261
970 2739 0 7261
971 2739 0 7261
972 2739 0 7261
973 2739 0 7261
974 2739 0 7261
975 2739 0 7261
976 2739 0 7261
977 2739 0 7261
978 2739 0 7261
979 2739 0 7261
980 2739 0 7261
981 2739 0 7261
982 2739 0 7261
983 2739 0 7261
984 2739 0 7261
985 2739 0 7261
986 2739 0 7261
987 2739 0 7261
988 2739 0 7261
989 2739 0 7261
990 2739 0 7261
991 2739 0 7261
992 2739 0 7261
993 2739 0 7261
994 2739 0 7261
995 2739 0 7261
996 2739 0 7261
997 2739 0 7261
998 2739 0 7261
999 2739 0 7261
