0 9999 1 0
1 9997 3 0
2 9996 4 0
3 9995 5 0
4 9994 5 1
5 9992 6 2
6 9991 7 2
7 9989 8 3
8 9985 10 5
9 9981 12 7
10 9979 11 10
11 9979 11 10
12 9975 14 11
13 9974 14 12
14 9971 15 14
15 9969 12 19
16 9966 13 21
17 9963 15 22
18 9962 11 27
19 9962 7 31
20 9962 7 31
21 9961 8 31
22 9956 8 36
23 9956 4 40
24 9953 6 41
25 9952 6 42
26 9949 9 42
27 9943 14 43
28 9937 15 48
29 9936 13 51
30 9931 16 53
31 9928 17 55
32 9925 18 57
33 9918 20 62
34 9910 25 65
35 9904 27 69
36 9901 25 74
37 9899 22 79
38 9893 25 82
39 9890 24 86
40 9883 28 89
41 9880 25 95
42 9874 28 98
43 9867 31 102
44 9861 32 107
45 9858 27 115
46 9848 33 119
47 9838 38 124
48 9831 40 129
49 9826 43 131
50 9815 43 142
51 9806 40 154
52 9803 33 164
53 9796 37 167
54 9794 33 173
55 9787 35 178
56 9785 31 184
57 9779 28 193
58 9775 26 199
59 9768 30 202
60 9762 32 206
61 9753 35 212
62 9744 35 221
63 9740 34 226
64 9731 38 231
65 9728 36 236
66 9722 33 245
67 9714 33 253
68 9701 41 258
69 9694 38 268
70 9691 34 275
71 9687 36 277
72 9680 36 284
73 9668 43 289
74 9659 39 302
75 9656 35 309
76 9649 37 314
77 9641 38 321
78 9633 41 326
79 9626 45 329
80 9626 38 336
81 9622 38 340
82 9616 37 347
83 9611 34 355
84 9601 34 365
85 9596 33 371
86 9589 33 378
87 9581 38 381
88 9579 33 388
89 9574 35 391
90 9571 31 398
91 9564 33 403
92 9561 27 412
93 9559 26 415
94 9559 22 419
95 9558 18 424
96 9557 15 428
97 9556 16 428
98 9553 15 432
99 9552 16 432
100 9551 16 433
101 9551 14 435
102 9547 16 437
103 9546 14 440
104 9545 13 442
105 9541 16 443
106 9541 14 445
107 9537 13 450
108 9535 14 451
109 9532 17 451
110 9527 21 452
111 9525 22 453
112 9523 19 458
113 9523 13 464
114 9516 19 465
115 9512 19 469
116 9511 15 474
117 9506 14 480
118 9499 18 483
119 9492 20 488
120 9478 32 490
121 9470 36 494
122 9463 38 499
123 9451 42 507
124 9443 44 513
125 9438 40 522
126 9433 41 526
127 9424 39 537
128 9417 42 541
129 9406 50 544
130 9394 56 550
131 9379 58 563
132 9368 63 569
133 9357 59 584
134 9349 53 598
135 9337 59 604
136 9329 61 610
137 9317 63 620
138 9310 58 632
139 9299 61 640
140 9291 63 646
141 9279 69 652
142 9268 71 661
143 9250 74 676
144 9240 75 685
145 9224 82 694
146 9213 76 711
147 9197 75 728
148 9179 77 744
149 9171 70 759
150 9152 75 773
151 9144 68 788
152 9131 66 803
153 9116 68 816
154 9098 77 825
155 9080 78 842
156 9065 78 857
157 9041 92 867
158 9030 88 882
159 9018 77 905
160 9005 72 923
161 8994 73 933
162 8987 65 948
163 8975 68 957
164 8960 71 969
165 8952 75 973
166 8941 77 982
167 8929 75 996
168 8919 69 1012
169 8902 71 1027
170 8887 69 1044
171 8865 86 1049
172 8851 85 1064
173 8835 85 1080
174 8810 97 1093
175 8787 100 1113
176 8762 111 1127
177 8739 111 1150
178 8712 111 1177
179 8686 115 1199
180 8663 115 1222
181 8648 109 1243
182 8630 105 1265
183 8615 95 1290
184 8592 96 1312
185 8577 92 1331
186 8555 98 1347
187 8538 95 1367
188 8515 103 1382
189 8497 102 1401
190 8478 110 1412
191 8452 119 1429
192 8437 112 1451
193 8414 109 1477
194 8383 125 1492
195 8367 121 1512
196 8344 128 1528
197 8322 131 1547
198 8297 131 1572
199 8284 116 1600
200 8263 114 1623
201 8247 110 1643
202 8233 97 1670
203 8216 94 1690
204 8200 99 1701
205 8190 94 1716
206 8175 92 1733
207 8160 95 1745
208 8148 87 1765
209 8131 83 1786
210 8122 79 1799
211 8106 76 1818
212 8088 82 1830
213 8076 73 1851
214 8059 78 1863
215 8038 89 1873
216 8018 92 1890
217 8003 94 1903
218 7986 94 1920
219 7977 84 1939
220 7963 82 1955
221 7947 86 1967
222 7924 91 1985
223 7894 106 2000
224 7864 114 2022
225 7850 111 2039
226 7830 109 2061
227 7809 104 2087
228 7782 121 2097
229 7753 131 2116
230 7723 129 2148
231 7689 143 2168
232 7654 147 2199
233 7624 152 2224
234 7600 151 2249
235 7572 153 2275
236 7549 139 2312
237 7533 131 2336
238 7511 132 2357
239 7489 123 2388
240 7465 128 2407
241 7444 128 2428
242 7427 121 2452
243 7402 127 2471
244 7391 117 2492
245 7375 113 2512
246 7359 114 2527
247 7352 97 2551
248 7338 98 2564
249 7318 97 2585
250 7306 88 2606
251 7286 96 2618
252 7274 92 2634
253 7255 99 2646
254 7233 113 2654
255 7209 123 2668
256 7188 123 2689
257 7172 123 2705
258 7146 126 2728
259 7128 119 2753
260 7109 120 2771
261 7097 113 2790
262 7083 109 2808
263 7067 105 2828
264 7053 97 2850
265 7035 99 2866
266 7016 103 2881
267 6996 99 2905
268 6967 105 2928
269 6936 113 2951
270 6918 114 2968
271 6906 114 2980
272 6887 108 3005
273 6860 109 3031
274 6837 109 3054
275 6816 116 3068
276 6800 115 3085
277 6782 112 3106
278 6764 109 3127
279 6744 109 3147
280 6721 113 3166
281 6709 103 3188
282 6700 100 3200
283 6684 102 3214
284 6672 94 3234
285 6650 103 3247
286 6624 105 3271
287 6609 99 3292
288 6590 95 3315
289 6569 105 3326
290 6545 113 3342
291 6525 114 3361
292 6504 112 3384
293 6486 113 3401
294 6459 127 3414
295 6439 130 3431
296 6412 131 3457
297 6391 122 3487
298 6366 121 3513
299 6338 117 3545
300 6313 115 3572
301 6290 117 3593
302 6269 114 3617
303 6247 119 3634
304 6226 124 3650
305 6210 114 3676
306 6186 118 3696
307 6154 135 3711
308 6129 132 3739
309 6111 126 3763
310 6093 126 3781
311 6071 127 3802
312 6042 133 3825
313 6012 145 3843
314 5979 149 3872
315 5963 139 3898
316 5943 138 3919
317 5914 146 3940
318 5887 143 3970
319 5865 130 4005
320 5831 146 4023
321 5798 160 4042
322 5779 149 4072
323 5750 149 4101
324 5715 150 4135
325 5688 156 4156
326 5661 148 4191
327 5631 156 4213
328 5606 154 4240
329 5572 161 4267
330 5545 158 4297
331 5524 154 4322
332 5496 147 4357
333 5469 142 4389
334 5453 134 4413
335 5431 124 4445
336 5396 132 4472
337 5378 126 4496
338 5352 127 4521
339 5332 110 4558
340 5303 122 4575
341 5281 125 4594
342 5255 123 4622
343 5229 130 4641
344 5207 122 4671
345 5184 118 4698
346 5158 122 4720
347 5138 116 4746
348 5115 114 4771
349 5086 115 4799
350 5066 116 4818
351 5039 117 4844
352 5027 106 4867
353 5011 106 4883
354 4996 105 4899
355 4986 96 4918
356 4966 105 4929
357 4952 101 4947
358 4937 98 4965
359 4928 98 4974
360 4917 88 4995
361 4893 102 5005
362 4873 104 5023
363 4858 102 5040
364 4840 96 5064
365 4825 93 5082
366 4807 87 5106
367 4795 87 5118
368 4782 86 5132
369 4759 97 5144
370 4738 100 5162
371 4718 101 5181
372 4702 102 5196
373 4691 94 5215
374 4685 88 5227
375 4676 83 5241
376 4666 85 5249
377 4653 84 5263
378 4638 80 5282
379 4621 83 5296
380 4606 86 5308
381 4594 81 5325
382 4577 84 5339
383 4563 87 5350
384 4555 77 5368
385 4541 79 5380
386 4531 76 5393
387 4513 78 5409
388 4494 85 5421
389 4476 85 5439
390 4456 94 5450
391 4439 91 5470
392 4425 84 5491
393 4409 82 5509
394 4390 88 5522
395 4372 93 5535
396 4363 80 5557
397 4347 82 5571
398 4331 84 5585
399 4322 69 5609
400 4308 65 5627
401 4302 56 5642
402 4284 66 5650
403 4275 61 5664
404 4268 60 5672
405 4254 61 5685
406 4244 65 5691
407 4232 67 5701
408 4225 70 5705
409 4215 67 5718
410 4204 68 5728
411 4191 71 5738
412 4177 70 5753
413 4165 67 5768
414 4154 63 5783
415 4136 75 5789
416 4123 75 5802
417 4111 76 5813
418 4097 72 5831
419 4084 76 5840
420 4072 68 5860
421 4057 73 5870
422 4048 73 5879
423 4042 68 5890
424 4028 68 5904
425 4012 76 5912
426 4000 72 5928
427 3991 66 5943
428 3985 61 5954
429 3973 63 5964
430 3965 60 5975
431 3959 55 5986
432 3945 60 5995
433 3941 62 5997
434 3929 61 6010
435 3922 57 6021
436 3916 58 6026
437 3906 57 6037
438 3896 57 6047
439 3892 48 6060
440 3890 39 6071
441 3885 39 6076
442 3879 38 6083
443 3876 35 6089
444 3871 28 6101
445 3860 33 6107
446 3853 32 6115
447 3845 30 6125
448 3841 30 6129
449 3837 25 6138
450 3837 21 6142
451 3836 19 6145
452 3836 15 6149
453 3834 14 6152
454 3832 15 6153
455 3830 14 6156
456 3830 13 6157
457 3827 14 6159
458 3827 13 6160
459 3824 16 6160
460 3821 18 6161
461 3819 17 6164
462 3817 18 6165
463 3815 16 6169
464 3804 24 6172
465 3799 25 6176
466 3794 21 6185
467 3793 18 6189
468 3791 11 6198
469 3786 12 6202
470 3778 17 6205
471 3773 20 6207
472 3765 28 6207
473 3752 33 6215
474 3745 37 6218
475 3735 42 6223
476 3727 43 6230
477 3721 45 6234
478 3714 45 6241
479 3711 35 6254
480 3705 35 6260
481 3703 33 6264
482 3695 31 6274
483 3686 36 6278
484 3679 34 6287
485 3672 38 6290
486 3666 41 6293
487 3656 46 6298
488 3646 48 6306
489 3635 42 6323
490 3624 42 6334
491 3612 47 6341
492 3600 52 6348
493 3581 66 6353
494 3568 66 6366
495 3553 76 6371
496 3538 79 6383
497 3530 72 6398
498 3519 69 6412
499 3511 65 6424
500 3502 63 6435
501 3484 66 6450
502 3473 67 6460
503 3461 66 6473
504 3454 64 6482
505 3444 65 6491
506 3437 63 6500
507 3430 62 6508
508 3422 60 6518
509 3415 57 6528
510 3406 58 6536
511 3400 49 6551
512 3394 48 6558
513 3389 41 6570
514 3383 45 6572
515 3370 44 6586
516 3361 42 6597
517 3354 42 6604
518 3349 41 6610
519 3342 42 6616
520 3335 41 6624
521 3327 41 6632
522 3327 30 6643
523 3327 28 6645
524 3323 24 6653
525 3317 26 6657
526 3312 25 6663
527 3309 22 6669
528 3307 20 6673
529 3305 19 6676
530 3304 18 6678
531 3303 14 6683
532 3303 9 6688
533 3302 7 6691
534 3301 7 6692
535 3301 6 6693
536 3299 7 6694
537 3297 8 6695
538 3293 11 6696
539 3292 11 6697
540 3289 14 6697
541 3286 15 6699
542 3285 14 6701
543 3282 12 6706
544 3281 11 6708
545 3278 12 6710
546 3278 11 6711
547 3277 10 6713
548 3276 8 6716
549 3272 11 6717
550 3270 11 6719
551 3266 9 6725
552 3265 7 6728
553 3264 7 6729
554 3262 6 6732
555 3260 8 6732
556 3260 5 6735
557 3260 4 6736
558 3259 5 6736
559 3259 4 6737
560 3259 4 6737
561 3259 3 6738
562 3259 3 6738
563 3259 3 6738
564 3258 3 6739
565 3258 3 6739
566 3256 5 6739
567 3256 4 6740
568 3254 6 6740
569 3253 7 6740
570 3251 7 6742
571 3249 8 6743
572 3247 10 6743
573 3246 11 6743
574 3243 13 6744
575 3238 16 6746
576 3236 17 6747
577 3226 26 6748
578 3220 28 6752
579 3212 29 6759
580 3206 31 6763
581 3204 30 6766
582 3200 29 6771
583 3194 29 6777
584 3192 23 6785
585 3188 24 6788
586 3184 22 6794
587 3182 18 6800
588 3182 12 6806
589 3181 11 6808
590 3179 10 6811
591 3176 13 6811
592 3175 10 6815
593 3175 8 6817
594 3174 7 6819
595 3174 5 6821
596 3174 4 6822
597 3174 3 6823
598 3174 3 6823
599 3174 2 6824
600 3174 1 6825
601 3174 1 6825
602 3174 1 6825
603 3174 1 6825
604 3174 0 6826
605 3174 0 6826
606 3174 0 6826
607 3174 0 6826
608 3174 0 6826
609 3174 0 6826
610 3174 0 6826
611 3174 0 6826
612 3174 0 6826
613 3174 0 6826
614 3174 0 6826
615 3174 0 6826
616 3174 0 6826
617 3174 0 6826
618 3174 0 6826
619 3174 0 6826
620 3174 0 6826
621 3174 0 6826
622 3174 0 6826
623 3174 0 6826
624 3174 0 6826
625 3174 0 6826
626 3174 0 6826
627 3174 0 6826
628 3174 0 6826
629 3174 0 6826
630 3174 0 6826
631 3174 0 6826
632 3174 0 6826
633 3174 0 6826
634 3174 0 6826
635 3174 0 6826
636 3174 0 6826
637 3174 0 6826
638 3174 0 6826
639 3174 0 6826
640 3174 0 6826
641 3174 0 6826
642 3174 0 6826
643 3174 0 6826
644 3174 0 6826
645 3174 0 6826
646 3174 0 6826
647 3174 0 6826
648 3174 0 6826
649 3174 0 6826
650 3174 0 6826
651 3174 0 6826
652 3174 0 6826
653 3174 0 6826
654 3174 0 6826
655 3174 0 6826
656 3174 0 6826
657 3174 0 6826
658 3174 0 6826
659 3174 0 6826
660 3174 0 6826
661 3174 0 6826
662 3174 0 6826
663 3174 0 6826
664 3174 0 6826
665 3174 0 6826
666 3174 0 6826
667 3174 0 6826
668 3174 0 6826
669 3174 0 6826
670 3174 0 6826
671 3174 0 6826
672 3174 0 6826
673 3174 0 6826
674 3174 0 6826
675 3174 0 6826
676 3174 0 6826
677 3174 0 6826
678 3174 0 6826
679 3174 0 6826
680 3174 0 6826
681 3174 0 6826
682 3174 0 6826
683 3174 0 6826
684 3174 0 6826
685 3174 0 6826
686 3174 0 6826
687 3174 0 6826
688 3174 0 6826
689 3174 0 6826
690 3174 0 6826
691 3174 0 6826
692 3174 0 6826
693 3174 0 6826
694 3174 0 6826
695 3174 0 6826
696 3174 0 6826
697 3174 0 6826
698 3174 0 6826
699 3174 0 6826
700 3174 0 6826
701 3174 0 6826
702 3174 0 6826
703 3174 0 6826
704 3174 0 6826
705 3174 0 6826
706 3174 0 6826
707 3174 0 6826
708 3174 0 6826
709 3174 0 6826
710 3174 0 6826
711 3174 0 6826
712 3174 0 6826
713 3174 0 6826
714 3174 0 6826
715 3174 0 6826
716 3174 0 6826
717 3174 0 6826
718 3174 0 6826
719 3174 0 6826
720 3174 0 6826
721 3174 0 6826
722 3174 0 6826
723 3174 0 6826
724 3174 0 6826
725 3174 0 6826
726 3174 0 6826
727 3174 0 6826
728 3174 0 6826
729 3174 0 6826
730 3174 0 6826
731 3174 0 6826
732 3174 0 6826
733 3174 0 6826
734 3174 0 6826
735 3174 0 6826
736 3174 0 6826
737 3174 0 6826
738 3174 0 6826
739 3174 0 6826
740 3174 0 6826
741 3174 0 6826
742 3174 0 6826
743 3174 0 6826
744 3174 0 6826
745 3174 0 6826
746 3174 0 6826
747 3174 0 6826
748 3174 0 6826
749 3174 0 6826
750 3174 0 6826
751 3174 0 6826
752 3174 0 6826
753 3174 0 6826
754 3174 0 6826
755 3174 0 6826
756 3174 0 6826
757 3174 0 6826
758 3174 0 6826
759 3174 0 6826
760 3174 0 6826
761 3174 0 6826
762 3174 0 6826
763 3174 0 6826
764 3174 0 6826
765 3174 0 6826
766 3174 0 6826
767 3174 0 6826
768 3174 0 6826
769 3174 0 6826
770 3174 0 6826
771 3174 0 6826
772 3174 0 6826
773 3174 0 6826
774 3174 0 6826
775 3174 0 6826
776 3174 0 6826
777 3174 0 6826
778 3174 0 6826
779 3174 0 6826
780 3174 0 6826
781 3174 0 6826
782 3174 0 6826
783 3174 0 6826
784 3174 0 6826
785 3174 0 6826
786 3174 0 6826
787 3174 0 6826
788 3174 0 6826
789 3174 0 6826
790 3174 0 6826
791 3174 0 6826
792 3174 0 6826
793 3174 0 6826
794 3174 0 6826
795 3174 0 6826
796 3174 0 6826
797 3174 0 6826
798 3174 0 6826
799 3174 0 6826
800 3174 0 6826
801 3174 0 6826
802 3174 0 6826
803 3174 0 6826
804 3174 0 6826
805 3174 0 6826
806 3174 0 6826
807 3174 0 6826
808 3174 0 6826
809 3174 0 6826
810 3174 0 6826
811 3174 0 6826
812 3174 0 6826
813 3174 0 6826
814 3174 0 6826
815 3174 0 6826
816 3174 0 6826
817 3174 0 6826
818 3174 0 6826
819 3174 0 6826
820 3174 0 6826
821 3174 0 6826
822 3174 0 6826
823 3174 0 6826
824 3174 0 6826
825 3174 0 6826
826 3174 0 6826
827 3174 0 6826
828 3174 0 6826
829 3174 0 6826
830 3174 0 6826
831 3174 0 6826
832 3174 0 6826
833 3174 0 6826
834 3174 0 6826
835 3174 0 6826
836 3174 0 6826
837 3174 0 6826
838 3174 0 6826
839 3174 0 6826
840 3174 0 6826
841 3174 0 6826
842 3174 0 6826
843 3174 0 6826
844 3174 0 6826
845 3174 0 6826
846 3174 0 6826
847 3174 0 6826
848 3174 0 6826
849 3174 0 6826
850 3174 0 6826
851 3174 0 6826
852 3174 0 6826
853 3174 0 6826
854 3174 0 6826
855 3174 0 6826
856 3174 0 6826
857 3174 0 6826
858 3174 0 6826
859 3174 0 6826
860 3174 0 6826
861 3174 0 6826
862 3174 0 6826
863 3174 0 6826
864 3174 0 6826
865 3174 0 6826
866 3174 0 6826
867 3174 0 6826
868 3174 0 6826
869 3174 0 6826
870 3174 0 6826
871 3174 0 6826
872 3174 0 6826
873 3174 0 6826
874 3174 0 6826
875 3174 0 6826
876 3174 0 6826
877 3174 0 6826
878 3174 0 6826
879 3174 0 6826
880 3174 0 6826
881 3174 0 6826
882 3174 0 6826
883 3174 0 6826
884 3174 0 6826
885 3174 0 6826
886 3174 0 6826
887 3174 0 6826
888 3174 0 6826
889 3174 0 6826
890 3174 0 6826
891 3174 0 6826
892 3174 0 6826
893 3174 0 6826
894 3174 0 6826
895 3174 0 6826
896 3174 0 6826
897 3174 0 6826
898 3174 0 6826
899 3174 0 6826
900 3174 0 6826
901 3174 0 6826
902 3174 0 6826
903 3174 0 6826
904 3174 0 6826
905 3174 0 6826
906 3174 0 6826
907 3174 0 6826
908 3174 0 6826
909 3174 0 6826
910 3174 0 6826
911 3174 0 6826
912 3174 0 6826
913 3174 0 6826
914 3174 0 6826
915 3174 0 6826
916 3174 0 6826
917 3174 0 6826
918 3174 0 6826
919 3174 0 6826
920 3174 0 6826
921 3174 0 6826
922 3174 0 6826
923 3174 0 6826
924 3174 0 6826
925 3174 0 6826
926 3174 0 6826
927 3174 0 6826
928 3174 0 6826
929 3174 0 6826
930 3174 0 6826
931 3174 0 6826
932 3174 0 6826
933 3174 0 6826
934 3174 0 6826
935 3174 0 6826
936 3174 0 6826
937 3174 0 6826
938 3174 0 6826
939 3174 0 6826
940 3174 0 6826
941 3174 0 6826
942 3174 0 6826
943 3174 0 6826
944 3174 0 6826
945 3174 0 6826
946 3174 0 6826
947 3174 0 6826
948 3174 0 6826
949 3174 0 6826
950 3174 0 6826
951 3174 0 6826
952 3174 0 6826
953 3174 0 6826
954 3174 0 6826
955 3174 0 6826
956 3174 0 6826
957 3174 0 6826
958 3174 0 6826
959 3174 0 6826
960 3174 0 6826
961 3174 0 6826
962 3174 0 6826
963 3174 0 6826
964 3174 0 6826
965 3174 0 6826
966 3174 0 6826
967 3174 0 6826
968 3174 0 6826
969 3174 0 6826
970 3174 0 6826
971 3174 0 6826
972 3174 0 6826
973 3174 0 6826
974 3174 0 6826
975 3174 0 6826
976 3174 0 6826
977 3174 0 6826
978 3174 0 6826
979 3174 0 6826
980 3174 0 6826
981 3174 0 6826
982 3174 0 6826
983 3174 0 6826
984 3174 0 6826
985 3174 0 6826
986 3174 0 6826
987 3174 0 6826
988 3174 0 6826
989 3174 0 6826
990 3174 0 6826
991 3174 0 6826
992 3174 0 6826
993 3174 0 6826
994 3174 0 6826
995 3174 0 6826
996 3174 0 6826
997 3174 0 6826
998 3174 0 6826
999 3174 0 6826
