0 9999 1 0
1 9997 3 0
2 9997 2 1
3 9997 1 2
4 9997 1 2
5 9997 1 2
6 9996 2 2
7 9996 2 2
8 9996 2 2
9 9996 1 3
10 9994 3 3
11 9991 5 4
12 9991 4 5
13 9991 4 5
14 9989 6 5
15 9985 10 5
16 9981 14 5
17 9980 14 6
18 9978 16 6
19 9976 12 12
20 9971 15 14
21 9966 17 17
22 9962 18 20
23 9956 22 22
24 9953 20 27
25 9952 20 28
26 9952 16 32
27 9950 14 36
28 9946 16 38
29 9941 17 42
30 9933 21 46
31 9929 23 48
32 9920 28 52
33 9911 33 56
34 9905 33 62
35 9899 35 66
36 9893 35 72
37 9885 36 79
38 9877 41 82
39 9875 40 85
40 9868 39 93
41 9861 36 103
42 9857 34 109
43 9850 32 118
44 9845 32 123
45 9840 28 132
46 9836 29 135
47 9834 27 139
48 9830 27 143
49 9820 32 148
50 9817 32 151
51 9809 34 157
52 9804 33 163
53 9798 36 166
54 9791 37 172
55 9783 37 180
56 9780 31 189
57 9775 32 193
58 9767 37 196
59 9762 39 199
60 9759 35 206
61 9751 36 213
62 9743 36 221
63 9734 41 225
64 9728 39 233
65 9724 37 239
66 9718 36 246
67 9712 33 255
68 9709 31 260
69 9702 34 264
70 9697 35 268
71 9691 36 273
72 9683 36 281
73 9675 39 286
74 9670 38 292
75 9667 36 297
76 9661 36 303
77 9658 31 311
78 9656 27 317
79 9651 24 325
80 9646 24 330
81 9642 22 336
82 9638 20 342
83 9636 17 347
84 9628 21 351
85 9628 17 355
86 9624 19 357
87 9620 19 361
88 9613 21 366
89 9607 24 369
90 9601 26 373
91 9594 27 379
92 9589 26 385
93 9582 31 387
94 9571 36 393
95 9559 43 398
96 9543 53 404
97 9533 56 411
98 9525 53 422
99 9510 62 428
100 9500 63 437
101 9483 71 446
102 9470 72 458
103 9454 79 467
104 9440 79 481
105 9427 78 495
106 9416 73 511
107 9402 70 528
108 9392 65 543
109 9381 63 556
110 9369 64 567
111 9360 53 587
112 9354 47 599
113 9349 41 610
114 9340 44 616
115 9333 43 624
116 9324 44 632
117 9307 53 640
118 9295 51 654
119 9278 58 664
120 9272 58 670
121 9259 64 677
122 9241 68 691
123 9220 72 708
124 9201 81 718
125 9188 82 730
126 9174 84 742
127 9160 73 767
128 9142 76 782
129 9126 77 797
130 9108 77 815
131 9095 81 824
132 9080 80 840
133 9070 74 856
134 9063 65 872
135 9055 64 881
136 9043 64 893
137 9029 69 902
138 9016 71 913
139 9001 72 927
140 8987 73 940
141 8977 70 953
142 8972 63 965
143 8967 57 976
144 8959 51 990
145 8951 54 995
146 8944 54 1002
147 8936 50 1014
148 8926 49 1025
149 8918 51 1031
150 8909 46 1045
151 8896 47 1057
152 8878 52 1070
153 8868 50 1082
154 8854 59 1087
155 8842 61 1097
156 8829 65 1106
157 8819 65 1116
158 8815 59 1126
159 8806 59 1135
160 8798 53 1149
161 8789 49 1162
162 8778 51 1171
163 8763 62 1175
164 8754 64 1182
165 8746 60 1194
166 8737 48 1215
167 8726 54 1220
168 8718 51 1231
169 8712 49 1239
170 8701 52 1247
171 8691 52 1257
172 8678 55 1267
173 8665 61 1274
174 8648 70 1282
175 8635 69 1296
176 8622 72 1306
177 8614 69 1317
178 8600 68 1332
179 8596 54 1350
180 8591 53 1356
181 8585 48 1367
182 8575 51 1374
183 8569 45 1386
184 8565 43 1392
185 8561 40 1399
186 8549 40 1411
187 8544 39 1417
188 8534 40 1426
189 8522 48 1430
190 8511 54 1435
191 8494 60 1446
192 8476 69 1455
193 8464 71 1465
194 8441 82 1477
195 8422 89 1489
196 8405 90 1505
197 8379 94 1527
198 8367 90 1543
199 8347 94 1559
200 8325 101 1574
201 8308 98 1594
202 8293 100 1607
203 8270 104 1626
204 8249 105 1646
205 8227 109 1664
206 8201 115 1684
207 8185 114 1701
208 8164 122 1714
209 8135 126 1739
210 8115 120 1765
211 8095 118 1787
212 8078 116 1806
213 8061 118 1821
214 8036 124 1840
215 8015 126 1859
216 7996 120 1884
217 7970 128 1902
218 7950 125 1925
219 7930 125 1945
220 7897 140 1963
221 7881 139 1980
222 7856 140 2004
223 7830 147 2023
224 7811 144 2045
225 7791 138 2071
226 7772 141 2087
227 7748 137 2115
228 7727 126 2147
229 7701 128 2171
230 7682 117 2201
231 7657 121 2222
232 7631 129 2240
233 7614 125 2261
234 7594 127 2279
235 7564 132 2304
236 7544 136 2320
237 7527 129 2344
238 7509 128 2363
239 7479 136 2385
240 7459 129 2412
241 7433 128 2439
242 7414 125 2461
243 7385 135 2480
244 7361 135 2504
245 7342 136 2522
246 7323 136 2541
247 7303 135 2562
248 7279 131 2590
249 7254 140 2606
250 7232 148 2620
251 7206 146 2648
252 7175 153 2672
253 7145 155 2700
254 7113 158 2729
255 7074 167 2759
256 7038 181 2781
257 7007 186 2807
258 6978 182 2840
259 6945 185 2870
260 6913 175 2912
261 6888 173 2939
262 6856 172 2972
263 6830 164 3006
264 6798 164 3038
265 6771 164 3065
266 6740 167 3093
267 6718 157 3125
268 6693 149 3158
269 6670 147 3183
270 6642 151 3207
271 6607 148 3245
272 6576 151 3273
273 6547 157 3296
274 6519 156 3325
275 6492 157 3351
276 6463 150 3387
277 6438 145 3417
278 6408 151 3441
279 6385 148 3467
280 6361 150 3489
281 6334 151 3515
282 6306 156 3538
283 6284 146 3570
284 6267 137 3596
285 6248 128 3624
286 6221 131 3648
287 6201 132 3667
288 6173 135 3692
289 6156 129 3715
290 6139 124 3737
291 6127 115 3758
292 6113 106 3781
293 6104 107 3789
294 6088 103 3809
295 6077 99 3824
296 6054 102 3844
297 6038 97 3865
298 6016 101 3883
299 5988 105 3907
300 5976 97 3927
301 5968 81 3951
302 5959 79 3962
303 5946 71 3983
304 5937 69 3994
305 5921 72 4007
306 5911 71 4018
307 5901 69 4030
308 5883 74 4043
309 5865 77 4058
310 5856 76 4068
311 5842 75 4083
312 5825 79 4096
313 5815 79 4106
314 5790 91 4119
315 5765 93 4142
316 5747 100 4153
317 5724 99 4177
318 5702 101 4197
319 5678 99 4223
320 5659 105 4236
321 5635 110 4255
322 5620 108 4272
323 5605 109 4286
324 5595 100 4305
325 5573 100 4327
326 5563 92 4345
327 5532 105 4363
328 5519 97 4384
329 5501 99 4400
330 5483 104 4413
331 5459 108 4433
332 5440 105 4455
333 5419 107 4474
334 5394 114 4492
335 5368 118 4514
336 5341 127 4532
337 5319 124 4557
338 5283 140 4577
339 5257 143 4600
340 5229 142 4629
341 5195 147 4658
342 5163 156 4681
343 5138 151 4711
344 5094 170 4736
345 5068 164 4768
346 5039 171 4790
347 5004 181 4815
348 4974 170 4856
349 4946 158 4896
350 4913 165 4922
351 4865 183 4952
352 4831 186 4983
353 4784 196 5020
354 4740 211 5049
355 4710 207 5083
356 4678 204 5118
357 4652 193 5155
358 4616 200 5184
359 4582 200 5218
360 4555 203 5242
361 4521 199 5280
362 4490 204 5306
363 4451 204 5345
364 4414 212 5374
365 4386 200 5414
366 4354 209 5437
367 4325 201 5474
368 4286 212 5502
369 4257 203 5540
370 4222 198 5580
371 4184 199 5617
372 4159 191 5650
373 4116 201 5683
374 4090 191 5719
375 4057 189 5754
376 4033 177 5790
377 4003 174 5823
378 3981 166 5853
379 3951 175 5874
380 3929 168 5903
381 3896 161 5943
382 3875 158 5967
383 3845 157 5998
384 3822 151 6027
385 3798 151 6051
386 3777 151 6072
387 3761 140 6099
388 3745 137 6118
389 3727 139 6134
390 3714 132 6154
391 3703 121 6176
392 3679 122 6199
393 3660 123 6217
394 3648 121 6231
395 3630 121 6249
396 3613 115 6272
397 3595 107 6298
398 3575 111 6314
399 3557 112 6331
400 3549 103 6348
401 3536 93 6371
402 3520 93 6387
403 3507 89 6404
404 3498 79 6423
405 3484 72 6444
406 3474 69 6457
407 3457 77 6466
408 3448 74 6478
409 3440 70 6490
410 3432 70 6498
411 3424 65 6511
412 3411 65 6524
413 3399 65 6536
414 3394 58 6548
415 3385 56 6559
416 3375 63 6562
417 3368 61 6571
418 3357 56 6587
419 3348 59 6593
420 3342 54 6604
421 3335 53 6612
422 3326 48 6626
423 3320 46 6634
424 3315 41 6644
425 3304 45 6651
426 3290 53 6657
427 3279 54 6667
428 3272 56 6672
429 3266 51 6683
430 3258 46 6696
431 3247 48 6705
432 3238 46 6716
433 3228 46 6726
434 3219 46 6735
435 3211 43 6746
436 3199 49 6752
437 3190 50 6760
438 3186 41 6773
439 3174 48 6778
440 3165 52 6783
441 3156 52 6792
442 3149 55 6796
443 3141 58 6801
444 3132 58 6810
445 3122 59 6819
446 3117 56 6827
447 3106 61 6833
448 3100 56 6844
449 3095 54 6851
450 3088 50 6862
451 3081 45 6874
452 3080 37 6883
453 3073 35 6892
454 3066 37 6897
455 3053 44 6903
456 3048 41 6911
457 3044 37 6919
458 3042 35 6923
459 3037 30 6933
460 3029 33 6938
461 3028 24 6948
462 3022 27 6951
463 3014 31 6955
464 3012 25 6963
465 3008 25 6967
466 3000 26 6974
467 2996 28 6976
468 2994 25 6981
469 2989 24 6987
470 2981 29 6990
471 2977 26 6997
472 2974 25 7001
473 2966 24 7010
474 2963 24 7013
475 2963 21 7016
476 2963 16 7021
477 2960 15 7025
478 2960 14 7026
479 2957 16 7027
480 2957 13 7030
481 2955 11 7034
482 2953 10 7037
483 2952 9 7039
484 2952 7 7041
485 2952 6 7042
486 2952 5 7043
487 2952 3 7045
488 2952 3 7045
489 2952 2 7046
490 2952 1 7047
491 2952 1 7047
492 2950 2 7048
493 2950 1 7049
494 2950 1 7049
495 2950 1 7049
496 2950 1 7049
497 2950 1 7049
498 2950 1 7049
499 2950 0 7050
500 2950 0 7050
501 2950 0 7050
502 2950 0 7050
503 2950 0 7050
504 2950 0 7050
505 2950 0 7050
506 2950 0 7050
507 2950 0 7050
508 2950 0 7050
509 2950 0 7050
510 2950 0 7050
511 2950 0 7050
512 2950 0 7050
513 2950 0 7050
514 2950 0 7050
515 2950 0 7050
516 2950 0 7050
517 2950 0 7050
518 2950 0 7050
519 2950 0 7050
520 2950 0 7050
521 2950 0 7050
522 2950 0 7050
523 2950 0 7050
524 2950 0 7050
525 2950 0 7050
526 2950 0 7050
527 2950 0 7050
528 2950 0 7050
529 2950 0 7050
530 2950 0 7050
531 2950 0 7050
532 2950 0 7050
533 2950 0 7050
534 2950 0 7050
535 2950 0 7050
536 2950 0 7050
537 2950 0 7050
538 2950 0 7050
539 2950 0 7050
540 2950 0 7050
541 2950 0 7050
542 2950 0 7050
543 2950 0 7050
544 2950 0 7050
545 2950 0 7050
546 2950 0 7050
547 2950 0 7050
548 2950 0 7050
549 2950 0 7050
550 2950 0 7050
551 2950 0 7050
552 2950 0 7050
553 2950 0 7050
554 2950 0 7050
555 2950 0 7050
556 2950 0 7050
557 2950 0 7050
558 2950 0 7050
559 2950 0 7050
560 2950 0 7050
561 2950 0 7050
562 2950 0 7050
563 2950 0 7050
564 2950 0 7050
565 2950 0 7050
566 2950 0 7050
567 2950 0 7050
568 2950 0 7050
569 2950 0 7050
570 2950 0 7050
571 2950 0 7050
572 2950 0 7050
573 2950 0 7050
574 2950 0 7050
575 2950 0 7050
576 2950 0 7050
577 2950 0 7050
578 2950 0 7050
579 2950 0 7050
580 2950 0 7050
581 2950 0 7050
582 2950 0 7050
583 2950 0 7050
584 2950 0 7050
585 2950 0 7050
586 2950 0 7050
587 2950 0 7050
588 2950 0 7050
589 2950 0 7050
590 2950 0 7050
591 2950 0 7050
592 2950 0 7050
593 2950 0 7050
594 2950 0 7050
595 2950 0 7050
596 2950 0 7050
597 2950 0 7050
598 2950 0 7050
599 2950 0 7050
600 2950 0 7050
601 2950 0 7050
602 2950 0 7050
603 2950 0 7050
604 2950 0 7050
605 2950 0 7050
606 2950 0 7050
607 2950 0 7050
608 2950 0 7050
609 2950 0 7050
610 2950 0 7050
611 2950 0 7050
612 2950 0 7050
613 2950 0 7050
614 2950 0 7050
615 2950 0 7050
616 2950 0 7050
617 2950 0 7050
618 2950 0 7050
619 2950 0 7050
620 2950 0 7050
621 2950 0 7050
622 2950 0 7050
623 2950 0 7050
624 2950 0 7050
625 2950 0 7050
626 2950 0 7050
627 2950 0 7050
628 2950 0 7050
629 2950 0 7050
630 2950 0 7050
631 2950 0 7050
632 2950 0 7050
633 2950 0 7050
634 2950 0 7050
635 2950 0 7050
636 2950 0 7050
637 2950 0 7050
638 2950 0 7050
639 2950 0 7050
640 2950 0 7050
641 2950 0 7050
642 2950 0 7050
643 2950 0 7050
644 2950 0 7050
645 2950 0 7050
646 2950 0 7050
647 2950 0 7050
648 2950 0 7050
649 2950 0 7050
650 2950 0 7050
651 2950 0 7050
652 2950 0 7050
653 2950 0 7050
654 2950 0 7050
655 2950 0 7050
656 2950 0 7050
657 2950 0 7050
658 2950 0 7050
659 2950 0 7050
660 2950 0 7050
661 2950 0 7050
662 2950 0 7050
663 2950 0 7050
664 2950 0 7050
665 2950 0 7050
666 2950 0 7050
667 2950 0 7050
668 2950 0 7050
669 2950 0 7050
670 2950 0 7050
671 2950 0 7050
672 2950 0 7050
673 2950 0 7050
674 2950 0 7050
675 2950 0 7050
676 2950 0 7050
677 2950 0 7050
678 2950 0 7050
679 2950 0 7050
680 2950 0 7050
681 2950 0 7050
682 2950 0 7050
683 2950 0 7050
684 2950 0 7050
685 2950 0 7050
686 2950 0 7050
687 2950 0 7050
688 2950 0 7050
689 2950 0 7050
690 2950 0 7050
691 2950 0 7050
692 2950 0 7050
693 2950 0 7050
694 2950 0 7050
695 2950 0 7050
696 2950 0 7050
697 2950 0 7050
698 2950 0 7050
699 2950 0 7050
700 2950 0 7050
701 2950 0 7050
702 2950 0 7050
703 2950 0 7050
704 2950 0 7050
705 2950 0 7050
706 2950 0 7050
707 2950 0 7050
708 2950 0 7050
709 2950 0 7050
710 2950 0 7050
711 2950 0 7050
712 2950 0 7050
713 2950 0 7050
714 2950 0 7050
715 2950 0 7050
716 2950 0 7050
717 2950 0 7050
718 2950 0 7050
719 2950 0 7050
720 2950 0 7050
721 2950 0 7050
722 2950 0 7050
723 2950 0 7050
724 2950 0 7050
725 2950 0 7050
726 2950 0 7050
727 2950 0 7050
728 2950 0 7050
729 2950 0 7050
730 2950 0 7050
731 2950 0 7050
732 2950 0 7050
733 2950 0 7050
734 2950 0 7050
735 2950 0 7050
736 2950 0 7050
737 2950 0 7050
738 2950 0 7050
739 2950 0 7050
740 2950 0 7050
741 2950 0 7050
742 2950 0 7050
743 2950 0 7050
744 2950 0 7050
745 2950 0 7050
746 2950 0 7050
747 2950 0 7050
748 2950 0 7050
749 2950 0 7050
750 2950 0 7050
751 2950 0 7050
752 2950 0 7050
753 2950 0 7050
754 2950 0 7050
755 2950 0 7050
756 2950 0 7050
757 2950 0 7050
758 2950 0 7050
759 2950 0 7050
760 2950 0 7050
761 2950 0 7050
762 2950 0 7050
763 2950 0 7050
764 2950 0 7050
765 2950 0 7050
766 2950 0 7050
767 2950 0 7050
768 2950 0 7050
769 2950 0 7050
770 2950 0 7050
771 2950 0 7050
772 2950 0 7050
773 2950 0 7050
774 2950 0 7050
775 2950 0 7050
776 2950 0 7050
777 2950 0 7050
778 2950 0 7050
779 2950 0 7050
780 2950 0 7050
781 2950 0 7050
782 2950 0 7050
783 2950 0 7050
784 2950 0 7050
785 2950 0 7050
786 2950 0 7050
787 2950 0 7050
788 2950 0 7050
789 2950 0 7050
790 2950 0 7050
791 2950 0 7050
792 2950 0 7050
793 2950 0 7050
794 2950 0 7050
795 2950 0 7050
796 2950 0 7050
797 2950 0 7050
798 2950 0 7050
799 2950 0 7050
800 2950 0 7050
801 2950 0 7050
802 2950 0 7050
803 2950 0 7050
804 2950 0 7050
805 2950 0 7050
806 2950 0 7050
807 2950 0 7050
808 2950 0 7050
809 2950 0 7050
810 2950 0 7050
811 2950 0 7050
812 2950 0 7050
813 2950 0 7050
814 2950 0 7050
815 2950 0 7050
816 2950 0 7050
817 2950 0 7050
818 2950 0 7050
819 2950 0 7050
820 2950 0 7050
821 2950 0 7050
822 2950 0 7050
823 2950 0 7050
824 2950 0 7050
825 2950 0 7050
826 2950 0 7050
827 2950 0 7050
828 2950 0 7050
829 2950 0 7050
830 2950 0 7050
831 2950 0 7050
832 2950 0 7050
833 2950 0 7050
834 2950 0 7050
835 2950 0 7050
836 2950 0 7050
837 2950 0 7050
838 2950 0 7050
839 2950 0 7050
840 2950 0 7050
841 2950 0 7050
842 2950 0 7050
843 2950 0 7050
844 2950 0 7050
845 2950 0 7050
846 2950 0 7050
847 2950 0 7050
848 2950 0 7050
849 2950 0 7050
850 2950 0 7050
851 2950 0 7050
852 2950 0 7050
853 2950 0 7050
854 2950 0 7050
855 2950 0 7050
856 2950 0 7050
857 2950 0 7050
858 2950 0 7050
859 2950 0 7050
860 2950 0 7050
861 2950 0 7050
862 2950 0 7050
863 2950 0 7050
864 2950 0 7050
865 2950 0 7050
866 2950 0 7050
867 2950 0 7050
868 2950 0 7050
869 2950 0 7050
870 2950 0 7050
871 2950 0 7050
872 2950 0 7050
873 2950 0 7050
874 2950 0 7050
875 2950 0 7050
876 2950 0 7050
877 2950 0 7050
878 2950 0 7050
879 2950 0 7050
880 2950 0 7050
881 2950 0 7050
882 2950 0 7050
883 2950 0 7050
884 2950 0 7050
885 2950 0 7050
886 2950 0 7050
887 2950 0 7050
888 2950 0 7050
889 2950 0 7050
890 2950 0 7050
891 2950 0 7050
892 2950 0 7050
893 2950 0 7050
894 2950 0 7050
895 2950 0 7050
896 2950 0 7050
897 2950 0 7050
898 2950 0 7050
899 2950 0 7050
900 2950 0 7050
901 2950 0 7050
902 2950 0 7050
903 2950 0 7050
904 2950 0 7050
905 2950 0 7050
906 2950 0 7050
907 2950 0 7050
908 2950 0 7050
909 2950 0 7050
910 2950 0 7050
911 2950 0 7050
912 2950 0 7050
913 2950 0 7050
914 2950 0 7050
915 2950 0 7050
916 2950 0 7050
917 2950 0 7050
918 2950 0 7050
919 2950 0 7050
920 2950 0 7050
921 2950 0 7050
922 2950 0 7050
923 2950 0 7050
924 2950 0 7050
925 2950 0 7050
926 2950 0 7050
927 2950 0 7050
928 2950 0 7050
929 2950 0 7050
930 2950 0 7050
931 2950 0 7050
932 2950 0 7050
933 2950 0 7050
934 2950 0 7050
935 2950 0 7050
936 2950 0 7050
937 2950 0 7050
938 2950 0 7050
939 2950 0 7050
940 2950 0 7050
941 2950 0 7050
942 2950 0 7050
943 2950 0 7050
944 2950 0 7050
945 2950 0 7050
946 2950 0 7050
947 2950 0 7050
948 2950 0 7050
949 2950 0 7050
950 2950 0 7050
951 2950 0 7050
952 2950 0 7050
953 2950 0 7050
954 2950 0 7050
955 2950 0 7050
956 2950 0 7050
957 2950 0 7050
958 2950 0 7050
959 2950 0 7050
960 2950 0 7050
961 2950 0 7050
962 2950 0 7050
963 2950 0 7050
964 2950 0 7050
965 2950 0 7050
966 2950 0 7050
967 2950 0 7050
968 2950 0 7050
969 2950 0 7050
970 2950 0 7050
971 2950 0 7050
972 2950 0 7050
973 2950 0 7050
974 2950 0 7050
975 2950 0 7050
976 2950 0 7050
977 2950 0 7050
978 2950 0 7050
979 2950 0 7050
980 2950 0 7050
981 2950 0 7050
982 2950 0 7050
983 2950 0 7050
984 2950 0 7050
985 2950 0 7050
986 2950 0 7050
987 2950 0 7050
988 2950 0 7050
989 2950 0 7050
990 2950 0 7050
991 2950 0 7050
992 2950 0 7050
993 2950 0 7050
994 2950 0 7050
995 2950 0 7050
996 2950 0 7050
997 2950 0 7050
998 2950 0 7050
999 2950 0 7050
