0 9999 1 0
1 9999 1 0
2 9996 4 0
3 9994 6 0
4 9992 7 1
5 9989 8 3
6 9986 10 4
7 9983 12 5
8 9980 10 10
9 9979 8 13
10 9973 13 14
11 9969 16 15
12 9965 16 19
13 9962 16 22
14 9957 18 25
15 9950 22 28
16 9947 22 31
17 9940 25 35
18 9932 28 40
19 9925 33 42
20 9917 32 51
21 9910 34 56
22 9908 33 59
23 9904 30 66
24 9896 31 73
25 9892 29 79
26 9888 30 82
27 9883 29 88
28 9876 32 92
29 9867 35 98
30 9859 35 106
31 9848 40 112
32 9837 44 119
33 9827 46 127
34 9812 49 139
35 9800 55 145
36 9791 55 154
37 9783 59 158
38 9779 54 167
39 9766 57 177
40 9748 61 191
41 9736 67 197
42 9724 70 206
43 9716 64 220
44 9703 65 232
45 9687 66 247
46 9676 64 260
47 9665 63 272
48 9651 67 282
49 9642 60 298
50 9629 63 308
51 9620 61 319
52 9613 56 331
53 9605 52 343
54 9592 59 349
55 9588 51 361
56 9576 55 369
57 9565 56 379
58 9555 53 392
59 9547 54 399
60 9537 57 406
61 9526 61 413
62 9518 60 422
63 9505 59 436
64 9491 61 448
65 9480 58 462
66 9472 53 475
67 9460 57 483
68 9454 57 489
69 9443 61 496
70 9422 68 510
71 9402 72 526
72 9388 75 537
73 9377 69 554
74 9371 59 570
75 9361 59 580
76 9355 57 588
77 9344 64 592
78 9330 65 605
79 9313 70 617
80 9301 72 627
81 9287 75 638
82 9276 72 652
83 9266 75 659
84 9256 69 675
85 9243 69 688
86 9238 60 702
87 9228 53 719
88 9215 62 723
89 9205 63 732
90 9187 75 738
91 9176 74 750
92 9158 80 762
93 9148 77 775
94 9135 82 783
95 9122 76 802
96 9114 74 812
97 9103 76 821
98 9092 78 830
99 9079 77 844
100 9065 80 855
101 9050 80 870
102 9036 74 890
103 9017 82 901
104 8999 90 911
105 8987 89 924
106 8963 93 944
107 8947 89 964
108 8924 97 979
109 8902 97 1001
110 8881 99 1020
111 8864 95 1041
112 8854 86 1060
113 8846 76 1078
114 8838 70 1092
115 8827 70 1103
116 8807 72 1121
117 8793 74 1133
118 8778 79 1143
119 8762 80 1158
120 8748 80 1172
121 8738 75 1187
122 8719 77 1204
123 8703 77 1220
124 8692 71 1237
125 8684 65 1251
126 8668 69 1263
127 8656 69 1275
128 8635 76 1289
129 8614 84 1302
130 8593 87 1320
131 8569 98 1333
132 8556 93 1351
133 8539 99 1362
134 8520 95 1385
135 8509 88 1403
136 8493 91 1416
137 8480 93 1427
138 8459 98 1443
139 8438 99 1463
140 8424 92 1484
141 8415 84 1501
142 8405 78 1517
143 8397 75 1528
144 8384 76 1540
145 8377 60 1563
146 8363 63 1574
147 8348 68 1584
148 8336 66 1598
149 8328 62 1610
150 8319 58 1623
151 8309 57 1634
152 8298 60 1642
153 8281 71 1648
154 8270 72 1658
155 8259 74 1667
156 8242 83 1675
157 8228 80 1692
158 8215 82 1703
159 8201 82 1717
160 8196 73 1731
161 8189 68 1743
162 8181 63 1756
163 8164 69 1767
164 8150 72 1778
165 8141 68 1791
166 8125 71 1804
167 8115 73 1812
168 8103 70 1827
169 8088 73 1839
170 8075 76 1849
171 8064 74 1862
172 8055 70 1875
173 8043 67 1890
174 8029 74 1897
175 8011 84 1905
176 7993 93 1914
177 7979 98 1923
178 7957 107 1936
179 7932 111 1957
180 7915 105 1980
181 7891 112 1997
182 7870 105 2025
183 7850 106 2044
184 7829 108 2063
185 7813 112 2075
186 7797 111 2092
187 7775 111 2114
188 7749 122 2129
189 7732 113 2155
190 7711 115 2174
191 7688 117 2195
192 7656 124 2220
193 7635 127 2238
194 7620 121 2259
195 7595 126 2279
196 7579 123 2298
197 7553 136 2311
198 7528 140 2332
199 7505 138 2357
200 7490 122 2388
201 7470 125 2405
202 7447 131 2422
203 7432 125 2443
204 7406 123 2471
205 7382 123 2495
206 7364 117 2519
207 7351 108 2541
208 7330 110 2560
209 7308 114 2578
210 7281 118 2601
211 7250 130 2620
212 7223 135 2642
213 7198 136 2666
214 7174 140 2686
215 7152 139 2709
216 7130 141 2729
217 7107 144 2749
218 7080 151 2769
219 7051 156 2793
220 7023 153 2824
221 7004 148 2848
222 6978 143 2879
223 6946 147 2907
224 6921 149 2930
225 6902 144 2954
226 6873 148 2979
227 6843 159 2998
228 6818 156 3026
229 6796 147 3057
230 6776 135 3089
231 6752 139 3109
232 6724 145 3131
233 6705 144 3151
234 6681 148 3171
235 6661 149 3190
236 6641 149 3210
237 6625 137 3238
238 6604 135 3261
239 6591 121 3288
240 6571 124 3305
241 6539 130 3331
242 6522 126 3352
243 6484 146 3370
244 6465 141 3394
245 6439 146 3415
246 6399 161 3440
247 6363 167 3470
248 6335 174 3491
249 6293 178 3529
250 6272 168 3560
251 6233 176 3591
252 6194 196 3610
253 6150 202 3648
254 6114 205 3681
255 6077 200 3723
256 6043 200 3757
257 6010 197 3793
258 5978 199 3823
259 5949 193 3858
260 5930 181 3889
261 5898 178 3924
262 5862 171 3967
263 5832 171 3997
264 5801 176 4023
265 5763 175 4062
266 5733 176 4091
267 5715 161 4124
268 5695 146 4159
269 5653 162 4185
270 5624 166 4210
271 5592 162 4246
272 5568 152 4280
273 5539 151 4310
274 5520 155 4325
275 5485 159 4356
276 5456 167 4377
277 5418 180 4402
278 5377 189 4434
279 5335 200 4465
280 5292 204 4504
281 5256 213 4531
282 5233 202 4565
283 5204 190 4606
284 5183 174 4643
285 5163 165 4672
286 5129 164 4707
287 5104 159 4737
288 5075 158 4767
289 5052 150 4798
290 5022 150 4828
291 4996 148 4856
292 4962 160 4878
293 4939 157 4904
294 4910 157 4933
295 4886 148 4966
296 4856 159 4985
297 4831 160 5009
298 4804 163 5033
299 4770 171 5059
300 4740 173 5087
301 4713 164 5123
302 4689 155 5156
303 4659 144 5197
304 4633 147 5220
305 4609 153 5238
306 4587 147 5266
307 4558 153 5289
308 4531 146 5323
309 4502 148 5350
310 4467 162 5371
311 4436 165 5399
312 4404 172 5424
313 4381 170 5449
314 4362 157 5481
315 4338 145 5517
316 4309 157 5534
317 4276 168 5556
318 4244 177 5579
319 4215 181 5604
320 4184 175 5641
321 4149 174 5677
322 4118 168 5714
323 4087 177 5736
324 4062 173 5765
325 4037 173 5790
326 4015 168 5817
327 3988 172 5840
328 3965 169 5866
329 3941 174 5885
330 3912 166 5922
331 3893 160 5947
332 3862 154 5984
333 3849 141 6010
334 3840 117 6043
335 3822 109 6069
336 3808 108 6084
337 3793 108 6099
338 3785 100 6115
339 3772 95 6133
340 3759 87 6154
341 3739 94 6167
342 3726 93 6181
343 3707 92 6201
344 3694 87 6219
345 3679 84 6237
346 3659 94 6247
347 3644 91 6265
348 3620 90 6290
349 3606 90 6304
350 3587 97 6316
351 3569 99 6332
352 3543 108 6349
353 3523 109 6368
354 3493 119 6388
355 3472 122 6406
356 3443 131 6426
357 3416 135 6449
358 3404 125 6471
359 3373 135 6492
360 3349 133 6518
361 3328 133 6539
362 3307 131 6562
363 3292 122 6586
364 3274 123 6603
365 3255 126 6619
366 3236 111 6653
367 3223 102 6675
368 3214 96 6690
369 3197 98 6705
370 3183 91 6726
371 3174 84 6742
372 3158 82 6760
373 3144 80 6776
374 3129 75 6796
375 3115 76 6809
376 3098 81 6821
377 3085 75 6840
378 3075 73 6852
379 3063 75 6862
380 3048 77 6875
381 3038 67 6895
382 3026 67 6907
383 3014 67 6919
384 3003 69 6928
385 2981 77 6942
386 2970 73 6957
387 2963 72 6965
388 2947 78 6975
389 2934 69 6997
390 2923 69 7008
391 2915 67 7018
392 2897 75 7028
393 2887 76 7037
394 2875 73 7052
395 2866 71 7063
396 2854 72 7074
397 2835 77 7088
398 2818 77 7105
399 2806 78 7116
400 2795 69 7136
401 2784 69 7147
402 2773 66 7161
403 2768 63 7169
404 2757 64 7179
405 2741 66 7193
406 2725 77 7198
407 2707 82 7211
408 2695 81 7224
409 2682 77 7241
410 2672 73 7255
411 2658 75 7267
412 2648 70 7282
413 2640 61 7299
414 2633 64 7303
415 2622 66 7312
416 2614 62 7324
417 2598 70 7332
418 2593 60 7347
419 2582 62 7356
420 2571 63 7366
421 2565 62 7373
422 2558 64 7378
423 2544 64 7392
424 2536 61 7403
425 2531 53 7416
426 2525 54 7421
427 2520 53 7427
428 2513 53 7434
429 2507 48 7445
430 2499 46 7455
431 2489 46 7465
432 2484 39 7477
433 2480 38 7482
434 2468 46 7486
435 2461 48 7491
436 2456 44 7500
437 2451 38 7511
438 2445 41 7514
439 2436 44 7520
440 2431 43 7526
441 2426 43 7531
442 2415 48 7537
443 2407 49 7544
444 2402 46 7552
445 2399 43 7558
446 2394 36 7570
447 2390 35 7575
448 2387 27 7586
449 2386 28 7586
450 2386 24 7590
451 2385 20 7595
452 2383 17 7600
453 2381 17 7602
454 2381 12 7607
455 2379 13 7608
456 2379 10 7611
457 2378 5 7617
458 2377 4 7619
459 2377 3 7620
460 2376 4 7620
461 2376 4 7620
462 2373 5 7622
463 2373 5 7622
464 2373 5 7622
465 2372 5 7623
466 2371 6 7623
467 2370 6 7624
468 2369 6 7625
469 2369 5 7626
470 2369 5 7626
471 2369 5 7626
472 2369 3 7628
473 2369 3 7628
474 2369 3 7628
475 2369 3 7628
476 2369 3 7628
477 2369 2 7629
478 2369 2 7629
479 2368 2 7630
480 2368 2 7630
481 2368 1 7631
482 2368 1 7631
483 2368 1 7631
484 2368 0 7632
485 2368 0 7632
486 2368 0 7632
487 2368 0 7632
488 2368 0 7632
489 2368 0 7632
490 2368 0 7632
491 2368 0 7632
492 2368 0 7632
493 2368 0 7632
494 2368 0 7632
495 2368 0 7632
496 2368 0 7632
497 2368 0 7632
498 2368 0 7632
499 2368 0 7632
500 2368 0 7632
501 2368 0 7632
502 2368 0 7632
503 2368 0 7632
504 2368 0 7632
505 2368 0 7632
506 2368 0 7632
507 2368 0 7632
508 2368 0 7632
509 2368 0 7632
510 2368 0 7632
511 2368 0 7632
512 2368 0 7632
513 2368 0 7632
514 2368 0 7632
515 2368 0 7632
516 2368 0 7632
517 2368 0 7632
518 2368 0 7632
519 2368 0 7632
520 2368 0 7632
521 2368 0 7632
522 2368 0 7632
523 2368 0 7632
524 2368 0 7632
525 2368 0 7632
526 2368 0 7632
527 2368 0 7632
528 2368 0 7632
529 2368 0 7632
530 2368 0 7632
531 2368 0 7632
532 2368 0 7632
533 2368 0 7632
534 2368 0 7632
535 2368 0 7632
536 2368 0 7632
537 2368 0 7632
538 2368 0 7632
539 2368 0 7632
540 2368 0 7632
541 2368 0 7632
542 2368 0 7632
543 2368 0 7632
544 2368 0 7632
545 2368 0 7632
546 2368 0 7632
547 2368 0 7632
548 2368 0 7632
549 2368 0 7632
550 2368 0 7632
551 2368 0 7632
552 2368 0 7632
553 2368 0 7632
554 2368 0 7632
555 2368 0 7632
556 2368 0 7632
557 2368 0 7632
558 2368 0 7632
559 2368 0 7632
560 2368 0 7632
561 2368 0 7632
562 2368 0 7632
563 2368 0 7632
564 2368 0 7632
565 2368 0 7632
566 2368 0 7632
567 2368 0 7632
568 2368 0 7632
569 2368 0 7632
570 2368 0 7632
571 2368 0 7632
572 2368 0 7632
573 2368 0 7632
574 2368 0 7632
575 2368 0 7632
576 2368 0 7632
577 2368 0 7632
578 2368 0 7632
579 2368 0 7632
580 2368 0 7632
581 2368 0 7632
582 2368 0 7632
583 2368 0 7632
584 2368 0 7632
585 2368 0 7632
586 2368 0 7632
587 2368 0 7632
588 2368 0 7632
589 2368 0 7632
590 2368 0 7632
591 2368 0 7632
592 2368 0 7632
593 2368 0 7632
594 2368 0 7632
595 2368 0 7632
596 2368 0 7632
597 2368 0 7632
598 2368 0 7632
599 2368 0 7632
600 2368 0 7632
601 2368 0 7632
602 2368 0 7632
603 2368 0 7632
604 2368 0 7632
605 2368 0 7632
606 2368 0 7632
607 2368 0 7632
608 2368 0 7632
609 2368 0 7632
610 2368 0 7632
611 2368 0 7632
612 2368 0 7632
613 2368 0 7632
614 2368 0 7632
615 2368 0 7632
616 2368 0 7632
617 2368 0 7632
618 2368 0 7632
619 2368 0 7632
620 2368 0 7632
621 2368 0 7632
622 2368 0 7632
623 2368 0 7632
624 2368 0 7632
625 2368 0 7632
626 2368 0 7632
627 2368 0 7632
628 2368 0 7632
629 2368 0 7632
630 2368 0 7632
631 2368 0 7632
632 2368 0 7632
633 2368 0 7632
634 2368 0 7632
635 2368 0 7632
636 2368 0 7632
637 2368 0 7632
638 2368 0 7632
639 2368 0 7632
640 2368 0 7632
641 2368 0 7632
642 2368 0 7632
643 2368 0 7632
644 2368 0 7632
645 2368 0 7632
646 2368 0 7632
647 2368 0 7632
648 2368 0 7632
649 2368 0 7632
650 2368 0 7632
651 2368 0 7632
652 2368 0 7632
653 2368 0 7632
654 2368 0 7632
655 2368 0 7632
656 2368 0 7632
657 2368 0 7632
658 2368 0 7632
659 2368 0 7632
660 2368 0 7632
661 2368 0 7632
662 2368 0 7632
663 2368 0 7632
664 2368 0 7632
665 2368 0 7632
666 2368 0 7632
667 2368 0 7632
668 2368 0 7632
669 2368 0 7632
670 2368 0 7632
671 2368 0 7632
672 2368 0 7632
673 2368 0 7632
674 2368 0 7632
675 2368 0 7632
676 2368 0 7632
677 2368 0 7632
678 2368 0 7632
679 2368 0 7632
680 2368 0 7632
681 2368 0 7632
682 2368 0 7632
683 2368 0 7632
684 2368 0 7632
685 2368 0 7632
686 2368 0 7632
687 2368 0 7632
688 2368 0 7632
689 2368 0 7632
690 2368 0 7632
691 2368 0 7632
692 2368 0 7632
693 2368 0 7632
694 2368 0 7632
695 2368 0 7632
696 2368 0 7632
697 2368 0 7632
698 2368 0 7632
699 2368 0 7632
700 2368 0 7632
701 2368 0 7632
702 2368 0 7632
703 2368 0 7632
704 2368 0 7632
705 2368 0 7632
706 2368 0 7632
707 2368 0 7632
708 2368 0 7632
709 2368 0 7632
710 2368 0 7632
711 2368 0 7632
712 2368 0 7632
713 2368 0 7632
714 2368 0 7632
715 2368 0 7632
716 2368 0 7632
717 2368 0 7632
718 2368 0 7632
719 2368 0 7632
720 2368 0 7632
721 2368 0 7632
722 2368 0 7632
723 2368 0 7632
724 2368 0 7632
725 2368 0 7632
726 2368 0 7632
727 2368 0 7632
728 2368 0 7632
729 2368 0 7632
730 2368 0 7632
731 2368 0 7632
732 2368 0 7632
733 2368 0 7632
734 2368 0 7632
735 2368 0 7632
736 2368 0 7632
737 2368 0 7632
738 2368 0 7632
739 2368 0 7632
740 2368 0 7632
741 2368 0 7632
742 2368 0 7632
743 2368 0 7632
744 2368 0 7632
745 2368 0 7632
746 2368 0 7632
747 2368 0 7632
748 2368 0 7632
749 2368 0 7632
750 2368 0 7632
751 2368 0 7632
752 2368 0 7632
753 2368 0 7632
754 2368 0 7632
755 2368 0 7632
756 2368 0 7632
757 2368 0 7632
758 2368 0 7632
759 2368 0 7632
760 2368 0 7632
761 2368 0 7632
762 2368 0 7632
763 2368 0 7632
764 2368 0 7632
765 2368 0 7632
766 2368 0 7632
767 2368 0 7632
768 2368 0 7632
769 2368 0 7632
770 2368 0 7632
771 2368 0 7632
772 2368 0 7632
773 2368 0 7632
774 2368 0 7632
775 2368 0 7632
776 2368 0 7632
777 2368 0 7632
778 2368 0 7632
779 2368 0 7632
780 2368 0 7632
781 2368 0 7632
782 2368 0 7632
783 2368 0 7632
784 2368 0 7632
785 2368 0 7632
786 2368 0 7632
787 2368 0 7632
788 2368 0 7632
789 2368 0 7632
790 2368 0 7632
791 2368 0 7632
792 2368 0 7632
793 2368 0 7632
794 2368 0 7632
795 2368 0 7632
796 2368 0 7632
797 2368 0 7632
798 2368 0 7632
799 2368 0 7632
800 2368 0 7632
801 2368 0 7632
802 2368 0 7632
803 2368 0 7632
804 2368 0 7632
805 2368 0 7632
806 2368 0 7632
807 2368 0 7632
808 2368 0 7632
809 2368 0 7632
810 2368 0 7632
811 2368 0 7632
812 2368 0 7632
813 2368 0 7632
814 2368 0 7632
815 2368 0 7632
816 2368 0 7632
817 2368 0 7632
818 2368 0 7632
819 2368 0 7632
820 2368 0 7632
821 2368 0 7632
822 2368 0 7632
823 2368 0 7632
824 2368 0 7632
825 2368 0 7632
826 2368 0 7632
827 2368 0 7632
828 2368 0 7632
829 2368 0 7632
830 2368 0 7632
831 2368 0 7632
832 2368 0 7632
833 2368 0 7632
834 2368 0 7632
835 2368 0 7632
836 2368 0 7632
837 2368 0 7632
838 2368 0 7632
839 2368 0 7632
840 2368 0 7632
841 2368 0 7632
842 2368 0 7632
843 2368 0 7632
844 2368 0 7632
845 2368 0 7632
846 2368 0 7632
847 2368 0 7632
848 2368 0 7632
849 2368 0 7632
850 2368 0 7632
851 2368 0 7632
852 2368 0 7632
853 2368 0 7632
854 2368 0 7632
855 2368 0 7632
856 2368 0 7632
857 2368 0 7632
858 2368 0 7632
859 2368 0 7632
860 2368 0 7632
861 2368 0 7632
862 2368 0 7632
863 2368 0 7632
864 2368 0 7632
865 2368 0 7632
866 2368 0 7632
867 2368 0 7632
868 2368 0 7632
869 2368 0 7632
870 2368 0 7632
871 2368 0 7632
872 2368 0 7632
873 2368 0 7632
874 2368 0 7632
875 2368 0 7632
876 2368 0 7632
877 2368 0 7632
878 2368 0 7632
879 2368 0 7632
880 2368 0 7632
881 2368 0 7632
882 2368 0 7632
883 2368 0 7632
884 2368 0 7632
885 2368 0 7632
886 2368 0 7632
887 2368 0 7632
888 2368 0 7632
889 2368 0 7632
890 2368 0 7632
891 2368 0 7632
892 2368 0 7632
893 2368 0 7632
894 2368 0 7632
895 2368 0 7632
896 2368 0 7632
897 2368 0 7632
898 2368 0 7632
899 2368 0 7632
900 2368 0 7632
901 2368 0 7632
902 2368 0 7632
903 2368 0 7632
904 2368 0 7632
905 2368 0 7632
906 2368 0 7632
907 2368 0 7632
908 2368 0 7632
909 2368 0 7632
910 2368 0 7632
911 2368 0 7632
912 2368 0 7632
913 2368 0 7632
914 2368 0 7632
915 2368 0 7632
916 2368 0 7632
917 2368 0 7632
918 2368 0 7632
919 2368 0 7632
920 2368 0 7632
921 2368 0 7632
922 2368 0 7632
923 2368 0 7632
924 2368 0 7632
925 2368 0 7632
926 2368 0 7632
927 2368 0 7632
928 2368 0 7632
929 2368 0 7632
930 2368 0 7632
931 2368 0 7632
932 2368 0 7632
933 2368 0 7632
934 2368 0 7632
935 2368 0 7632
936 2368 0 7632
937 2368 0 7632
938 2368 0 7632
939 2368 0 7632
940 2368 0 7632
941 2368 0 7632
942 2368 0 7632
943 2368 0 7632
944 2368 0 7632
945 2368 0 7632
946 2368 0 7632
947 2368 0 7632
948 2368 0 7632
949 2368 0 7632
950 2368 0 7632
951 2368 0 7632
952 2368 0 7632
953 2368 0 7632
954 2368 0 7632
955 2368 0 7632
956 2368 0 7632
957 2368 0 7632
958 2368 0 7632
959 2368 0 7632
960 2368 0 7632
961 2368 0 7632
962 2368 0 7632
963 2368 0 7632
964 2368 0 7632
965 2368 0 7632
966 2368 0 7632
967 2368 0 7632
968 2368 0 7632
969 2368 0 7632
970 2368 0 7632
971 2368 0 7632
972 2368 0 7632
973 2368 0 7632
974 2368 0 7632
975 2368 0 7632
976 2368 0 7632
977 2368 0 7632
978 2368 0 7632
979 2368 0 7632
980 2368 0 7632
981 2368 0 7632
982 2368 0 7632
983 2368 0 7632
984 2368 0 7632
985 2368 0 7632
986 2368 0 7632
987 2368 0 7632
988 2368 0 7632
989 2368 0 7632
990 2368 0 7632
991 2368 0 7632
992 2368 0 7632
993 2368 0 7632
994 2368 0 7632
995 2368 0 7632
996 2368 0 7632
997 2368 0 7632
998 2368 0 7632
999 2368 0 7632
