0 9999 1 0
1 9997 3 0
2 9993 6 1
3 9991 8 1
4 9990 5 5
5 9986 9 5
6 9985 8 7
7 9981 12 7
8 9975 17 8
9 9973 13 14
10 9970 14 16
11 9969 13 18
12 9968 12 20
13 9967 11 22
14 9965 10 25
15 9965 7 28
16 9963 9 28
17 9960 12 28
18 9958 13 29
19 9956 13 31
20 9951 16 33
21 9947 17 36
22 9945 15 40
23 9944 16 40
24 9942 14 44
25 9941 12 47
26 9937 16 47
27 9934 16 50
28 9931 17 52
29 9931 16 53
30 9928 16 56
31 9925 18 57
32 9923 12 65
33 9921 14 65
34 9914 18 68
35 9913 18 69
36 9906 24 70
37 9903 24 73
38 9902 19 79
39 9900 19 81
40 9894 21 85
41 9889 25 86
42 9885 25 90
43 9883 23 94
44 9881 22 97
45 9880 17 103
46 9880 12 108
47 9876 12 112
48 9874 11 115
49 9872 9 119
50 9865 15 120
51 9863 15 122
52 9860 16 124
53 9858 14 128
54 9855 13 132
55 9852 13 135
56 9851 11 138
57 9850 10 140
58 9848 10 142
59 9847 7 146
60 9844 7 149
61 9843 6 151
62 9842 7 151
63 9838 11 151
64 9835 13 152
65 9833 15 152
66 9831 12 157
67 9824 16 160
68 9817 22 161
69 9807 27 166
70 9799 31 170
71 9793 35 172
72 9781 41 178
73 9766 43 191
74 9755 47 198
75 9747 47 206
76 9737 51 212
77 9726 52 222
78 9715 52 233
79 9707 54 239
80 9691 63 246
81 9679 64 257
82 9665 66 269
83 9654 64 282
84 9642 65 293
85 9635 60 305
86 9620 64 316
87 9612 63 325
88 9592 67 341
89 9576 73 351
90 9550 89 361
91 9540 86 374
92 9518 87 395
93 9507 84 409
94 9481 95 424
95 9473 89 438
96 9457 90 453
97 9445 85 470
98 9434 79 487
99 9425 71 504
100 9412 77 511
101 9406 70 524
102 9400 59 541
103 9389 60 551
104 9378 60 562
105 9371 52 577
106 9365 50 585
107 9356 54 590
108 9344 59 597
109 9340 55 605
110 9327 59 614
111 9314 63 623
112 9308 59 633
113 9299 56 645
114 9291 56 653
115 9281 60 659
116 9272 62 666
117 9258 62 680
118 9244 61 695
119 9234 60 706
120 9222 63 715
121 9215 61 724
122 9206 55 739
123 9194 63 743
124 9186 56 758
125 9180 56 764
126 9166 61 773
127 9154 60 786
128 9137 64 799
129 9122 71 807
130 9113 70 817
131 9094 81 825
132 9078 83 839
133 9056 99 845
134 9034 103 863
135 9020 101 879
136 8997 108 895
137 8982 103 915
138 8974 92 934
139 8959 88 953
140 8938 88 974
141 8926 86 988
142 8912 86 1002
143 8898 81 1021
144 8884 87 1029
145 8865 87 1048
146 8862 73 1065
147 8844 74 1082
148 8837 65 1098
149 8825 71 1104
150 8815 65 1120
151 8803 63 1134
152 8795 60 1145
153 8791 50 1159
154 8780 54 1166
155 8774 51 1175
156 8768 51 1181
157 8758 55 1187
158 8742 62 1196
159 8732 59 1209
160 8723 59 1218
161 8707 61 1232
162 8688 68 1244
163 8672 70 1258
164 8654 73 1273
165 8640 77 1283
166 8627 79 1294
167 8615 79 1306
168 8603 73 1324
169 8582 82 1336
170 8571 75 1354
171 8558 72 1370
172 8541 77 1382
173 8518 86 1396
174 8496 93 1411
175 8478 95 1427
176 8464 89 1447
177 8455 81 1464
178 8437 90 1473
179 8415 94 1491
180 8383 110 1507
181 8358 120 1522
182 8331 131 1538
183 8304 137 1559
184 8287 137 1576
185 8259 152 1589
186 8237 143 1620
187 8211 151 1638
188 8174 168 1658
189 8145 162 1693
190 8109 167 1724
191 8081 172 1747
192 8045 183 1772
193 8023 179 1798
194 7986 186 1828
195 7953 192 1855
196 7932 184 1884
197 7889 201 1910
198 7866 191 1943
199 7822 195 1983
200 7793 194 2013
201 7762 198 2040
202 7737 181 2082
203 7718 161 2121
204 7691 161 2148
205 7667 150 2183
206 7639 159 2202
207 7610 157 2233
208 7579 169 2252
209 7548 166 2286
210 7522 159 2319
211 7493 159 2348
212 7474 146 2380
213 7451 141 2408
214 7428 145 2427
215 7395 158 2447
216 7366 154 2480
217 7329 162 2509
218 7299 166 2535
219 7273 153 2574
220 7248 150 2602
221 7210 156 2634
222 7190 147 2663
223 7165 156 2679
224 7135 151 2714
225 7111 146 2743
226 7085 146 2769
227 7055 147 2798
228 7026 151 2823
229 7005 143 2852
230 6975 154 2871
231 6953 144 2903
232 6935 134 2931
233 6909 138 2953
234 6891 132 2977
235 6877 119 3004
236 6859 119 3022
237 6832 126 3042
238 6821 115 3064
239 6795 117 3088
240 6777 113 3110
241 6759 105 3136
242 6739 110 3151
243 6718 111 3171
244 6701 110 3189
245 6686 104 3210
246 6673 98 3229
247 6657 92 3251
248 6628 103 3269
249 6608 104 3288
250 6586 103 3311
251 6571 92 3337
252 6550 104 3346
253 6535 109 3356
254 6523 103 3374
255 6508 99 3393
256 6494 101 3405
257 6469 102 3429
258 6457 99 3444
259 6440 105 3455
260 6425 92 3483
261 6410 94 3496
262 6396 90 3514
263 6378 92 3530
264 6364 92 3544
265 6348 91 3561
266 6337 94 3569
267 6328 87 3585
268 6304 98 3598
269 6294 92 3614
270 6273 95 3632
271 6257 96 3647
272 6239 98 3663
273 6228 89 3683
274 6211 94 3695
275 6197 84 3719
276 6189 81 3730
277 6182 81 3737
278 6170 83 3747
279 6157 85 3758
280 6143 81 3776
281 6132 79 3789
282 6123 81 3796
283 6113 81 3806
284 6098 79 3823
285 6090 80 3830
286 6078 84 3838
287 6062 83 3855
288 6049 83 3868
289 6031 87 3882
290 6014 92 3894
291 6000 93 3907
292 5978 99 3923
293 5963 103 3934
294 5950 99 3951
295 5940 103 3957
296 5927 100 3973
297 5916 97 3987
298 5901 100 3999
299 5887 97 4016
300 5868 100 4032
301 5853 97 4050
302 5844 86 4070
303 5836 81 4083
304 5821 82 4097
305 5806 82 4112
306 5793 84 4123
307 5786 76 4138
308 5769 75 4156
309 5760 75 4165
310 5754 69 4177
311 5746 61 4193
312 5732 66 4202
313 5726 60 4214
314 5714 64 4222
315 5703 64 4233
316 5692 68 4240
317 5678 66 4256
318 5662 72 4266
319 5649 70 4281
320 5631 79 4290
321 5610 84 4306
322 5594 77 4329
323 5585 74 4341
324 5572 77 4351
325 5558 74 4368
326 5544 77 4379
327 5529 84 4387
328 5506 94 4400
329 5496 88 4416
330 5475 102 4423
331 5462 95 4443
332 5446 96 4458
333 5427 91 4482
334 5409 88 4503
335 5394 88 4518
336 5384 83 4533
337 5367 86 4547
338 5351 85 4564
339 5340 75 4585
340 5327 77 4596
341 5315 77 4608
342 5298 83 4619
343 5277 96 4627
344 5256 106 4638
345 5232 108 4660
346 5215 110 4675
347 5200 101 4699
348 5179 106 4715
349 5161 102 4737
350 5133 116 4751
351 5106 121 4773
352 5079 129 4792
353 5054 138 4808
354 5031 135 4834
355 4998 135 4867
356 4979 138 4883
357 4956 143 4901
358 4931 145 4924
359 4916 138 4946
360 4896 131 4973
361 4874 130 4996
362 4857 124 5019
363 4844 112 5044
364 4833 105 5062
365 4821 100 5079
366 4811 89 5100
367 4791 93 5116
368 4782 87 5131
369 4762 94 5144
370 4746 103 5151
371 4729 99 5172
372 4716 98 5186
373 4696 102 5202
374 4681 100 5219
375 4668 99 5233
376 4653 101 5246
377 4642 96 5262
378 4629 93 5278
379 4616 92 5292
380 4608 86 5306
381 4598 81 5321
382 4585 86 5329
383 4575 85 5340
384 4555 92 5353
385 4537 95 5368
386 4522 91 5387
387 4506 95 5399
388 4490 94 5416
389 4470 95 5435
390 4453 91 5456
391 4441 88 5471
392 4431 85 5484
393 4417 81 5502
394 4401 86 5513
395 4391 82 5527
396 4369 96 5535
397 4349 101 5550
398 4339 96 5565
399 4318 102 5580
400 4307 91 5602
401 4290 87 5623
402 4284 84 5632
403 4275 76 5649
404 4260 76 5664
405 4256 72 5672
406 4246 69 5685
407 4238 65 5697
408 4235 56 5709
409 4224 62 5714
410 4218 60 5722
411 4204 67 5729
412 4195 58 5747
413 4185 50 5765
414 4176 46 5778
415 4170 41 5789
416 4166 38 5796
417 4157 44 5799
418 4150 44 5806
419 4142 40 5818
420 4135 38 5827
421 4132 36 5832
422 4130 30 5840
423 4129 25 5846
424 4124 26 5850
425 4119 25 5856
426 4113 28 5859
427 4110 28 5862
428 4105 28 5867
429 4092 33 5875
430 4089 34 5877
431 4083 34 5883
432 4075 38 5887
433 4066 40 5894
434 4057 42 5901
435 4046 43 5911
436 4033 54 5913
437 4026 53 5921
438 4017 53 5930
439 4008 58 5934
440 4003 56 5941
441 3998 50 5952
442 3983 57 5960
443 3977 48 5975
444 3969 50 5981
445 3959 51 5990
446 3949 51 6000
447 3938 52 6010
448 3929 56 6015
449 3918 52 6030
450 3910 54 6036
451 3903 54 6043
452 3897 52 6051
453 3891 47 6062
454 3886 46 6068
455 3879 45 6076
456 3872 40 6088
457 3862 45 6093
458 3860 39 6101
459 3854 38 6108
460 3847 35 6118
461 3840 40 6120
462 3829 40 6131
463 3825 38 6137
464 3818 39 6143
465 3814 35 6151
466 3812 31 6157
467 3805 34 6161
468 3802 31 6167
469 3797 29 6174
470 3794 24 6182
471 3791 23 6186
472 3788 22 6190
473 3782 26 6192
474 3777 24 6199
475 3772 25 6203
476 3765 28 6207
477 3762 29 6209
478 3754 34 6212
479 3751 30 6219
480 3749 26 6225
481 3747 25 6228
482 3739 30 6231
483 3734 27 6239
484 3725 30 6245
485 3722 27 6251
486 3719 26 6255
487 3715 26 6259
488 3714 24 6262
489 3711 23 6266
490 3709 22 6269
491 3708 18 6274
492 3708 14 6278
493 3708 13 6279
494 3707 11 6282
495 3707 11 6282
496 3706 12 6282
497 3706 10 6284
498 3704 11 6285
499 3703 11 6286
500 3703 10 6287
501 3703 7 6290
502 3702 7 6291
503 3702 7 6291
504 3702 6 6292
505 3702 4 6294
506 3702 3 6295
507 3702 2 6296
508 3702 2 6296
509 3701 2 6297
510 3701 2 6297
511 3701 2 6297
512 3701 2 6297
513 3701 2 6297
514 3701 1 6298
515 3701 1 6298
516 3701 1 6298
517 3701 1 6298
518 3701 1 6298
519 3701 0 6299
520 3701 0 6299
521 3701 0 6299
522 3701 0 6299
523 3701 0 6299
524 3701 0 6299
525 3701 0 6299
526 3701 0 6299
527 3701 0 6299
528 3701 0 6299
529 3701 0 6299
530 3701 0 6299
531 3701 0 6299
532 3701 0 6299
533 3701 0 6299
534 3701 0 6299
535 3701 0 6299
536 3701 0 6299
537 3701 0 6299
538 3701 0 6299
539 3701 0 6299
540 3701 0 6299
541 3701 0 6299
542 3701 0 6299
543 3701 0 6299
544 3701 0 6299
545 3701 0 6299
546 3701 0 6299
547 3701 0 6299
548 3701 0 6299
549 3701 0 6299
550 3701 0 6299
551 3701 0 6299
552 3701 0 6299
553 3701 0 6299
554 3701 0 6299
555 3701 0 6299
556 3701 0 6299
557 3701 0 6299
558 3701 0 6299
559 3701 0 6299
560 3701 0 6299
561 3701 0 6299
562 3701 0 6299
563 3701 0 6299
564 3701 0 6299
565 3701 0 6299
566 3701 0 6299
567 3701 0 6299
568 3701 0 6299
569 3701 0 6299
570 3701 0 6299
571 3701 0 6299
572 3701 0 6299
573 3701 0 6299
574 3701 0 6299
575 3701 0 6299
576 3701 0 6299
577 3701 0 6299
578 3701 0 6299
579 3701 0 6299
580 3701 0 6299
581 3701 0 6299
582 3701 0 6299
583 3701 0 6299
584 3701 0 6299
585 3701 0 6299
586 3701 0 6299
587 3701 0 6299
588 3701 0 6299
589 3701 0 6299
590 3701 0 6299
591 3701 0 6299
592 3701 0 6299
593 3701 0 6299
594 3701 0 6299
595 3701 0 6299
596 3701 0 6299
597 3701 0 6299
598 3701 0 6299
599 3701 0 6299
600 3701 0 6299
601 3701 0 6299
602 3701 0 6299
603 3701 0 6299
604 3701 0 6299
605 3701 0 6299
606 3701 0 6299
607 3701 0 6299
608 3701 0 6299
609 3701 0 6299
610 3701 0 6299
611 3701 0 6299
612 3701 0 6299
613 3701 0 6299
614 3701 0 6299
615 3701 0 6299
616 3701 0 6299
617 3701 0 6299
618 3701 0 6299
619 3701 0 6299
620 3701 0 6299
621 3701 0 6299
622 3701 0 6299
623 3701 0 6299
624 3701 0 6299
625 3701 0 6299
626 3701 0 6299
627 3701 0 6299
628 3701 0 6299
629 3701 0 6299
630 3701 0 6299
631 3701 0 6299
632 3701 0 6299
633 3701 0 6299
634 3701 0 6299
635 3701 0 6299
636 3701 0 6299
637 3701 0 6299
638 3701 0 6299
639 3701 0 6299
640 3701 0 6299
641 3701 0 6299
642 3701 0 6299
643 3701 0 6299
644 3701 0 6299
645 3701 0 6299
646 3701 0 6299
647 3701 0 6299
648 3701 0 6299
649 3701 0 6299
650 3701 0 6299
651 3701 0 6299
652 3701 0 6299
653 3701 0 6299
654 3701 0 6299
655 3701 0 6299
656 3701 0 6299
657 3701 0 6299
658 3701 0 6299
659 3701 0 6299
660 3701 0 6299
661 3701 0 6299
662 3701 0 6299
663 3701 0 6299
664 3701 0 6299
665 3701 0 6299
666 3701 0 6299
667 3701 0 6299
668 3701 0 6299
669 3701 0 6299
670 3701 0 6299
671 3701 0 6299
672 3701 0 6299
673 3701 0 6299
674 3701 0 6299
675 3701 0 6299
676 3701 0 6299
677 3701 0 6299
678 3701 0 6299
679 3701 0 6299
680 3701 0 6299
681 3701 0 6299
682 3701 0 6299
683 3701 0 6299
684 3701 0 6299
685 3701 0 6299
686 3701 0 6299
687 3701 0 6299
688 3701 0 6299
689 3701 0 6299
690 3701 0 6299
691 3701 0 6299
692 3701 0 6299
693 3701 0 6299
694 3701 0 6299
695 3701 0 6299
696 3701 0 6299
697 3701 0 6299
698 3701 0 6299
699 3701 0 6299
700 3701 0 6299
701 3701 0 6299
702 3701 0 6299
703 3701 0 6299
704 3701 0 6299
705 3701 0 6299
706 3701 0 6299
707 3701 0 6299
708 3701 0 6299
709 3701 0 6299
710 3701 0 6299
711 3701 0 6299
712 3701 0 6299
713 3701 0 6299
714 3701 0 6299
715 3701 0 6299
716 3701 0 6299
717 3701 0 6299
718 3701 0 6299
719 3701 0 6299
720 3701 0 6299
721 3701 0 6299
722 3701 0 6299
723 3701 0 6299
724 3701 0 6299
725 3701 0 6299
726 3701 0 6299
727 3701 0 6299
728 3701 0 6299
729 3701 0 6299
730 3701 0 6299
731 3701 0 6299
732 3701 0 6299
733 3701 0 6299
734 3701 0 6299
735 3701 0 6299
736 3701 0 6299
737 3701 0 6299
738 3701 0 6299
739 3701 0 6299
740 3701 0 6299
741 3701 0 6299
742 3701 0 6299
743 3701 0 6299
744 3701 0 6299
745 3701 0 6299
746 3701 0 6299
747 3701 0 6299
748 3701 0 6299
749 3701 0 6299
750 3701 0 6299
751 3701 0 6299
752 3701 0 6299
753 3701 0 6299
754 3701 0 6299
755 3701 0 6299
756 3701 0 6299
757 3701 0 6299
758 3701 0 6299
759 3701 0 6299
760 3701 0 6299
761 3701 0 6299
762 3701 0 6299
763 3701 0 6299
764 3701 0 6299
765 3701 0 6299
766 3701 0 6299
767 3701 0 6299
768 3701 0 6299
769 3701 0 6299
770 3701 0 6299
771 3701 0 6299
772 3701 0 6299
773 3701 0 6299
774 3701 0 6299
775 3701 0 6299
776 3701 0 6299
777 3701 0 6299
778 3701 0 6299
779 3701 0 6299
780 3701 0 6299
781 3701 0 6299
782 3701 0 6299
783 3701 0 6299
784 3701 0 6299
785 3701 0 6299
786 3701 0 6299
787 3701 0 6299
788 3701 0 6299
789 3701 0 6299
790 3701 0 6299
791 3701 0 6299
792 3701 0 6299
793 3701 0 6299
794 3701 0 6299
795 3701 0 6299
796 3701 0 6299
797 3701 0 6299
798 3701 0 6299
799 3701 0 6299
800 3701 0 6299
801 3701 0 6299
802 3701 0 6299
803 3701 0 6299
804 3701 0 6299
805 3701 0 6299
806 3701 0 6299
807 3701 0 6299
808 3701 0 6299
809 3701 0 6299
810 3701 0 6299
811 3701 0 6299
812 3701 0 6299
813 3701 0 6299
814 3701 0 6299
815 3701 0 6299
816 3701 0 6299
817 3701 0 6299
818 3701 0 6299
819 3701 0 6299
820 3701 0 6299
821 3701 0 6299
822 3701 0 6299
823 3701 0 6299
824 3701 0 6299
825 3701 0 6299
826 3701 0 6299
827 3701 0 6299
828 3701 0 6299
829 3701 0 6299
830 3701 0 6299
831 3701 0 6299
832 3701 0 6299
833 3701 0 6299
834 3701 0 6299
835 3701 0 6299
836 3701 0 6299
837 3701 0 6299
838 3701 0 6299
839 3701 0 6299
840 3701 0 6299
841 3701 0 6299
842 3701 0 6299
843 3701 0 6299
844 3701 0 6299
845 3701 0 6299
846 3701 0 6299
847 3701 0 6299
848 3701 0 6299
849 3701 0 6299
850 3701 0 6299
851 3701 0 6299
852 3701 0 6299
853 3701 0 6299
854 3701 0 6299
855 3701 0 6299
856 3701 0 6299
857 3701 0 6299
858 3701 0 6299
859 3701 0 6299
860 3701 0 6299
861 3701 0 6299
862 3701 0 6299
863 3701 0 6299
864 3701 0 6299
865 3701 0 6299
866 3701 0 6299
867 3701 0 6299
868 3701 0 6299
869 3701 0 6299
870 3701 0 6299
871 3701 0 6299
872 3701 0 6299
873 3701 0 6299
874 3701 0 6299
875 3701 0 6299
876 3701 0 6299
877 3701 0 6299
878 3701 0 6299
879 3701 0 6299
880 3701 0 6299
881 3701 0 6299
882 3701 0 6299
883 3701 0 6299
884 3701 0 6299
885 3701 0 6299
886 3701 0 6299
887 3701 0 6299
888 3701 0 6299
889 3701 0 6299
890 3701 0 6299
891 3701 0 6299
892 3701 0 6299
893 3701 0 6299
894 3701 0 6299
895 3701 0 6299
896 3701 0 6299
897 3701 0 6299
898 3701 0 6299
899 3701 0 6299
900 3701 0 6299
901 3701 0 6299
902 3701 0 6299
903 3701 0 6299
904 3701 0 6299
905 3701 0 6299
906 3701 0 6299
907 3701 0 6299
908 3701 0 6299
909 3701 0 6299
910 3701 0 6299
911 3701 0 6299
912 3701 0 6299
913 3701 0 6299
914 3701 0 6299
915 3701 0 6299
916 3701 0 6299
917 3701 0 6299
918 3701 0 6299
919 3701 0 6299
920 3701 0 6299
921 3701 0 6299
922 3701 0 6299
923 3701 0 6299
924 3701 0 6299
925 3701 0 6299
926 3701 0 6299
927 3701 0 6299
928 3701 0 6299
929 3701 0 6299
930 3701 0 6299
931 3701 0 6299
932 3701 0 6299
933 3701 0 6299
934 3701 0 6299
935 3701 0 6299
936 3701 0 6299
937 3701 0 6299
938 3701 0 6299
939 3701 0 6299
940 3701 0 6299
941 3701 0 6299
942 3701 0 6299
943 3701 0 6299
944 3701 0 6299
945 3701 0 6299
946 3701 0 6299
947 3701 0 6299
948 3701 0 6299
949 3701 0 6299
950 3701 0 6299
951 3701 0 6299
952 3701 0 6299
953 3701 0 6299
954 3701 0 6299
955 3701 0 6299
956 3701 0 6299
957 3701 0 6299
958 3701 0 6299
959 3701 0 6299
960 3701 0 6299
961 3701 0 6299
962 3701 0 6299
963 3701 0 6299
964 3701 0 6299
965 3701 0 6299
966 3701 0 6299
967 3701 0 6299
968 3701 0 6299
969 3701 0 6299
970 3701 0 6299
971 3701 0 6299
972 3701 0 6299
973 3701 0 6299
974 3701 0 6299
975 3701 0 6299
976 3701 0 6299
977 3701 0 6299
978 3701 0 6299
979 3701 0 6299
980 3701 0 6299
981 3701 0 6299
982 3701 0 6299
983 3701 0 6299
984 3701 0 6299
985 3701 0 6299
986 3701 0 6299
987 3701 0 6299
988 3701 0 6299
989 3701 0 6299
990 3701 0 6299
991 3701 0 6299
992 3701 0 6299
993 3701 0 6299
994 3701 0 6299
995 3701 0 6299
996 3701 0 6299
997 3701 0 6299
998 3701 0 6299
999 3701 0 6299
