0 9999 1 0
1 9998 2 0
2 9997 2 1
3 9996 3 1
4 9993 4 3
5 9992 4 4
6 9989 7 4
7 9987 8 5
8 9986 6 8
9 9984 8 8
10 9983 9 8
11 9983 7 10
12 9980 10 10
13 9976 13 11
14 9974 12 14
15 9971 13 16
16 9969 13 18
17 9967 10 23
18 9965 10 25
19 9965 8 27
20 9963 8 29
21 9962 6 32
22 9961 5 34
23 9960 5 35
24 9959 5 36
25 9957 6 37
26 9955 6 39
27 9954 6 40
28 9953 6 41
29 9953 5 42
30 9953 5 42
31 9952 4 44
32 9951 4 45
33 9946 8 46
34 9942 10 48
35 9940 10 50
36 9938 11 51
37 9937 8 55
38 9933 11 56
39 9933 9 58
40 9930 11 59
41 9928 8 64
42 9925 6 69
43 9919 11 70
44 9919 9 72
45 9918 9 73
46 9917 9 74
47 9916 8 76
48 9913 11 76
49 9910 12 78
50 9909 11 80
51 9903 14 83
52 9902 14 84
53 9897 15 88
54 9896 13 91
55 9891 16 93
56 9888 16 96
57 9884 14 102
58 9883 12 105
59 9879 15 106
60 9869 22 109
61 9861 27 112
62 9851 31 118
63 9841 37 122
64 9832 40 128
65 9818 46 136
66 9806 50 144
67 9798 46 156
68 9792 44 164
69 9784 42 174
70 9775 42 183
71 9761 51 188
72 9749 54 197
73 9740 46 214
74 9733 47 220
75 9732 41 227
76 9724 42 234
77 9721 36 243
78 9719 34 247
79 9714 33 253
80 9711 32 257
81 9711 24 265
82 9705 26 269
83 9699 27 274
84 9692 25 283
85 9687 27 286
86 9684 26 290
87 9679 25 296
88 9676 25 299
89 9673 24 303
90 9671 25 304
91 9669 20 311
92 9663 22 315
93 9660 24 316
94 9648 32 320
95 9632 41 327
96 9623 46 331
97 9615 44 341
98 9612 37 351
99 9600 43 357
100 9591 43 366
101 9583 41 376
102 9578 40 382
103 9570 38 392
104 9559 45 396
105 9554 38 408
106 9546 43 411
107 9537 42 421
108 9528 42 430
109 9514 47 439
110 9506 48 446
111 9500 44 456
112 9486 52 462
113 9471 58 471
114 9460 58 482
115 9445 65 490
116 9430 69 501
117 9413 70 517
118 9403 68 529
119 9392 68 540
120 9377 63 560
121 9360 67 573
122 9348 67 585
123 9341 64 595
124 9329 64 607
125 9316 58 626
126 9308 56 636
127 9301 49 650
128 9299 41 660
129 9294 41 665
130 9290 37 673
131 9283 34 683
132 9277 29 694
133 9261 38 701
134 9251 35 714
135 9243 37 720
136 9237 37 726
137 9232 35 733
138 9227 36 737
139 9215 41 744
140 9210 36 754
141 9205 36 759
142 9193 42 765
143 9185 43 772
144 9172 54 774
145 9154 62 784
146 9147 55 798
147 9141 50 809
148 9137 49 814
149 9129 42 829
150 9124 42 834
151 9114 46 840
152 9103 48 849
153 9097 47 856
154 9085 48 867
155 9073 50 877
156 9067 40 893
157 9060 36 904
158 9055 37 908
159 9047 39 914
160 9042 35 923
161 9038 29 933
162 9028 33 939
163 9021 32 947
164 9015 34 951
165 9002 45 953
166 8994 43 963
167 8984 45 971
168 8975 45 980
169 8960 57 983
170 8945 62 993
171 8930 70 1000
172 8919 70 1011
173 8900 79 1021
174 8885 82 1033
175 8868 82 1050
176 8857 77 1066
177 8848 70 1082
178 8830 76 1094
179 8818 76 1106
180 8811 71 1118
181 8799 66 1135
182 8781 68 1151
183 8776 64 1160
184 8761 68 1171
185 8742 77 1181
186 8733 70 1197
187 8722 64 1214
188 8713 64 1223
189 8707 53 1240
190 8696 54 1250
191 8688 53 1259
192 8676 55 1269
193 8659 59 1282
194 8641 68 1291
195 8627 72 1301
196 8610 67 1323
197 8599 70 1331
198 8572 86 1342
199 8553 87 1360
200 8539 86 1375
201 8524 85 1391
202 8501 95 1404
203 8475 107 1418
204 8446 123 1431
205 8414 136 1450
206 8387 136 1477
207 8357 145 1498
208 8325 148 1527
209 8290 158 1552
210 8251 174 1575
211 8234 159 1607
212 8208 158 1634
213 8182 156 1662
214 8149 155 1696
215 8118 155 1727
216 8089 155 1756
217 8055 155 1790
218 8016 167 1817
219 7975 176 1849
220 7938 187 1875
221 7905 187 1908
222 7888 180 1932
223 7858 179 1963
224 7829 178 1993
225 7790 189 2021
226 7748 198 2054
227 7729 190 2081
228 7689 189 2122
229 7657 187 2156
230 7630 176 2194
231 7610 165 2225
232 7584 160 2256
233 7556 162 2282
234 7543 145 2312
235 7527 133 2340
236 7505 131 2364
237 7486 121 2393
238 7475 106 2419
239 7464 105 2431
240 7443 111 2446
241 7434 100 2466
242 7423 95 2482
243 7414 93 2493
244 7398 90 2512
245 7387 87 2526
246 7377 83 2540
247 7360 90 2550
248 7349 90 2561
249 7330 94 2576
250 7314 93 2593
251 7300 90 2610
252 7287 83 2630
253 7272 86 2642
254 7255 93 2652
255 7240 89 2671
256 7218 95 2687
257 7195 103 2702
258 7165 108 2727
259 7141 116 2743
260 7113 122 2765
261 7086 123 2791
262 7059 124 2817
263 7035 129 2836
264 7006 143 2851
265 6976 145 2879
266 6953 147 2900
267 6924 145 2931
268 6904 140 2956
269 6886 125 2989
270 6864 130 3006
271 6836 140 3024
272 6814 125 3061
273 6779 135 3086
274 6758 139 3103
275 6727 140 3133
276 6699 136 3165
277 6679 134 3187
278 6656 131 3213
279 6626 132 3242
280 6605 129 3266
281 6579 134 3287
282 6553 131 3316
283 6532 127 3341
284 6504 135 3361
285 6480 140 3380
286 6457 138 3405
287 6437 129 3434
288 6419 118 3463
289 6402 117 3481
290 6378 123 3499
291 6357 118 3525
292 6339 113 3548
293 6323 101 3576
294 6306 102 3592
295 6294 100 3606
296 6277 102 3621
297 6266 96 3638
298 6247 97 3656
299 6231 97 3672
300 6206 108 3686
301 6189 107 3704
302 6169 117 3714
303 6154 107 3739
304 6136 109 3755
305 6119 107 3774
306 6105 97 3798
307 6085 96 3819
308 6066 101 3833
309 6052 104 3844
310 6021 119 3860
311 5997 120 3883
312 5980 115 3905
313 5953 121 3926
314 5938 118 3944
315 5915 124 3961
316 5895 119 3986
317 5872 125 4003
318 5839 138 4023
319 5814 143 4043
320 5791 146 4063
321 5754 155 4091
322 5724 157 4119
323 5694 154 4152
324 5672 142 4186
325 5646 139 4215
326 5625 138 4237
327 5594 142 4264
328 5570 141 4289
329 5552 140 4308
330 5525 135 4340
331 5505 127 4368
332 5494 113 4393
333 5479 108 4413
334 5461 102 4437
335 5448 100 4452
336 5431 99 4470
337 5414 99 4487
338 5392 99 4509
339 5375 94 4531
340 5361 94 4545
341 5347 98 4555
342 5330 95 4575
343 5320 91 4589
344 5307 81 4612
345 5295 86 4619
346 5279 88 4633
347 5263 92 4645
348 5241 86 4673
349 5229 80 4691
350 5214 85 4701
351 5191 89 4720
352 5163 101 4736
353 5146 106 4748
354 5128 101 4771
355 5114 100 4786
356 5098 104 4798
357 5081 106 4813
358 5063 106 4831
359 5052 110 4838
360 5040 103 4857
361 5030 91 4879
362 5009 94 4897
363 4998 96 4906
364 4987 95 4918
365 4974 90 4936
366 4966 85 4949
367 4954 86 4960
368 4947 75 4978
369 4934 76 4990
370 4919 81 5000
371 4914 72 5014
372 4905 69 5026
373 4893 65 5042
374 4879 67 5054
375 4874 58 5068
376 4864 60 5076
377 4857 57 5086
378 4849 57 5094
379 4841 56 5103
380 4838 48 5114
381 4838 40 5122
382 4833 39 5128
383 4829 40 5131
384 4815 44 5141
385 4803 47 5150
386 4797 47 5156
387 4789 49 5162
388 4781 47 5172
389 4771 50 5179
390 4758 56 5186
391 4742 64 5194
392 4735 64 5201
393 4724 55 5221
394 4711 62 5227
395 4708 57 5235
396 4703 50 5247
397 4692 55 5253
398 4685 55 5260
399 4680 48 5272
400 4673 44 5283
401 4670 40 5290
402 4663 40 5297
403 4659 37 5304
404 4657 29 5314
405 4653 26 5321
406 4651 25 5324
407 4651 19 5330
408 4651 16 5333
409 4650 13 5337
410 4648 12 5340
411 4644 12 5344
412 4641 15 5344
413 4640 10 5350
414 4640 7 5353
415 4640 4 5356
416 4640 3 5357
417 4640 1 5359
418 4640 1 5359
419 4640 1 5359
420 4640 1 5359
421 4640 1 5359
422 4640 1 5359
423 4640 1 5359
424 4640 0 5360
425 4640 0 5360
426 4640 0 5360
427 4640 0 5360
428 4640 0 5360
429 4640 0 5360
430 4640 0 5360
431 4640 0 5360
432 4640 0 5360
433 4640 0 5360
434 4640 0 5360
435 4640 0 5360
436 4640 0 5360
437 4640 0 5360
438 4640 0 5360
439 4640 0 5360
440 4640 0 5360
441 4640 0 5360
442 4640 0 5360
443 4640 0 5360
444 4640 0 5360
445 4640 0 5360
446 4640 0 5360
447 4640 0 5360
448 4640 0 5360
449 4640 0 5360
450 4640 0 5360
451 4640 0 5360
452 4640 0 5360
453 4640 0 5360
454 4640 0 5360
455 4640 0 5360
456 4640 0 5360
457 4640 0 5360
458 4640 0 5360
459 4640 0 5360
460 4640 0 5360
461 4640 0 5360
462 4640 0 5360
463 4640 0 5360
464 4640 0 5360
465 4640 0 5360
466 4640 0 5360
467 4640 0 5360
468 4640 0 5360
469 4640 0 5360
470 4640 0 5360
471 4640 0 5360
472 4640 0 5360
473 4640 0 5360
474 4640 0 5360
475 4640 0 5360
476 4640 0 5360
477 4640 0 5360
478 4640 0 5360
479 4640 0 5360
480 4640 0 5360
481 4640 0 5360
482 4640 0 5360
483 4640 0 5360
484 4640 0 5360
485 4640 0 5360
486 4640 0 5360
487 4640 0 5360
488 4640 0 5360
489 4640 0 5360
490 4640 0 5360
491 4640 0 5360
492 4640 0 5360
493 4640 0 5360
494 4640 0 5360
495 4640 0 5360
496 4640 0 5360
497 4640 0 5360
498 4640 0 5360
499 4640 0 5360
500 4640 0 5360
501 4640 0 5360
502 4640 0 5360
503 4640 0 5360
504 4640 0 5360
505 4640 0 5360
506 4640 0 5360
507 4640 0 5360
508 4640 0 5360
509 4640 0 5360
510 4640 0 5360
511 4640 0 5360
512 4640 0 5360
513 4640 0 5360
514 4640 0 5360
515 4640 0 5360
516 4640 0 5360
517 4640 0 5360
518 4640 0 5360
519 4640 0 5360
520 4640 0 5360
521 4640 0 5360
522 4640 0 5360
523 4640 0 5360
524 4640 0 5360
525 4640 0 5360
526 4640 0 5360
527 4640 0 5360
528 4640 0 5360
529 4640 0 5360
530 4640 0 5360
531 4640 0 5360
532 4640 0 5360
533 4640 0 5360
534 4640 0 5360
535 4640 0 5360
536 4640 0 5360
537 4640 0 5360
538 4640 0 5360
539 4640 0 5360
540 4640 0 5360
541 4640 0 5360
542 4640 0 5360
543 4640 0 5360
544 4640 0 5360
545 4640 0 5360
546 4640 0 5360
547 4640 0 5360
548 4640 0 5360
549 4640 0 5360
550 4640 0 5360
551 4640 0 5360
552 4640 0 5360
553 4640 0 5360
554 4640 0 5360
555 4640 0 5360
556 4640 0 5360
557 4640 0 5360
558 4640 0 5360
559 4640 0 5360
560 4640 0 5360
561 4640 0 5360
562 4640 0 5360
563 4640 0 5360
564 4640 0 5360
565 4640 0 5360
566 4640 0 5360
567 4640 0 5360
568 4640 0 5360
569 4640 0 5360
570 4640 0 5360
571 4640 0 5360
572 4640 0 5360
573 4640 0 5360
574 4640 0 5360
575 4640 0 5360
576 4640 0 5360
577 4640 0 5360
578 4640 0 5360
579 4640 0 5360
580 4640 0 5360
581 4640 0 5360
582 4640 0 5360
583 4640 0 5360
584 4640 0 5360
585 4640 0 5360
586 4640 0 5360
587 4640 0 5360
588 4640 0 5360
589 4640 0 5360
590 4640 0 5360
591 4640 0 5360
592 4640 0 5360
593 4640 0 5360
594 4640 0 5360
595 4640 0 5360
596 4640 0 5360
597 4640 0 5360
598 4640 0 5360
599 4640 0 5360
600 4640 0 5360
601 4640 0 5360
602 4640 0 5360
603 4640 0 5360
604 4640 0 5360
605 4640 0 5360
606 4640 0 5360
607 4640 0 5360
608 4640 0 5360
609 4640 0 5360
610 4640 0 5360
611 4640 0 5360
612 4640 0 5360
613 4640 0 5360
614 4640 0 5360
615 4640 0 5360
616 4640 0 5360
617 4640 0 5360
618 4640 0 5360
619 4640 0 5360
620 4640 0 5360
621 4640 0 5360
622 4640 0 5360
623 4640 0 5360
624 4640 0 5360
625 4640 0 5360
626 4640 0 5360
627 4640 0 5360
628 4640 0 5360
629 4640 0 5360
630 4640 0 5360
631 4640 0 5360
632 4640 0 5360
633 4640 0 5360
634 4640 0 5360
635 4640 0 5360
636 4640 0 5360
637 4640 0 5360
638 4640 0 5360
639 4640 0 5360
640 4640 0 5360
641 4640 0 5360
642 4640 0 5360
643 4640 0 5360
644 4640 0 5360
645 4640 0 5360
646 4640 0 5360
647 4640 0 5360
648 4640 0 5360
649 4640 0 5360
650 4640 0 5360
651 4640 0 5360
652 4640 0 5360
653 4640 0 5360
654 4640 0 5360
655 4640 0 5360
656 4640 0 5360
657 4640 0 5360
658 4640 0 5360
659 4640 0 5360
660 4640 0 5360
661 4640 0 5360
662 4640 0 5360
663 4640 0 5360
664 4640 0 5360
665 4640 0 5360
666 4640 0 5360
667 4640 0 5360
668 4640 0 5360
669 4640 0 5360
670 4640 0 5360
671 4640 0 5360
672 4640 0 5360
673 4640 0 5360
674 4640 0 5360
675 4640 0 5360
676 4640 0 5360
677 4640 0 5360
678 4640 0 5360
679 4640 0 5360
680 4640 0 5360
681 4640 0 5360
682 4640 0 5360
683 4640 0 5360
684 4640 0 5360
685 4640 0 5360
686 4640 0 5360
687 4640 0 5360
688 4640 0 5360
689 4640 0 5360
690 4640 0 5360
691 4640 0 5360
692 4640 0 5360
693 4640 0 5360
694 4640 0 5360
695 4640 0 5360
696 4640 0 5360
697 4640 0 5360
698 4640 0 5360
699 4640 0 5360
700 4640 0 5360
701 4640 0 5360
702 4640 0 5360
703 4640 0 5360
704 4640 0 5360
705 4640 0 5360
706 4640 0 5360
707 4640 0 5360
708 4640 0 5360
709 4640 0 5360
710 4640 0 5360
711 4640 0 5360
712 4640 0 5360
713 4640 0 5360
714 4640 0 5360
715 4640 0 5360
716 4640 0 5360
717 4640 0 5360
718 4640 0 5360
719 4640 0 5360
720 4640 0 5360
721 4640 0 5360
722 4640 0 5360
723 4640 0 5360
724 4640 0 5360
725 4640 0 5360
726 4640 0 5360
727 4640 0 5360
728 4640 0 5360
729 4640 0 5360
730 4640 0 5360
731 4640 0 5360
732 4640 0 5360
733 4640 0 5360
734 4640 0 5360
735 4640 0 5360
736 4640 0 5360
737 4640 0 5360
738 4640 0 5360
739 4640 0 5360
740 4640 0 5360
741 4640 0 5360
742 4640 0 5360
743 4640 0 5360
744 4640 0 5360
745 4640 0 5360
746 4640 0 5360
747 4640 0 5360
748 4640 0 5360
749 4640 0 5360
750 4640 0 5360
751 4640 0 5360
752 4640 0 5360
753 4640 0 5360
754 4640 0 5360
755 4640 0 5360
756 4640 0 5360
757 4640 0 5360
758 4640 0 5360
759 4640 0 5360
760 4640 0 5360
761 4640 0 5360
762 4640 0 5360
763 4640 0 5360
764 4640 0 5360
765 4640 0 5360
766 4640 0 5360
767 4640 0 5360
768 4640 0 5360
769 4640 0 5360
770 4640 0 5360
771 4640 0 5360
772 4640 0 5360
773 4640 0 5360
774 4640 0 5360
775 4640 0 5360
776 4640 0 5360
777 4640 0 5360
778 4640 0 5360
779 4640 0 5360
780 4640 0 5360
781 4640 0 5360
782 4640 0 5360
783 4640 0 5360
784 4640 0 5360
785 4640 0 5360
786 4640 0 5360
787 4640 0 5360
788 4640 0 5360
789 4640 0 5360
790 4640 0 5360
791 4640 0 5360
792 4640 0 5360
793 4640 0 5360
794 4640 0 5360
795 4640 0 5360
796 4640 0 5360
797 4640 0 5360
798 4640 0 5360
799 4640 0 5360
800 4640 0 5360
801 4640 0 5360
802 4640 0 5360
803 4640 0 5360
804 4640 0 5360
805 4640 0 5360
806 4640 0 5360
807 4640 0 5360
808 4640 0 5360
809 4640 0 5360
810 4640 0 5360
811 4640 0 5360
812 4640 0 5360
813 4640 0 5360
814 4640 0 5360
815 4640 0 5360
816 4640 0 5360
817 4640 0 5360
818 4640 0 5360
819 4640 0 5360
820 4640 0 5360
821 4640 0 5360
822 4640 0 5360
823 4640 0 5360
824 4640 0 5360
825 4640 0 5360
826 4640 0 5360
827 4640 0 5360
828 4640 0 5360
829 4640 0 5360
830 4640 0 5360
831 4640 0 5360
832 4640 0 5360
833 4640 0 5360
834 4640 0 5360
835 4640 0 5360
836 4640 0 5360
837 4640 0 5360
838 4640 0 5360
839 4640 0 5360
840 4640 0 5360
841 4640 0 5360
842 4640 0 5360
843 4640 0 5360
844 4640 0 5360
845 4640 0 5360
846 4640 0 5360
847 4640 0 5360
848 4640 0 5360
849 4640 0 5360
850 4640 0 5360
851 4640 0 5360
852 4640 0 5360
853 4640 0 5360
854 4640 0 5360
855 4640 0 5360
856 4640 0 5360
857 4640 0 5360
858 4640 0 5360
859 4640 0 5360
860 4640 0 5360
861 4640 0 5360
862 4640 0 5360
863 4640 0 5360
864 4640 0 5360
865 4640 0 5360
866 4640 0 5360
867 4640 0 5360
868 4640 0 5360
869 4640 0 5360
870 4640 0 5360
871 4640 0 5360
872 4640 0 5360
873 4640 0 5360
874 4640 0 5360
875 4640 0 5360
876 4640 0 5360
877 4640 0 5360
878 4640 0 5360
879 4640 0 5360
880 4640 0 5360
881 4640 0 5360
882 4640 0 5360
883 4640 0 5360
884 4640 0 5360
885 4640 0 5360
886 4640 0 5360
887 4640 0 5360
888 4640 0 5360
889 4640 0 5360
890 4640 0 5360
891 4640 0 5360
892 4640 0 5360
893 4640 0 5360
894 4640 0 5360
895 4640 0 5360
896 4640 0 5360
897 4640 0 5360
898 4640 0 5360
899 4640 0 5360
900 4640 0 5360
901 4640 0 5360
902 4640 0 5360
903 4640 0 5360
904 4640 0 5360
905 4640 0 5360
906 4640 0 5360
907 4640 0 5360
908 4640 0 5360
909 4640 0 5360
910 4640 0 5360
911 4640 0 5360
912 4640 0 5360
913 4640 0 5360
914 4640 0 5360
915 4640 0 5360
916 4640 0 5360
917 4640 0 5360
918 4640 0 5360
919 4640 0 5360
920 4640 0 5360
921 4640 0 5360
922 4640 0 5360
923 4640 0 5360
924 4640 0 5360
925 4640 0 5360
926 4640 0 5360
927 4640 0 5360
928 4640 0 5360
929 4640 0 5360
930 4640 0 5360
931 4640 0 5360
932 4640 0 5360
933 4640 0 5360
934 4640 0 5360
935 4640 0 5360
936 4640 0 5360
937 4640 0 5360
938 4640 0 5360
939 4640 0 5360
940 4640 0 5360
941 4640 0 5360
942 4640 0 5360
943 4640 0 5360
944 4640 0 5360
945 4640 0 5360
946 4640 0 5360
947 4640 0 5360
948 4640 0 5360
949 4640 0 5360
950 4640 0 5360
951 4640 0 5360
952 4640 0 5360
953 4640 0 5360
954 4640 0 5360
955 4640 0 5360
956 4640 0 5360
957 4640 0 5360
958 4640 0 5360
959 4640 0 5360
960 4640 0 5360
961 4640 0 5360
962 4640 0 5360
963 4640 0 5360
964 4640 0 5360
965 4640 0 5360
966 4640 0 5360
967 4640 0 5360
968 4640 0 5360
969 4640 0 5360
970 4640 0 5360
971 4640 0 5360
972 4640 0 5360
973 4640 0 5360
974 4640 0 5360
975 4640 0 5360
976 4640 0 5360
977 4640 0 5360
978 4640 0 5360
979 4640 0 5360
980 4640 0 5360
981 4640 0 5360
982 4640 0 5360
983 4640 0 5360
984 4640 0 5360
985 4640 0 5360
986 4640 0 5360
987 4640 0 5360
988 4640 0 5360
989 4640 0 5360
990 4640 0 5360
991 4640 0 5360
992 4640 0 5360
993 4640 0 5360
994 4640 0 5360
995 4640 0 5360
996 4640 0 5360
997 4640 0 5360
998 4640 0 5360
999 4640 0 5360
