0 9999 1 0
1 9998 2 0
2 9995 4 1
3 9994 5 1
4 9992 6 2
5 9992 4 4
6 9989 7 4
7 9986 10 4
8 9974 20 6
9 9969 22 9
10 9961 26 13
11 9953 32 15
12 9946 32 22
13 9933 41 26
14 9927 43 30
15 9917 48 35
16 9905 47 48
17 9897 47 56
18 9892 41 67
19 9889 41 70
20 9882 42 76
21 9877 40 83
22 9867 44 89
23 9860 41 99
24 9854 40 106
25 9847 38 115
26 9842 37 121
27 9839 36 125
28 9833 36 131
29 9820 40 140
30 9812 41 147
31 9803 42 155
32 9794 48 158
33 9781 51 168
34 9772 50 178
35 9760 50 190
36 9747 52 201
37 9732 56 212
38 9717 58 225
39 9709 55 236
40 9694 56 250
41 9688 57 255
42 9678 53 269
43 9668 49 283
44 9657 54 289
45 9651 50 299
46 9634 59 307
47 9622 63 315
48 9613 65 322
49 9594 74 332
50 9574 85 341
51 9565 78 357
52 9551 78 371
53 9533 88 379
54 9514 90 396
55 9498 87 415
56 9479 94 427
57 9446 101 453
58 9428 93 479
59 9393 106 501
60 9373 106 521
61 9353 107 540
62 9337 108 555
63 9325 95 580
64 9309 99 592
65 9298 95 607
66 9278 107 615
67 9254 115 631
68 9229 129 642
69 9205 132 663
70 9179 138 683
71 9146 147 707
72 9116 150 734
73 9084 154 762
74 9056 151 793
75 9028 156 816
76 8996 165 839
77 8966 174 860
78 8945 163 892
79 8922 157 921
80 8882 169 949
81 8854 169 977
82 8828 166 1006
83 8804 150 1046
84 8773 152 1075
85 8745 164 1091
86 8717 163 1120
87 8688 165 1147
88 8659 167 1174
89 8637 161 1202
90 8613 157 1230
91 8577 167 1256
92 8552 165 1283
93 8528 160 1312
94 8499 166 1335
95 8469 166 1365
96 8444 162 1394
97 8425 161 1414
98 8393 170 1437
99 8365 167 1468
100 8337 170 1493
101 8311 174 1515
102 8285 164 1551
103 8254 166 1580
104 8234 156 1610
105 8216 149 1635
106 8184 154 1662
107 8162 153 1685
108 8148 144 1708
109 8123 151 1726
110 8097 155 1748
111 8068 154 1778
112 8039 156 1805
113 8017 157 1826
114 7993 155 1852
115 7948 174 1878
116 7908 179 1913
117 7870 191 1939
118 7834 189 1977
119 7807 179 2014
120 7776 179 2045
121 7741 184 2075
122 7706 193 2101
123 7681 190 2129
124 7656 181 2163
125 7632 166 2202
126 7604 157 2239
127 7580 153 2267
128 7559 148 2293
129 7543 146 2311
130 7518 143 2339
131 7502 137 2361
132 7484 122 2394
133 7471 114 2415
134 7450 118 2432
135 7431 118 2451
136 7403 127 2470
137 7376 135 2489
138 7349 134 2517
139 7322 139 2539
140 7289 149 2562
141 7252 156 2592
142 7222 158 2620
143 7191 159 2650
144 7153 169 2678
145 7124 172 2704
146 7087 176 2737
147 7061 173 2766
148 7017 190 2793
149 6980 196 2824
150 6952 195 2853
151 6920 191 2889
152 6885 199 2916
153 6838 220 2942
154 6809 219 2972
155 6783 210 3007
156 6741 218 3041
157 6695 234 3071
158 6653 226 3121
159 6621 226 3153
160 6577 239 3184
161 6524 255 3221
162 6457 269 3274
163 6405 277 3318
164 6345 302 3353
165 6303 297 3400
166 6258 296 3446
167 6213 292 3495
168 6162 296 3542
169 6112 293 3595
170 6065 274 3661
171 6017 267 3716
172 5969 276 3755
173 5905 301 3794
174 5848 306 3846
175 5804 304 3892
176 5747 313 3940
177 5699 301 4000
178 5644 303 4053
179 5596 291 4113
180 5546 295 4159
181 5487 306 4207
182 5424 313 4263
183 5375 307 4318
184 5309 319 4372
185 5258 306 4436
186 5211 296 4493
187 5162 288 4550
188 5121 278 4601
189 5080 266 4654
190 5034 261 4705
191 4987 267 4746
192 4934 269 4797
193 4888 271 4841
194 4817 298 4885
195 4761 313 4926
196 4694 331 4975
197 4639 319 5042
198 4587 318 5095
199 4526 312 5162
200 4466 323 5211
201 4410 317 5273
202 4350 320 5330
203 4297 332 5371
204 4249 308 5443
205 4184 320 5496
206 4143 300 5557
207 4086 302 5612
208 4043 286 5671
209 3998 285 5717
210 3961 288 5751
211 3925 262 5813
212 3883 259 5858
213 3842 260 5898
214 3805 252 5943
215 3763 239 5998
216 3728 235 6037
217 3692 220 6088
218 3657 214 6129
219 3615 221 6164
220 3567 217 6216
221 3522 222 6256
222 3484 222 6294
223 3440 226 6334
224 3402 223 6375
225 3357 233 6410
226 3314 229 6457
227 3280 223 6497
228 3238 229 6533
229 3200 234 6566
230 3161 243 6596
231 3132 230 6638
232 3106 213 6681
233 3076 215 6709
234 3039 215 6746
235 2997 223 6780
236 2964 213 6823
237 2933 213 6854
238 2909 199 6892
239 2877 205 6918
240 2841 203 6956
241 2806 205 6989
242 2759 218 7023
243 2737 201 7062
244 2703 205 7092
245 2677 198 7125
246 2644 198 7158
247 2616 197 7187
248 2591 181 7228
249 2572 170 7258
250 2551 155 7294
251 2529 149 7322
252 2506 142 7352
253 2478 148 7374
254 2465 135 7400
255 2431 148 7421
256 2404 154 7442
257 2381 159 7460
258 2361 144 7495
259 2346 136 7518
260 2317 137 7546
261 2298 129 7573
262 2273 124 7603
263 2260 113 7627
264 2239 121 7640
265 2222 113 7665
266 2211 102 7687
267 2197 98 7705
268 2171 108 7721
269 2155 113 7732
270 2134 117 7749
271 2120 109 7771
272 2105 105 7790
273 2093 98 7809
274 2076 97 7827
275 2061 93 7846
276 2055 92 7853
277 2047 83 7870
278 2035 87 7878
279 2024 90 7886
280 2007 89 7904
281 2000 85 7915
282 1987 87 7926
283 1977 83 7940
284 1967 76 7957
285 1958 77 7965
286 1950 73 7977
287 1945 62 7993
288 1937 56 8007
289 1925 57 8018
290 1920 55 8025
291 1915 48 8037
292 1906 44 8050
293 1897 46 8057
294 1895 39 8066
295 1885 45 8070
296 1879 44 8077
297 1870 45 8085
298 1863 40 8097
299 1852 48 8100
300 1843 49 8108
301 1834 51 8115
302 1827 56 8117
303 1814 57 8129
304 1809 53 8138
305 1803 46 8151
306 1798 42 8160
307 1792 41 8167
308 1786 39 8175
309 1783 36 8181
310 1781 32 8187
311 1777 28 8195
312 1769 34 8197
313 1765 32 8203
314 1758 31 8211
315 1752 31 8217
316 1749 30 8221
317 1748 25 8227
318 1744 21 8235
319 1740 22 8238
320 1739 16 8245
321 1739 14 8247
322 1739 11 8250
323 1737 12 8251
324 1735 13 8252
325 1735 12 8253
326 1734 12 8254
327 1734 12 8254
328 1734 10 8256
329 1733 9 8258
330 1732 8 8260
331 1732 7 8261
332 1732 6 8262
333 1732 6 8262
334 1732 6 8262
335 1732 6 8262
336 1732 3 8265
337 1732 3 8265
338 1732 3 8265
339 1732 3 8265
340 1732 3 8265
341 1732 2 8266
342 1732 2 8266
343 1732 1 8267
344 1732 1 8267
345 1732 1 8267
346 1732 0 8268
347 1732 0 8268
348 1732 0 8268
349 1732 0 8268
350 1732 0 8268
351 1732 0 8268
352 1732 0 8268
353 1732 0 8268
354 1732 0 8268
355 1732 0 8268
356 1732 0 8268
357 1732 0 8268
358 1732 0 8268
359 1732 0 8268
360 1732 0 8268
361 1732 0 8268
362 1732 0 8268
363 1732 0 8268
364 1732 0 8268
365 1732 0 8268
366 1732 0 8268
367 1732 0 8268
368 1732 0 8268
369 1732 0 8268
370 1732 0 8268
371 1732 0 8268
372 1732 0 8268
373 1732 0 8268
374 1732 0 8268
375 1732 0 8268
376 1732 0 8268
377 1732 0 8268
378 1732 0 8268
379 1732 0 8268
380 1732 0 8268
381 1732 0 8268
382 1732 0 8268
383 1732 0 8268
384 1732 0 8268
385 1732 0 8268
386 1732 0 8268
387 1732 0 8268
388 1732 0 8268
389 1732 0 8268
390 1732 0 8268
391 1732 0 8268
392 1732 0 8268
393 1732 0 8268
394 1732 0 8268
395 1732 0 8268
396 1732 0 8268
397 1732 0 8268
398 1732 0 8268
399 1732 0 8268
400 1732 0 8268
401 1732 0 8268
402 1732 0 8268
403 1732 0 8268
404 1732 0 8268
405 1732 0 8268
406 1732 0 8268
407 1732 0 8268
408 1732 0 8268
409 1732 0 8268
410 1732 0 8268
411 1732 0 8268
412 1732 0 8268
413 1732 0 8268
414 1732 0 8268
415 1732 0 8268
416 1732 0 8268
417 1732 0 8268
418 1732 0 8268
419 1732 0 8268
420 1732 0 8268
421 1732 0 8268
422 1732 0 8268
423 1732 0 8268
424 1732 0 8268
425 1732 0 8268
426 1732 0 8268
427 1732 0 8268
428 1732 0 8268
429 1732 0 8268
430 1732 0 8268
431 1732 0 8268
432 1732 0 8268
433 1732 0 8268
434 1732 0 8268
435 1732 0 8268
436 1732 0 8268
437 1732 0 8268
438 1732 0 8268
439 1732 0 8268
440 1732 0 8268
441 1732 0 8268
442 1732 0 8268
443 1732 0 8268
444 1732 0 8268
445 1732 0 8268
446 1732 0 8268
447 1732 0 8268
448 1732 0 8268
449 1732 0 8268
450 1732 0 8268
451 1732 0 8268
452 1732 0 8268
453 1732 0 8268
454 1732 0 8268
455 1732 0 8268
456 1732 0 8268
457 1732 0 8268
458 1732 0 8268
459 1732 0 8268
460 1732 0 8268
461 1732 0 8268
462 1732 0 8268
463 1732 0 8268
464 1732 0 8268
465 1732 0 8268
466 1732 0 8268
467 1732 0 8268
468 1732 0 8268
469 1732 0 8268
470 1732 0 8268
471 1732 0 8268
472 1732 0 8268
473 1732 0 8268
474 1732 0 8268
475 1732 0 8268
476 1732 0 8268
477 1732 0 8268
478 1732 0 8268
479 1732 0 8268
480 1732 0 8268
481 1732 0 8268
482 1732 0 8268
483 1732 0 8268
484 1732 0 8268
485 1732 0 8268
486 1732 0 8268
487 1732 0 8268
488 1732 0 8268
489 1732 0 8268
490 1732 0 8268
491 1732 0 8268
492 1732 0 8268
493 1732 0 8268
494 1732 0 8268
495 1732 0 8268
496 1732 0 8268
497 1732 0 8268
498 1732 0 8268
499 1732 0 8268
500 1732 0 8268
501 1732 0 8268
502 1732 0 8268
503 1732 0 8268
504 1732 0 8268
505 1732 0 8268
506 1732 0 8268
507 1732 0 8268
508 1732 0 8268
509 1732 0 8268
510 1732 0 8268
511 1732 0 8268
512 1732 0 8268
513 1732 0 8268
514 1732 0 8268
515 1732 0 8268
516 1732 0 8268
517 1732 0 8268
518 1732 0 8268
519 1732 0 8268
520 1732 0 8268
521 1732 0 8268
522 1732 0 8268
523 1732 0 8268
524 1732 0 8268
525 1732 0 8268
526 1732 0 8268
527 1732 0 8268
528 1732 0 8268
529 1732 0 8268
530 1732 0 8268
531 1732 0 8268
532 1732 0 8268
533 1732 0 8268
534 1732 0 8268
535 1732 0 8268
536 1732 0 8268
537 1732 0 8268
538 1732 0 8268
539 1732 0 8268
540 1732 0 8268
541 1732 0 8268
542 1732 0 8268
543 1732 0 8268
544 1732 0 8268
545 1732 0 8268
546 1732 0 8268
547 1732 0 8268
548 1732 0 8268
549 1732 0 8268
550 1732 0 8268
551 1732 0 8268
552 1732 0 8268
553 1732 0 8268
554 1732 0 8268
555 1732 0 8268
556 1732 0 8268
557 1732 0 8268
558 1732 0 8268
559 1732 0 8268
560 1732 0 8268
561 1732 0 8268
562 1732 0 8268
563 1732 0 8268
564 1732 0 8268
565 1732 0 8268
566 1732 0 8268
567 1732 0 8268
568 1732 0 8268
569 1732 0 8268
570 1732 0 8268
571 1732 0 8268
572 1732 0 8268
573 1732 0 8268
574 1732 0 8268
575 1732 0 8268
576 1732 0 8268
577 1732 0 8268
578 1732 0 8268
579 1732 0 8268
580 1732 0 8268
581 1732 0 8268
582 1732 0 8268
583 1732 0 8268
584 1732 0 8268
585 1732 0 8268
586 1732 0 8268
587 1732 0 8268
588 1732 0 8268
589 1732 0 8268
590 1732 0 8268
591 1732 0 8268
592 1732 0 8268
593 1732 0 8268
594 1732 0 8268
595 1732 0 8268
596 1732 0 8268
597 1732 0 8268
598 1732 0 8268
599 1732 0 8268
600 1732 0 8268
601 1732 0 8268
602 1732 0 8268
603 1732 0 8268
604 1732 0 8268
605 1732 0 8268
606 1732 0 8268
607 1732 0 8268
608 1732 0 8268
609 1732 0 8268
610 1732 0 8268
611 1732 0 8268
612 1732 0 8268
613 1732 0 8268
614 1732 0 8268
615 1732 0 8268
616 1732 0 8268
617 1732 0 8268
618 1732 0 8268
619 1732 0 8268
620 1732 0 8268
621 1732 0 8268
622 1732 0 8268
623 1732 0 8268
624 1732 0 8268
625 1732 0 8268
626 1732 0 8268
627 1732 0 8268
628 1732 0 8268
629 1732 0 8268
630 1732 0 8268
631 1732 0 8268
632 1732 0 8268
633 1732 0 8268
634 1732 0 8268
635 1732 0 8268
636 1732 0 8268
637 1732 0 8268
638 1732 0 8268
639 1732 0 8268
640 1732 0 8268
641 1732 0 8268
642 1732 0 8268
643 1732 0 8268
644 1732 0 8268
645 1732 0 8268
646 1732 0 8268
647 1732 0 8268
648 1732 0 8268
649 1732 0 8268
650 1732 0 8268
651 1732 0 8268
652 1732 0 8268
653 1732 0 8268
654 1732 0 8268
655 1732 0 8268
656 1732 0 8268
657 1732 0 8268
658 1732 0 8268
659 1732 0 8268
660 1732 0 8268
661 1732 0 8268
662 1732 0 8268
663 1732 0 8268
664 1732 0 8268
665 1732 0 8268
666 1732 0 8268
667 1732 0 8268
668 1732 0 8268
669 1732 0 8268
670 1732 0 8268
671 1732 0 8268
672 1732 0 8268
673 1732 0 8268
674 1732 0 8268
675 1732 0 8268
676 1732 0 8268
677 1732 0 8268
678 1732 0 8268
679 1732 0 8268
680 1732 0 8268
681 1732 0 8268
682 1732 0 8268
683 1732 0 8268
684 1732 0 8268
685 1732 0 8268
686 1732 0 8268
687 1732 0 8268
688 1732 0 8268
689 1732 0 8268
690 1732 0 8268
691 1732 0 8268
692 1732 0 8268
693 1732 0 8268
694 1732 0 8268
695 1732 0 8268
696 1732 0 8268
697 1732 0 8268
698 1732 0 8268
699 1732 0 8268
700 1732 0 8268
701 1732 0 8268
702 1732 0 8268
703 1732 0 8268
704 1732 0 8268
705 1732 0 8268
706 1732 0 8268
707 1732 0 8268
708 1732 0 8268
709 1732 0 8268
710 1732 0 8268
711 1732 0 8268
712 1732 0 8268
713 1732 0 8268
714 1732 0 8268
715 1732 0 8268
716 1732 0 8268
717 1732 0 8268
718 1732 0 8268
719 1732 0 8268
720 1732 0 8268
721 1732 0 8268
722 1732 0 8268
723 1732 0 8268
724 1732 0 8268
725 1732 0 8268
726 1732 0 8268
727 1732 0 8268
728 1732 0 8268
729 1732 0 8268
730 1732 0 8268
731 1732 0 8268
732 1732 0 8268
733 1732 0 8268
734 1732 0 8268
735 1732 0 8268
736 1732 0 8268
737 1732 0 8268
738 1732 0 8268
739 1732 0 8268
740 1732 0 8268
741 1732 0 8268
742 1732 0 8268
743 1732 0 8268
744 1732 0 8268
745 1732 0 8268
746 1732 0 8268
747 1732 0 8268
748 1732 0 8268
749 1732 0 8268
750 1732 0 8268
751 1732 0 8268
752 1732 0 8268
753 1732 0 8268
754 1732 0 8268
755 1732 0 8268
756 1732 0 8268
757 1732 0 8268
758 1732 0 8268
759 1732 0 8268
760 1732 0 8268
761 1732 0 8268
762 1732 0 8268
763 1732 0 8268
764 1732 0 8268
765 1732 0 8268
766 1732 0 8268
767 1732 0 8268
768 1732 0 8268
769 1732 0 8268
770 1732 0 8268
771 1732 0 8268
772 1732 0 8268
773 1732 0 8268
774 1732 0 8268
775 1732 0 8268
776 1732 0 8268
777 1732 0 8268
778 1732 0 8268
779 1732 0 8268
780 1732 0 8268
781 1732 0 8268
782 1732 0 8268
783 1732 0 8268
784 1732 0 8268
785 1732 0 8268
786 1732 0 8268
787 1732 0 8268
788 1732 0 8268
789 1732 0 8268
790 1732 0 8268
791 1732 0 8268
792 1732 0 8268
793 1732 0 8268
794 1732 0 8268
795 1732 0 8268
796 1732 0 8268
797 1732 0 8268
798 1732 0 8268
799 1732 0 8268
800 1732 0 8268
801 1732 0 8268
802 1732 0 8268
803 1732 0 8268
804 1732 0 8268
805 1732 0 8268
806 1732 0 8268
807 1732 0 8268
808 1732 0 8268
809 1732 0 8268
810 1732 0 8268
811 1732 0 8268
812 1732 0 8268
813 1732 0 8268
814 1732 0 8268
815 1732 0 8268
816 1732 0 8268
817 1732 0 8268
818 1732 0 8268
819 1732 0 8268
820 1732 0 8268
821 1732 0 8268
822 1732 0 8268
823 1732 0 8268
824 1732 0 8268
825 1732 0 8268
826 1732 0 8268
827 1732 0 8268
828 1732 0 8268
829 1732 0 8268
830 1732 0 8268
831 1732 0 8268
832 1732 0 8268
833 1732 0 8268
834 1732 0 8268
835 1732 0 8268
836 1732 0 8268
837 1732 0 8268
838 1732 0 8268
839 1732 0 8268
840 1732 0 8268
841 1732 0 8268
842 1732 0 8268
843 1732 0 8268
844 1732 0 8268
845 1732 0 8268
846 1732 0 8268
847 1732 0 8268
848 1732 0 8268
849 1732 0 8268
850 1732 0 8268
851 1732 0 8268
852 1732 0 8268
853 1732 0 8268
854 1732 0 8268
855 1732 0 8268
856 1732 0 8268
857 1732 0 8268
858 1732 0 8268
859 1732 0 8268
860 1732 0 8268
861 1732 0 8268
862 1732 0 8268
863 1732 0 8268
864 1732 0 8268
865 1732 0 8268
866 1732 0 8268
867 1732 0 8268
868 1732 0 8268
869 1732 0 8268
870 1732 0 8268
871 1732 0 8268
872 1732 0 8268
873 1732 0 8268
874 1732 0 8268
875 1732 0 8268
876 1732 0 8268
877 1732 0 8268
878 1732 0 8268
879 1732 0 8268
880 1732 0 8268
881 1732 0 8268
882 1732 0 8268
883 1732 0 8268
884 1732 0 8268
885 1732 0 8268
886 1732 0 8268
887 1732 0 8268
888 1732 0 8268
889 1732 0 8268
890 1732 0 8268
891 1732 0 8268
892 1732 0 8268
893 1732 0 8268
894 1732 0 8268
895 1732 0 8268
896 1732 0 8268
897 1732 0 8268
898 1732 0 8268
899 1732 0 8268
900 1732 0 8268
901 1732 0 8268
902 1732 0 8268
903 1732 0 8268
904 1732 0 8268
905 1732 0 8268
906 1732 0 8268
907 1732 0 8268
908 1732 0 8268
909 1732 0 8268
910 1732 0 8268
911 1732 0 8268
912 1732 0 8268
913 1732 0 8268
914 1732 0 8268
915 1732 0 8268
916 1732 0 8268
917 1732 0 8268
918 1732 0 8268
919 1732 0 8268
920 1732 0 8268
921 1732 0 8268
922 1732 0 8268
923 1732 0 8268
924 1732 0 8268
925 1732 0 8268
926 1732 0 8268
927 1732 0 8268
928 1732 0 8268
929 1732 0 8268
930 1732 0 8268
931 1732 0 8268
932 1732 0 8268
933 1732 0 8268
934 1732 0 8268
935 1732 0 8268
936 1732 0 8268
937 1732 0 8268
938 1732 0 8268
939 1732 0 8268
940 1732 0 8268
941 1732 0 8268
942 1732 0 8268
943 1732 0 8268
944 1732 0 8268
945 1732 0 8268
946 1732 0 8268
947 1732 0 8268
948 1732 0 8268
949 1732 0 8268
950 1732 0 8268
951 1732 0 8268
952 1732 0 8268
953 1732 0 8268
954 1732 0 8268
955 1732 0 8268
956 1732 0 8268
957 1732 0 8268
958 1732 0 8268
959 1732 0 8268
960 1732 0 8268
961 1732 0 8268
962 1732 0 8268
963 1732 0 8268
964 1732 0 8268
965 1732 0 8268
966 1732 0 8268
967 1732 0 8268
968 1732 0 8268
969 1732 0 8268
970 1732 0 8268
971 1732 0 8268
972 1732 0 8268
973 1732 0 8268
974 1732 0 8268
975 1732 0 8268
976 1732 0 8268
977 1732 0 8268
978 1732 0 8268
979 1732 0 8268
980 1732 0 8268
981 1732 0 8268
982 1732 0 8268
983 1732 0 8268
984 1732 0 8268
985 1732 0 8268
986 1732 0 8268
987 1732 0 8268
988 1732 0 8268
989 1732 0 8268
990 1732 0 8268
991 1732 0 8268
992 1732 0 8268
993 1732 0 8268
994 1732 0 8268
995 1732 0 8268
996 1732 0 8268
997 1732 0 8268
998 1732 0 8268
999 1732 0 8268
