0 9999 1 0
1 9998 2 0
2 9994 6 0
3 9992 8 0
4 9987 12 1
5 9984 12 4
6 9981 13 6
7 9976 15 9
8 9969 17 14
9 9963 17 20
10 9957 19 24
11 9953 20 27
12 9947 22 31
13 9942 21 37
14 9940 17 43
15 9938 15 47
16 9934 12 54
17 9929 14 57
18 9926 14 60
19 9921 15 64
20 9919 14 67
21 9916 16 68
22 9910 15 75
23 9908 14 78
24 9901 19 80
25 9892 24 84
26 9887 25 88
27 9879 28 93
28 9872 31 97
29 9863 31 106
30 9855 31 114
31 9849 30 121
32 9843 31 126
33 9842 28 130
34 9839 26 135
35 9837 22 141
36 9832 24 144
37 9827 24 149
38 9824 22 154
39 9822 19 159
40 9815 25 160
41 9812 25 163
42 9808 23 169
43 9799 26 175
44 9787 33 180
45 9782 31 187
46 9778 28 194
47 9775 25 200
48 9767 29 204
49 9761 31 208
50 9753 32 215
51 9747 33 220
52 9740 34 226
53 9737 32 231
54 9731 31 238
55 9723 32 245
56 9717 31 252
57 9705 40 255
58 9692 49 259
59 9684 48 268
60 9673 50 277
61 9665 50 285
62 9655 51 294
63 9644 49 307
64 9630 54 316
65 9611 63 326
66 9603 65 332
67 9595 61 344
68 9583 68 349
69 9578 59 363
70 9569 55 376
71 9558 57 385
72 9551 56 393
73 9535 58 407
74 9528 52 420
75 9518 54 428
76 9507 58 435
77 9493 64 443
78 9482 64 454
79 9470 65 465
80 9460 64 476
81 9453 63 484
82 9442 66 492
83 9434 65 501
84 9427 60 513
85 9418 55 527
86 9400 57 543
87 9388 62 550
88 9379 64 557
89 9354 76 570
90 9346 74 580
91 9324 81 595
92 9308 86 606
93 9288 93 619
94 9277 84 639
95 9255 91 654
96 9239 88 673
97 9222 92 686
98 9204 95 701
99 9189 94 717
100 9169 97 734
101 9158 88 754
102 9145 82 773
103 9131 79 790
104 9115 88 797
105 9099 88 813
106 9075 91 834
107 9061 90 849
108 9044 91 865
109 9028 99 873
110 9009 97 894
111 8996 88 916
112 8978 86 936
113 8965 82 953
114 8945 89 966
115 8933 83 984
116 8918 77 1005
117 8903 79 1018
118 8893 80 1027
119 8871 90 1039
120 8849 97 1054
121 8826 106 1068
122 8806 113 1081
123 8786 109 1105
124 8772 104 1124
125 8749 107 1144
126 8731 101 1168
127 8714 104 1182
128 8707 93 1200
129 8687 98 1215
130 8675 90 1235
131 8664 89 1247
132 8642 98 1260
133 8622 101 1277
134 8606 98 1296
135 8584 115 1301
136 8562 111 1327
137 8540 117 1343
138 8523 113 1364
139 8510 112 1378
140 8485 119 1396
141 8461 121 1418
142 8438 126 1436
143 8419 129 1452
144 8401 126 1473
145 8376 128 1496
146 8350 131 1519
147 8335 127 1538
148 8305 134 1561
149 8285 125 1590
150 8260 123 1617
151 8230 128 1642
152 8204 121 1675
153 8171 136 1693
154 8147 133 1720
155 8116 140 1744
156 8087 144 1769
157 8059 145 1796
158 8035 147 1818
159 7998 156 1846
160 7959 177 1864
161 7929 181 1890
162 7895 188 1917
163 7850 207 1943
164 7814 204 1982
165 7783 200 2017
166 7758 196 2046
167 7721 197 2082
168 7694 186 2120
169 7660 180 2160
170 7638 169 2193
171 7591 191 2218
172 7558 195 2247
173 7527 192 2281
174 7492 202 2306
175 7448 216 2336
176 7400 233 2367
177 7344 254 2402
178 7276 278 2446
179 7232 273 2495
180 7186 270 2544
181 7143 263 2594
182 7095 268 2637
183 7050 269 2681
184 6981 287 2732
185 6922 294 2784
186 6878 279 2843
187 6825 280 2895
188 6776 281 2943
189 6726 285 2989
190 6676 284 3040
191 6622 293 3085
192 6572 290 3138
193 6526 294 3180
194 6466 295 3239
195 6425 282 3293
196 6377 277 3346
197 6337 272 3391
198 6293 268 3439
199 6247 265 3488
200 6217 257 3526
201 6178 247 3575
202 6127 258 3615
203 6073 269 3658
204 6012 280 3708
205 5957 289 3754
206 5922 272 3806
207 5874 270 3856
208 5830 275 3895
209 5795 256 3949
210 5752 254 3994
211 5702 251 4047
212 5661 249 4090
213 5607 254 4139
214 5568 248 4184
215 5520 266 4214
216 5476 257 4267
217 5426 268 4306
218 5365 290 4345
219 5308 292 4400
220 5253 292 4455
221 5198 304 4498
222 5142 302 4556
223 5096 293 4611
224 5040 296 4664
225 4983 307 4710
226 4918 314 4768
227 4855 318 4827
228 4801 319 4880
229 4731 336 4933
230 4691 319 4990
231 4647 312 5041
232 4584 322 5094
233 4536 311 5153
234 4500 301 5199
235 4456 298 5246
236 4417 291 5292
237 4368 294 5338
238 4325 289 5386
239 4292 273 5435
240 4256 250 5494
241 4224 242 5534
242 4185 241 5574
243 4148 238 5614
244 4114 229 5657
245 4066 232 5702
246 4026 237 5737
247 3995 224 5781
248 3957 229 5814
249 3922 235 5843
250 3890 220 5890
251 3864 213 5923
252 3832 208 5960
253 3808 194 5998
254 3783 178 6039
255 3765 154 6081
256 3745 150 6105
257 3720 150 6130
258 3690 154 6156
259 3661 167 6172
260 3636 168 6196
261 3603 173 6224
262 3580 170 6250
263 3549 185 6266
264 3523 182 6295
265 3496 174 6330
266 3471 166 6363
267 3447 164 6389
268 3416 168 6416
269 3391 152 6457
270 3361 153 6486
271 3346 146 6508
272 3323 140 6537
273 3301 135 6564
274 3291 119 6590
275 3281 110 6609
276 3261 111 6628
277 3242 112 6646
278 3217 121 6662
279 3195 122 6683
280 3174 122 6704
281 3150 124 6726
282 3130 126 6744
283 3107 129 6764
284 3083 138 6779
285 3068 128 6804
286 3053 122 6825
287 3036 111 6853
288 3020 105 6875
289 3008 97 6895
290 2987 99 6914
291 2973 94 6933
292 2958 95 6947
293 2940 99 6961
294 2914 108 6978
295 2900 103 6997
296 2886 95 7019
297 2873 94 7033
298 2857 97 7046
299 2838 96 7066
300 2821 99 7080
301 2812 90 7098
302 2796 91 7113
303 2784 89 7127
304 2761 97 7142
305 2748 85 7167
306 2730 90 7180
307 2716 86 7198
308 2709 78 7213
309 2697 71 7232
310 2676 81 7243
311 2658 86 7256
312 2643 79 7278
313 2623 80 7297
314 2605 88 7307
315 2587 95 7318
316 2572 91 7337
317 2556 88 7356
318 2544 90 7366
319 2535 78 7387
320 2520 83 7397
321 2498 91 7411
322 2483 93 7424
323 2471 88 7441
324 2458 85 7457
325 2440 88 7472
326 2426 93 7481
327 2416 85 7499
328 2398 88 7514
329 2377 93 7530
330 2352 105 7543
331 2340 99 7561
332 2328 90 7582
333 2303 103 7594
334 2291 92 7617
335 2281 89 7630
336 2269 80 7651
337 2262 72 7666
338 2254 64 7682
339 2247 56 7697
340 2238 55 7707
341 2229 59 7712
342 2221 59 7720
343 2217 58 7725
344 2209 58 7733
345 2200 56 7744
346 2188 61 7751
347 2183 50 7767
348 2175 48 7777
349 2168 44 7788
350 2158 44 7798
351 2152 45 7803
352 2145 48 7807
353 2139 50 7811
354 2130 49 7821
355 2123 50 7827
356 2116 51 7833
357 2112 43 7845
358 2108 41 7851
359 2103 38 7859
360 2100 39 7861
361 2094 43 7863
362 2091 36 7873
363 2085 33 7882
364 2083 28 7889
365 2081 26 7893
366 2079 27 7894
367 2076 27 7897
368 2070 28 7902
369 2068 22 7910
370 2064 25 7911
371 2063 25 7912
372 2058 26 7916
373 2054 25 7921
374 2052 25 7923
375 2047 24 7929
376 2041 27 7932
377 2038 25 7937
378 2034 21 7945
379 2029 25 7946
380 2027 24 7949
381 2015 35 7950
382 2008 39 7953
383 2002 40 7958
384 1999 37 7964
385 1993 39 7968
386 1985 40 7975
387 1982 37 7981
388 1971 43 7986
389 1964 44 7992
390 1956 44 8000
391 1948 45 8007
392 1943 44 8013
393 1940 42 8018
394 1936 42 8022
395 1921 51 8028
396 1917 48 8035
397 1916 41 8043
398 1905 43 8052
399 1898 46 8056
400 1893 41 8066
401 1886 40 8074
402 1882 35 8083
403 1875 39 8086
404 1868 39 8093
405 1863 38 8099
406 1851 41 8108
407 1847 38 8115
408 1845 34 8121
409 1837 38 8125
410 1824 46 8130
411 1813 50 8137
412 1808 45 8147
413 1801 43 8156
414 1798 44 8158
415 1792 42 8166
416 1783 46 8171
417 1776 50 8174
418 1763 55 8182
419 1753 56 8191
420 1742 59 8199
421 1733 60 8207
422 1723 56 8221
423 1713 54 8233
424 1706 50 8244
425 1700 46 8254
426 1695 43 8262
427 1690 45 8265
428 1686 39 8275
429 1683 32 8285
430 1681 31 8288
431 1680 27 8293
432 1677 26 8297
433 1675 21 8304
434 1670 23 8307
435 1666 21 8313
436 1663 20 8317
437 1661 17 8322
438 1661 15 8324
439 1659 14 8327
440 1655 14 8331
441 1653 15 8332
442 1652 12 8336
443 1649 12 8339
444 1647 12 8341
445 1644 12 8344
446 1643 9 8348
447 1636 13 8351
448 1635 11 8354
449 1632 13 8355
450 1631 12 8357
451 1625 16 8359
452 1625 13 8362
453 1624 10 8366
454 1622 9 8369
455 1619 10 8371
456 1618 8 8374
457 1618 7 8375
458 1616 8 8376
459 1615 8 8377
460 1614 8 8378
461 1612 7 8381
462 1611 8 8381
463 1610 8 8382
464 1609 8 8383
465 1609 6 8385
466 1609 4 8387
467 1609 3 8388
468 1609 2 8389
469 1609 2 8389
470 1609 2 8389
471 1609 2 8389
472 1609 2 8389
473 1609 1 8390
474 1609 1 8390
475 1609 1 8390
476 1609 1 8390
477 1609 1 8390
478 1609 1 8390
479 1609 0 8391
480 1609 0 8391
481 1609 0 8391
482 1609 0 8391
483 1609 0 8391
484 1609 0 8391
485 1609 0 8391
486 1609 0 8391
487 1609 0 8391
488 1609 0 8391
489 1609 0 8391
490 1609 0 8391
491 1609 0 8391
492 1609 0 8391
493 1609 0 8391
494 1609 0 8391
495 1609 0 8391
496 1609 0 8391
497 1609 0 8391
498 1609 0 8391
499 1609 0 8391
500 1609 0 8391
501 1609 0 8391
502 1609 0 8391
503 1609 0 8391
504 1609 0 8391
505 1609 0 8391
506 1609 0 8391
507 1609 0 8391
508 1609 0 8391
509 1609 0 8391
510 1609 0 8391
511 1609 0 8391
512 1609 0 8391
513 1609 0 8391
514 1609 0 8391
515 1609 0 8391
516 1609 0 8391
517 1609 0 8391
518 1609 0 8391
519 1609 0 8391
520 1609 0 8391
521 1609 0 8391
522 1609 0 8391
523 1609 0 8391
524 1609 0 8391
525 1609 0 8391
526 1609 0 8391
527 1609 0 8391
528 1609 0 8391
529 1609 0 8391
530 1609 0 8391
531 1609 0 8391
532 1609 0 8391
533 1609 0 8391
534 1609 0 8391
535 1609 0 8391
536 1609 0 8391
537 1609 0 8391
538 1609 0 8391
539 1609 0 8391
540 1609 0 8391
541 1609 0 8391
542 1609 0 8391
543 1609 0 8391
544 1609 0 8391
545 1609 0 8391
546 1609 0 8391
547 1609 0 8391
548 1609 0 8391
549 1609 0 8391
550 1609 0 8391
551 1609 0 8391
552 1609 0 8391
553 1609 0 8391
554 1609 0 8391
555 1609 0 8391
556 1609 0 8391
557 1609 0 8391
558 1609 0 8391
559 1609 0 8391
560 1609 0 8391
561 1609 0 8391
562 1609 0 8391
563 1609 0 8391
564 1609 0 8391
565 1609 0 8391
566 1609 0 8391
567 1609 0 8391
568 1609 0 8391
569 1609 0 8391
570 1609 0 8391
571 1609 0 8391
572 1609 0 8391
573 1609 0 8391
574 1609 0 8391
575 1609 0 8391
576 1609 0 8391
577 1609 0 8391
578 1609 0 8391
579 1609 0 8391
580 1609 0 8391
581 1609 0 8391
582 1609 0 8391
583 1609 0 8391
584 1609 0 8391
585 1609 0 8391
586 1609 0 8391
587 1609 0 8391
588 1609 0 8391
589 1609 0 8391
590 1609 0 8391
591 1609 0 8391
592 1609 0 8391
593 1609 0 8391
594 1609 0 8391
595 1609 0 8391
596 1609 0 8391
597 1609 0 8391
598 1609 0 8391
599 1609 0 8391
600 1609 0 8391
601 1609 0 8391
602 1609 0 8391
603 1609 0 8391
604 1609 0 8391
605 1609 0 8391
606 1609 0 8391
607 1609 0 8391
608 1609 0 8391
609 1609 0 8391
610 1609 0 8391
611 1609 0 8391
612 1609 0 8391
613 1609 0 8391
614 1609 0 8391
615 1609 0 8391
616 1609 0 8391
617 1609 0 8391
618 1609 0 8391
619 1609 0 8391
620 1609 0 8391
621 1609 0 8391
622 1609 0 8391
623 1609 0 8391
624 1609 0 8391
625 1609 0 8391
626 1609 0 8391
627 1609 0 8391
628 1609 0 8391
629 1609 0 8391
630 1609 0 8391
631 1609 0 8391
632 1609 0 8391
633 1609 0 8391
634 1609 0 8391
635 1609 0 8391
636 1609 0 8391
637 1609 0 8391
638 1609 0 8391
639 1609 0 8391
640 1609 0 8391
641 1609 0 8391
642 1609 0 8391
643 1609 0 8391
644 1609 0 8391
645 1609 0 8391
646 1609 0 8391
647 1609 0 8391
648 1609 0 8391
649 1609 0 8391
650 1609 0 8391
651 1609 0 8391
652 1609 0 8391
653 1609 0 8391
654 1609 0 8391
655 1609 0 8391
656 1609 0 8391
657 1609 0 8391
658 1609 0 8391
659 1609 0 8391
660 1609 0 8391
661 1609 0 8391
662 1609 0 8391
663 1609 0 8391
664 1609 0 8391
665 1609 0 8391
666 1609 0 8391
667 1609 0 8391
668 1609 0 8391
669 1609 0 8391
670 1609 0 8391
671 1609 0 8391
672 1609 0 8391
673 1609 0 8391
674 1609 0 8391
675 1609 0 8391
676 1609 0 8391
677 1609 0 8391
678 1609 0 8391
679 1609 0 8391
680 1609 0 8391
681 1609 0 8391
682 1609 0 8391
683 1609 0 8391
684 1609 0 8391
685 1609 0 8391
686 1609 0 8391
687 1609 0 8391
688 1609 0 8391
689 1609 0 8391
690 1609 0 8391
691 1609 0 8391
692 1609 0 8391
693 1609 0 8391
694 1609 0 8391
695 1609 0 8391
696 1609 0 8391
697 1609 0 8391
698 1609 0 8391
699 1609 0 8391
700 1609 0 8391
701 1609 0 8391
702 1609 0 8391
703 1609 0 8391
704 1609 0 8391
705 1609 0 8391
706 1609 0 8391
707 1609 0 8391
708 1609 0 8391
709 1609 0 8391
710 1609 0 8391
711 1609 0 8391
712 1609 0 8391
713 1609 0 8391
714 1609 0 8391
715 1609 0 8391
716 1609 0 8391
717 1609 0 8391
718 1609 0 8391
719 1609 0 8391
720 1609 0 8391
721 1609 0 8391
722 1609 0 8391
723 1609 0 8391
724 1609 0 8391
725 1609 0 8391
726 1609 0 8391
727 1609 0 8391
728 1609 0 8391
729 1609 0 8391
730 1609 0 8391
731 1609 0 8391
732 1609 0 8391
733 1609 0 8391
734 1609 0 8391
735 1609 0 8391
736 1609 0 8391
737 1609 0 8391
738 1609 0 8391
739 1609 0 8391
740 1609 0 8391
741 1609 0 8391
742 1609 0 8391
743 1609 0 8391
744 1609 0 8391
745 1609 0 8391
746 1609 0 8391
747 1609 0 8391
748 1609 0 8391
749 1609 0 8391
750 1609 0 8391
751 1609 0 8391
752 1609 0 8391
753 1609 0 8391
754 1609 0 8391
755 1609 0 8391
756 1609 0 8391
757 1609 0 8391
758 1609 0 8391
759 1609 0 8391
760 1609 0 8391
761 1609 0 8391
762 1609 0 8391
763 1609 0 8391
764 1609 0 8391
765 1609 0 8391
766 1609 0 8391
767 1609 0 8391
768 1609 0 8391
769 1609 0 8391
770 1609 0 8391
771 1609 0 8391
772 1609 0 8391
773 1609 0 8391
774 1609 0 8391
775 1609 0 8391
776 1609 0 8391
777 1609 0 8391
778 1609 0 8391
779 1609 0 8391
780 1609 0 8391
781 1609 0 8391
782 1609 0 8391
783 1609 0 8391
784 1609 0 8391
785 1609 0 8391
786 1609 0 8391
787 1609 0 8391
788 1609 0 8391
789 1609 0 8391
790 1609 0 8391
791 1609 0 8391
792 1609 0 8391
793 1609 0 8391
794 1609 0 8391
795 1609 0 8391
796 1609 0 8391
797 1609 0 8391
798 1609 0 8391
799 1609 0 8391
800 1609 0 8391
801 1609 0 8391
802 1609 0 8391
803 1609 0 8391
804 1609 0 8391
805 1609 0 8391
806 1609 0 8391
807 1609 0 8391
808 1609 0 8391
809 1609 0 8391
810 1609 0 8391
811 1609 0 8391
812 1609 0 8391
813 1609 0 8391
814 1609 0 8391
815 1609 0 8391
816 1609 0 8391
817 1609 0 8391
818 1609 0 8391
819 1609 0 8391
820 1609 0 8391
821 1609 0 8391
822 1609 0 8391
823 1609 0 8391
824 1609 0 8391
825 1609 0 8391
826 1609 0 8391
827 1609 0 8391
828 1609 0 8391
829 1609 0 8391
830 1609 0 8391
831 1609 0 8391
832 1609 0 8391
833 1609 0 8391
834 1609 0 8391
835 1609 0 8391
836 1609 0 8391
837 1609 0 8391
838 1609 0 8391
839 1609 0 8391
840 1609 0 8391
841 1609 0 8391
842 1609 0 8391
843 1609 0 8391
844 1609 0 8391
845 1609 0 8391
846 1609 0 8391
847 1609 0 8391
848 1609 0 8391
849 1609 0 8391
850 1609 0 8391
851 1609 0 8391
852 1609 0 8391
853 1609 0 8391
854 1609 0 8391
855 1609 0 8391
856 1609 0 8391
857 1609 0 8391
858 1609 0 8391
859 1609 0 8391
860 1609 0 8391
861 1609 0 8391
862 1609 0 8391
863 1609 0 8391
864 1609 0 8391
865 1609 0 8391
866 1609 0 8391
867 1609 0 8391
868 1609 0 8391
869 1609 0 8391
870 1609 0 8391
871 1609 0 8391
872 1609 0 8391
873 1609 0 8391
874 1609 0 8391
875 1609 0 8391
876 1609 0 8391
877 1609 0 8391
878 1609 0 8391
879 1609 0 8391
880 1609 0 8391
881 1609 0 8391
882 1609 0 8391
883 1609 0 8391
884 1609 0 8391
885 1609 0 8391
886 1609 0 8391
887 1609 0 8391
888 1609 0 8391
889 1609 0 8391
890 1609 0 8391
891 1609 0 8391
892 1609 0 8391
893 1609 0 8391
894 1609 0 8391
895 1609 0 8391
896 1609 0 8391
897 1609 0 8391
898 1609 0 8391
899 1609 0 8391
900 1609 0 8391
901 1609 0 8391
902 1609 0 8391
903 1609 0 8391
904 1609 0 8391
905 1609 0 8391
906 1609 0 8391
907 1609 0 8391
908 1609 0 8391
909 1609 0 8391
910 1609 0 8391
911 1609 0 8391
912 1609 0 8391
913 1609 0 8391
914 1609 0 8391
915 1609 0 8391
916 1609 0 8391
917 1609 0 8391
918 1609 0 8391
919 1609 0 8391
920 1609 0 8391
921 1609 0 8391
922 1609 0 8391
923 1609 0 8391
924 1609 0 8391
925 1609 0 8391
926 1609 0 8391
927 1609 0 8391
928 1609 0 8391
929 1609 0 8391
930 1609 0 8391
931 1609 0 8391
932 1609 0 8391
933 1609 0 8391
934 1609 0 8391
935 1609 0 8391
936 1609 0 8391
937 1609 0 8391
938 1609 0 8391
939 1609 0 8391
940 1609 0 8391
941 1609 0 8391
942 1609 0 8391
943 1609 0 8391
944 1609 0 8391
945 1609 0 8391
946 1609 0 8391
947 1609 0 8391
948 1609 0 8391
949 1609 0 8391
950 1609 0 8391
951 1609 0 8391
952 1609 0 8391
953 1609 0 8391
954 1609 0 8391
955 1609 0 8391
956 1609 0 8391
957 1609 0 8391
958 1609 0 8391
959 1609 0 8391
960 1609 0 8391
961 1609 0 8391
962 1609 0 8391
963 1609 0 8391
964 1609 0 8391
965 1609 0 8391
966 1609 0 8391
967 1609 0 8391
968 1609 0 8391
969 1609 0 8391
970 1609 0 8391
971 1609 0 8391
972 1609 0 8391
973 1609 0 8391
974 1609 0 8391
975 1609 0 8391
976 1609 0 8391
977 1609 0 8391
978 1609 0 8391
979 1609 0 8391
980 1609 0 8391
981 1609 0 8391
982 1609 0 8391
983 1609 0 8391
984 1609 0 8391
985 1609 0 8391
986 1609 0 8391
987 1609 0 8391
988 1609 0 8391
989 1609 0 8391
990 1609 0 8391
991 1609 0 8391
992 1609 0 8391
993 1609 0 8391
994 1609 0 8391
995 1609 0 8391
996 1609 0 8391
997 1609 0 8391
998 1609 0 8391
999 1609 0 8391
