0 9999 1 0
1 9998 2 0
2 9994 5 1
3 9990 9 1
4 9988 9 3
5 9985 10 5
6 9980 14 6
7 9974 20 6
8 9971 20 9
9 9965 24 11
10 9963 21 16
11 9959 19 22
12 9957 17 26
13 9952 18 30
14 9951 17 32
15 9948 19 33
16 9944 19 37
17 9935 24 41
18 9927 28 45
19 9915 32 53
20 9909 29 62
21 9905 28 67
22 9899 28 73
23 9893 23 84
24 9888 23 89
25 9878 31 91
26 9869 36 95
27 9862 33 105
28 9857 31 112
29 9850 29 121
30 9844 31 125
31 9838 32 130
32 9831 35 134
33 9819 42 139
34 9812 37 151
35 9809 34 157
36 9797 42 161
37 9780 50 170
38 9771 50 179
39 9753 60 187
40 9734 65 201
41 9724 62 214
42 9715 60 225
43 9709 58 233
44 9701 55 244
45 9693 50 257
46 9689 43 268
47 9684 42 274
48 9675 43 282
49 9670 42 288
50 9660 38 302
51 9640 52 308
52 9622 61 317
53 9611 58 331
54 9596 61 343
55 9577 65 358
56 9562 69 369
57 9548 70 382
58 9536 68 396
59 9519 74 407
60 9511 69 420
61 9496 71 433
62 9477 78 445
63 9461 76 463
64 9448 71 481
65 9425 79 496
66 9397 94 509
67 9380 99 521
68 9368 96 536
69 9347 104 549
70 9327 103 570
71 9306 103 591
72 9285 108 607
73 9257 119 624
74 9246 111 643
75 9223 110 667
76 9203 117 680
77 9181 110 709
78 9160 103 737
79 9143 106 751
80 9127 107 766
81 9111 100 789
82 9086 113 801
83 9076 104 820
84 9062 93 845
85 9053 85 862
86 9032 92 876
87 9019 90 891
88 9003 90 907
89 8982 94 924
90 8968 97 935
91 8952 98 950
92 8943 90 967
93 8930 87 983
94 8909 94 997
95 8896 93 1011
96 8878 95 1027
97 8863 95 1042
98 8844 99 1057
99 8825 98 1077
100 8806 106 1088
101 8785 105 1110
102 8765 109 1126
103 8742 117 1141
104 8718 126 1156
105 8695 127 1178
106 8673 125 1202
107 8658 114 1228
108 8638 112 1250
109 8613 118 1269
110 8596 114 1290
111 8566 119 1315
112 8540 125 1335
113 8519 128 1353
114 8499 132 1369
115 8484 124 1392
116 8456 129 1415
117 8430 127 1443
118 8408 125 1467
119 8384 129 1487
120 8359 128 1513
121 8331 138 1531
122 8307 141 1552
123 8281 142 1577
124 8264 124 1612
125 8245 125 1630
126 8219 134 1647
127 8201 126 1673
128 8180 126 1694
129 8159 122 1719
130 8142 121 1737
131 8125 115 1760
132 8111 110 1779
133 8097 106 1797
134 8075 105 1820
135 8057 105 1838
136 8036 111 1853
137 8027 101 1872
138 8016 94 1890
139 7990 102 1908
140 7968 109 1923
141 7942 115 1943
142 7917 113 1970
143 7900 112 1988
144 7879 111 2010
145 7843 128 2029
146 7824 125 2051
147 7806 129 2065
148 7794 118 2088
149 7776 117 2107
150 7758 122 2120
151 7741 116 2143
152 7726 114 2160
153 7708 108 2184
154 7688 104 2208
155 7663 113 2224
156 7646 115 2239
157 7625 118 2257
158 7594 124 2282
159 7571 123 2306
160 7549 127 2324
161 7526 127 2347
162 7511 121 2368
163 7482 123 2395
164 7447 137 2416
165 7423 133 2444
166 7406 124 2470
167 7374 127 2499
168 7345 140 2515
169 7318 145 2537
170 7286 148 2566
171 7262 136 2602
172 7231 141 2628
173 7190 161 2649
174 7157 167 2676
175 7117 185 2698
176 7074 201 2725
177 7032 204 2764
178 7002 197 2801
179 6956 209 2835
180 6924 197 2879
181 6883 204 2913
182 6843 212 2945
183 6803 215 2982
184 6776 213 3011
185 6726 227 3047
186 6684 236 3080
187 6640 232 3128
188 6595 237 3168
189 6552 231 3217
190 6520 224 3256
191 6496 212 3292
192 6458 207 3335
193 6434 199 3367
194 6412 181 3407
195 6384 177 3439
196 6349 176 3475
197 6329 166 3505
198 6291 174 3535
199 6271 163 3566
200 6245 162 3593
201 6223 143 3634
202 6211 131 3658
203 6191 134 3675
204 6176 123 3701
205 6153 123 3724
206 6129 121 3750
207 6112 113 3775
208 6091 107 3802
209 6069 112 3819
210 6052 112 3836
211 6036 105 3859
212 6010 106 3884
213 5991 109 3900
214 5961 121 3918
215 5943 117 3940
216 5919 122 3959
217 5899 118 3983
218 5879 119 4002
219 5863 111 4026
220 5842 110 4048
221 5829 102 4069
222 5805 106 4089
223 5778 117 4105
224 5760 111 4129
225 5737 103 4160
226 5712 115 4173
227 5686 114 4200
228 5664 116 4220
229 5644 117 4239
230 5629 110 4261
231 5615 110 4275
232 5597 112 4291
233 5581 107 4312
234 5563 99 4338
235 5545 100 4355
236 5521 108 4371
237 5504 113 4383
238 5488 108 4404
239 5452 129 4419
240 5435 128 4437
241 5409 131 4460
242 5394 128 4478
243 5373 128 4499
244 5353 124 4523
245 5334 119 4547
246 5320 122 4558
247 5299 120 4581
248 5279 123 4598
249 5263 118 4619
250 5254 102 4644
251 5240 96 4664
252 5232 91 4677
253 5215 96 4689
254 5200 94 4706
255 5181 99 4720
256 5159 96 4745
257 5141 99 4760
258 5127 84 4789
259 5116 86 4798
260 5107 79 4814
261 5093 81 4826
262 5083 84 4833
263 5070 85 4845
264 5058 75 4867
265 5038 82 4880
266 5018 81 4901
267 4998 87 4915
268 4982 84 4934
269 4965 81 4954
270 4951 81 4968
271 4937 83 4980
272 4919 87 4994
273 4901 90 5009
274 4887 86 5027
275 4865 90 5045
276 4842 101 5057
277 4821 102 5077
278 4806 101 5093
279 4793 100 5107
280 4777 104 5119
281 4764 102 5134
282 4739 101 5160
283 4725 102 5173
284 4712 102 5186
285 4692 107 5201
286 4680 99 5221
287 4666 95 5239
288 4647 103 5250
289 4621 112 5267
290 4607 99 5294
291 4592 91 5317
292 4577 91 5332
293 4561 88 5351
294 4549 87 5364
295 4534 85 5381
296 4511 88 5401
297 4494 88 5418
298 4485 79 5436
299 4473 74 5453
300 4459 75 5466
301 4440 71 5489
302 4427 77 5496
303 4411 81 5508
304 4403 71 5526
305 4390 73 5537
306 4375 74 5551
307 4362 77 5561
308 4345 81 5574
309 4324 88 5588
310 4301 98 5601
311 4286 100 5614
312 4271 103 5626
313 4258 101 5641
314 4241 105 5654
315 4220 106 5674
316 4206 99 5695
317 4188 96 5716
318 4173 96 5731
319 4164 92 5744
320 4147 94 5759
321 4133 97 5770
322 4115 103 5782
323 4098 94 5808
324 4082 91 5827
325 4060 88 5852
326 4055 74 5871
327 4048 66 5886
328 4032 74 5894
329 4016 76 5908
330 3996 86 5918
331 3982 82 5936
332 3968 85 5947
333 3949 87 5964
334 3933 84 5983
335 3918 79 6003
336 3904 81 6015
337 3893 80 6027
338 3881 75 6044
339 3869 78 6053
340 3857 73 6070
341 3844 74 6082
342 3827 76 6097
343 3818 61 6121
344 3804 62 6134
345 3782 72 6146
346 3760 80 6160
347 3742 84 6174
348 3718 96 6186
349 3690 111 6199
350 3671 105 6224
351 3638 125 6237
352 3616 121 6263
353 3595 122 6283
354 3573 120 6307
355 3554 116 6330
356 3537 112 6351
357 3521 107 6372
358 3498 114 6388
359 3485 110 6405
360 3470 103 6427
361 3452 106 6442
362 3439 94 6467
363 3419 96 6485
364 3406 93 6501
365 3392 90 6518
366 3385 86 6529
367 3373 78 6549
368 3351 81 6568
369 3343 72 6585
370 3335 68 6597
371 3326 61 6613
372 3317 57 6626
373 3313 50 6637
374 3304 49 6647
375 3302 47 6651
376 3300 40 6660
377 3298 33 6669
378 3295 27 6678
379 3290 24 6686
380 3286 27 6687
381 3282 25 6693
382 3279 22 6699
383 3277 23 6700
384 3272 25 6703
385 3266 22 6712
386 3264 21 6715
387 3261 20 6719
388 3256 19 6725
389 3253 21 6726
390 3252 16 6732
391 3251 14 6735
392 3249 13 6738
393 3242 19 6739
394 3238 19 6743
395 3229 25 6746
396 3221 28 6751
397 3210 35 6755
398 3206 31 6763
399 3204 29 6767
400 3198 30 6772
401 3197 21 6782
402 3196 20 6784
403 3194 20 6786
404 3193 19 6788
405 3186 24 6790
406 3184 20 6796
407 3178 22 6800
408 3176 19 6805
409 3176 14 6810
410 3176 11 6813
411 3176 8 6816
412 3175 8 6817
413 3174 8 6818
414 3170 9 6821
415 3169 6 6825
416 3168 7 6825
417 3167 7 6826
418 3166 7 6827
419 3165 8 6827
420 3165 7 6828
421 3165 7 6828
422 3164 7 6829
423 3164 5 6831
424 3162 7 6831
425 3161 6 6833
426 3161 4 6835
427 3161 4 6835
428 3161 2 6837
429 3160 2 6838
430 3160 2 6838
431 3159 3 6838
432 3159 2 6839
433 3159 2 6839
434 3158 2 6840
435 3158 2 6840
436 3158 0 6842
437 3158 0 6842
438 3158 0 6842
439 3158 0 6842
440 3158 0 6842
441 3158 0 6842
442 3158 0 6842
443 3158 0 6842
444 3158 0 6842
445 3158 0 6842
446 3158 0 6842
447 3158 0 6842
448 3158 0 6842
449 3158 0 6842
450 3158 0 6842
451 3158 0 6842
452 3158 0 6842
453 3158 0 6842
454 3158 0 6842
455 3158 0 6842
456 3158 0 6842
457 3158 0 6842
458 3158 0 6842
459 3158 0 6842
460 3158 0 6842
461 3158 0 6842
462 3158 0 6842
463 3158 0 6842
464 3158 0 6842
465 3158 0 6842
466 3158 0 6842
467 3158 0 6842
468 3158 0 6842
469 3158 0 6842
470 3158 0 6842
471 3158 0 6842
472 3158 0 6842
473 3158 0 6842
474 3158 0 6842
475 3158 0 6842
476 3158 0 6842
477 3158 0 6842
478 3158 0 6842
479 3158 0 6842
480 3158 0 6842
481 3158 0 6842
482 3158 0 6842
483 3158 0 6842
484 3158 0 6842
485 3158 0 6842
486 3158 0 6842
487 3158 0 6842
488 3158 0 6842
489 3158 0 6842
490 3158 0 6842
491 3158 0 6842
492 3158 0 6842
493 3158 0 6842
494 3158 0 6842
495 3158 0 6842
496 3158 0 6842
497 3158 0 6842
498 3158 0 6842
499 3158 0 6842
500 3158 0 6842
501 3158 0 6842
502 3158 0 6842
503 3158 0 6842
504 3158 0 6842
505 3158 0 6842
506 3158 0 6842
507 3158 0 6842
508 3158 0 6842
509 3158 0 6842
510 3158 0 6842
511 3158 0 6842
512 3158 0 6842
513 3158 0 6842
514 3158 0 6842
515 3158 0 6842
516 3158 0 6842
517 3158 0 6842
518 3158 0 6842
519 3158 0 6842
520 3158 0 6842
521 3158 0 6842
522 3158 0 6842
523 3158 0 6842
524 3158 0 6842
525 3158 0 6842
526 3158 0 6842
527 3158 0 6842
528 3158 0 6842
529 3158 0 6842
530 3158 0 6842
531 3158 0 6842
532 3158 0 6842
533 3158 0 6842
534 3158 0 6842
535 3158 0 6842
536 3158 0 6842
537 3158 0 6842
538 3158 0 6842
539 3158 0 6842
540 3158 0 6842
541 3158 0 6842
542 3158 0 6842
543 3158 0 6842
544 3158 0 6842
545 3158 0 6842
546 3158 0 6842
547 3158 0 6842
548 3158 0 6842
549 3158 0 6842
550 3158 0 6842
551 3158 0 6842
552 3158 0 6842
553 3158 0 6842
554 3158 0 6842
555 3158 0 6842
556 3158 0 6842
557 3158 0 6842
558 3158 0 6842
559 3158 0 6842
560 3158 0 6842
561 3158 0 6842
562 3158 0 6842
563 3158 0 6842
564 3158 0 6842
565 3158 0 6842
566 3158 0 6842
567 3158 0 6842
568 3158 0 6842
569 3158 0 6842
570 3158 0 6842
571 3158 0 6842
572 3158 0 6842
573 3158 0 6842
574 3158 0 6842
575 3158 0 6842
576 3158 0 6842
577 3158 0 6842
578 3158 0 6842
579 3158 0 6842
580 3158 0 6842
581 3158 0 6842
582 3158 0 6842
583 3158 0 6842
584 3158 0 6842
585 3158 0 6842
586 3158 0 6842
587 3158 0 6842
588 3158 0 6842
589 3158 0 6842
590 3158 0 6842
591 3158 0 6842
592 3158 0 6842
593 3158 0 6842
594 3158 0 6842
595 3158 0 6842
596 3158 0 6842
597 3158 0 6842
598 3158 0 6842
599 3158 0 6842
600 3158 0 6842
601 3158 0 6842
602 3158 0 6842
603 3158 0 6842
604 3158 0 6842
605 3158 0 6842
606 3158 0 6842
607 3158 0 6842
608 3158 0 6842
609 3158 0 6842
610 3158 0 6842
611 3158 0 6842
612 3158 0 6842
613 3158 0 6842
614 3158 0 6842
615 3158 0 6842
616 3158 0 6842
617 3158 0 6842
618 3158 0 6842
619 3158 0 6842
620 3158 0 6842
621 3158 0 6842
622 3158 0 6842
623 3158 0 6842
624 3158 0 6842
625 3158 0 6842
626 3158 0 6842
627 3158 0 6842
628 3158 0 6842
629 3158 0 6842
630 3158 0 6842
631 3158 0 6842
632 3158 0 6842
633 3158 0 6842
634 3158 0 6842
635 3158 0 6842
636 3158 0 6842
637 3158 0 6842
638 3158 0 6842
639 3158 0 6842
640 3158 0 6842
641 3158 0 6842
642 3158 0 6842
643 3158 0 6842
644 3158 0 6842
645 3158 0 6842
646 3158 0 6842
647 3158 0 6842
648 3158 0 6842
649 3158 0 6842
650 3158 0 6842
651 3158 0 6842
652 3158 0 6842
653 3158 0 6842
654 3158 0 6842
655 3158 0 6842
656 3158 0 6842
657 3158 0 6842
658 3158 0 6842
659 3158 0 6842
660 3158 0 6842
661 3158 0 6842
662 3158 0 6842
663 3158 0 6842
664 3158 0 6842
665 3158 0 6842
666 3158 0 6842
667 3158 0 6842
668 3158 0 6842
669 3158 0 6842
670 3158 0 6842
671 3158 0 6842
672 3158 0 6842
673 3158 0 6842
674 3158 0 6842
675 3158 0 6842
676 3158 0 6842
677 3158 0 6842
678 3158 0 6842
679 3158 0 6842
680 3158 0 6842
681 3158 0 6842
682 3158 0 6842
683 3158 0 6842
684 3158 0 6842
685 3158 0 6842
686 3158 0 6842
687 3158 0 6842
688 3158 0 6842
689 3158 0 6842
690 3158 0 6842
691 3158 0 6842
692 3158 0 6842
693 3158 0 6842
694 3158 0 6842
695 3158 0 6842
696 3158 0 6842
697 3158 0 6842
698 3158 0 6842
699 3158 0 6842
700 3158 0 6842
701 3158 0 6842
702 3158 0 6842
703 3158 0 6842
704 3158 0 6842
705 3158 0 6842
706 3158 0 6842
707 3158 0 6842
708 3158 0 6842
709 3158 0 6842
710 3158 0 6842
711 3158 0 6842
712 3158 0 6842
713 3158 0 6842
714 3158 0 6842
715 3158 0 6842
716 3158 0 6842
717 3158 0 6842
718 3158 0 6842
719 3158 0 6842
720 3158 0 6842
721 3158 0 6842
722 3158 0 6842
723 3158 0 6842
724 3158 0 6842
725 3158 0 6842
726 3158 0 6842
727 3158 0 6842
728 3158 0 6842
729 3158 0 6842
730 3158 0 6842
731 3158 0 6842
732 3158 0 6842
733 3158 0 6842
734 3158 0 6842
735 3158 0 6842
736 3158 0 6842
737 3158 0 6842
738 3158 0 6842
739 3158 0 6842
740 3158 0 6842
741 3158 0 6842
742 3158 0 6842
743 3158 0 6842
744 3158 0 6842
745 3158 0 6842
746 3158 0 6842
747 3158 0 6842
748 3158 0 6842
749 3158 0 6842
750 3158 0 6842
751 3158 0 6842
752 3158 0 6842
753 3158 0 6842
754 3158 0 6842
755 3158 0 6842
756 3158 0 6842
757 3158 0 6842
758 3158 0 6842
759 3158 0 6842
760 3158 0 6842
761 3158 0 6842
762 3158 0 6842
763 3158 0 6842
764 3158 0 6842
765 3158 0 6842
766 3158 0 6842
767 3158 0 6842
768 3158 0 6842
769 3158 0 6842
770 3158 0 6842
771 3158 0 6842
772 3158 0 6842
773 3158 0 6842
774 3158 0 6842
775 3158 0 6842
776 3158 0 6842
777 3158 0 6842
778 3158 0 6842
779 3158 0 6842
780 3158 0 6842
781 3158 0 6842
782 3158 0 6842
783 3158 0 6842
784 3158 0 6842
785 3158 0 6842
786 3158 0 6842
787 3158 0 6842
788 3158 0 6842
789 3158 0 6842
790 3158 0 6842
791 3158 0 6842
792 3158 0 6842
793 3158 0 6842
794 3158 0 6842
795 3158 0 6842
796 3158 0 6842
797 3158 0 6842
798 3158 0 6842
799 3158 0 6842
800 3158 0 6842
801 3158 0 6842
802 3158 0 6842
803 3158 0 6842
804 3158 0 6842
805 3158 0 6842
806 3158 0 6842
807 3158 0 6842
808 3158 0 6842
809 3158 0 6842
810 3158 0 6842
811 3158 0 6842
812 3158 0 6842
813 3158 0 6842
814 3158 0 6842
815 3158 0 6842
816 3158 0 6842
817 3158 0 6842
818 3158 0 6842
819 3158 0 6842
820 3158 0 6842
821 3158 0 6842
822 3158 0 6842
823 3158 0 6842
824 3158 0 6842
825 3158 0 6842
826 3158 0 6842
827 3158 0 6842
828 3158 0 6842
829 3158 0 6842
830 3158 0 6842
831 3158 0 6842
832 3158 0 6842
833 3158 0 6842
834 3158 0 6842
835 3158 0 6842
836 3158 0 6842
837 3158 0 6842
838 3158 0 6842
839 3158 0 6842
840 3158 0 6842
841 3158 0 6842
842 3158 0 6842
843 3158 0 6842
844 3158 0 6842
845 3158 0 6842
846 3158 0 6842
847 3158 0 6842
848 3158 0 6842
849 3158 0 6842
850 3158 0 6842
851 3158 0 6842
852 3158 0 6842
853 3158 0 6842
854 3158 0 6842
855 3158 0 6842
856 3158 0 6842
857 3158 0 6842
858 3158 0 6842
859 3158 0 6842
860 3158 0 6842
861 3158 0 6842
862 3158 0 6842
863 3158 0 6842
864 3158 0 6842
865 3158 0 6842
866 3158 0 6842
867 3158 0 6842
868 3158 0 6842
869 3158 0 6842
870 3158 0 6842
871 3158 0 6842
872 3158 0 6842
873 3158 0 6842
874 3158 0 6842
875 3158 0 6842
876 3158 0 6842
877 3158 0 6842
878 3158 0 6842
879 3158 0 6842
880 3158 0 6842
881 3158 0 6842
882 3158 0 6842
883 3158 0 6842
884 3158 0 6842
885 3158 0 6842
886 3158 0 6842
887 3158 0 6842
888 3158 0 6842
889 3158 0 6842
890 3158 0 6842
891 3158 0 6842
892 3158 0 6842
893 3158 0 6842
894 3158 0 6842
895 3158 0 6842
896 3158 0 6842
897 3158 0 6842
898 3158 0 6842
899 3158 0 6842
900 3158 0 6842
901 3158 0 6842
902 3158 0 6842
903 3158 0 6842
904 3158 0 6842
905 3158 0 6842
906 3158 0 6842
907 3158 0 6842
908 3158 0 6842
909 3158 0 6842
910 3158 0 6842
911 3158 0 6842
912 3158 0 6842
913 3158 0 6842
914 3158 0 6842
915 3158 0 6842
916 3158 0 6842
917 3158 0 6842
918 3158 0 6842
919 3158 0 6842
920 3158 0 6842
921 3158 0 6842
922 3158 0 6842
923 3158 0 6842
924 3158 0 6842
925 3158 0 6842
926 3158 0 6842
927 3158 0 6842
928 3158 0 6842
929 3158 0 6842
930 3158 0 6842
931 3158 0 6842
932 3158 0 6842
933 3158 0 6842
934 3158 0 6842
935 3158 0 6842
936 3158 0 6842
937 3158 0 6842
938 3158 0 6842
939 3158 0 6842
940 3158 0 6842
941 3158 0 6842
942 3158 0 6842
943 3158 0 6842
944 3158 0 6842
945 3158 0 6842
946 3158 0 6842
947 3158 0 6842
948 3158 0 6842
949 3158 0 6842
950 3158 0 6842
951 3158 0 6842
952 3158 0 6842
953 3158 0 6842
954 3158 0 6842
955 3158 0 6842
956 3158 0 6842
957 3158 0 6842
958 3158 0 6842
959 3158 0 6842
960 3158 0 6842
961 3158 0 6842
962 3158 0 6842
963 3158 0 6842
964 3158 0 6842
965 3158 0 6842
966 3158 0 6842
967 3158 0 6842
968 3158 0 6842
969 3158 0 6842
970 3158 0 6842
971 3158 0 6842
972 3158 0 6842
973 3158 0 6842
974 3158 0 6842
975 3158 0 6842
976 3158 0 6842
977 3158 0 6842
978 3158 0 6842
979 3158 0 6842
980 3158 0 6842
981 3158 0 6842
982 3158 0 6842
983 3158 0 6842
984 3158 0 6842
985 3158 0 6842
986 3158 0 6842
987 3158 0 6842
988 3158 0 6842
989 3158 0 6842
990 3158 0 6842
991 3158 0 6842
992 3158 0 6842
993 3158 0 6842
994 3158 0 6842
995 3158 0 6842
996 3158 0 6842
997 3158 0 6842
998 3158 0 6842
999 3158 0 6842
