0 9999 1 0
1 9999 1 0
2 9999 1 0
3 9992 8 0
4 9985 11 4
5 9984 10 6
6 9983 10 7
7 9983 8 9
8 9983 6 11
9 9982 6 12
10 9979 8 13
11 9976 10 14
12 9972 13 15
13 9968 13 19
14 9965 16 19
15 9956 21 23
16 9949 26 25
17 9942 31 27
18 9935 32 33
19 9933 26 41
20 9932 22 46
21 9927 24 49
22 9923 24 53
23 9918 25 57
24 9914 25 61
25 9911 23 66
26 9909 25 66
27 9906 26 68
28 9899 26 75
29 9894 26 80
30 9888 29 83
31 9878 35 87
32 9870 38 92
33 9860 39 101
34 9853 38 109
35 9847 39 114
36 9838 39 123
37 9833 35 132
38 9822 43 135
39 9811 47 142
40 9800 47 153
41 9785 52 163
42 9782 41 177
43 9776 42 182
44 9768 41 191
45 9759 43 198
46 9754 39 207
47 9746 40 214
48 9739 41 220
49 9729 48 223
50 9721 42 237
51 9712 44 244
52 9705 46 249
53 9695 48 257
54 9683 54 263
55 9672 49 279
56 9663 49 288
57 9659 48 293
58 9650 50 300
59 9637 56 307
60 9621 60 319
61 9613 60 327
62 9602 63 335
63 9593 57 350
64 9581 62 357
65 9573 62 365
66 9559 64 377
67 9556 53 391
68 9542 57 401
69 9529 61 410
70 9515 66 419
71 9498 68 434
72 9486 68 446
73 9475 69 456
74 9460 73 467
75 9448 70 482
76 9433 75 492
77 9423 72 505
78 9410 70 520
79 9392 77 531
80 9379 73 548
81 9355 89 556
82 9332 94 574
83 9316 101 583
84 9304 101 595
85 9278 113 609
86 9251 116 633
87 9234 112 654
88 9211 117 672
89 9191 113 696
90 9166 124 710
91 9146 119 735
92 9133 115 752
93 9114 113 773
94 9092 109 799
95 9073 112 815
96 9064 100 836
97 9039 112 849
98 9020 110 870
99 8988 119 893
100 8965 117 918
101 8946 120 934
102 8923 121 956
103 8900 127 973
104 8879 126 995
105 8853 123 1024
106 8839 106 1055
107 8828 105 1067
108 8812 106 1082
109 8793 115 1092
110 8774 114 1112
111 8752 111 1137
112 8723 116 1161
113 8698 118 1184
114 8662 122 1216
115 8634 127 1239
116 8610 130 1260
117 8581 139 1280
118 8555 146 1299
119 8537 136 1327
120 8519 131 1350
121 8498 135 1367
122 8476 138 1386
123 8447 145 1408
124 8416 151 1433
125 8382 162 1456
126 8350 168 1482
127 8333 157 1510
128 8294 165 1541
129 8277 156 1567
130 8239 153 1608
131 8219 141 1640
132 8199 135 1666
133 8177 137 1686
134 8154 138 1708
135 8125 139 1736
136 8096 140 1764
137 8072 142 1786
138 8057 131 1812
139 8036 132 1832
140 8004 138 1858
141 7969 143 1888
142 7951 144 1905
143 7922 152 1926
144 7899 155 1946
145 7886 145 1969
146 7862 145 1993
147 7832 155 2013
148 7799 162 2039
149 7766 161 2073
150 7725 170 2105
151 7694 168 2138
152 7660 174 2166
153 7633 169 2198
154 7598 178 2224
155 7551 198 2251
156 7505 206 2289
157 7454 224 2322
158 7403 233 2364
159 7363 226 2411
160 7319 223 2458
161 7263 238 2499
162 7214 255 2531
163 7180 248 2572
164 7132 260 2608
165 7088 256 2656
166 7052 248 2700
167 7009 248 2743
168 6968 243 2789
169 6935 223 2842
170 6897 218 2885
171 6837 236 2927
172 6792 229 2979
173 6744 224 3032
174 6695 236 3069
175 6637 249 3114
176 6590 254 3156
177 6533 260 3207
178 6489 273 3238
179 6424 292 3284
180 6377 289 3334
181 6329 278 3393
182 6284 267 3449
183 6233 281 3486
184 6174 291 3535
185 6118 285 3597
186 6072 272 3656
187 6034 266 3700
188 5994 265 3741
189 5926 286 3788
190 5876 285 3839
191 5818 295 3887
192 5769 294 3937
193 5725 294 3981
194 5672 292 4036
195 5619 289 4092
196 5575 285 4140
197 5504 312 4184
198 5469 289 4242
199 5428 292 4280
200 5396 277 4327
201 5353 272 4375
202 5296 288 4416
203 5254 283 4463
204 5189 286 4525
205 5146 276 4578
206 5100 280 4620
207 5042 285 4673
208 4996 288 4716
209 4937 297 4766
210 4880 302 4818
211 4840 294 4866
212 4794 283 4923
213 4745 269 4986
214 4696 268 5036
215 4655 259 5086
216 4599 274 5127
217 4546 279 5175
218 4492 282 5226
219 4421 299 5280
220 4378 288 5334
221 4337 278 5385
222 4297 268 5435
223 4261 259 5480
224 4230 244 5526
225 4200 231 5569
226 4166 213 5621
227 4142 192 5666
228 4110 194 5696
229 4089 188 5723
230 4058 183 5759
231 4024 184 5792
232 4008 162 5830
233 3983 166 5851
234 3964 167 5869
235 3933 167 5900
236 3910 171 5919
237 3885 159 5956
238 3855 159 5986
239 3816 175 6009
240 3801 152 6047
241 3780 152 6068
242 3753 154 6093
243 3714 153 6133
244 3693 148 6159
245 3668 144 6188
246 3639 155 6206
247 3619 156 6225
248 3588 160 6252
249 3568 149 6283
250 3542 150 6308
251 3515 149 6336
252 3496 136 6368
253 3464 141 6395
254 3449 130 6421
255 3431 122 6447
256 3422 107 6471
257 3406 108 6486
258 3386 107 6507
259 3364 114 6522
260 3346 109 6545
261 3331 103 6566
262 3314 104 6582
263 3301 102 6597
264 3279 101 6620
265 3262 99 6639
266 3242 106 6652
267 3232 99 6669
268 3211 98 6691
269 3194 96 6710
270 3177 98 6725
271 3148 110 6742
272 3124 115 6761
273 3101 120 6779
274 3079 117 6804
275 3038 140 6822
276 2999 150 6851
277 2973 145 6882
278 2946 150 6904
279 2906 162 6932
280 2884 151 6965
281 2858 149 6993
282 2841 140 7019
283 2819 145 7036
284 2799 147 7054
285 2783 143 7074
286 2770 130 7100
287 2750 132 7118
288 2730 129 7141
289 2709 124 7167
290 2694 121 7185
291 2681 116 7203
292 2666 114 7220
293 2654 109 7237
294 2638 110 7252
295 2619 105 7276
296 2603 104 7293
297 2589 98 7313
298 2575 98 7327
299 2556 103 7341
300 2537 98 7365
301 2522 92 7386
302 2507 98 7395
303 2491 100 7409
304 2480 86 7434
305 2473 80 7447
306 2455 89 7456
307 2447 80 7473
308 2440 72 7488
309 2431 67 7502
310 2424 65 7511
311 2420 60 7520
312 2416 48 7536
313 2412 43 7545
314 2406 40 7554
315 2401 39 7560
316 2397 34 7569
317 2396 31 7573
318 2392 30 7578
319 2389 30 7581
320 2382 32 7586
321 2380 32 7588
322 2375 29 7596
323 2366 33 7601
324 2359 34 7607
325 2355 32 7613
326 2353 29 7618
327 2349 31 7620
328 2344 31 7625
329 2336 33 7631
330 2331 34 7635
331 2326 33 7641
332 2321 32 7647
333 2316 31 7653
334 2311 30 7659
335 2310 26 7664
336 2305 26 7669
337 2301 26 7673
338 2298 26 7676
339 2293 24 7683
340 2290 23 7687
341 2287 22 7691
342 2285 17 7698
343 2284 17 7699
344 2281 17 7702
345 2276 19 7705
346 2274 17 7709
347 2273 14 7713
348 2271 16 7713
349 2267 18 7715
350 2267 17 7716
351 2266 16 7718
352 2266 12 7722
353 2265 13 7722
354 2262 16 7722
355 2261 13 7726
356 2261 11 7728
357 2261 11 7728
358 2259 10 7731
359 2259 7 7734
360 2254 10 7736
361 2254 10 7736
362 2254 7 7739
363 2254 6 7740
364 2254 5 7741
365 2254 2 7744
366 2254 2 7744
367 2254 1 7745
368 2254 1 7745
369 2254 1 7745
370 2254 1 7745
371 2254 1 7745
372 2254 1 7745
373 2254 1 7745
374 2254 1 7745
375 2254 1 7745
376 2254 1 7745
377 2254 0 7746
378 2254 0 7746
379 2254 0 7746
380 2254 0 7746
381 2254 0 7746
382 2254 0 7746
383 2254 0 7746
384 2254 0 7746
385 2254 0 7746
386 2254 0 7746
387 2254 0 7746
388 2254 0 7746
389 2254 0 7746
390 2254 0 7746
391 2254 0 7746
392 2254 0 7746
393 2254 0 7746
394 2254 0 7746
395 2254 0 7746
396 2254 0 7746
397 2254 0 7746
398 2254 0 7746
399 2254 0 7746
400 2254 0 7746
401 2254 0 7746
402 2254 0 7746
403 2254 0 7746
404 2254 0 7746
405 2254 0 7746
406 2254 0 7746
407 2254 0 7746
408 2254 0 7746
409 2254 0 7746
410 2254 0 7746
411 2254 0 7746
412 2254 0 7746
413 2254 0 7746
414 2254 0 7746
415 2254 0 7746
416 2254 0 7746
417 2254 0 7746
418 2254 0 7746
419 2254 0 7746
420 2254 0 7746
421 2254 0 7746
422 2254 0 7746
423 2254 0 7746
424 2254 0 7746
425 2254 0 7746
426 2254 0 7746
427 2254 0 7746
428 2254 0 7746
429 2254 0 7746
430 2254 0 7746
431 2254 0 7746
432 2254 0 7746
433 2254 0 7746
434 2254 0 7746
435 2254 0 7746
436 2254 0 7746
437 2254 0 7746
438 2254 0 7746
439 2254 0 7746
440 2254 0 7746
441 2254 0 7746
442 2254 0 7746
443 2254 0 7746
444 2254 0 7746
445 2254 0 7746
446 2254 0 7746
447 2254 0 7746
448 2254 0 7746
449 2254 0 7746
450 2254 0 7746
451 2254 0 7746
452 2254 0 7746
453 2254 0 7746
454 2254 0 7746
455 2254 0 7746
456 2254 0 7746
457 2254 0 7746
458 2254 0 7746
459 2254 0 7746
460 2254 0 7746
461 2254 0 7746
462 2254 0 7746
463 2254 0 7746
464 2254 0 7746
465 2254 0 7746
466 2254 0 7746
467 2254 0 7746
468 2254 0 7746
469 2254 0 7746
470 2254 0 7746
471 2254 0 7746
472 2254 0 7746
473 2254 0 7746
474 2254 0 7746
475 2254 0 7746
476 2254 0 7746
477 2254 0 7746
478 2254 0 7746
479 2254 0 7746
480 2254 0 7746
481 2254 0 7746
482 2254 0 7746
483 2254 0 7746
484 2254 0 7746
485 2254 0 7746
486 2254 0 7746
487 2254 0 7746
488 2254 0 7746
489 2254 0 7746
490 2254 0 7746
491 2254 0 7746
492 2254 0 7746
493 2254 0 7746
494 2254 0 7746
495 2254 0 7746
496 2254 0 7746
497 2254 0 7746
498 2254 0 7746
499 2254 0 7746
500 2254 0 7746
501 2254 0 7746
502 2254 0 7746
503 2254 0 7746
504 2254 0 7746
505 2254 0 7746
506 2254 0 7746
507 2254 0 7746
508 2254 0 7746
509 2254 0 7746
510 2254 0 7746
511 2254 0 7746
512 2254 0 7746
513 2254 0 7746
514 2254 0 7746
515 2254 0 7746
516 2254 0 7746
517 2254 0 7746
518 2254 0 7746
519 2254 0 7746
520 2254 0 7746
521 2254 0 7746
522 2254 0 7746
523 2254 0 7746
524 2254 0 7746
525 2254 0 7746
526 2254 0 7746
527 2254 0 7746
528 2254 0 7746
529 2254 0 7746
530 2254 0 7746
531 2254 0 7746
532 2254 0 7746
533 2254 0 7746
534 2254 0 7746
535 2254 0 7746
536 2254 0 7746
537 2254 0 7746
538 2254 0 7746
539 2254 0 7746
540 2254 0 7746
541 2254 0 7746
542 2254 0 7746
543 2254 0 7746
544 2254 0 7746
545 2254 0 7746
546 2254 0 7746
547 2254 0 7746
548 2254 0 7746
549 2254 0 7746
550 2254 0 7746
551 2254 0 7746
552 2254 0 7746
553 2254 0 7746
554 2254 0 7746
555 2254 0 7746
556 2254 0 7746
557 2254 0 7746
558 2254 0 7746
559 2254 0 7746
560 2254 0 7746
561 2254 0 7746
562 2254 0 7746
563 2254 0 7746
564 2254 0 7746
565 2254 0 7746
566 2254 0 7746
567 2254 0 7746
568 2254 0 7746
569 2254 0 7746
570 2254 0 7746
571 2254 0 7746
572 2254 0 7746
573 2254 0 7746
574 2254 0 7746
575 2254 0 7746
576 2254 0 7746
577 2254 0 7746
578 2254 0 7746
579 2254 0 7746
580 2254 0 7746
581 2254 0 7746
582 2254 0 7746
583 2254 0 7746
584 2254 0 7746
585 2254 0 7746
586 2254 0 7746
587 2254 0 7746
588 2254 0 7746
589 2254 0 7746
590 2254 0 7746
591 2254 0 7746
592 2254 0 7746
593 2254 0 7746
594 2254 0 7746
595 2254 0 7746
596 2254 0 7746
597 2254 0 7746
598 2254 0 7746
599 2254 0 7746
600 2254 0 7746
601 2254 0 7746
602 2254 0 7746
603 2254 0 7746
604 2254 0 7746
605 2254 0 7746
606 2254 0 7746
607 2254 0 7746
608 2254 0 7746
609 2254 0 7746
610 2254 0 7746
611 2254 0 7746
612 2254 0 7746
613 2254 0 7746
614 2254 0 7746
615 2254 0 7746
616 2254 0 7746
617 2254 0 7746
618 2254 0 7746
619 2254 0 7746
620 2254 0 7746
621 2254 0 7746
622 2254 0 7746
623 2254 0 7746
624 2254 0 7746
625 2254 0 7746
626 2254 0 7746
627 2254 0 7746
628 2254 0 7746
629 2254 0 7746
630 2254 0 7746
631 2254 0 7746
632 2254 0 7746
633 2254 0 7746
634 2254 0 7746
635 2254 0 7746
636 2254 0 7746
637 2254 0 7746
638 2254 0 7746
639 2254 0 7746
640 2254 0 7746
641 2254 0 7746
642 2254 0 7746
643 2254 0 7746
644 2254 0 7746
645 2254 0 7746
646 2254 0 7746
647 2254 0 7746
648 2254 0 7746
649 2254 0 7746
650 2254 0 7746
651 2254 0 7746
652 2254 0 7746
653 2254 0 7746
654 2254 0 7746
655 2254 0 7746
656 2254 0 7746
657 2254 0 7746
658 2254 0 7746
659 2254 0 7746
660 2254 0 7746
661 2254 0 7746
662 2254 0 7746
663 2254 0 7746
664 2254 0 7746
665 2254 0 7746
666 2254 0 7746
667 2254 0 7746
668 2254 0 7746
669 2254 0 7746
670 2254 0 7746
671 2254 0 7746
672 2254 0 7746
673 2254 0 7746
674 2254 0 7746
675 2254 0 7746
676 2254 0 7746
677 2254 0 7746
678 2254 0 7746
679 2254 0 7746
680 2254 0 7746
681 2254 0 7746
682 2254 0 7746
683 2254 0 7746
684 2254 0 7746
685 2254 0 7746
686 2254 0 7746
687 2254 0 7746
688 2254 0 7746
689 2254 0 7746
690 2254 0 7746
691 2254 0 7746
692 2254 0 7746
693 2254 0 7746
694 2254 0 7746
695 2254 0 7746
696 2254 0 7746
697 2254 0 7746
698 2254 0 7746
699 2254 0 7746
700 2254 0 7746
701 2254 0 7746
702 2254 0 7746
703 2254 0 7746
704 2254 0 7746
705 2254 0 7746
706 2254 0 7746
707 2254 0 7746
708 2254 0 7746
709 2254 0 7746
710 2254 0 7746
711 2254 0 7746
712 2254 0 7746
713 2254 0 7746
714 2254 0 7746
715 2254 0 7746
716 2254 0 7746
717 2254 0 7746
718 2254 0 7746
719 2254 0 7746
720 2254 0 7746
721 2254 0 7746
722 2254 0 7746
723 2254 0 7746
724 2254 0 7746
725 2254 0 7746
726 2254 0 7746
727 2254 0 7746
728 2254 0 7746
729 2254 0 7746
730 2254 0 7746
731 2254 0 7746
732 2254 0 7746
733 2254 0 7746
734 2254 0 7746
735 2254 0 7746
736 2254 0 7746
737 2254 0 7746
738 2254 0 7746
739 2254 0 7746
740 2254 0 7746
741 2254 0 7746
742 2254 0 7746
743 2254 0 7746
744 2254 0 7746
745 2254 0 7746
746 2254 0 7746
747 2254 0 7746
748 2254 0 7746
749 2254 0 7746
750 2254 0 7746
751 2254 0 7746
752 2254 0 7746
753 2254 0 7746
754 2254 0 7746
755 2254 0 7746
756 2254 0 7746
757 2254 0 7746
758 2254 0 7746
759 2254 0 7746
760 2254 0 7746
761 2254 0 7746
762 2254 0 7746
763 2254 0 7746
764 2254 0 7746
765 2254 0 7746
766 2254 0 7746
767 2254 0 7746
768 2254 0 7746
769 2254 0 7746
770 2254 0 7746
771 2254 0 7746
772 2254 0 7746
773 2254 0 7746
774 2254 0 7746
775 2254 0 7746
776 2254 0 7746
777 2254 0 7746
778 2254 0 7746
779 2254 0 7746
780 2254 0 7746
781 2254 0 7746
782 2254 0 7746
783 2254 0 7746
784 2254 0 7746
785 2254 0 7746
786 2254 0 7746
787 2254 0 7746
788 2254 0 7746
789 2254 0 7746
790 2254 0 7746
791 2254 0 7746
792 2254 0 7746
793 2254 0 7746
794 2254 0 7746
795 2254 0 7746
796 2254 0 7746
797 2254 0 7746
798 2254 0 7746
799 2254 0 7746
800 2254 0 7746
801 2254 0 7746
802 2254 0 7746
803 2254 0 7746
804 2254 0 7746
805 2254 0 7746
806 2254 0 7746
807 2254 0 7746
808 2254 0 7746
809 2254 0 7746
810 2254 0 7746
811 2254 0 7746
812 2254 0 7746
813 2254 0 7746
814 2254 0 7746
815 2254 0 7746
816 2254 0 7746
817 2254 0 7746
818 2254 0 7746
819 2254 0 7746
820 2254 0 7746
821 2254 0 7746
822 2254 0 7746
823 2254 0 7746
824 2254 0 7746
825 2254 0 7746
826 2254 0 7746
827 2254 0 7746
828 2254 0 7746
829 2254 0 7746
830 2254 0 7746
831 2254 0 7746
832 2254 0 7746
833 2254 0 7746
834 2254 0 7746
835 2254 0 7746
836 2254 0 7746
837 2254 0 7746
838 2254 0 7746
839 2254 0 7746
840 2254 0 7746
841 2254 0 7746
842 2254 0 7746
843 2254 0 7746
844 2254 0 7746
845 2254 0 7746
846 2254 0 7746
847 2254 0 7746
848 2254 0 7746
849 2254 0 7746
850 2254 0 7746
851 2254 0 7746
852 2254 0 7746
853 2254 0 7746
854 2254 0 7746
855 2254 0 7746
856 2254 0 7746
857 2254 0 7746
858 2254 0 7746
859 2254 0 7746
860 2254 0 7746
861 2254 0 7746
862 2254 0 7746
863 2254 0 7746
864 2254 0 7746
865 2254 0 7746
866 2254 0 7746
867 2254 0 7746
868 2254 0 7746
869 2254 0 7746
870 2254 0 7746
871 2254 0 7746
872 2254 0 7746
873 2254 0 7746
874 2254 0 7746
875 2254 0 7746
876 2254 0 7746
877 2254 0 7746
878 2254 0 7746
879 2254 0 7746
880 2254 0 7746
881 2254 0 7746
882 2254 0 7746
883 2254 0 7746
884 2254 0 7746
885 2254 0 7746
886 2254 0 7746
887 2254 0 7746
888 2254 0 7746
889 2254 0 7746
890 2254 0 7746
891 2254 0 7746
892 2254 0 7746
893 2254 0 7746
894 2254 0 7746
895 2254 0 7746
896 2254 0 7746
897 2254 0 7746
898 2254 0 7746
899 2254 0 7746
900 2254 0 7746
901 2254 0 7746
902 2254 0 7746
903 2254 0 7746
904 2254 0 7746
905 2254 0 7746
906 2254 0 7746
907 2254 0 7746
908 2254 0 7746
909 2254 0 7746
910 2254 0 7746
911 2254 0 7746
912 2254 0 7746
913 2254 0 7746
914 2254 0 7746
915 2254 0 7746
916 2254 0 7746
917 2254 0 7746
918 2254 0 7746
919 2254 0 7746
920 2254 0 7746
921 2254 0 7746
922 2254 0 7746
923 2254 0 7746
924 2254 0 7746
925 2254 0 7746
926 2254 0 7746
927 2254 0 7746
928 2254 0 7746
929 2254 0 7746
930 2254 0 7746
931 2254 0 7746
932 2254 0 7746
933 2254 0 7746
934 2254 0 7746
935 2254 0 7746
936 2254 0 7746
937 2254 0 7746
938 2254 0 7746
939 2254 0 7746
940 2254 0 7746
941 2254 0 7746
942 2254 0 7746
943 2254 0 7746
944 2254 0 7746
945 2254 0 7746
946 2254 0 7746
947 2254 0 7746
948 2254 0 7746
949 2254 0 7746
950 2254 0 7746
951 2254 0 7746
952 2254 0 7746
953 2254 0 7746
954 2254 0 7746
955 2254 0 7746
956 2254 0 7746
957 2254 0 7746
958 2254 0 7746
959 2254 0 7746
960 2254 0 7746
961 2254 0 7746
962 2254 0 7746
963 2254 0 7746
964 2254 0 7746
965 2254 0 7746
966 2254 0 7746
967 2254 0 7746
968 2254 0 7746
969 2254 0 7746
970 2254 0 7746
971 2254 0 7746
972 2254 0 7746
973 2254 0 7746
974 2254 0 7746
975 2254 0 7746
976 2254 0 7746
977 2254 0 7746
978 2254 0 7746
979 2254 0 7746
980 2254 0 7746
981 2254 0 7746
982 2254 0 7746
983 2254 0 7746
984 2254 0 7746
985 2254 0 7746
986 2254 0 7746
987 2254 0 7746
988 2254 0 7746
989 2254 0 7746
990 2254 0 7746
991 2254 0 7746
992 2254 0 7746
993 2254 0 7746
994 2254 0 7746
995 2254 0 7746
996 2254 0 7746
997 2254 0 7746
998 2254 0 7746
999 2254 0 7746
