0 9999 1 0
1 9998 2 0
2 9998 1 1
3 9998 1 1
4 9992 7 1
5 9990 8 2
6 9989 9 2
7 9988 8 4
8 9986 8 6
9 9984 8 8
10 9977 13 10
11 9973 13 14
12 9972 12 16
13 9968 13 19
14 9966 11 23
15 9963 11 26
16 9960 10 30
17 9958 12 30
18 9954 15 31
19 9949 16 35
20 9944 20 36
21 9942 17 41
22 9940 16 44
23 9935 17 48
24 9932 18 50
25 9924 23 53
26 9915 28 57
27 9913 24 63
28 9904 29 67
29 9893 33 74
30 9886 28 86
31 9882 27 91
32 9873 31 96
33 9869 24 107
34 9864 25 111
35 9863 22 115
36 9858 21 121
37 9855 18 127
38 9853 16 131
39 9848 18 134
40 9844 20 136
41 9838 21 141
42 9836 21 143
43 9836 17 147
44 9833 18 149
45 9828 20 152
46 9826 18 156
47 9825 16 159
48 9823 15 162
49 9819 14 167
50 9813 18 169
51 9805 19 176
52 9801 22 177
53 9798 22 180
54 9797 18 185
55 9796 16 188
56 9791 19 190
57 9789 20 191
58 9786 23 191
59 9782 19 199
60 9782 18 200
61 9781 14 205
62 9778 15 207
63 9775 16 209
64 9772 14 214
65 9759 25 216
66 9751 31 218
67 9744 35 221
68 9734 38 228
69 9730 35 235
70 9724 36 240
71 9714 39 247
72 9710 35 255
73 9704 34 262
74 9701 27 272
75 9693 26 281
76 9691 22 287
77 9689 15 296
78 9688 12 300
79 9685 13 302
80 9679 19 302
81 9675 22 303
82 9670 23 307
83 9666 23 311
84 9664 22 314
85 9661 24 315
86 9657 24 319
87 9650 27 323
88 9647 28 325
89 9641 29 330
90 9635 33 332
91 9629 35 336
92 9621 37 342
93 9615 40 345
94 9607 41 352
95 9602 40 358
96 9587 45 368
97 9575 49 376
98 9564 51 385
99 9554 51 395
100 9545 52 403
101 9530 58 412
102 9519 57 424
103 9510 56 434
104 9502 52 446
105 9490 52 458
106 9483 52 465
107 9473 56 471
108 9463 50 487
109 9455 49 496
110 9454 42 504
111 9435 51 514
112 9421 55 524
113 9409 54 537
114 9401 56 543
115 9392 58 550
116 9379 64 557
117 9369 66 565
118 9358 67 575
119 9346 67 587
120 9335 69 596
121 9318 69 613
122 9297 80 623
123 9289 71 640
124 9278 69 653
125 9262 78 660
126 9245 79 676
127 9230 85 685
128 9217 84 699
129 9203 85 712
130 9186 90 724
131 9170 89 741
132 9152 90 758
133 9135 92 773
134 9119 100 781
135 9093 108 799
136 9077 105 818
137 9065 102 833
138 9047 101 852
139 9034 102 864
140 9018 105 877
141 9011 89 900
142 8986 103 911
143 8966 99 935
144 8949 99 952
145 8922 105 973
146 8897 115 988
147 8871 114 1015
148 8852 109 1039
149 8837 107 1056
150 8825 98 1077
151 8807 102 1091
152 8782 105 1113
153 8771 97 1132
154 8750 102 1148
155 8735 96 1169
156 8725 94 1181
157 8697 98 1205
158 8682 94 1224
159 8667 92 1241
160 8655 86 1259
161 8627 104 1269
162 8608 104 1288
163 8595 103 1302
164 8576 108 1316
165 8562 100 1338
166 8542 98 1360
167 8520 101 1379
168 8495 112 1393
169 8473 118 1409
170 8456 120 1424
171 8435 126 1439
172 8403 140 1457
173 8377 139 1484
174 8344 145 1511
175 8304 159 1537
176 8269 170 1561
177 8236 185 1579
178 8217 173 1610
179 8191 175 1634
180 8157 179 1664
181 8121 188 1691
182 8090 188 1722
183 8061 187 1752
184 8025 186 1789
185 7998 183 1819
186 7961 195 1844
187 7929 186 1885
188 7893 196 1911
189 7852 198 1950
190 7820 194 1986
191 7789 201 2010
192 7760 199 2041
193 7736 193 2071
194 7697 197 2106
195 7666 198 2136
196 7628 197 2175
197 7603 189 2208
198 7583 166 2251
199 7552 170 2278
200 7519 172 2309
201 7490 172 2338
202 7452 181 2367
203 7412 186 2402
204 7386 179 2435
205 7356 182 2462
206 7323 194 2483
207 7287 203 2510
208 7253 199 2548
209 7216 204 2580
210 7180 204 2616
211 7154 202 2644
212 7127 203 2670
213 7082 213 2705
214 7042 207 2751
215 7018 188 2794
216 6988 186 2826
217 6956 186 2858
218 6926 189 2885
219 6901 188 2911
220 6866 196 2938
221 6838 186 2976
222 6807 182 3011
223 6771 190 3039
224 6742 186 3072
225 6711 185 3104
226 6681 183 3136
227 6655 179 3166
228 6627 170 3203
229 6609 154 3237
230 6583 143 3274
231 6558 135 3307
232 6525 144 3331
233 6497 144 3359
234 6475 134 3391
235 6461 124 3415
236 6446 121 3433
237 6430 116 3454
238 6416 109 3475
239 6404 109 3487
240 6371 127 3502
241 6342 126 3532
242 6326 123 3551
243 6305 125 3570
244 6287 117 3596
245 6271 110 3619
246 6253 107 3640
247 6235 113 3652
248 6222 102 3676
249 6202 111 3687
250 6178 118 3704
251 6168 108 3724
252 6156 98 3746
253 6145 92 3763
254 6134 87 3779
255 6129 76 3795
256 6119 75 3806
257 6106 72 3822
258 6091 67 3842
259 6077 70 3853
260 6066 73 3861
261 6054 74 3872
262 6042 66 3892
263 6029 68 3903
264 6009 74 3917
265 5998 70 3932
266 5970 86 3944
267 5962 70 3968
268 5943 79 3978
269 5929 74 3997
270 5922 72 4006
271 5903 80 4017
272 5886 80 4034
273 5868 79 4053
274 5847 87 4066
275 5826 92 4082
276 5806 95 4099
277 5783 96 4121
278 5761 103 4136
279 5742 106 4152
280 5718 117 4165
281 5702 115 4183
282 5667 135 4198
283 5636 136 4228
284 5608 145 4247
285 5589 132 4279
286 5562 129 4309
287 5531 135 4334
288 5504 134 4362
289 5480 130 4390
290 5449 138 4413
291 5427 133 4440
292 5402 127 4471
293 5385 119 4496
294 5372 108 4520
295 5353 108 4539
296 5344 96 4560
297 5326 101 4573
298 5308 98 4594
299 5281 113 4606
300 5268 104 4628
301 5252 109 4639
302 5231 117 4652
303 5215 111 4674
304 5202 110 4688
305 5185 106 4709
306 5164 114 4722
307 5149 115 4736
308 5135 110 4755
309 5112 119 4769
310 5077 128 4795
311 5052 134 4814
312 5035 127 4838
313 5016 124 4860
314 4995 120 4885
315 4972 118 4910
316 4955 112 4933
317 4935 111 4954
318 4906 117 4977
319 4893 108 4999
320 4869 113 5018
321 4853 105 5042
322 4838 104 5058
323 4825 104 5071
324 4806 98 5096
325 4785 105 5110
326 4770 100 5130
327 4751 106 5143
328 4739 102 5159
329 4721 107 5172
330 4706 101 5193
331 4698 93 5209
332 4682 90 5228
333 4661 104 5235
334 4638 102 5260
335 4620 100 5280
336 4601 99 5300
337 4588 88 5324
338 4572 94 5334
339 4550 105 5345
340 4532 106 5362
341 4509 103 5388
342 4488 114 5398
343 4464 123 5413
344 4446 119 5435
345 4429 117 5454
346 4407 114 5479
347 4386 115 5499
348 4357 120 5523
349 4333 122 5545
350 4315 117 5568
351 4305 110 5585
352 4291 108 5601
353 4276 101 5623
354 4268 89 5643
355 4260 85 5655
356 4252 80 5668
357 4240 77 5683
358 4232 72 5696
359 4224 73 5703
360 4211 71 5718
361 4204 59 5737
362 4194 56 5750
363 4184 56 5760
364 4179 53 5768
365 4169 56 5775
366 4160 57 5783
367 4152 53 5795
368 4144 51 5805
369 4140 45 5815
370 4133 41 5826
371 4125 41 5834
372 4114 46 5840
373 4109 39 5852
374 4099 41 5860
375 4090 42 5868
376 4086 42 5872
377 4079 46 5875
378 4071 46 5883
379 4063 46 5891
380 4057 43 5900
381 4055 40 5905
382 4050 39 5911
383 4044 40 5916
384 4040 35 5925
385 4032 39 5929
386 4029 35 5936
387 4026 31 5943
388 4021 33 5946
389 4016 30 5954
390 4012 29 5959
391 4004 29 5967
392 4003 24 5973
393 4000 25 5975
394 3998 24 5978
395 3993 25 5982
396 3985 31 5984
397 3979 30 5991
398 3978 26 5996
399 3976 24 6000
400 3972 22 6006
401 3971 21 6008
402 3966 23 6011
403 3963 22 6015
404 3962 20 6018
405 3961 14 6025
406 3960 14 6026
407 3957 15 6028
408 3957 14 6029
409 3956 14 6030
410 3956 8 6036
411 3953 11 6036
412 3949 13 6038
413 3947 12 6041
414 3940 17 6043
415 3935 17 6048
416 3931 19 6050
417 3927 20 6053
418 3924 18 6058
419 3922 16 6062
420 3919 16 6065
421 3916 14 6070
422 3916 14 6070
423 3911 15 6074
424 3908 16 6076
425 3904 19 6077
426 3901 20 6079
427 3898 21 6081
428 3893 22 6085
429 3888 23 6089
430 3883 23 6094
431 3879 24 6097
432 3874 23 6103
433 3871 19 6110
434 3869 17 6114
435 3866 15 6119
436 3864 16 6120
437 3862 17 6121
438 3858 20 6122
439 3855 21 6124
440 3849 26 6125
441 3848 25 6127
442 3846 24 6130
443 3845 25 6130
444 3843 24 6133
445 3836 27 6137
446 3834 23 6143
447 3831 24 6145
448 3827 21 6152
449 3826 20 6154
450 3826 19 6155
451 3824 15 6161
452 3824 12 6164
453 3822 13 6165
454 3818 17 6165
455 3817 13 6170
456 3817 8 6175
457 3816 6 6178
458 3815 6 6179
459 3814 6 6180
460 3813 6 6181
461 3812 6 6182
462 3812 6 6182
463 3812 3 6185
464 3812 3 6185
465 3812 1 6187
466 3812 1 6187
467 3812 1 6187
468 3812 1 6187
469 3812 1 6187
470 3812 1 6187
471 3812 1 6187
472 3812 0 6188
473 3812 0 6188
474 3812 0 6188
475 3812 0 6188
476 3812 0 6188
477 3812 0 6188
478 3812 0 6188
479 3812 0 6188
480 3812 0 6188
481 3812 0 6188
482 3812 0 6188
483 3812 0 6188
484 3812 0 6188
485 3812 0 6188
486 3812 0 6188
487 3812 0 6188
488 3812 0 6188
489 3812 0 6188
490 3812 0 6188
491 3812 0 6188
492 3812 0 6188
493 3812 0 6188
494 3812 0 6188
495 3812 0 6188
496 3812 0 6188
497 3812 0 6188
498 3812 0 6188
499 3812 0 6188
500 3812 0 6188
501 3812 0 6188
502 3812 0 6188
503 3812 0 6188
504 3812 0 6188
505 3812 0 6188
506 3812 0 6188
507 3812 0 6188
508 3812 0 6188
509 3812 0 6188
510 3812 0 6188
511 3812 0 6188
512 3812 0 6188
513 3812 0 6188
514 3812 0 6188
515 3812 0 6188
516 3812 0 6188
517 3812 0 6188
518 3812 0 6188
519 3812 0 6188
520 3812 0 6188
521 3812 0 6188
522 3812 0 6188
523 3812 0 6188
524 3812 0 6188
525 3812 0 6188
526 3812 0 6188
527 3812 0 6188
528 3812 0 6188
529 3812 0 6188
530 3812 0 6188
531 3812 0 6188
532 3812 0 6188
533 3812 0 6188
534 3812 0 6188
535 3812 0 6188
536 3812 0 6188
537 3812 0 6188
538 3812 0 6188
539 3812 0 6188
540 3812 0 6188
541 3812 0 6188
542 3812 0 6188
543 3812 0 6188
544 3812 0 6188
545 3812 0 6188
546 3812 0 6188
547 3812 0 6188
548 3812 0 6188
549 3812 0 6188
550 3812 0 6188
551 3812 0 6188
552 3812 0 6188
553 3812 0 6188
554 3812 0 6188
555 3812 0 6188
556 3812 0 6188
557 3812 0 6188
558 3812 0 6188
559 3812 0 6188
560 3812 0 6188
561 3812 0 6188
562 3812 0 6188
563 3812 0 6188
564 3812 0 6188
565 3812 0 6188
566 3812 0 6188
567 3812 0 6188
568 3812 0 6188
569 3812 0 6188
570 3812 0 6188
571 3812 0 6188
572 3812 0 6188
573 3812 0 6188
574 3812 0 6188
575 3812 0 6188
576 3812 0 6188
577 3812 0 6188
578 3812 0 6188
579 3812 0 6188
580 3812 0 6188
581 3812 0 6188
582 3812 0 6188
583 3812 0 6188
584 3812 0 6188
585 3812 0 6188
586 3812 0 6188
587 3812 0 6188
588 3812 0 6188
589 3812 0 6188
590 3812 0 6188
591 3812 0 6188
592 3812 0 6188
593 3812 0 6188
594 3812 0 6188
595 3812 0 6188
596 3812 0 6188
597 3812 0 6188
598 3812 0 6188
599 3812 0 6188
600 3812 0 6188
601 3812 0 6188
602 3812 0 6188
603 3812 0 6188
604 3812 0 6188
605 3812 0 6188
606 3812 0 6188
607 3812 0 6188
608 3812 0 6188
609 3812 0 6188
610 3812 0 6188
611 3812 0 6188
612 3812 0 6188
613 3812 0 6188
614 3812 0 6188
615 3812 0 6188
616 3812 0 6188
617 3812 0 6188
618 3812 0 6188
619 3812 0 6188
620 3812 0 6188
621 3812 0 6188
622 3812 0 6188
623 3812 0 6188
624 3812 0 6188
625 3812 0 6188
626 3812 0 6188
627 3812 0 6188
628 3812 0 6188
629 3812 0 6188
630 3812 0 6188
631 3812 0 6188
632 3812 0 6188
633 3812 0 6188
634 3812 0 6188
635 3812 0 6188
636 3812 0 6188
637 3812 0 6188
638 3812 0 6188
639 3812 0 6188
640 3812 0 6188
641 3812 0 6188
642 3812 0 6188
643 3812 0 6188
644 3812 0 6188
645 3812 0 6188
646 3812 0 6188
647 3812 0 6188
648 3812 0 6188
649 3812 0 6188
650 3812 0 6188
651 3812 0 6188
652 3812 0 6188
653 3812 0 6188
654 3812 0 6188
655 3812 0 6188
656 3812 0 6188
657 3812 0 6188
658 3812 0 6188
659 3812 0 6188
660 3812 0 6188
661 3812 0 6188
662 3812 0 6188
663 3812 0 6188
664 3812 0 6188
665 3812 0 6188
666 3812 0 6188
667 3812 0 6188
668 3812 0 6188
669 3812 0 6188
670 3812 0 6188
671 3812 0 6188
672 3812 0 6188
673 3812 0 6188
674 3812 0 6188
675 3812 0 6188
676 3812 0 6188
677 3812 0 6188
678 3812 0 6188
679 3812 0 6188
680 3812 0 6188
681 3812 0 6188
682 3812 0 6188
683 3812 0 6188
684 3812 0 6188
685 3812 0 6188
686 3812 0 6188
687 3812 0 6188
688 3812 0 6188
689 3812 0 6188
690 3812 0 6188
691 3812 0 6188
692 3812 0 6188
693 3812 0 6188
694 3812 0 6188
695 3812 0 6188
696 3812 0 6188
697 3812 0 6188
698 3812 0 6188
699 3812 0 6188
700 3812 0 6188
701 3812 0 6188
702 3812 0 6188
703 3812 0 6188
704 3812 0 6188
705 3812 0 6188
706 3812 0 6188
707 3812 0 6188
708 3812 0 6188
709 3812 0 6188
710 3812 0 6188
711 3812 0 6188
712 3812 0 6188
713 3812 0 6188
714 3812 0 6188
715 3812 0 6188
716 3812 0 6188
717 3812 0 6188
718 3812 0 6188
719 3812 0 6188
720 3812 0 6188
721 3812 0 6188
722 3812 0 6188
723 3812 0 6188
724 3812 0 6188
725 3812 0 6188
726 3812 0 6188
727 3812 0 6188
728 3812 0 6188
729 3812 0 6188
730 3812 0 6188
731 3812 0 6188
732 3812 0 6188
733 3812 0 6188
734 3812 0 6188
735 3812 0 6188
736 3812 0 6188
737 3812 0 6188
738 3812 0 6188
739 3812 0 6188
740 3812 0 6188
741 3812 0 6188
742 3812 0 6188
743 3812 0 6188
744 3812 0 6188
745 3812 0 6188
746 3812 0 6188
747 3812 0 6188
748 3812 0 6188
749 3812 0 6188
750 3812 0 6188
751 3812 0 6188
752 3812 0 6188
753 3812 0 6188
754 3812 0 6188
755 3812 0 6188
756 3812 0 6188
757 3812 0 6188
758 3812 0 6188
759 3812 0 6188
760 3812 0 6188
761 3812 0 6188
762 3812 0 6188
763 3812 0 6188
764 3812 0 6188
765 3812 0 6188
766 3812 0 6188
767 3812 0 6188
768 3812 0 6188
769 3812 0 6188
770 3812 0 6188
771 3812 0 6188
772 3812 0 6188
773 3812 0 6188
774 3812 0 6188
775 3812 0 6188
776 3812 0 6188
777 3812 0 6188
778 3812 0 6188
779 3812 0 6188
780 3812 0 6188
781 3812 0 6188
782 3812 0 6188
783 3812 0 6188
784 3812 0 6188
785 3812 0 6188
786 3812 0 6188
787 3812 0 6188
788 3812 0 6188
789 3812 0 6188
790 3812 0 6188
791 3812 0 6188
792 3812 0 6188
793 3812 0 6188
794 3812 0 6188
795 3812 0 6188
796 3812 0 6188
797 3812 0 6188
798 3812 0 6188
799 3812 0 6188
800 3812 0 6188
801 3812 0 6188
802 3812 0 6188
803 3812 0 6188
804 3812 0 6188
805 3812 0 6188
806 3812 0 6188
807 3812 0 6188
808 3812 0 6188
809 3812 0 6188
810 3812 0 6188
811 3812 0 6188
812 3812 0 6188
813 3812 0 6188
814 3812 0 6188
815 3812 0 6188
816 3812 0 6188
817 3812 0 6188
818 3812 0 6188
819 3812 0 6188
820 3812 0 6188
821 3812 0 6188
822 3812 0 6188
823 3812 0 6188
824 3812 0 6188
825 3812 0 6188
826 3812 0 6188
827 3812 0 6188
828 3812 0 6188
829 3812 0 6188
830 3812 0 6188
831 3812 0 6188
832 3812 0 6188
833 3812 0 6188
834 3812 0 6188
835 3812 0 6188
836 3812 0 6188
837 3812 0 6188
838 3812 0 6188
839 3812 0 6188
840 3812 0 6188
841 3812 0 6188
842 3812 0 6188
843 3812 0 6188
844 3812 0 6188
845 3812 0 6188
846 3812 0 6188
847 3812 0 6188
848 3812 0 6188
849 3812 0 6188
850 3812 0 6188
851 3812 0 6188
852 3812 0 6188
853 3812 0 6188
854 3812 0 6188
855 3812 0 6188
856 3812 0 6188
857 3812 0 6188
858 3812 0 6188
859 3812 0 6188
860 3812 0 6188
861 3812 0 6188
862 3812 0 6188
863 3812 0 6188
864 3812 0 6188
865 3812 0 6188
866 3812 0 6188
867 3812 0 6188
868 3812 0 6188
869 3812 0 6188
870 3812 0 6188
871 3812 0 6188
872 3812 0 6188
873 3812 0 6188
874 3812 0 6188
875 3812 0 6188
876 3812 0 6188
877 3812 0 6188
878 3812 0 6188
879 3812 0 6188
880 3812 0 6188
881 3812 0 6188
882 3812 0 6188
883 3812 0 6188
884 3812 0 6188
885 3812 0 6188
886 3812 0 6188
887 3812 0 6188
888 3812 0 6188
889 3812 0 6188
890 3812 0 6188
891 3812 0 6188
892 3812 0 6188
893 3812 0 6188
894 3812 0 6188
895 3812 0 6188
896 3812 0 6188
897 3812 0 6188
898 3812 0 6188
899 3812 0 6188
900 3812 0 6188
901 3812 0 6188
902 3812 0 6188
903 3812 0 6188
904 3812 0 6188
905 3812 0 6188
906 3812 0 6188
907 3812 0 6188
908 3812 0 6188
909 3812 0 6188
910 3812 0 6188
911 3812 0 6188
912 3812 0 6188
913 3812 0 6188
914 3812 0 6188
915 3812 0 6188
916 3812 0 6188
917 3812 0 6188
918 3812 0 6188
919 3812 0 6188
920 3812 0 6188
921 3812 0 6188
922 3812 0 6188
923 3812 0 6188
924 3812 0 6188
925 3812 0 6188
926 3812 0 6188
927 3812 0 6188
928 3812 0 6188
929 3812 0 6188
930 3812 0 6188
931 3812 0 6188
932 3812 0 6188
933 3812 0 6188
934 3812 0 6188
935 3812 0 6188
936 3812 0 6188
937 3812 0 6188
938 3812 0 6188
939 3812 0 6188
940 3812 0 6188
941 3812 0 6188
942 3812 0 6188
943 3812 0 6188
944 3812 0 6188
945 3812 0 6188
946 3812 0 6188
947 3812 0 6188
948 3812 0 6188
949 3812 0 6188
950 3812 0 6188
951 3812 0 6188
952 3812 0 6188
953 3812 0 6188
954 3812 0 6188
955 3812 0 6188
956 3812 0 6188
957 3812 0 6188
958 3812 0 6188
959 3812 0 6188
960 3812 0 6188
961 3812 0 6188
962 3812 0 6188
963 3812 0 6188
964 3812 0 6188
965 3812 0 6188
966 3812 0 6188
967 3812 0 6188
968 3812 0 6188
969 3812 0 6188
970 3812 0 6188
971 3812 0 6188
972 3812 0 6188
973 3812 0 6188
974 3812 0 6188
975 3812 0 6188
976 3812 0 6188
977 3812 0 6188
978 3812 0 6188
979 3812 0 6188
980 3812 0 6188
981 3812 0 6188
982 3812 0 6188
983 3812 0 6188
984 3812 0 6188
985 3812 0 6188
986 3812 0 6188
987 3812 0 6188
988 3812 0 6188
989 3812 0 6188
990 3812 0 6188
991 3812 0 6188
992 3812 0 6188
993 3812 0 6188
994 3812 0 6188
995 3812 0 6188
996 3812 0 6188
997 3812 0 6188
998 3812 0 6188
999 3812 0 6188
