0 9999 1 0
1 9999 1 0
2 9999 1 0
3 9999 1 0
4 9999 1 0
5 9999 1 0
6 9998 1 1
7 9998 1 1
8 9998 1 1
9 9998 1 1
10 9996 3 1
11 9996 2 2
12 9995 3 2
13 9992 5 3
14 9990 6 4
15 9988 7 5
16 9986 8 6
17 9985 8 7
18 9979 13 8
19 9978 12 10
20 9972 17 11
21 9968 15 17
22 9965 13 22
23 9961 16 23
24 9956 18 26
25 9953 19 28
26 9949 19 32
27 9946 18 36
28 9939 21 40
29 9938 19 43
30 9932 22 46
31 9928 21 51
32 9924 24 52
33 9919 27 54
34 9918 24 58
35 9909 29 62
36 9901 33 66
37 9896 32 72
38 9892 31 77
39 9889 29 82
40 9882 29 89
41 9874 31 95
42 9863 38 99
43 9854 39 107
44 9841 43 116
45 9823 53 124
46 9811 58 131
47 9806 54 140
48 9799 54 147
49 9783 61 156
50 9777 53 170
51 9769 55 176
52 9764 50 186
53 9756 49 195
54 9752 42 206
55 9750 39 211
56 9746 36 218
57 9744 34 222
58 9735 38 227
59 9734 33 233
60 9731 31 238
61 9724 33 243
62 9718 31 251
63 9717 25 258
64 9714 27 259
65 9713 25 262
66 9710 23 267
67 9709 19 272
68 9705 21 274
69 9704 18 278
70 9702 16 282
71 9698 17 285
72 9688 25 287
73 9679 30 291
74 9671 35 294
75 9661 39 300
76 9649 46 305
77 9638 45 317
78 9630 43 327
79 9620 44 336
80 9614 42 344
81 9611 36 353
82 9602 35 363
83 9591 41 368
84 9584 44 372
85 9572 46 382
86 9560 50 390
87 9549 52 399
88 9534 62 404
89 9524 58 418
90 9511 59 430
91 9504 57 439
92 9492 65 443
93 9484 60 456
94 9469 69 462
95 9456 71 473
96 9440 77 483
97 9432 71 497
98 9424 61 515
99 9421 54 525
100 9417 50 533
101 9408 54 538
102 9404 50 546
103 9389 58 553
104 9375 59 566
105 9360 66 574
106 9341 73 586
107 9324 82 594
108 9307 88 605
109 9288 94 618
110 9272 93 635
111 9256 92 652
112 9233 100 667
113 9213 99 688
114 9188 103 709
115 9167 113 720
116 9141 122 737
117 9116 123 761
118 9094 130 776
119 9081 123 796
120 9061 119 820
121 9048 110 842
122 9026 109 865
123 9011 101 888
124 8997 98 905
125 8981 97 922
126 8958 103 939
127 8939 104 957
128 8909 123 968
129 8886 128 986
130 8857 130 1013
131 8824 146 1030
132 8799 139 1062
133 8777 137 1086
134 8756 142 1102
135 8726 134 1140
136 8701 135 1164
137 8673 142 1185
138 8656 136 1208
139 8624 144 1232
140 8585 155 1260
141 8544 166 1290
142 8509 170 1321
143 8481 173 1346
144 8456 167 1377
145 8429 176 1395
146 8395 183 1422
147 8363 187 1450
148 8337 179 1484
149 8290 188 1522
150 8255 199 1546
151 8219 202 1579
152 8183 209 1608
153 8150 204 1646
154 8112 202 1686
155 8078 206 1716
156 8052 194 1754
157 8024 189 1787
158 7991 184 1825
159 7963 184 1853
160 7946 165 1889
161 7926 157 1917
162 7900 153 1947
163 7888 139 1973
164 7865 135 2000
165 7843 134 2023
166 7823 125 2052
167 7802 119 2079
168 7775 127 2098
169 7747 140 2113
170 7716 140 2144
171 7684 145 2171
172 7660 140 2200
173 7629 142 2229
174 7606 139 2255
175 7589 121 2290
176 7565 132 2303
177 7546 128 2326
178 7529 122 2349
179 7511 118 2371
180 7492 117 2391
181 7479 111 2410
182 7455 118 2427
183 7442 111 2447
184 7430 100 2470
185 7412 104 2484
186 7397 102 2501
187 7381 103 2516
188 7370 95 2535
189 7357 92 2551
190 7345 93 2562
191 7333 80 2587
192 7311 88 2601
193 7293 89 2618
194 7279 80 2641
195 7266 77 2657
196 7259 71 2670
197 7247 70 2683
198 7234 62 2704
199 7223 63 2714
200 7213 61 2726
201 7197 65 2738
202 7187 63 2750
203 7178 66 2756
204 7157 76 2767
205 7143 86 2771
206 7120 88 2792
207 7110 81 2809
208 7091 81 2828
209 7072 84 2844
210 7061 78 2861
211 7046 82 2872
212 7032 83 2885
213 7015 86 2899
214 6998 90 2912
215 6982 85 2933
216 6968 85 2947
217 6953 88 2959
218 6942 79 2979
219 6925 82 2993
220 6916 78 3006
221 6905 71 3024
222 6892 73 3035
223 6879 75 3046
224 6865 77 3058
225 6851 75 3074
226 6842 72 3086
227 6832 70 3098
228 6820 68 3112
229 6801 72 3127
230 6793 66 3141
231 6772 74 3154
232 6751 77 3172
233 6727 88 3185
234 6716 86 3198
235 6696 87 3217
236 6679 83 3238
237 6665 88 3247
238 6658 77 3265
239 6649 71 3280
240 6636 75 3289
241 6620 79 3301
242 6612 72 3316
243 6601 69 3330
244 6590 70 3340
245 6580 67 3353
246 6574 60 3366
247 6567 55 3378
248 6558 50 3392
249 6548 54 3398
250 6539 52 3409
251 6526 59 3415
252 6514 60 3426
253 6505 61 3434
254 6490 61 3449
255 6479 65 3456
256 6464 74 3462
257 6460 69 3471
258 6450 67 3483
259 6438 62 3500
260 6427 58 3515
261 6413 58 3529
262 6398 63 3539
263 6380 73 3547
264 6363 79 3558
265 6346 74 3580
266 6332 76 3592
267 6315 78 3607
268 6298 81 3621
269 6287 72 3641
270 6267 77 3656
271 6249 82 3669
272 6239 73 3688
273 6227 71 3702
274 6209 75 3716
275 6186 88 3726
276 6164 94 3742
277 6153 90 3757
278 6136 90 3774
279 6128 89 3783
280 6109 93 3798
281 6093 94 3813
282 6079 93 3828
283 6059 94 3847
284 6045 92 3863
285 6028 94 3878
286 6019 90 3891
287 6004 88 3908
288 5989 89 3922
289 5967 100 3933
290 5951 101 3948
291 5932 99 3969
292 5916 96 3988
293 5900 94 4006
294 5888 90 4022
295 5874 89 4037
296 5854 94 4052
297 5836 101 4063
298 5815 104 4081
299 5789 116 4095
300 5772 115 4113
301 5757 108 4135
302 5740 103 4157
303 5717 105 4178
304 5701 98 4201
305 5689 96 4215
306 5672 93 4235
307 5657 86 4257
308 5643 87 4270
309 5625 86 4289
310 5609 86 4305
311 5589 94 4317
312 5570 100 4330
313 5552 93 4355
314 5529 99 4372
315 5497 114 4389
316 5460 130 4410
317 5431 128 4441
318 5407 132 4461
319 5373 134 4493
320 5351 134 4515
321 5328 137 4535
322 5299 140 4561
323 5272 146 4582
324 5244 148 4608
325 5217 155 4628
326 5177 159 4664
327 5151 148 4701
328 5126 150 4724
329 5103 146 4751
330 5088 135 4777
331 5066 132 4802
332 5052 130 4818
333 5034 125 4841
334 5004 131 4865
335 4985 125 4890
336 4967 122 4911
337 4957 109 4934
338 4939 110 4951
339 4932 97 4971
340 4914 102 4984
341 4902 97 5001
342 4887 93 5020
343 4869 99 5032
344 4848 109 5043
345 4821 120 5059
346 4805 121 5074
347 4786 116 5098
348 4766 118 5116
349 4757 101 5142
350 4748 92 5160
351 4741 84 5175
352 4727 81 5192
353 4714 83 5203
354 4708 74 5218
355 4686 77 5237
356 4671 79 5250
357 4656 83 5261
358 4640 88 5272
359 4624 88 5288
360 4610 83 5307
361 4594 83 5323
362 4580 85 5335
363 4565 86 5349
364 4547 84 5369
365 4534 82 5384
366 4519 83 5398
367 4508 83 5409
368 4495 81 5424
369 4487 74 5439
370 4474 81 5445
371 4456 79 5465
372 4434 90 5476
373 4415 97 5488
374 4399 93 5508
375 4388 89 5523
376 4371 88 5541
377 4349 101 5550
378 4318 115 5567
379 4296 118 5586
380 4280 110 5610
381 4268 103 5629
382 4251 106 5643
383 4241 99 5660
384 4227 98 5675
385 4218 88 5694
386 4210 83 5707
387 4200 81 5719
388 4192 78 5730
389 4184 74 5742
390 4173 67 5760
391 4161 66 5773
392 4145 69 5786
393 4137 63 5800
394 4126 66 5808
395 4115 64 5821
396 4103 62 5835
397 4093 62 5845
398 4086 61 5853
399 4072 63 5865
400 4056 66 5878
401 4037 71 5892
402 4028 67 5905
403 4012 67 5921
404 3997 72 5931
405 3987 75 5938
406 3975 71 5954
407 3965 69 5966
408 3950 69 5981
409 3940 69 5991
410 3927 70 6003
411 3913 68 6019
412 3894 69 6037
413 3887 69 6044
414 3871 73 6056
415 3848 85 6067
416 3834 85 6081
417 3824 76 6100
418 3810 71 6119
419 3799 65 6136
420 3796 56 6148
421 3792 54 6154
422 3785 53 6162
423 3777 55 6168
424 3771 53 6176
425 3756 59 6185
426 3747 57 6196
427 3740 56 6204
428 3731 49 6220
429 3727 47 6226
430 3722 44 6234
431 3712 48 6240
432 3702 48 6250
433 3692 50 6258
434 3683 48 6269
435 3666 55 6279
436 3659 55 6286
437 3644 65 6291
438 3631 67 6302
439 3617 69 6314
440 3603 72 6325
441 3585 78 6337
442 3574 77 6349
443 3566 68 6366
444 3556 71 6373
445 3547 61 6392
446 3540 57 6403
447 3529 56 6415
448 3517 60 6423
449 3507 62 6431
450 3499 61 6440
451 3482 63 6455
452 3468 67 6465
453 3454 65 6481
454 3444 63 6493
455 3436 64 6500
456 3421 67 6512
457 3409 66 6525
458 3388 77 6535
459 3378 73 6549
460 3361 81 6558
461 3352 72 6576
462 3333 73 6594
463 3322 71 6607
464 3316 62 6622
465 3311 52 6637
466 3299 56 6645
467 3285 59 6656
468 3273 59 6668
469 3259 58 6683
470 3248 57 6695
471 3231 63 6706
472 3217 65 6718
473 3211 62 6727
474 3200 62 6738
475 3196 50 6754
476 3188 49 6763
477 3181 48 6771
478 3178 44 6778
479 3175 36 6789
480 3171 35 6794
481 3165 31 6804
482 3163 27 6810
483 3158 28 6814
484 3157 24 6819
485 3153 21 6826
486 3148 23 6829
487 3148 22 6830
488 3144 20 6836
489 3142 19 6839
490 3142 17 6841
491 3141 17 6842
492 3140 15 6845
493 3140 13 6847
494 3139 12 6849
495 3137 14 6849
496 3134 16 6850
497 3134 14 6852
498 3131 16 6853
499 3130 14 6856
500 3130 10 6860
501 3130 9 6861
502 3130 9 6861
503 3128 9 6863
504 3128 7 6865
505 3127 8 6865
506 3126 8 6866
507 3126 7 6867
508 3125 8 6867
509 3124 9 6867
510 3124 6 6870
511 3124 6 6870
512 3124 4 6872
513 3124 2 6874
514 3124 2 6874
515 3124 2 6874
516 3124 2 6874
517 3124 1 6875
518 3124 1 6875
519 3124 1 6875
520 3124 1 6875
521 3124 0 6876
522 3124 0 6876
523 3124 0 6876
524 3124 0 6876
525 3124 0 6876
526 3124 0 6876
527 3124 0 6876
528 3124 0 6876
529 3124 0 6876
530 3124 0 6876
531 3124 0 6876
532 3124 0 6876
533 3124 0 6876
534 3124 0 6876
535 3124 0 6876
536 3124 0 6876
537 3124 0 6876
538 3124 0 6876
539 3124 0 6876
540 3124 0 6876
541 3124 0 6876
542 3124 0 6876
543 3124 0 6876
544 3124 0 6876
545 3124 0 6876
546 3124 0 6876
547 3124 0 6876
548 3124 0 6876
549 3124 0 6876
550 3124 0 6876
551 3124 0 6876
552 3124 0 6876
553 3124 0 6876
554 3124 0 6876
555 3124 0 6876
556 3124 0 6876
557 3124 0 6876
558 3124 0 6876
559 3124 0 6876
560 3124 0 6876
561 3124 0 6876
562 3124 0 6876
563 3124 0 6876
564 3124 0 6876
565 3124 0 6876
566 3124 0 6876
567 3124 0 6876
568 3124 0 6876
569 3124 0 6876
570 3124 0 6876
571 3124 0 6876
572 3124 0 6876
573 3124 0 6876
574 3124 0 6876
575 3124 0 6876
576 3124 0 6876
577 3124 0 6876
578 3124 0 6876
579 3124 0 6876
580 3124 0 6876
581 3124 0 6876
582 3124 0 6876
583 3124 0 6876
584 3124 0 6876
585 3124 0 6876
586 3124 0 6876
587 3124 0 6876
588 3124 0 6876
589 3124 0 6876
590 3124 0 6876
591 3124 0 6876
592 3124 0 6876
593 3124 0 6876
594 3124 0 6876
595 3124 0 6876
596 3124 0 6876
597 3124 0 6876
598 3124 0 6876
599 3124 0 6876
600 3124 0 6876
601 3124 0 6876
602 3124 0 6876
603 3124 0 6876
604 3124 0 6876
605 3124 0 6876
606 3124 0 6876
607 3124 0 6876
608 3124 0 6876
609 3124 0 6876
610 3124 0 6876
611 3124 0 6876
612 3124 0 6876
613 3124 0 6876
614 3124 0 6876
615 3124 0 6876
616 3124 0 6876
617 3124 0 6876
618 3124 0 6876
619 3124 0 6876
620 3124 0 6876
621 3124 0 6876
622 3124 0 6876
623 3124 0 6876
624 3124 0 6876
625 3124 0 6876
626 3124 0 6876
627 3124 0 6876
628 3124 0 6876
629 3124 0 6876
630 3124 0 6876
631 3124 0 6876
632 3124 0 6876
633 3124 0 6876
634 3124 0 6876
635 3124 0 6876
636 3124 0 6876
637 3124 0 6876
638 3124 0 6876
639 3124 0 6876
640 3124 0 6876
641 3124 0 6876
642 3124 0 6876
643 3124 0 6876
644 3124 0 6876
645 3124 0 6876
646 3124 0 6876
647 3124 0 6876
648 3124 0 6876
649 3124 0 6876
650 3124 0 6876
651 3124 0 6876
652 3124 0 6876
653 3124 0 6876
654 3124 0 6876
655 3124 0 6876
656 3124 0 6876
657 3124 0 6876
658 3124 0 6876
659 3124 0 6876
660 3124 0 6876
661 3124 0 6876
662 3124 0 6876
663 3124 0 6876
664 3124 0 6876
665 3124 0 6876
666 3124 0 6876
667 3124 0 6876
668 3124 0 6876
669 3124 0 6876
670 3124 0 6876
671 3124 0 6876
672 3124 0 6876
673 3124 0 6876
674 3124 0 6876
675 3124 0 6876
676 3124 0 6876
677 3124 0 6876
678 3124 0 6876
679 3124 0 6876
680 3124 0 6876
681 3124 0 6876
682 3124 0 6876
683 3124 0 6876
684 3124 0 6876
685 3124 0 6876
686 3124 0 6876
687 3124 0 6876
688 3124 0 6876
689 3124 0 6876
690 3124 0 6876
691 3124 0 6876
692 3124 0 6876
693 3124 0 6876
694 3124 0 6876
695 3124 0 6876
696 3124 0 6876
697 3124 0 6876
698 3124 0 6876
699 3124 0 6876
700 3124 0 6876
701 3124 0 6876
702 3124 0 6876
703 3124 0 6876
704 3124 0 6876
705 3124 0 6876
706 3124 0 6876
707 3124 0 6876
708 3124 0 6876
709 3124 0 6876
710 3124 0 6876
711 3124 0 6876
712 3124 0 6876
713 3124 0 6876
714 3124 0 6876
715 3124 0 6876
716 3124 0 6876
717 3124 0 6876
718 3124 0 6876
719 3124 0 6876
720 3124 0 6876
721 3124 0 6876
722 3124 0 6876
723 3124 0 6876
724 3124 0 6876
725 3124 0 6876
726 3124 0 6876
727 3124 0 6876
728 3124 0 6876
729 3124 0 6876
730 3124 0 6876
731 3124 0 6876
732 3124 0 6876
733 3124 0 6876
734 3124 0 6876
735 3124 0 6876
736 3124 0 6876
737 3124 0 6876
738 3124 0 6876
739 3124 0 6876
740 3124 0 6876
741 3124 0 6876
742 3124 0 6876
743 3124 0 6876
744 3124 0 6876
745 3124 0 6876
746 3124 0 6876
747 3124 0 6876
748 3124 0 6876
749 3124 0 6876
750 3124 0 6876
751 3124 0 6876
752 3124 0 6876
753 3124 0 6876
754 3124 0 6876
755 3124 0 6876
756 3124 0 6876
757 3124 0 6876
758 3124 0 6876
759 3124 0 6876
760 3124 0 6876
761 3124 0 6876
762 3124 0 6876
763 3124 0 6876
764 3124 0 6876
765 3124 0 6876
766 3124 0 6876
767 3124 0 6876
768 3124 0 6876
769 3124 0 6876
770 3124 0 6876
771 3124 0 6876
772 3124 0 6876
773 3124 0 6876
774 3124 0 6876
775 3124 0 6876
776 3124 0 6876
777 3124 0 6876
778 3124 0 6876
779 3124 0 6876
780 3124 0 6876
781 3124 0 6876
782 3124 0 6876
783 3124 0 6876
784 3124 0 6876
785 3124 0 6876
786 3124 0 6876
787 3124 0 6876
788 3124 0 6876
789 3124 0 6876
790 3124 0 6876
791 3124 0 6876
792 3124 0 6876
793 3124 0 6876
794 3124 0 6876
795 3124 0 6876
796 3124 0 6876
797 3124 0 6876
798 3124 0 6876
799 3124 0 6876
800 3124 0 6876
801 3124 0 6876
802 3124 0 6876
803 3124 0 6876
804 3124 0 6876
805 3124 0 6876
806 3124 0 6876
807 3124 0 6876
808 3124 0 6876
809 3124 0 6876
810 3124 0 6876
811 3124 0 6876
812 3124 0 6876
813 3124 0 6876
814 3124 0 6876
815 3124 0 6876
816 3124 0 6876
817 3124 0 6876
818 3124 0 6876
819 3124 0 6876
820 3124 0 6876
821 3124 0 6876
822 3124 0 6876
823 3124 0 6876
824 3124 0 6876
825 3124 0 6876
826 3124 0 6876
827 3124 0 6876
828 3124 0 6876
829 3124 0 6876
830 3124 0 6876
831 3124 0 6876
832 3124 0 6876
833 3124 0 6876
834 3124 0 6876
835 3124 0 6876
836 3124 0 6876
837 3124 0 6876
838 3124 0 6876
839 3124 0 6876
840 3124 0 6876
841 3124 0 6876
842 3124 0 6876
843 3124 0 6876
844 3124 0 6876
845 3124 0 6876
846 3124 0 6876
847 3124 0 6876
848 3124 0 6876
849 3124 0 6876
850 3124 0 6876
851 3124 0 6876
852 3124 0 6876
853 3124 0 6876
854 3124 0 6876
855 3124 0 6876
856 3124 0 6876
857 3124 0 6876
858 3124 0 6876
859 3124 0 6876
860 3124 0 6876
861 3124 0 6876
862 3124 0 6876
863 3124 0 6876
864 3124 0 6876
865 3124 0 6876
866 3124 0 6876
867 3124 0 6876
868 3124 0 6876
869 3124 0 6876
870 3124 0 6876
871 3124 0 6876
872 3124 0 6876
873 3124 0 6876
874 3124 0 6876
875 3124 0 6876
876 3124 0 6876
877 3124 0 6876
878 3124 0 6876
879 3124 0 6876
880 3124 0 6876
881 3124 0 6876
882 3124 0 6876
883 3124 0 6876
884 3124 0 6876
885 3124 0 6876
886 3124 0 6876
887 3124 0 6876
888 3124 0 6876
889 3124 0 6876
890 3124 0 6876
891 3124 0 6876
892 3124 0 6876
893 3124 0 6876
894 3124 0 6876
895 3124 0 6876
896 3124 0 6876
897 3124 0 6876
898 3124 0 6876
899 3124 0 6876
900 3124 0 6876
901 3124 0 6876
902 3124 0 6876
903 3124 0 6876
904 3124 0 6876
905 3124 0 6876
906 3124 0 6876
907 3124 0 6876
908 3124 0 6876
909 3124 0 6876
910 3124 0 6876
911 3124 0 6876
912 3124 0 6876
913 3124 0 6876
914 3124 0 6876
915 3124 0 6876
916 3124 0 6876
917 3124 0 6876
918 3124 0 6876
919 3124 0 6876
920 3124 0 6876
921 3124 0 6876
922 3124 0 6876
923 3124 0 6876
924 3124 0 6876
925 3124 0 6876
926 3124 0 6876
927 3124 0 6876
928 3124 0 6876
929 3124 0 6876
930 3124 0 6876
931 3124 0 6876
932 3124 0 6876
933 3124 0 6876
934 3124 0 6876
935 3124 0 6876
936 3124 0 6876
937 3124 0 6876
938 3124 0 6876
939 3124 0 6876
940 3124 0 6876
941 3124 0 6876
942 3124 0 6876
943 3124 0 6876
944 3124 0 6876
945 3124 0 6876
946 3124 0 6876
947 3124 0 6876
948 3124 0 6876
949 3124 0 6876
950 3124 0 6876
951 3124 0 6876
952 3124 0 6876
953 3124 0 6876
954 3124 0 6876
955 3124 0 6876
956 3124 0 6876
957 3124 0 6876
958 3124 0 6876
959 3124 0 6876
960 3124 0 6876
961 3124 0 6876
962 3124 0 6876
963 3124 0 6876
964 3124 0 6876
965 3124 0 6876
966 3124 0 6876
967 3124 0 6876
968 3124 0 6876
969 3124 0 6876
970 3124 0 6876
971 3124 0 6876
972 3124 0 6876
973 3124 0 6876
974 3124 0 6876
975 3124 0 6876
976 3124 0 6876
977 3124 0 6876
978 3124 0 6876
979 3124 0 6876
980 3124 0 6876
981 3124 0 6876
982 3124 0 6876
983 3124 0 6876
984 3124 0 6876
985 3124 0 6876
986 3124 0 6876
987 3124 0 6876
988 3124 0 6876
989 3124 0 6876
990 3124 0 6876
991 3124 0 6876
992 3124 0 6876
993 3124 0 6876
994 3124 0 6876
995 3124 0 6876
996 3124 0 6876
997 3124 0 6876
998 3124 0 6876
999 3124 0 6876
