0 9999 1 0
1 9998 2 0
2 9997 3 0
3 9997 3 0
4 9994 6 0
5 9991 9 0
6 9989 11 0
7 9983 17 0
8 9977 22 1
9 9969 27 4
10 9966 28 6
11 9957 30 13
12 9954 30 16
13 9944 36 20
14 9937 42 21
15 9926 43 31
16 9918 44 38
17 9912 36 52
18 9908 36 56
19 9901 38 61
20 9891 39 70
21 9881 42 77
22 9875 43 82
23 9868 38 94
24 9864 37 99
25 9851 44 105
26 9847 40 113
27 9837 42 121
28 9831 38 131
29 9824 36 140
30 9814 38 148
31 9806 39 155
32 9799 32 169
33 9796 32 172
34 9791 30 179
35 9785 34 181
36 9772 41 187
37 9768 38 194
38 9761 38 201
39 9753 35 212
40 9746 31 223
41 9732 40 228
42 9722 40 238
43 9715 38 247
44 9711 36 253
45 9702 37 261
46 9694 35 271
47 9690 33 277
48 9681 36 283
49 9674 36 290
50 9660 45 295
51 9648 49 303
52 9639 50 311
53 9624 52 324
54 9608 58 334
55 9593 63 344
56 9572 80 348
57 9550 88 362
58 9520 104 376
59 9504 106 390
60 9493 108 399
61 9470 109 421
62 9444 113 443
63 9424 122 454
64 9399 125 476
65 9381 123 496
66 9365 120 515
67 9341 118 541
68 9323 117 560
69 9307 106 587
70 9292 107 601
71 9281 91 628
72 9258 102 640
73 9238 110 652
74 9217 112 671
75 9202 104 694
76 9184 103 713
77 9161 109 730
78 9140 110 750
79 9129 102 769
80 9114 88 798
81 9098 90 812
82 9068 98 834
83 9051 96 853
84 9026 98 876
85 9009 94 897
86 8988 98 914
87 8976 93 931
88 8951 101 948
89 8926 108 966
90 8900 109 991
91 8879 108 1013
92 8862 109 1029
93 8842 107 1051
94 8832 95 1073
95 8814 101 1085
96 8797 98 1105
97 8772 105 1123
98 8757 98 1145
99 8738 95 1167
100 8709 110 1181
101 8689 108 1203
102 8662 118 1220
103 8638 124 1238
104 8619 124 1257
105 8594 132 1274
106 8567 131 1302
107 8540 131 1329
108 8507 141 1352
109 8483 143 1374
110 8455 148 1397
111 8435 141 1424
112 8418 142 1440
113 8397 139 1464
114 8369 135 1496
115 8347 128 1525
116 8322 130 1548
117 8299 124 1577
118 8281 129 1590
119 8263 123 1614
120 8243 118 1639
121 8220 124 1656
122 8197 127 1676
123 8172 125 1703
124 8153 118 1729
125 8135 111 1754
126 8114 113 1773
127 8092 113 1795
128 8076 107 1817
129 8058 108 1834
130 8043 99 1858
131 8023 109 1868
132 7994 119 1887
133 7972 128 1900
134 7945 135 1920
135 7921 137 1942
136 7887 153 1960
137 7861 160 1979
138 7826 169 2005
139 7804 161 2035
140 7767 174 2059
141 7728 186 2086
142 7701 174 2125
143 7681 161 2158
144 7654 162 2184
145 7629 162 2209
146 7607 159 2234
147 7575 164 2261
148 7552 165 2283
149 7513 175 2312
150 7483 171 2346
151 7445 168 2387
152 7421 153 2426
153 7392 147 2461
154 7362 152 2486
155 7330 156 2514
156 7301 159 2540
157 7282 145 2573
158 7260 142 2598
159 7243 130 2627
160 7213 132 2655
161 7188 134 2678
162 7162 134 2704
163 7144 124 2732
164 7119 125 2756
165 7098 123 2779
166 7058 142 2800
167 7041 133 2826
168 7015 137 2848
169 6984 144 2872
170 6951 159 2890
171 6923 155 2922
172 6896 150 2954
173 6864 158 2978
174 6840 160 3000
175 6803 171 3026
176 6762 184 3054
177 6724 189 3087
178 6668 215 3117
179 6636 209 3155
180 6593 222 3185
181 6543 233 3224
182 6521 212 3267
183 6474 227 3299
184 6434 230 3336
185 6390 231 3379
186 6350 235 3415
187 6313 234 3453
188 6278 233 3489
189 6238 222 3540
190 6200 222 3578
191 6160 226 3614
192 6112 244 3644
193 6063 250 3687
194 6029 233 3738
195 5980 244 3776
196 5951 232 3817
197 5912 228 3860
198 5878 222 3900
199 5823 238 3939
200 5791 226 3983
201 5773 219 4008
202 5742 217 4041
203 5711 215 4074
204 5662 225 4113
205 5627 224 4149
206 5598 220 4182
207 5558 224 4218
208 5514 226 4260
209 5478 234 4288
210 5442 220 4338
211 5407 222 4371
212 5362 236 4402
213 5328 236 4436
214 5271 262 4467
215 5215 266 4519
216 5169 250 4581
217 5120 249 4631
218 5082 247 4671
219 5043 238 4719
220 4997 250 4753
221 4943 259 4798
222 4890 270 4840
223 4847 260 4893
224 4791 264 4945
225 4744 261 4995
226 4708 239 5053
227 4681 220 5099
228 4645 224 5131
229 4607 216 5177
230 4576 210 5214
231 4531 211 5258
232 4499 197 5304
233 4463 199 5338
234 4434 195 5371
235 4400 198 5402
236 4381 177 5442
237 4354 167 5479
238 4324 166 5510
239 4298 158 5544
240 4271 166 5563
241 4249 155 5596
242 4213 166 5621
243 4186 166 5648
244 4155 172 5673
245 4134 160 5706
246 4113 151 5736
247 4091 146 5763
248 4069 144 5787
249 4056 137 5807
250 4038 130 5832
251 4020 128 5852
252 4003 128 5869
253 3983 128 5889
254 3975 109 5916
255 3965 106 5929
256 3952 100 5948
257 3933 96 5971
258 3919 93 5988
259 3904 87 6009
260 3897 74 6029
261 3875 84 6041
262 3863 85 6052
263 3845 88 6067
264 3833 83 6084
265 3824 75 6101
266 3816 71 6113
267 3812 64 6124
268 3804 65 6131
269 3796 61 6143
270 3785 65 6150
271 3771 69 6160
272 3752 77 6171
273 3737 75 6188
274 3721 77 6202
275 3709 82 6209
276 3696 86 6218
277 3682 88 6230
278 3667 85 6248
279 3660 71 6269
280 3654 65 6281
281 3647 61 6292
282 3640 60 6300
283 3634 53 6313
284 3627 52 6321
285 3619 53 6328
286 3613 51 6336
287 3605 49 6346
288 3592 58 6350
289 3581 54 6365
290 3572 53 6375
291 3559 57 6384
292 3548 58 6394
293 3536 57 6407
294 3526 59 6415
295 3514 60 6426
296 3505 58 6437
297 3498 54 6448
298 3488 60 6452
299 3476 64 6460
300 3466 67 6467
301 3452 73 6475
302 3445 64 6491
303 3429 66 6505
304 3415 69 6516
305 3409 61 6530
306 3403 54 6543
307 3398 49 6553
308 3391 48 6561
309 3382 48 6570
310 3377 47 6576
311 3369 51 6580
312 3365 46 6589
313 3356 43 6601
314 3351 45 6604
315 3341 43 6616
316 3336 43 6621
317 3327 44 6629
318 3326 35 6639
319 3322 29 6649
320 3320 23 6657
321 3317 21 6662
322 3315 21 6664
323 3312 19 6669
324 3311 18 6671
325 3308 17 6675
326 3303 21 6676
327 3302 17 6681
328 3301 14 6685
329 3298 14 6688
330 3293 17 6690
331 3284 22 6694
332 3280 24 6696
333 3276 26 6698
334 3272 24 6704
335 3264 26 6710
336 3260 25 6715
337 3255 24 6721
338 3250 26 6724
339 3244 28 6728
340 3237 32 6731
341 3229 36 6735
342 3223 39 6738
343 3212 47 6741
344 3207 46 6747
345 3200 48 6752
346 3185 45 6770
347 3179 44 6777
348 3173 40 6787
349 3166 37 6797
350 3160 37 6803
351 3152 39 6809
352 3150 34 6816
353 3143 34 6823
354 3136 34 6830
355 3134 30 6836
356 3132 26 6842
357 3131 22 6847
358 3126 21 6853
359 3124 22 6854
360 3123 19 6858
361 3118 20 6862
362 3116 14 6870
363 3114 15 6871
364 3112 14 6874
365 3112 11 6877
366 3112 7 6881
367 3107 11 6882
368 3106 11 6883
369 3104 12 6884
370 3102 11 6887
371 3101 11 6888
372 3100 12 6888
373 3098 9 6893
374 3096 8 6896
375 3094 10 6896
376 3092 9 6899
377 3092 6 6902
378 3092 2 6906
379 3090 4 6906
380 3090 4 6906
381 3090 2 6908
382 3089 3 6908
383 3088 3 6909
384 3088 3 6909
385 3088 3 6909
386 3088 3 6909
387 3087 4 6909
388 3087 3 6910
389 3087 3 6910
390 3087 2 6911
391 3087 2 6911
392 3087 2 6911
393 3087 2 6911
394 3087 1 6912
395 3087 0 6913
396 3087 0 6913
397 3087 0 6913
398 3087 0 6913
399 3087 0 6913
400 3087 0 6913
401 3087 0 6913
402 3087 0 6913
403 3087 0 6913
404 3087 0 6913
405 3087 0 6913
406 3087 0 6913
407 3087 0 6913
408 3087 0 6913
409 3087 0 6913
410 3087 0 6913
411 3087 0 6913
412 3087 0 6913
413 3087 0 6913
414 3087 0 6913
415 3087 0 6913
416 3087 0 6913
417 3087 0 6913
418 3087 0 6913
419 3087 0 6913
420 3087 0 6913
421 3087 0 6913
422 3087 0 6913
423 3087 0 6913
424 3087 0 6913
425 3087 0 6913
426 3087 0 6913
427 3087 0 6913
428 3087 0 6913
429 3087 0 6913
430 3087 0 6913
431 3087 0 6913
432 3087 0 6913
433 3087 0 6913
434 3087 0 6913
435 3087 0 6913
436 3087 0 6913
437 3087 0 6913
438 3087 0 6913
439 3087 0 6913
440 3087 0 6913
441 3087 0 6913
442 3087 0 6913
443 3087 0 6913
444 3087 0 6913
445 3087 0 6913
446 3087 0 6913
447 3087 0 6913
448 3087 0 6913
449 3087 0 6913
450 3087 0 6913
451 3087 0 6913
452 3087 0 6913
453 3087 0 6913
454 3087 0 6913
455 3087 0 6913
456 3087 0 6913
457 3087 0 6913
458 3087 0 6913
459 3087 0 6913
460 3087 0 6913
461 3087 0 6913
462 3087 0 6913
463 3087 0 6913
464 3087 0 6913
465 3087 0 6913
466 3087 0 6913
467 3087 0 6913
468 3087 0 6913
469 3087 0 6913
470 3087 0 6913
471 3087 0 6913
472 3087 0 6913
473 3087 0 6913
474 3087 0 6913
475 3087 0 6913
476 3087 0 6913
477 3087 0 6913
478 3087 0 6913
479 3087 0 6913
480 3087 0 6913
481 3087 0 6913
482 3087 0 6913
483 3087 0 6913
484 3087 0 6913
485 3087 0 6913
486 3087 0 6913
487 3087 0 6913
488 3087 0 6913
489 3087 0 6913
490 3087 0 6913
491 3087 0 6913
492 3087 0 6913
493 3087 0 6913
494 3087 0 6913
495 3087 0 6913
496 3087 0 6913
497 3087 0 6913
498 3087 0 6913
499 3087 0 6913
500 3087 0 6913
501 3087 0 6913
502 3087 0 6913
503 3087 0 6913
504 3087 0 6913
505 3087 0 6913
506 3087 0 6913
507 3087 0 6913
508 3087 0 6913
509 3087 0 6913
510 3087 0 6913
511 3087 0 6913
512 3087 0 6913
513 3087 0 6913
514 3087 0 6913
515 3087 0 6913
516 3087 0 6913
517 3087 0 6913
518 3087 0 6913
519 3087 0 6913
520 3087 0 6913
521 3087 0 6913
522 3087 0 6913
523 3087 0 6913
524 3087 0 6913
525 3087 0 6913
526 3087 0 6913
527 3087 0 6913
528 3087 0 6913
529 3087 0 6913
530 3087 0 6913
531 3087 0 6913
532 3087 0 6913
533 3087 0 6913
534 3087 0 6913
535 3087 0 6913
536 3087 0 6913
537 3087 0 6913
538 3087 0 6913
539 3087 0 6913
540 3087 0 6913
541 3087 0 6913
542 3087 0 6913
543 3087 0 6913
544 3087 0 6913
545 3087 0 6913
546 3087 0 6913
547 3087 0 6913
548 3087 0 6913
549 3087 0 6913
550 3087 0 6913
551 3087 0 6913
552 3087 0 6913
553 3087 0 6913
554 3087 0 6913
555 3087 0 6913
556 3087 0 6913
557 3087 0 6913
558 3087 0 6913
559 3087 0 6913
560 3087 0 6913
561 3087 0 6913
562 3087 0 6913
563 3087 0 6913
564 3087 0 6913
565 3087 0 6913
566 3087 0 6913
567 3087 0 6913
568 3087 0 6913
569 3087 0 6913
570 3087 0 6913
571 3087 0 6913
572 3087 0 6913
573 3087 0 6913
574 3087 0 6913
575 3087 0 6913
576 3087 0 6913
577 3087 0 6913
578 3087 0 6913
579 3087 0 6913
580 3087 0 6913
581 3087 0 6913
582 3087 0 6913
583 3087 0 6913
584 3087 0 6913
585 3087 0 6913
586 3087 0 6913
587 3087 0 6913
588 3087 0 6913
589 3087 0 6913
590 3087 0 6913
591 3087 0 6913
592 3087 0 6913
593 3087 0 6913
594 3087 0 6913
595 3087 0 6913
596 3087 0 6913
597 3087 0 6913
598 3087 0 6913
599 3087 0 6913
600 3087 0 6913
601 3087 0 6913
602 3087 0 6913
603 3087 0 6913
604 3087 0 6913
605 3087 0 6913
606 3087 0 6913
607 3087 0 6913
608 3087 0 6913
609 3087 0 6913
610 3087 0 6913
611 3087 0 6913
612 3087 0 6913
613 3087 0 6913
614 3087 0 6913
615 3087 0 6913
616 3087 0 6913
617 3087 0 6913
618 3087 0 6913
619 3087 0 6913
620 3087 0 6913
621 3087 0 6913
622 3087 0 6913
623 3087 0 6913
624 3087 0 6913
625 3087 0 6913
626 3087 0 6913
627 3087 0 6913
628 3087 0 6913
629 3087 0 6913
630 3087 0 6913
631 3087 0 6913
632 3087 0 6913
633 3087 0 6913
634 3087 0 6913
635 3087 0 6913
636 3087 0 6913
637 3087 0 6913
638 3087 0 6913
639 3087 0 6913
640 3087 0 6913
641 3087 0 6913
642 3087 0 6913
643 3087 0 6913
644 3087 0 6913
645 3087 0 6913
646 3087 0 6913
647 3087 0 6913
648 3087 0 6913
649 3087 0 6913
650 3087 0 6913
651 3087 0 6913
652 3087 0 6913
653 3087 0 6913
654 3087 0 6913
655 3087 0 6913
656 3087 0 6913
657 3087 0 6913
658 3087 0 6913
659 3087 0 6913
660 3087 0 6913
661 3087 0 6913
662 3087 0 6913
663 3087 0 6913
664 3087 0 6913
665 3087 0 6913
666 3087 0 6913
667 3087 0 6913
668 3087 0 6913
669 3087 0 6913
670 3087 0 6913
671 3087 0 6913
672 3087 0 6913
673 3087 0 6913
674 3087 0 6913
675 3087 0 6913
676 3087 0 6913
677 3087 0 6913
678 3087 0 6913
679 3087 0 6913
680 3087 0 6913
681 3087 0 6913
682 3087 0 6913
683 3087 0 6913
684 3087 0 6913
685 3087 0 6913
686 3087 0 6913
687 3087 0 6913
688 3087 0 6913
689 3087 0 6913
690 3087 0 6913
691 3087 0 6913
692 3087 0 6913
693 3087 0 6913
694 3087 0 6913
695 3087 0 6913
696 3087 0 6913
697 3087 0 6913
698 3087 0 6913
699 3087 0 6913
700 3087 0 6913
701 3087 0 6913
702 3087 0 6913
703 3087 0 6913
704 3087 0 6913
705 3087 0 6913
706 3087 0 6913
707 3087 0 6913
708 3087 0 6913
709 3087 0 6913
710 3087 0 6913
711 3087 0 6913
712 3087 0 6913
713 3087 0 6913
714 3087 0 6913
715 3087 0 6913
716 3087 0 6913
717 3087 0 6913
718 3087 0 6913
719 3087 0 6913
720 3087 0 6913
721 3087 0 6913
722 3087 0 6913
723 3087 0 6913
724 3087 0 6913
725 3087 0 6913
726 3087 0 6913
727 3087 0 6913
728 3087 0 6913
729 3087 0 6913
730 3087 0 6913
731 3087 0 6913
732 3087 0 6913
733 3087 0 6913
734 3087 0 6913
735 3087 0 6913
736 3087 0 6913
737 3087 0 6913
738 3087 0 6913
739 3087 0 6913
740 3087 0 6913
741 3087 0 6913
742 3087 0 6913
743 3087 0 6913
744 3087 0 6913
745 3087 0 6913
746 3087 0 6913
747 3087 0 6913
748 3087 0 6913
749 3087 0 6913
750 3087 0 6913
751 3087 0 6913
752 3087 0 6913
753 3087 0 6913
754 3087 0 6913
755 3087 0 6913
756 3087 0 6913
757 3087 0 6913
758 3087 0 6913
759 3087 0 6913
760 3087 0 6913
761 3087 0 6913
762 3087 0 6913
763 3087 0 6913
764 3087 0 6913
765 3087 0 6913
766 3087 0 6913
767 3087 0 6913
768 3087 0 6913
769 3087 0 6913
770 3087 0 6913
771 3087 0 6913
772 3087 0 6913
773 3087 0 6913
774 3087 0 6913
775 3087 0 6913
776 3087 0 6913
777 3087 0 6913
778 3087 0 6913
779 3087 0 6913
780 3087 0 6913
781 3087 0 6913
782 3087 0 6913
783 3087 0 6913
784 3087 0 6913
785 3087 0 6913
786 3087 0 6913
787 3087 0 6913
788 3087 0 6913
789 3087 0 6913
790 3087 0 6913
791 3087 0 6913
792 3087 0 6913
793 3087 0 6913
794 3087 0 6913
795 3087 0 6913
796 3087 0 6913
797 3087 0 6913
798 3087 0 6913
799 3087 0 6913
800 3087 0 6913
801 3087 0 6913
802 3087 0 6913
803 3087 0 6913
804 3087 0 6913
805 3087 0 6913
806 3087 0 6913
807 3087 0 6913
808 3087 0 6913
809 3087 0 6913
810 3087 0 6913
811 3087 0 6913
812 3087 0 6913
813 3087 0 6913
814 3087 0 6913
815 3087 0 6913
816 3087 0 6913
817 3087 0 6913
818 3087 0 6913
819 3087 0 6913
820 3087 0 6913
821 3087 0 6913
822 3087 0 6913
823 3087 0 6913
824 3087 0 6913
825 3087 0 6913
826 3087 0 6913
827 3087 0 6913
828 3087 0 6913
829 3087 0 6913
830 3087 0 6913
831 3087 0 6913
832 3087 0 6913
833 3087 0 6913
834 3087 0 6913
835 3087 0 6913
836 3087 0 6913
837 3087 0 6913
838 3087 0 6913
839 3087 0 6913
840 3087 0 6913
841 3087 0 6913
842 3087 0 6913
843 3087 0 6913
844 3087 0 6913
845 3087 0 6913
846 3087 0 6913
847 3087 0 6913
848 3087 0 6913
849 3087 0 6913
850 3087 0 6913
851 3087 0 6913
852 3087 0 6913
853 3087 0 6913
854 3087 0 6913
855 3087 0 6913
856 3087 0 6913
857 3087 0 6913
858 3087 0 6913
859 3087 0 6913
860 3087 0 6913
861 3087 0 6913
862 3087 0 6913
863 3087 0 6913
864 3087 0 6913
865 3087 0 6913
866 3087 0 6913
867 3087 0 6913
868 3087 0 6913
869 3087 0 6913
870 3087 0 6913
871 3087 0 6913
872 3087 0 6913
873 3087 0 6913
874 3087 0 6913
875 3087 0 6913
876 3087 0 6913
877 3087 0 6913
878 3087 0 6913
879 3087 0 6913
880 3087 0 6913
881 3087 0 6913
882 3087 0 6913
883 3087 0 6913
884 3087 0 6913
885 3087 0 6913
886 3087 0 6913
887 3087 0 6913
888 3087 0 6913
889 3087 0 6913
890 3087 0 6913
891 3087 0 6913
892 3087 0 6913
893 3087 0 6913
894 3087 0 6913
895 3087 0 6913
896 3087 0 6913
897 3087 0 6913
898 3087 0 6913
899 3087 0 6913
900 3087 0 6913
901 3087 0 6913
902 3087 0 6913
903 3087 0 6913
904 3087 0 6913
905 3087 0 6913
906 3087 0 6913
907 3087 0 6913
908 3087 0 6913
909 3087 0 6913
910 3087 0 6913
911 3087 0 6913
912 3087 0 6913
913 3087 0 6913
914 3087 0 6913
915 3087 0 6913
916 3087 0 6913
917 3087 0 6913
918 3087 0 6913
919 3087 0 6913
920 3087 0 6913
921 3087 0 6913
922 3087 0 6913
923 3087 0 6913
924 3087 0 6913
925 3087 0 6913
926 3087 0 6913
927 3087 0 6913
928 3087 0 6913
929 3087 0 6913
930 3087 0 6913
931 3087 0 6913
932 3087 0 6913
933 3087 0 6913
934 3087 0 6913
935 3087 0 6913
936 3087 0 6913
937 3087 0 6913
938 3087 0 6913
939 3087 0 6913
940 3087 0 6913
941 3087 0 6913
942 3087 0 6913
943 3087 0 6913
944 3087 0 6913
945 3087 0 6913
946 3087 0 6913
947 3087 0 6913
948 3087 0 6913
949 3087 0 6913
950 3087 0 6913
951 3087 0 6913
952 3087 0 6913
953 3087 0 6913
954 3087 0 6913
955 3087 0 6913
956 3087 0 6913
957 3087 0 6913
958 3087 0 6913
959 3087 0 6913
960 3087 0 6913
961 3087 0 6913
962 3087 0 6913
963 3087 0 6913
964 3087 0 6913
965 3087 0 6913
966 3087 0 6913
967 3087 0 6913
968 3087 0 6913
969 3087 0 6913
970 3087 0 6913
971 3087 0 6913
972 3087 0 6913
973 3087 0 6913
974 3087 0 6913
975 3087 0 6913
976 3087 0 6913
977 3087 0 6913
978 3087 0 6913
979 3087 0 6913
980 3087 0 6913
981 3087 0 6913
982 3087 0 6913
983 3087 0 6913
984 3087 0 6913
985 3087 0 6913
986 3087 0 6913
987 3087 0 6913
988 3087 0 6913
989 3087 0 6913
990 3087 0 6913
991 3087 0 6913
992 3087 0 6913
993 3087 0 6913
994 3087 0 6913
995 3087 0 6913
996 3087 0 6913
997 3087 0 6913
998 3087 0 6913
999 3087 0 6913
