0 9999 1 0
1 9999 1 0
2 9998 2 0
3 9998 2 0
4 9998 2 0
5 9998 1 1
6 9998 1 1
7 9998 1 1
8 9998 1 1
9 9998 1 1
10 9998 1 1
11 9995 4 1
12 9992 7 1
13 9988 9 3
14 9986 10 4
15 9979 13 8
16 9973 19 8
17 9969 20 11
18 9962 22 16
19 9960 18 22
20 9953 22 25
21 9950 20 30
22 9943 23 34
23 9940 19 41
24 9930 28 42
25 9916 35 49
26 9909 31 60
27 9894 42 64
28 9884 46 70
29 9872 52 76
30 9857 57 86
31 9845 54 101
32 9837 55 108
33 9830 55 115
34 9818 60 122
35 9803 68 129
36 9792 73 135
37 9778 74 148
38 9759 76 165
39 9751 73 176
40 9738 80 182
41 9719 83 198
42 9704 81 215
43 9688 78 234
44 9673 76 251
45 9653 79 268
46 9644 74 282
47 9633 79 288
48 9622 82 296
49 9598 85 317
50 9580 84 336
51 9567 82 351
52 9557 83 360
53 9548 78 374
54 9532 84 384
55 9522 83 395
56 9510 80 410
57 9498 83 419
58 9484 79 437
59 9472 80 448
60 9464 76 460
61 9448 72 480
62 9441 64 495
63 9431 65 504
64 9410 68 522
65 9392 73 535
66 9367 84 549
67 9343 94 563
68 9322 92 586
69 9304 93 603
70 9279 97 624
71 9259 101 640
72 9250 94 656
73 9225 102 673
74 9208 97 695
75 9191 96 713
76 9165 104 731
77 9150 91 759
78 9138 84 778
79 9128 84 788
80 9104 90 806
81 9090 88 822
82 9067 93 840
83 9047 104 849
84 9018 107 875
85 9003 103 894
86 8979 107 914
87 8962 103 935
88 8937 107 956
89 8922 96 982
90 8908 96 996
91 8890 100 1010
92 8868 100 1032
93 8851 105 1044
94 8824 114 1062
95 8803 110 1087
96 8785 107 1108
97 8763 114 1123
98 8753 89 1158
99 8740 91 1169
100 8728 95 1177
101 8707 100 1193
102 8693 98 1209
103 8675 98 1227
104 8656 100 1244
105 8638 98 1264
106 8616 102 1282
107 8592 105 1303
108 8572 104 1324
109 8553 103 1344
110 8540 101 1359
111 8519 106 1375
112 8505 108 1387
113 8488 110 1402
114 8468 109 1423
115 8444 117 1439
116 8427 115 1458
117 8409 110 1481
118 8397 93 1510
119 8389 78 1533
120 8380 72 1548
121 8360 77 1563
122 8346 75 1579
123 8328 78 1594
124 8320 75 1605
125 8305 77 1618
126 8294 74 1632
127 8275 78 1647
128 8259 83 1658
129 8242 86 1672
130 8223 91 1686
131 8211 85 1704
132 8200 88 1712
133 8178 94 1728
134 8159 93 1748
135 8136 96 1768
136 8116 104 1780
137 8097 103 1800
138 8078 111 1811
139 8070 96 1834
140 8047 104 1849
141 8027 108 1865
142 8017 103 1880
143 8002 98 1900
144 7986 99 1915
145 7971 98 1931
146 7960 87 1953
147 7942 89 1969
148 7924 94 1982
149 7905 95 2000
150 7873 110 2017
151 7854 116 2030
152 7837 113 2050
153 7819 112 2069
154 7807 102 2091
155 7787 104 2109
156 7765 101 2134
157 7752 102 2146
158 7729 105 2166
159 7708 108 2184
160 7691 104 2205
161 7664 112 2224
162 7649 105 2246
163 7626 108 2266
164 7611 106 2283
165 7599 104 2297
166 7582 110 2308
167 7562 115 2323
168 7547 111 2342
169 7526 102 2372
170 7514 95 2391
171 7498 98 2404
172 7476 111 2413
173 7447 117 2436
174 7432 111 2457
175 7415 108 2477
176 7389 117 2494
177 7370 115 2515
178 7348 113 2539
179 7329 119 2552
180 7304 123 2573
181 7289 112 2599
182 7273 103 2624
183 7254 103 2643
184 7243 103 2654
185 7221 108 2671
186 7207 106 2687
187 7186 112 2702
188 7178 99 2723
189 7162 96 2742
190 7139 106 2755
191 7118 110 2772
192 7091 112 2797
193 7072 115 2813
194 7049 118 2833
195 7025 119 2856
196 7005 119 2876
197 6980 118 2902
198 6960 120 2920
199 6942 121 2937
200 6918 118 2964
201 6901 113 2986
202 6882 114 3004
203 6863 119 3018
204 6843 122 3035
205 6819 129 3052
206 6797 124 3079
207 6782 114 3104
208 6762 121 3117
209 6750 108 3142
210 6734 110 3156
211 6715 113 3172
212 6688 119 3193
213 6667 118 3215
214 6652 122 3226
215 6621 130 3249
216 6602 128 3270
217 6581 129 3290
218 6564 132 3304
219 6549 125 3326
220 6532 113 3355
221 6525 100 3375
222 6514 93 3393
223 6496 90 3414
224 6480 94 3426
225 6458 101 3441
226 6437 104 3459
227 6416 106 3478
228 6393 111 3496
229 6384 101 3515
230 6371 100 3529
231 6357 101 3542
232 6342 99 3559
233 6329 99 3572
234 6316 86 3598
235 6299 91 3610
236 6279 103 3618
237 6260 101 3639
238 6249 92 3659
239 6235 87 3678
240 6223 73 3704
241 6207 74 3719
242 6191 78 3731
243 6177 75 3748
244 6165 74 3761
245 6148 81 3771
246 6133 76 3791
247 6116 79 3805
248 6100 84 3816
249 6087 82 3831
250 6072 81 3847
251 6054 89 3857
252 6030 97 3873
253 6015 93 3892
254 5994 96 3910
255 5977 103 3920
256 5954 108 3938
257 5937 103 3960
258 5909 114 3977
259 5888 113 3999
260 5874 115 4011
261 5855 114 4031
262 5834 115 4051
263 5814 112 4074
264 5792 112 4096
265 5770 111 4119
266 5745 125 4130
267 5720 124 4156
268 5696 127 4177
269 5663 134 4203
270 5644 133 4223
271 5617 136 4247
272 5595 137 4268
273 5582 123 4295
274 5565 117 4318
275 5533 125 4342
276 5509 132 4359
277 5488 134 4378
278 5462 144 4394
279 5446 134 4420
280 5422 128 4450
281 5395 137 4468
282 5377 131 4492
283 5358 123 4519
284 5338 121 4541
285 5306 132 4562
286 5286 130 4584
287 5265 136 4599
288 5231 144 4625
289 5206 145 4649
290 5175 147 4678
291 5159 134 4707
292 5137 123 4740
293 5117 118 4765
294 5099 120 4781
295 5074 127 4799
296 5049 128 4823
297 5024 127 4849
298 4999 135 4866
299 4969 146 4885
300 4944 143 4913
301 4919 149 4932
302 4896 154 4950
303 4866 156 4978
304 4841 152 5007
305 4818 148 5034
306 4782 158 5060
307 4756 156 5088
308 4732 162 5106
309 4701 162 5137
310 4666 172 5162
311 4634 166 5200
312 4606 159 5235
313 4578 160 5262
314 4540 181 5279
315 4509 184 5307
316 4485 172 5343
317 4449 179 5372
318 4409 182 5409
319 4387 167 5446
320 4356 177 5467
321 4320 184 5496
322 4301 185 5514
323 4265 183 5552
324 4246 176 5578
325 4221 165 5614
326 4197 162 5641
327 4158 166 5676
328 4120 181 5699
329 4091 185 5724
330 4061 187 5752
331 4038 176 5786
332 4011 172 5817
333 3983 170 5847
334 3957 168 5875
335 3928 174 5898
336 3889 181 5930
337 3865 171 5964
338 3838 173 5989
339 3816 166 6018
340 3787 165 6048
341 3752 166 6082
342 3731 153 6116
343 3701 162 6137
344 3660 177 6163
345 3626 184 6190
346 3593 189 6218
347 3556 186 6258
348 3538 171 6291
349 3512 173 6315
350 3476 181 6343
351 3452 163 6385
352 3434 140 6426
353 3413 140 6447
354 3391 141 6468
355 3367 144 6489
356 3340 147 6513
357 3326 135 6539
358 3303 138 6559
359 3292 120 6588
360 3270 118 6612
361 3254 112 6634
362 3236 112 6652
363 3212 115 6673
364 3185 126 6689
365 3156 128 6716
366 3124 149 6727
367 3103 140 6757
368 3087 137 6776
369 3063 134 6803
370 3044 129 6827
371 3019 134 6847
372 3004 128 6868
373 2979 134 6887
374 2965 124 6911
375 2947 119 6934
376 2927 119 6954
377 2906 115 6979
378 2881 119 7000
379 2852 129 7019
380 2826 133 7041
381 2797 140 7063
382 2774 130 7096
383 2753 126 7121
384 2731 128 7141
385 2707 132 7161
386 2687 133 7180
387 2661 140 7199
388 2630 144 7226
389 2604 149 7247
390 2582 150 7268
391 2560 147 7293
392 2533 143 7324
393 2508 144 7348
394 2493 137 7370
395 2473 140 7387
396 2464 128 7408
397 2450 117 7433
398 2432 116 7452
399 2415 113 7472
400 2405 105 7490
401 2389 101 7510
402 2376 98 7526
403 2364 97 7539
404 2351 97 7552
405 2327 102 7571
406 2318 92 7590
407 2303 89 7608
408 2287 89 7624
409 2266 93 7641
410 2250 89 7661
411 2235 86 7679
412 2215 84 7701
413 2204 78 7718
414 2192 74 7734
415 2187 70 7743
416 2172 77 7751
417 2159 75 7766
418 2149 72 7779
419 2141 64 7795
420 2132 70 7798
421 2125 69 7806
422 2118 64 7818
423 2109 63 7828
424 2097 62 7841
425 2091 54 7855
426 2089 47 7864
427 2080 48 7872
428 2074 42 7884
429 2069 41 7890
430 2063 41 7896
431 2060 38 7902
432 2054 39 7907
433 2050 39 7911
434 2045 42 7913
435 2041 36 7923
436 2040 28 7932
437 2035 28 7937
438 2029 32 7939
439 2026 33 7941
440 2020 34 7946
441 2016 36 7948
442 2012 30 7958
443 2011 28 7961
444 2011 24 7965
445 2007 26 7967
446 2005 22 7973
447 2005 20 7975
448 2003 20 7977
449 1997 23 7980
450 1996 23 7981
451 1992 22 7986
452 1991 19 7990
453 1990 15 7995
454 1990 9 8001
455 1990 9 8001
456 1988 9 8003
457 1988 7 8005
458 1988 7 8005
459 1987 8 8005
460 1987 7 8006
461 1987 7 8006
462 1986 7 8007
463 1986 7 8007
464 1985 6 8009
465 1984 7 8009
466 1984 5 8011
467 1983 6 8011
468 1981 8 8011
469 1981 5 8014
470 1981 3 8016
471 1980 3 8017
472 1978 5 8017
473 1978 5 8017
474 1978 4 8018
475 1978 4 8018
476 1978 3 8019
477 1978 3 8019
478 1977 4 8019
479 1977 4 8019
480 1977 3 8020
481 1976 4 8020
482 1976 2 8022
483 1975 2 8023
484 1974 3 8023
485 1974 2 8024
486 1974 2 8024
487 1974 2 8024
488 1974 2 8024
489 1974 2 8024
490 1973 3 8024
491 1972 4 8024
492 1970 6 8024
493 1967 8 8025
494 1966 9 8025
495 1964 9 8027
496 1964 8 8028
497 1963 8 8029
498 1963 5 8032
499 1963 4 8033
500 1963 4 8033
501 1963 4 8033
502 1963 4 8033
503 1963 4 8033
504 1963 4 8033
505 1963 3 8034
506 1963 3 8034
507 1963 3 8034
508 1963 3 8034
509 1963 2 8035
510 1963 2 8035
511 1963 2 8035
512 1963 2 8035
513 1963 2 8035
514 1963 2 8035
515 1963 2 8035
516 1963 1 8036
517 1963 0 8037
518 1963 0 8037
519 1963 0 8037
520 1963 0 8037
521 1963 0 8037
522 1963 0 8037
523 1963 0 8037
524 1963 0 8037
525 1963 0 8037
526 1963 0 8037
527 1963 0 8037
528 1963 0 8037
529 1963 0 8037
530 1963 0 8037
531 1963 0 8037
532 1963 0 8037
533 1963 0 8037
534 1963 0 8037
535 1963 0 8037
536 1963 0 8037
537 1963 0 8037
538 1963 0 8037
539 1963 0 8037
540 1963 0 8037
541 1963 0 8037
542 1963 0 8037
543 1963 0 8037
544 1963 0 8037
545 1963 0 8037
546 1963 0 8037
547 1963 0 8037
548 1963 0 8037
549 1963 0 8037
550 1963 0 8037
551 1963 0 8037
552 1963 0 8037
553 1963 0 8037
554 1963 0 8037
555 1963 0 8037
556 1963 0 8037
557 1963 0 8037
558 1963 0 8037
559 1963 0 8037
560 1963 0 8037
561 1963 0 8037
562 1963 0 8037
563 1963 0 8037
564 1963 0 8037
565 1963 0 8037
566 1963 0 8037
567 1963 0 8037
568 1963 0 8037
569 1963 0 8037
570 1963 0 8037
571 1963 0 8037
572 1963 0 8037
573 1963 0 8037
574 1963 0 8037
575 1963 0 8037
576 1963 0 8037
577 1963 0 8037
578 1963 0 8037
579 1963 0 8037
580 1963 0 8037
581 1963 0 8037
582 1963 0 8037
583 1963 0 8037
584 1963 0 8037
585 1963 0 8037
586 1963 0 8037
587 1963 0 8037
588 1963 0 8037
589 1963 0 8037
590 1963 0 8037
591 1963 0 8037
592 1963 0 8037
593 1963 0 8037
594 1963 0 8037
595 1963 0 8037
596 1963 0 8037
597 1963 0 8037
598 1963 0 8037
599 1963 0 8037
600 1963 0 8037
601 1963 0 8037
602 1963 0 8037
603 1963 0 8037
604 1963 0 8037
605 1963 0 8037
606 1963 0 8037
607 1963 0 8037
608 1963 0 8037
609 1963 0 8037
610 1963 0 8037
611 1963 0 8037
612 1963 0 8037
613 1963 0 8037
614 1963 0 8037
615 1963 0 8037
616 1963 0 8037
617 1963 0 8037
618 1963 0 8037
619 1963 0 8037
620 1963 0 8037
621 1963 0 8037
622 1963 0 8037
623 1963 0 8037
624 1963 0 8037
625 1963 0 8037
626 1963 0 8037
627 1963 0 8037
628 1963 0 8037
629 1963 0 8037
630 1963 0 8037
631 1963 0 8037
632 1963 0 8037
633 1963 0 8037
634 1963 0 8037
635 1963 0 8037
636 1963 0 8037
637 1963 0 8037
638 1963 0 8037
639 1963 0 8037
640 1963 0 8037
641 1963 0 8037
642 1963 0 8037
643 1963 0 8037
644 1963 0 8037
645 1963 0 8037
646 1963 0 8037
647 1963 0 8037
648 1963 0 8037
649 1963 0 8037
650 1963 0 8037
651 1963 0 8037
652 1963 0 8037
653 1963 0 8037
654 1963 0 8037
655 1963 0 8037
656 1963 0 8037
657 1963 0 8037
658 1963 0 8037
659 1963 0 8037
660 1963 0 8037
661 1963 0 8037
662 1963 0 8037
663 1963 0 8037
664 1963 0 8037
665 1963 0 8037
666 1963 0 8037
667 1963 0 8037
668 1963 0 8037
669 1963 0 8037
670 1963 0 8037
671 1963 0 8037
672 1963 0 8037
673 1963 0 8037
674 1963 0 8037
675 1963 0 8037
676 1963 0 8037
677 1963 0 8037
678 1963 0 8037
679 1963 0 8037
680 1963 0 8037
681 1963 0 8037
682 1963 0 8037
683 1963 0 8037
684 1963 0 8037
685 1963 0 8037
686 1963 0 8037
687 1963 0 8037
688 1963 0 8037
689 1963 0 8037
690 1963 0 8037
691 1963 0 8037
692 1963 0 8037
693 1963 0 8037
694 1963 0 8037
695 1963 0 8037
696 1963 0 8037
697 1963 0 8037
698 1963 0 8037
699 1963 0 8037
700 1963 0 8037
701 1963 0 8037
702 1963 0 8037
703 1963 0 8037
704 1963 0 8037
705 1963 0 8037
706 1963 0 8037
707 1963 0 8037
708 1963 0 8037
709 1963 0 8037
710 1963 0 8037
711 1963 0 8037
712 1963 0 8037
713 1963 0 8037
714 1963 0 8037
715 1963 0 8037
716 1963 0 8037
717 1963 0 8037
718 1963 0 8037
719 1963 0 8037
720 1963 0 8037
721 1963 0 8037
722 1963 0 8037
723 1963 0 8037
724 1963 0 8037
725 1963 0 8037
726 1963 0 8037
727 1963 0 8037
728 1963 0 8037
729 1963 0 8037
730 1963 0 8037
731 1963 0 8037
732 1963 0 8037
733 1963 0 8037
734 1963 0 8037
735 1963 0 8037
736 1963 0 8037
737 1963 0 8037
738 1963 0 8037
739 1963 0 8037
740 1963 0 8037
741 1963 0 8037
742 1963 0 8037
743 1963 0 8037
744 1963 0 8037
745 1963 0 8037
746 1963 0 8037
747 1963 0 8037
748 1963 0 8037
749 1963 0 8037
750 1963 0 8037
751 1963 0 8037
752 1963 0 8037
753 1963 0 8037
754 1963 0 8037
755 1963 0 8037
756 1963 0 8037
757 1963 0 8037
758 1963 0 8037
759 1963 0 8037
760 1963 0 8037
761 1963 0 8037
762 1963 0 8037
763 1963 0 8037
764 1963 0 8037
765 1963 0 8037
766 1963 0 8037
767 1963 0 8037
768 1963 0 8037
769 1963 0 8037
770 1963 0 8037
771 1963 0 8037
772 1963 0 8037
773 1963 0 8037
774 1963 0 8037
775 1963 0 8037
776 1963 0 8037
777 1963 0 8037
778 1963 0 8037
779 1963 0 8037
780 1963 0 8037
781 1963 0 8037
782 1963 0 8037
783 1963 0 8037
784 1963 0 8037
785 1963 0 8037
786 1963 0 8037
787 1963 0 8037
788 1963 0 8037
789 1963 0 8037
790 1963 0 8037
791 1963 0 8037
792 1963 0 8037
793 1963 0 8037
794 1963 0 8037
795 1963 0 8037
796 1963 0 8037
797 1963 0 8037
798 1963 0 8037
799 1963 0 8037
800 1963 0 8037
801 1963 0 8037
802 1963 0 8037
803 1963 0 8037
804 1963 0 8037
805 1963 0 8037
806 1963 0 8037
807 1963 0 8037
808 1963 0 8037
809 1963 0 8037
810 1963 0 8037
811 1963 0 8037
812 1963 0 8037
813 1963 0 8037
814 1963 0 8037
815 1963 0 8037
816 1963 0 8037
817 1963 0 8037
818 1963 0 8037
819 1963 0 8037
820 1963 0 8037
821 1963 0 8037
822 1963 0 8037
823 1963 0 8037
824 1963 0 8037
825 1963 0 8037
826 1963 0 8037
827 1963 0 8037
828 1963 0 8037
829 1963 0 8037
830 1963 0 8037
831 1963 0 8037
832 1963 0 8037
833 1963 0 8037
834 1963 0 8037
835 1963 0 8037
836 1963 0 8037
837 1963 0 8037
838 1963 0 8037
839 1963 0 8037
840 1963 0 8037
841 1963 0 8037
842 1963 0 8037
843 1963 0 8037
844 1963 0 8037
845 1963 0 8037
846 1963 0 8037
847 1963 0 8037
848 1963 0 8037
849 1963 0 8037
850 1963 0 8037
851 1963 0 8037
852 1963 0 8037
853 1963 0 8037
854 1963 0 8037
855 1963 0 8037
856 1963 0 8037
857 1963 0 8037
858 1963 0 8037
859 1963 0 8037
860 1963 0 8037
861 1963 0 8037
862 1963 0 8037
863 1963 0 8037
864 1963 0 8037
865 1963 0 8037
866 1963 0 8037
867 1963 0 8037
868 1963 0 8037
869 1963 0 8037
870 1963 0 8037
871 1963 0 8037
872 1963 0 8037
873 1963 0 8037
874 1963 0 8037
875 1963 0 8037
876 1963 0 8037
877 1963 0 8037
878 1963 0 8037
879 1963 0 8037
880 1963 0 8037
881 1963 0 8037
882 1963 0 8037
883 1963 0 8037
884 1963 0 8037
885 1963 0 8037
886 1963 0 8037
887 1963 0 8037
888 1963 0 8037
889 1963 0 8037
890 1963 0 8037
891 1963 0 8037
892 1963 0 8037
893 1963 0 8037
894 1963 0 8037
895 1963 0 8037
896 1963 0 8037
897 1963 0 8037
898 1963 0 8037
899 1963 0 8037
900 1963 0 8037
901 1963 0 8037
902 1963 0 8037
903 1963 0 8037
904 1963 0 8037
905 1963 0 8037
906 1963 0 8037
907 1963 0 8037
908 1963 0 8037
909 1963 0 8037
910 1963 0 8037
911 1963 0 8037
912 1963 0 8037
913 1963 0 8037
914 1963 0 8037
915 1963 0 8037
916 1963 0 8037
917 1963 0 8037
918 1963 0 8037
919 1963 0 8037
920 1963 0 8037
921 1963 0 8037
922 1963 0 8037
923 1963 0 8037
924 1963 0 8037
925 1963 0 8037
926 1963 0 8037
927 1963 0 8037
928 1963 0 8037
929 1963 0 8037
930 1963 0 8037
931 1963 0 8037
932 1963 0 8037
933 1963 0 8037
934 1963 0 8037
935 1963 0 8037
936 1963 0 8037
937 1963 0 8037
938 1963 0 8037
939 1963 0 8037
940 1963 0 8037
941 1963 0 8037
942 1963 0 8037
943 1963 0 8037
944 1963 0 8037
945 1963 0 8037
946 1963 0 8037
947 1963 0 8037
948 1963 0 8037
949 1963 0 8037
950 1963 0 8037
951 1963 0 8037
952 1963 0 8037
953 1963 0 8037
954 1963 0 8037
955 1963 0 8037
956 1963 0 8037
957 1963 0 8037
958 1963 0 8037
959 1963 0 8037
960 1963 0 8037
961 1963 0 8037
962 1963 0 8037
963 1963 0 8037
964 1963 0 8037
965 1963 0 8037
966 1963 0 8037
967 1963 0 8037
968 1963 0 8037
969 1963 0 8037
970 1963 0 8037
971 1963 0 8037
972 1963 0 8037
973 1963 0 8037
974 1963 0 8037
975 1963 0 8037
976 1963 0 8037
977 1963 0 8037
978 1963 0 8037
979 1963 0 8037
980 1963 0 8037
981 1963 0 8037
982 1963 0 8037
983 1963 0 8037
984 1963 0 8037
985 1963 0 8037
986 1963 0 8037
987 1963 0 8037
988 1963 0 8037
989 1963 0 8037
990 1963 0 8037
991 1963 0 8037
992 1963 0 8037
993 1963 0 8037
994 1963 0 8037
995 1963 0 8037
996 1963 0 8037
997 1963 0 8037
998 1963 0 8037
999 1963 0 8037
