0 9999 1 0
1 9997 3 0
2 9996 3 1
3 9992 7 1
4 9986 11 3
5 9986 9 5
6 9983 11 6
7 9981 10 9
8 9978 9 13
9 9976 9 15
10 9975 7 18
11 9974 8 18
12 9965 15 20
13 9957 21 22
14 9956 20 24
15 9950 25 25
16 9944 25 31
17 9937 20 43
18 9930 24 46
19 9928 18 54
20 9921 22 57
21 9918 20 62
22 9913 21 66
23 9907 20 73
24 9900 25 75
25 9895 24 81
26 9886 26 88
27 9878 30 92
28 9866 38 96
29 9858 38 104
30 9842 48 110
31 9825 53 122
32 9812 54 134
33 9801 55 144
34 9788 60 152
35 9766 75 159
36 9741 82 177
37 9719 86 195
38 9708 80 212
39 9691 78 231
40 9667 88 245
41 9650 90 260
42 9627 99 274
43 9613 97 290
44 9592 104 304
45 9575 102 323
46 9551 109 340
47 9537 105 358
48 9506 116 378
49 9477 125 398
50 9451 128 421
51 9425 130 445
52 9408 128 464
53 9391 123 486
54 9374 123 503
55 9340 134 526
56 9323 125 552
57 9299 121 580
58 9283 118 599
59 9260 113 627
60 9243 111 646
61 9228 109 663
62 9207 105 688
63 9191 101 708
64 9169 100 731
65 9146 104 750
66 9112 128 760
67 9091 131 778
68 9062 139 799
69 9041 136 823
70 9017 135 848
71 8999 125 876
72 8975 130 895
73 8950 127 923
74 8918 137 945
75 8888 145 967
76 8860 148 992
77 8833 145 1022
78 8799 149 1052
79 8767 156 1077
80 8740 153 1107
81 8701 167 1132
82 8670 171 1159
83 8632 178 1190
84 8594 193 1213
85 8561 190 1249
86 8526 186 1288
87 8487 193 1320
88 8454 190 1356
89 8409 207 1384
90 8377 195 1428
91 8335 200 1465
92 8306 194 1500
93 8270 200 1530
94 8233 188 1579
95 8186 206 1608
96 8152 199 1649
97 8110 204 1686
98 8060 206 1734
99 8023 216 1761
100 7979 225 1796
101 7928 242 1830
102 7890 240 1870
103 7848 239 1913
104 7815 227 1958
105 7785 222 1993
106 7748 225 2027
107 7717 219 2064
108 7681 215 2104
109 7639 226 2135
110 7599 231 2170
111 7567 223 2210
112 7533 213 2254
113 7499 208 2293
114 7470 205 2325
115 7446 193 2361
116 7413 190 2397
117 7383 189 2428
118 7346 195 2459
119 7313 190 2497
120 7282 189 2529
121 7258 173 2569
122 7234 170 2596
123 7210 163 2627
124 7192 155 2653
125 7173 147 2680
126 7155 142 2703
127 7130 147 2723
128 7098 141 2761
129 7076 136 2788
130 7044 138 2818
131 7024 135 2841
132 7002 134 2864
133 6978 137 2885
134 6953 140 2907
135 6924 141 2935
136 6898 133 2969
137 6875 137 2988
138 6849 139 3012
139 6819 140 3041
140 6795 142 3063
141 6774 139 3087
142 6744 152 3104
143 6720 142 3138
144 6694 143 3163
145 6668 148 3184
146 6642 147 3211
147 6615 152 3233
148 6589 139 3272
149 6570 132 3298
150 6550 133 3317
151 6520 134 3346
152 6493 138 3369
153 6468 134 3398
154 6446 137 3417
155 6418 140 3442
156 6389 150 3461
157 6366 143 3491
158 6339 140 3521
159 6317 140 3543
160 6281 154 3565
161 6259 146 3595
162 6229 150 3621
163 6198 157 3645
164 6175 154 3671
165 6150 151 3699
166 6121 154 3725
167 6100 150 3750
168 6079 148 3773
169 6043 163 3794
170 6019 152 3829
171 6004 139 3857
172 5978 137 3885
173 5954 138 3908
174 5931 129 3940
175 5907 133 3960
176 5889 135 3976
177 5863 139 3998
178 5831 147 4022
179 5806 148 4046
180 5786 133 4081
181 5769 124 4107
182 5745 130 4125
183 5717 133 4150
184 5691 133 4176
185 5657 149 4194
186 5625 157 4218
187 5586 169 4245
188 5550 174 4276
189 5536 155 4309
190 5517 151 4332
191 5501 131 4368
192 5477 126 4397
193 5448 136 4416
194 5427 128 4445
195 5409 122 4469
196 5386 119 4495
197 5372 107 4521
198 5351 118 4531
199 5324 119 4557
200 5300 135 4565
201 5272 132 4596
202 5249 138 4613
203 5221 128 4651
204 5201 121 4678
205 5176 127 4697
206 5158 122 4720
207 5144 116 4740
208 5127 116 4757
209 5107 110 4783
210 5088 111 4801
211 5063 113 4824
212 5043 108 4849
213 5021 106 4873
214 5004 103 4893
215 4988 99 4913
216 4965 102 4933
217 4937 120 4943
218 4905 130 4965
219 4880 134 4986
220 4861 133 5006
221 4835 128 5037
222 4811 131 5058
223 4793 118 5089
224 4777 114 5109
225 4758 113 5129
226 4734 118 5148
227 4721 107 5172
228 4708 102 5190
229 4698 92 5210
230 4687 81 5232
231 4669 83 5248
232 4657 77 5266
233 4642 79 5279
234 4637 69 5294
235 4631 64 5305
236 4615 73 5312
237 4608 70 5322
238 4599 68 5333
239 4588 63 5349
240 4574 69 5357
241 4565 61 5374
242 4557 57 5386
243 4553 51 5396
244 4548 45 5407
245 4540 44 5416
246 4529 49 5422
247 4518 52 5430
248 4506 53 5441
249 4499 52 5449
250 4487 54 5459
251 4476 57 5467
252 4463 62 5475
253 4448 65 5487
254 4430 69 5501
255 4414 72 5514
256 4396 76 5528
257 4383 76 5541
258 4377 73 5550
259 4362 76 5562
260 4347 76 5577
261 4329 82 5589
262 4317 76 5607
263 4303 83 5614
264 4286 86 5628
265 4274 80 5646
266 4256 84 5660
267 4243 84 5673
268 4234 82 5684
269 4220 84 5696
270 4211 79 5710
271 4200 73 5727
272 4191 70 5739
273 4185 65 5750
274 4177 67 5756
275 4168 64 5768
276 4158 65 5777
277 4151 58 5791
278 4143 53 5804
279 4141 45 5814
280 4134 42 5824
281 4125 45 5830
282 4120 43 5837
283 4111 49 5840
284 4110 42 5848
285 4100 50 5850
286 4096 40 5864
287 4089 39 5872
288 4084 36 5880
289 4077 42 5881
290 4068 48 5884
291 4057 53 5890
292 4045 54 5901
293 4033 57 5910
294 4028 57 5915
295 4022 54 5924
296 4014 48 5938
297 4005 49 5946
298 3999 45 5956
299 3995 43 5962
300 3991 40 5969
301 3986 40 5974
302 3982 38 5980
303 3978 36 5986
304 3971 37 5992
305 3970 30 6000
306 3965 29 6006
307 3960 31 6009
308 3955 30 6015
309 3950 28 6022
310 3949 20 6031
311 3942 19 6039
312 3940 17 6043
313 3938 19 6043
314 3936 16 6048
315 3934 15 6051
316 3933 12 6055
317 3933 10 6057
318 3932 9 6059
319 3931 10 6059
320 3931 8 6061
321 3931 4 6065
322 3930 5 6065
323 3929 5 6066
324 3928 6 6066
325 3928 2 6070
326 3928 2 6070
327 3928 2 6070
328 3928 2 6070
329 3928 2 6070
330 3928 1 6071
331 3928 1 6071
332 3928 1 6071
333 3928 1 6071
334 3928 1 6071
335 3928 1 6071
336 3928 1 6071
337 3928 1 6071
338 3928 0 6072
339 3928 0 6072
340 3928 0 6072
341 3928 0 6072
342 3928 0 6072
343 3928 0 6072
344 3928 0 6072
345 3928 0 6072
346 3928 0 6072
347 3928 0 6072
348 3928 0 6072
349 3928 0 6072
350 3928 0 6072
351 3928 0 6072
352 3928 0 6072
353 3928 0 6072
354 3928 0 6072
355 3928 0 6072
356 3928 0 6072
357 3928 0 6072
358 3928 0 6072
359 3928 0 6072
360 3928 0 6072
361 3928 0 6072
362 3928 0 6072
363 3928 0 6072
364 3928 0 6072
365 3928 0 6072
366 3928 0 6072
367 3928 0 6072
368 3928 0 6072
369 3928 0 6072
370 3928 0 6072
371 3928 0 6072
372 3928 0 6072
373 3928 0 6072
374 3928 0 6072
375 3928 0 6072
376 3928 0 6072
377 3928 0 6072
378 3928 0 6072
379 3928 0 6072
380 3928 0 6072
381 3928 0 6072
382 3928 0 6072
383 3928 0 6072
384 3928 0 6072
385 3928 0 6072
386 3928 0 6072
387 3928 0 6072
388 3928 0 6072
389 3928 0 6072
390 3928 0 6072
391 3928 0 6072
392 3928 0 6072
393 3928 0 6072
394 3928 0 6072
395 3928 0 6072
396 3928 0 6072
397 3928 0 6072
398 3928 0 6072
399 3928 0 6072
400 3928 0 6072
401 3928 0 6072
402 3928 0 6072
403 3928 0 6072
404 3928 0 6072
405 3928 0 6072
406 3928 0 6072
407 3928 0 6072
408 3928 0 6072
409 3928 0 6072
410 3928 0 6072
411 3928 0 6072
412 3928 0 6072
413 3928 0 6072
414 3928 0 6072
415 3928 0 6072
416 3928 0 6072
417 3928 0 6072
418 3928 0 6072
419 3928 0 6072
420 3928 0 6072
421 3928 0 6072
422 3928 0 6072
423 3928 0 6072
424 3928 0 6072
425 3928 0 6072
426 3928 0 6072
427 3928 0 6072
428 3928 0 6072
429 3928 0 6072
430 3928 0 6072
431 3928 0 6072
432 3928 0 6072
433 3928 0 6072
434 3928 0 6072
435 3928 0 6072
436 3928 0 6072
437 3928 0 6072
438 3928 0 6072
439 3928 0 6072
440 3928 0 6072
441 3928 0 6072
442 3928 0 6072
443 3928 0 6072
444 3928 0 6072
445 3928 0 6072
446 3928 0 6072
447 3928 0 6072
448 3928 0 6072
449 3928 0 6072
450 3928 0 6072
451 3928 0 6072
452 3928 0 6072
453 3928 0 6072
454 3928 0 6072
455 3928 0 6072
456 3928 0 6072
457 3928 0 6072
458 3928 0 6072
459 3928 0 6072
460 3928 0 6072
461 3928 0 6072
462 3928 0 6072
463 3928 0 6072
464 3928 0 6072
465 3928 0 6072
466 3928 0 6072
467 3928 0 6072
468 3928 0 6072
469 3928 0 6072
470 3928 0 6072
471 3928 0 6072
472 3928 0 6072
473 3928 0 6072
474 3928 0 6072
475 3928 0 6072
476 3928 0 6072
477 3928 0 6072
478 3928 0 6072
479 3928 0 6072
480 3928 0 6072
481 3928 0 6072
482 3928 0 6072
483 3928 0 6072
484 3928 0 6072
485 3928 0 6072
486 3928 0 6072
487 3928 0 6072
488 3928 0 6072
489 3928 0 6072
490 3928 0 6072
491 3928 0 6072
492 3928 0 6072
493 3928 0 6072
494 3928 0 6072
495 3928 0 6072
496 3928 0 6072
497 3928 0 6072
498 3928 0 6072
499 3928 0 6072
500 3928 0 6072
501 3928 0 6072
502 3928 0 6072
503 3928 0 6072
504 3928 0 6072
505 3928 0 6072
506 3928 0 6072
507 3928 0 6072
508 3928 0 6072
509 3928 0 6072
510 3928 0 6072
511 3928 0 6072
512 3928 0 6072
513 3928 0 6072
514 3928 0 6072
515 3928 0 6072
516 3928 0 6072
517 3928 0 6072
518 3928 0 6072
519 3928 0 6072
520 3928 0 6072
521 3928 0 6072
522 3928 0 6072
523 3928 0 6072
524 3928 0 6072
525 3928 0 6072
526 3928 0 6072
527 3928 0 6072
528 3928 0 6072
529 3928 0 6072
530 3928 0 6072
531 3928 0 6072
532 3928 0 6072
533 3928 0 6072
534 3928 0 6072
535 3928 0 6072
536 3928 0 6072
537 3928 0 6072
538 3928 0 6072
539 3928 0 6072
540 3928 0 6072
541 3928 0 6072
542 3928 0 6072
543 3928 0 6072
544 3928 0 6072
545 3928 0 6072
546 3928 0 6072
547 3928 0 6072
548 3928 0 6072
549 3928 0 6072
550 3928 0 6072
551 3928 0 6072
552 3928 0 6072
553 3928 0 6072
554 3928 0 6072
555 3928 0 6072
556 3928 0 6072
557 3928 0 6072
558 3928 0 6072
559 3928 0 6072
560 3928 0 6072
561 3928 0 6072
562 3928 0 6072
563 3928 0 6072
564 3928 0 6072
565 3928 0 6072
566 3928 0 6072
567 3928 0 6072
568 3928 0 6072
569 3928 0 6072
570 3928 0 6072
571 3928 0 6072
572 3928 0 6072
573 3928 0 6072
574 3928 0 6072
575 3928 0 6072
576 3928 0 6072
577 3928 0 6072
578 3928 0 6072
579 3928 0 6072
580 3928 0 6072
581 3928 0 6072
582 3928 0 6072
583 3928 0 6072
584 3928 0 6072
585 3928 0 6072
586 3928 0 6072
587 3928 0 6072
588 3928 0 6072
589 3928 0 6072
590 3928 0 6072
591 3928 0 6072
592 3928 0 6072
593 3928 0 6072
594 3928 0 6072
595 3928 0 6072
596 3928 0 6072
597 3928 0 6072
598 3928 0 6072
599 3928 0 6072
600 3928 0 6072
601 3928 0 6072
602 3928 0 6072
603 3928 0 6072
604 3928 0 6072
605 3928 0 6072
606 3928 0 6072
607 3928 0 6072
608 3928 0 6072
609 3928 0 6072
610 3928 0 6072
611 3928 0 6072
612 3928 0 6072
613 3928 0 6072
614 3928 0 6072
615 3928 0 6072
616 3928 0 6072
617 3928 0 6072
618 3928 0 6072
619 3928 0 6072
620 3928 0 6072
621 3928 0 6072
622 3928 0 6072
623 3928 0 6072
624 3928 0 6072
625 3928 0 6072
626 3928 0 6072
627 3928 0 6072
628 3928 0 6072
629 3928 0 6072
630 3928 0 6072
631 3928 0 6072
632 3928 0 6072
633 3928 0 6072
634 3928 0 6072
635 3928 0 6072
636 3928 0 6072
637 3928 0 6072
638 3928 0 6072
639 3928 0 6072
640 3928 0 6072
641 3928 0 6072
642 3928 0 6072
643 3928 0 6072
644 3928 0 6072
645 3928 0 6072
646 3928 0 6072
647 3928 0 6072
648 3928 0 6072
649 3928 0 6072
650 3928 0 6072
651 3928 0 6072
652 3928 0 6072
653 3928 0 6072
654 3928 0 6072
655 3928 0 6072
656 3928 0 6072
657 3928 0 6072
658 3928 0 6072
659 3928 0 6072
660 3928 0 6072
661 3928 0 6072
662 3928 0 6072
663 3928 0 6072
664 3928 0 6072
665 3928 0 6072
666 3928 0 6072
667 3928 0 6072
668 3928 0 6072
669 3928 0 6072
670 3928 0 6072
671 3928 0 6072
672 3928 0 6072
673 3928 0 6072
674 3928 0 6072
675 3928 0 6072
676 3928 0 6072
677 3928 0 6072
678 3928 0 6072
679 3928 0 6072
680 3928 0 6072
681 3928 0 6072
682 3928 0 6072
683 3928 0 6072
684 3928 0 6072
685 3928 0 6072
686 3928 0 6072
687 3928 0 6072
688 3928 0 6072
689 3928 0 6072
690 3928 0 6072
691 3928 0 6072
692 3928 0 6072
693 3928 0 6072
694 3928 0 6072
695 3928 0 6072
696 3928 0 6072
697 3928 0 6072
698 3928 0 6072
699 3928 0 6072
700 3928 0 6072
701 3928 0 6072
702 3928 0 6072
703 3928 0 6072
704 3928 0 6072
705 3928 0 6072
706 3928 0 6072
707 3928 0 6072
708 3928 0 6072
709 3928 0 6072
710 3928 0 6072
711 3928 0 6072
712 3928 0 6072
713 3928 0 6072
714 3928 0 6072
715 3928 0 6072
716 3928 0 6072
717 3928 0 6072
718 3928 0 6072
719 3928 0 6072
720 3928 0 6072
721 3928 0 6072
722 3928 0 6072
723 3928 0 6072
724 3928 0 6072
725 3928 0 6072
726 3928 0 6072
727 3928 0 6072
728 3928 0 6072
729 3928 0 6072
730 3928 0 6072
731 3928 0 6072
732 3928 0 6072
733 3928 0 6072
734 3928 0 6072
735 3928 0 6072
736 3928 0 6072
737 3928 0 6072
738 3928 0 6072
739 3928 0 6072
740 3928 0 6072
741 3928 0 6072
742 3928 0 6072
743 3928 0 6072
744 3928 0 6072
745 3928 0 6072
746 3928 0 6072
747 3928 0 6072
748 3928 0 6072
749 3928 0 6072
750 3928 0 6072
751 3928 0 6072
752 3928 0 6072
753 3928 0 6072
754 3928 0 6072
755 3928 0 6072
756 3928 0 6072
757 3928 0 6072
758 3928 0 6072
759 3928 0 6072
760 3928 0 6072
761 3928 0 6072
762 3928 0 6072
763 3928 0 6072
764 3928 0 6072
765 3928 0 6072
766 3928 0 6072
767 3928 0 6072
768 3928 0 6072
769 3928 0 6072
770 3928 0 6072
771 3928 0 6072
772 3928 0 6072
773 3928 0 6072
774 3928 0 6072
775 3928 0 6072
776 3928 0 6072
777 3928 0 6072
778 3928 0 6072
779 3928 0 6072
780 3928 0 6072
781 3928 0 6072
782 3928 0 6072
783 3928 0 6072
784 3928 0 6072
785 3928 0 6072
786 3928 0 6072
787 3928 0 6072
788 3928 0 6072
789 3928 0 6072
790 3928 0 6072
791 3928 0 6072
792 3928 0 6072
793 3928 0 6072
794 3928 0 6072
795 3928 0 6072
796 3928 0 6072
797 3928 0 6072
798 3928 0 6072
799 3928 0 6072
800 3928 0 6072
801 3928 0 6072
802 3928 0 6072
803 3928 0 6072
804 3928 0 6072
805 3928 0 6072
806 3928 0 6072
807 3928 0 6072
808 3928 0 6072
809 3928 0 6072
810 3928 0 6072
811 3928 0 6072
812 3928 0 6072
813 3928 0 6072
814 3928 0 6072
815 3928 0 6072
816 3928 0 6072
817 3928 0 6072
818 3928 0 6072
819 3928 0 6072
820 3928 0 6072
821 3928 0 6072
822 3928 0 6072
823 3928 0 6072
824 3928 0 6072
825 3928 0 6072
826 3928 0 6072
827 3928 0 6072
828 3928 0 6072
829 3928 0 6072
830 3928 0 6072
831 3928 0 6072
832 3928 0 6072
833 3928 0 6072
834 3928 0 6072
835 3928 0 6072
836 3928 0 6072
837 3928 0 6072
838 3928 0 6072
839 3928 0 6072
840 3928 0 6072
841 3928 0 6072
842 3928 0 6072
843 3928 0 6072
844 3928 0 6072
845 3928 0 6072
846 3928 0 6072
847 3928 0 6072
848 3928 0 6072
849 3928 0 6072
850 3928 0 6072
851 3928 0 6072
852 3928 0 6072
853 3928 0 6072
854 3928 0 6072
855 3928 0 6072
856 3928 0 6072
857 3928 0 6072
858 3928 0 6072
859 3928 0 6072
860 3928 0 6072
861 3928 0 6072
862 3928 0 6072
863 3928 0 6072
864 3928 0 6072
865 3928 0 6072
866 3928 0 6072
867 3928 0 6072
868 3928 0 6072
869 3928 0 6072
870 3928 0 6072
871 3928 0 6072
872 3928 0 6072
873 3928 0 6072
874 3928 0 6072
875 3928 0 6072
876 3928 0 6072
877 3928 0 6072
878 3928 0 6072
879 3928 0 6072
880 3928 0 6072
881 3928 0 6072
882 3928 0 6072
883 3928 0 6072
884 3928 0 6072
885 3928 0 6072
886 3928 0 6072
887 3928 0 6072
888 3928 0 6072
889 3928 0 6072
890 3928 0 6072
891 3928 0 6072
892 3928 0 6072
893 3928 0 6072
894 3928 0 6072
895 3928 0 6072
896 3928 0 6072
897 3928 0 6072
898 3928 0 6072
899 3928 0 6072
900 3928 0 6072
901 3928 0 6072
902 3928 0 6072
903 3928 0 6072
904 3928 0 6072
905 3928 0 6072
906 3928 0 6072
907 3928 0 6072
908 3928 0 6072
909 3928 0 6072
910 3928 0 6072
911 3928 0 6072
912 3928 0 6072
913 3928 0 6072
914 3928 0 6072
915 3928 0 6072
916 3928 0 6072
917 3928 0 6072
918 3928 0 6072
919 3928 0 6072
920 3928 0 6072
921 3928 0 6072
922 3928 0 6072
923 3928 0 6072
924 3928 0 6072
925 3928 0 6072
926 3928 0 6072
927 3928 0 6072
928 3928 0 6072
929 3928 0 6072
930 3928 0 6072
931 3928 0 6072
932 3928 0 6072
933 3928 0 6072
934 3928 0 6072
935 3928 0 6072
936 3928 0 6072
937 3928 0 6072
938 3928 0 6072
939 3928 0 6072
940 3928 0 6072
941 3928 0 6072
942 3928 0 6072
943 3928 0 6072
944 3928 0 6072
945 3928 0 6072
946 3928 0 6072
947 3928 0 6072
948 3928 0 6072
949 3928 0 6072
950 3928 0 6072
951 3928 0 6072
952 3928 0 6072
953 3928 0 6072
954 3928 0 6072
955 3928 0 6072
956 3928 0 6072
957 3928 0 6072
958 3928 0 6072
959 3928 0 6072
960 3928 0 6072
961 3928 0 6072
962 3928 0 6072
963 3928 0 6072
964 3928 0 6072
965 3928 0 6072
966 3928 0 6072
967 3928 0 6072
968 3928 0 6072
969 3928 0 6072
970 3928 0 6072
971 3928 0 6072
972 3928 0 6072
973 3928 0 6072
974 3928 0 6072
975 3928 0 6072
976 3928 0 6072
977 3928 0 6072
978 3928 0 6072
979 3928 0 6072
980 3928 0 6072
981 3928 0 6072
982 3928 0 6072
983 3928 0 6072
984 3928 0 6072
985 3928 0 6072
986 3928 0 6072
987 3928 0 6072
988 3928 0 6072
989 3928 0 6072
990 3928 0 6072
991 3928 0 6072
992 3928 0 6072
993 3928 0 6072
994 3928 0 6072
995 3928 0 6072
996 3928 0 6072
997 3928 0 6072
998 3928 0 6072
999 3928 0 6072
