0 9999 1 0
1 9998 2 0
2 9997 2 1
3 9997 2 1
4 9996 3 1
5 9995 4 1
6 9994 4 2
7 9991 6 3
8 9989 7 4
9 9987 9 4
10 9986 8 6
11 9986 8 6
12 9984 9 7
13 9983 7 10
14 9980 10 10
15 9978 12 10
16 9973 13 14
17 9971 11 18
18 9969 13 18
19 9965 13 22
20 9962 12 26
21 9958 13 29
22 9952 18 30
23 9946 22 32
24 9946 16 38
25 9941 17 42
26 9938 17 45
27 9935 16 49
28 9932 15 53
29 9931 13 56
30 9927 13 60
31 9923 11 66
32 9923 8 69
33 9921 9 70
34 9917 10 73
35 9914 11 75
36 9911 12 77
37 9906 15 79
38 9905 14 81
39 9903 15 82
40 9898 20 82
41 9895 18 87
42 9890 21 89
43 9887 22 91
44 9879 26 95
45 9871 29 100
46 9870 24 106
47 9868 19 113
48 9862 24 114
49 9856 26 118
50 9850 31 119
51 9841 34 125
52 9835 31 134
53 9828 31 141
54 9822 31 147
55 9810 41 149
56 9798 47 155
57 9786 50 164
58 9776 48 176
59 9773 41 186
60 9767 41 192
61 9761 42 197
62 9759 36 205
63 9752 36 212
64 9745 32 223
65 9739 34 227
66 9734 33 233
67 9728 37 235
68 9721 36 243
69 9711 41 248
70 9702 45 253
71 9696 44 260
72 9690 39 271
73 9683 40 277
74 9672 46 282
75 9663 51 286
76 9647 58 295
77 9636 60 304
78 9622 64 314
79 9604 72 324
80 9588 74 338
81 9569 84 347
82 9554 81 365
83 9540 83 377
84 9525 86 389
85 9509 90 401
86 9495 90 415
87 9480 85 435
88 9471 80 449
89 9464 73 463
90 9453 66 481
91 9446 69 485
92 9442 60 498
93 9429 65 506
94 9418 63 519
95 9404 65 531
96 9388 67 545
97 9372 72 556
98 9346 78 576
99 9328 81 591
100 9314 75 611
101 9301 75 624
102 9286 77 637
103 9274 76 650
104 9258 79 663
105 9248 76 676
106 9230 85 685
107 9212 89 699
108 9190 92 718
109 9171 91 738
110 9157 93 750
111 9131 105 764
112 9108 108 784
113 9069 130 801
114 9038 143 819
115 9016 138 846
116 8987 143 870
117 8962 147 891
118 8928 155 917
119 8894 163 943
120 8867 156 977
121 8839 155 1006
122 8816 144 1040
123 8794 147 1059
124 8776 146 1078
125 8747 157 1096
126 8730 141 1129
127 8704 142 1154
128 8677 137 1186
129 8658 129 1213
130 8640 133 1227
131 8620 124 1256
132 8597 127 1276
133 8573 137 1290
134 8556 127 1317
135 8525 129 1346
136 8512 117 1371
137 8485 118 1397
138 8461 115 1424
139 8443 109 1448
140 8424 116 1460
141 8412 104 1484
142 8386 99 1515
143 8363 108 1529
144 8337 113 1550
145 8311 121 1568
146 8282 126 1592
147 8260 126 1614
148 8243 115 1642
149 8216 120 1664
150 8191 123 1686
151 8154 136 1710
152 8129 134 1737
153 8108 137 1755
154 8075 143 1782
155 8053 142 1805
156 8021 150 1829
157 7983 162 1855
158 7957 162 1881
159 7927 163 1910
160 7901 153 1946
161 7879 152 1969
162 7862 145 1993
163 7844 137 2019
164 7824 137 2039
165 7806 135 2059
166 7782 132 2086
167 7764 126 2110
168 7742 132 2126
169 7731 121 2148
170 7715 109 2176
171 7696 108 2196
172 7674 105 2221
173 7654 102 2244
174 7638 104 2258
175 7629 97 2274
176 7611 97 2292
177 7596 97 2307
178 7578 94 2328
179 7552 103 2345
180 7542 88 2370
181 7529 81 2390
182 7511 83 2406
183 7491 92 2417
184 7476 96 2428
185 7464 88 2448
186 7452 87 2461
187 7435 92 2473
188 7415 102 2483
189 7400 94 2506
190 7386 94 2520
191 7363 101 2536
192 7342 107 2551
193 7323 106 2571
194 7300 107 2593
195 7284 107 2609
196 7272 96 2632
197 7251 96 2653
198 7241 88 2671
199 7233 77 2690
200 7225 73 2702
201 7210 79 2711
202 7198 76 2726
203 7182 74 2744
204 7170 71 2759
205 7158 76 2766
206 7139 86 2775
207 7119 89 2792
208 7104 87 2809
209 7082 95 2823
210 7069 92 2839
211 7056 92 2852
212 7028 103 2869
213 7004 109 2887
214 6991 107 2902
215 6967 117 2916
216 6941 119 2940
217 6916 114 2970
218 6906 107 2987
219 6881 103 3016
220 6855 116 3029
221 6832 119 3049
222 6815 121 3064
223 6795 120 3085
224 6770 127 3103
225 6750 125 3125
226 6712 137 3151
227 6701 125 3174
228 6681 126 3193
229 6659 128 3213
230 6629 135 3236
231 6609 138 3253
232 6589 134 3277
233 6562 142 3296
234 6540 138 3322
235 6517 140 3343
236 6489 137 3374
237 6469 134 3397
238 6455 131 3414
239 6436 131 3433
240 6421 129 3450
241 6394 132 3474
242 6360 147 3493
243 6326 152 3522
244 6287 160 3553
245 6258 161 3581
246 6235 156 3609
247 6212 159 3629
248 6196 145 3659
249 6178 138 3684
250 6158 137 3705
251 6139 133 3728
252 6121 125 3754
253 6099 121 3780
254 6068 131 3801
255 6051 126 3823
256 6037 122 3841
257 6014 123 3863
258 5993 126 3881
259 5976 125 3899
260 5955 130 3915
261 5936 126 3938
262 5919 124 3957
263 5905 116 3979
264 5890 112 3998
265 5873 114 4013
266 5857 109 4034
267 5839 112 4049
268 5817 114 4069
269 5796 115 4089
270 5774 118 4108
271 5753 117 4130
272 5732 112 4156
273 5721 99 4180
274 5712 90 4198
275 5702 86 4212
276 5686 81 4233
277 5672 86 4242
278 5661 85 4254
279 5647 84 4269
280 5642 77 4281
281 5637 71 4292
282 5633 64 4303
283 5621 66 4313
284 5614 55 4331
285 5610 50 4340
286 5606 43 4351
287 5597 45 4358
288 5594 40 4366
289 5589 34 4377
290 5584 29 4387
291 5582 23 4395
292 5576 24 4400
293 5573 23 4404
294 5566 24 4410
295 5558 27 4415
296 5550 32 4418
297 5545 34 4421
298 5540 33 4427
299 5527 38 4435
300 5524 35 4441
301 5513 37 4450
302 5506 39 4455
303 5500 40 4460
304 5494 39 4467
305 5489 38 4473
306 5478 47 4475
307 5472 45 4483
308 5460 47 4493
309 5451 45 4504
310 5447 45 4508
311 5442 42 4516
312 5437 40 4523
313 5428 39 4533
314 5419 45 4536
315 5414 45 4541
316 5409 44 4547
317 5407 37 4556
318 5394 47 4559
319 5383 51 4566
320 5375 50 4575
321 5369 50 4581
322 5366 44 4590
323 5356 48 4596
324 5350 43 4607
325 5338 50 4612
326 5332 48 4620
327 5329 47 4624
328 5325 42 4633
329 5323 36 4641
330 5322 29 4649
331 5320 24 4656
332 5318 18 4664
333 5312 21 4667
334 5300 28 4672
335 5297 27 4676
336 5297 20 4683
337 5295 18 4687
338 5294 16 4690
339 5288 22 4690
340 5286 20 4694
341 5281 23 4696
342 5276 24 4700
343 5274 23 4703
344 5267 25 4708
345 5259 26 4715
346 5254 25 4721
347 5249 29 4722
348 5242 29 4729
349 5233 33 4734
350 5228 30 4742
351 5220 31 4749
352 5216 27 4757
353 5206 33 4761
354 5196 43 4761
355 5187 48 4765
356 5173 55 4772
357 5162 54 4784
358 5152 55 4793
359 5142 53 4805
360 5132 55 4813
361 5115 62 4823
362 5105 63 4832
363 5089 69 4842
364 5081 64 4855
365 5076 57 4867
366 5065 57 4878
367 5049 65 4886
368 5037 66 4897
369 5017 78 4905
370 5002 81 4917
371 4985 83 4932
372 4966 80 4954
373 4960 66 4974
374 4949 65 4986
375 4947 62 4991
376 4936 64 5000
377 4921 66 5013
378 4905 76 5019
379 4893 76 5031
380 4884 76 5040
381 4867 85 5048
382 4856 77 5067
383 4843 72 5085
384 4835 61 5104
385 4825 60 5115
386 4815 60 5125
387 4806 55 5139
388 4790 61 5149
389 4769 70 5161
390 4757 68 5175
391 4739 71 5190
392 4731 67 5202
393 4712 76 5212
394 4694 77 5229
395 4682 76 5242
396 4669 77 5254
397 4657 73 5270
398 4647 67 5286
399 4636 65 5299
400 4620 73 5307
401 4611 68 5321
402 4598 66 5336
403 4587 67 5346
404 4580 63 5357
405 4569 62 5369
406 4561 58 5381
407 4559 53 5388
408 4553 49 5398
409 4548 46 5406
410 4542 43 5415
411 4539 34 5427
412 4536 33 5431
413 4532 34 5434
414 4527 30 5443
415 4521 28 5451
416 4519 23 5458
417 4513 26 5461
418 4512 21 5467
419 4510 20 5470
420 4503 24 5473
421 4501 22 5477
422 4498 21 5481
423 4494 20 5486
424 4494 14 5492
425 4492 13 5495
426 4489 11 5500
427 4486 11 5503
428 4484 11 5505
429 4481 12 5507
430 4477 12 5511
431 4474 13 5513
432 4471 14 5515
433 4467 15 5518
434 4462 19 5519
435 4459 17 5524
436 4455 19 5526
437 4448 24 5528
438 4440 28 5532
439 4434 30 5536
440 4424 32 5544
441 4417 33 5550
442 4411 36 5553
443 4406 36 5558
444 4400 38 5562
445 4390 37 5573
446 4385 38 5577
447 4380 42 5578
448 4368 45 5587
449 4363 39 5598
450 4354 41 5605
451 4349 37 5614
452 4341 38 5621
453 4335 39 5626
454 4326 42 5632
455 4322 40 5638
456 4312 47 5641
457 4303 46 5651
458 4297 43 5660
459 4292 40 5668
460 4284 42 5674
461 4281 37 5682
462 4275 40 5685
463 4270 40 5690
464 4264 39 5697
465 4261 35 5704
466 4258 34 5708
467 4251 35 5714
468 4243 34 5723
469 4238 33 5729
470 4234 29 5737
471 4221 38 5741
472 4206 46 5748
473 4201 42 5757
474 4194 44 5762
475 4179 52 5769
476 4174 47 5779
477 4168 44 5788
478 4165 36 5799
479 4155 40 5805
480 4148 45 5807
481 4136 50 5814
482 4125 50 5825
483 4113 47 5840
484 4102 48 5850
485 4097 42 5861
486 4092 41 5867
487 4083 42 5875
488 4080 38 5882
489 4074 36 5890
490 4068 36 5896
491 4063 35 5902
492 4058 34 5908
493 4055 29 5916
494 4051 31 5918
495 4047 28 5925
496 4045 24 5931
497 4037 29 5934
498 4030 30 5940
499 4022 31 5947
500 4021 24 5955
501 4018 22 5960
502 4017 19 5964
503 4013 23 5964
504 4006 27 5967
505 3998 32 5970
506 3993 28 5979
507 3987 31 5982
508 3983 33 5984
509 3981 28 5991
510 3977 26 5997
511 3975 25 6000
512 3970 22 6008
513 3961 31 6008
514 3957 28 6015
515 3953 28 6019
516 3951 28 6021
517 3949 25 6026
518 3944 26 6030
519 3938 30 6032
520 3934 25 6041
521 3926 24 6050
522 3917 26 6057
523 3911 25 6064
524 3904 27 6069
525 3894 36 6070
526 3884 35 6081
527 3880 32 6088
528 3871 38 6091
529 3867 37 6096
530 3855 46 6099
531 3844 50 6106
532 3834 48 6118
533 3825 48 6127
534 3817 49 6134
535 3808 51 6141
536 3803 49 6148
537 3795 49 6156
538 3787 50 6163
539 3781 49 6170
540 3769 53 6178
541 3762 54 6184
542 3747 53 6200
543 3736 58 6206
544 3723 66 6211
545 3712 63 6225
546 3693 75 6232
547 3681 74 6245
548 3665 78 6257
549 3650 84 6266
550 3630 89 6281
551 3619 75 6306
552 3606 73 6321
553 3592 76 6332
554 3577 82 6341
555 3569 75 6356
556 3559 69 6372
557 3550 68 6382
558 3540 66 6394
559 3536 58 6406
560 3532 58 6410
561 3526 51 6423
562 3518 54 6428
563 3516 45 6439
564 3514 38 6448
565 3504 41 6455
566 3498 38 6464
567 3496 34 6470
568 3494 27 6479
569 3488 32 6480
570 3485 30 6485
571 3485 25 6490
572 3483 26 6491
573 3481 23 6496
574 3478 20 6502
575 3476 20 6504
576 3475 16 6509
577 3475 15 6510
578 3473 17 6510
579 3470 17 6513
580 3469 17 6514
581 3468 15 6517
582 3467 15 6518
583 3464 17 6519
584 3463 16 6521
585 3460 19 6521
586 3456 22 6522
587 3453 23 6524
588 3452 22 6526
589 3452 19 6529
590 3451 16 6533
591 3446 19 6535
592 3439 24 6537
593 3436 17 6547
594 3435 16 6549
595 3433 16 6551
596 3433 14 6553
597 3433 10 6557
598 3432 8 6560
599 3432 6 6562
600 3432 6 6562
601 3432 4 6564
602 3432 4 6564
603 3432 3 6565
604 3432 3 6565
605 3432 3 6565
606 3432 3 6565
607 3432 2 6566
608 3432 1 6567
609 3432 1 6567
610 3432 1 6567
611 3432 1 6567
612 3432 1 6567
613 3432 1 6567
614 3432 1 6567
615 3432 1 6567
616 3432 1 6567
617 3432 1 6567
618 3432 1 6567
619 3432 1 6567
620 3432 1 6567
621 3432 1 6567
622 3432 1 6567
623 3432 1 6567
624 3432 1 6567
625 3432 1 6567
626 3432 1 6567
627 3432 0 6568
628 3432 0 6568
629 3432 0 6568
630 3432 0 6568
631 3432 0 6568
632 3432 0 6568
633 3432 0 6568
634 3432 0 6568
635 3432 0 6568
636 3432 0 6568
637 3432 0 6568
638 3432 0 6568
639 3432 0 6568
640 3432 0 6568
641 3432 0 6568
642 3432 0 6568
643 3432 0 6568
644 3432 0 6568
645 3432 0 6568
646 3432 0 6568
647 3432 0 6568
648 3432 0 6568
649 3432 0 6568
650 3432 0 6568
651 3432 0 6568
652 3432 0 6568
653 3432 0 6568
654 3432 0 6568
655 3432 0 6568
656 3432 0 6568
657 3432 0 6568
658 3432 0 6568
659 3432 0 6568
660 3432 0 6568
661 3432 0 6568
662 3432 0 6568
663 3432 0 6568
664 3432 0 6568
665 3432 0 6568
666 3432 0 6568
667 3432 0 6568
668 3432 0 6568
669 3432 0 6568
670 3432 0 6568
671 3432 0 6568
672 3432 0 6568
673 3432 0 6568
674 3432 0 6568
675 3432 0 6568
676 3432 0 6568
677 3432 0 6568
678 3432 0 6568
679 3432 0 6568
680 3432 0 6568
681 3432 0 6568
682 3432 0 6568
683 3432 0 6568
684 3432 0 6568
685 3432 0 6568
686 3432 0 6568
687 3432 0 6568
688 3432 0 6568
689 3432 0 6568
690 3432 0 6568
691 3432 0 6568
692 3432 0 6568
693 3432 0 6568
694 3432 0 6568
695 3432 0 6568
696 3432 0 6568
697 3432 0 6568
698 3432 0 6568
699 3432 0 6568
700 3432 0 6568
701 3432 0 6568
702 3432 0 6568
703 3432 0 6568
704 3432 0 6568
705 3432 0 6568
706 3432 0 6568
707 3432 0 6568
708 3432 0 6568
709 3432 0 6568
710 3432 0 6568
711 3432 0 6568
712 3432 0 6568
713 3432 0 6568
714 3432 0 6568
715 3432 0 6568
716 3432 0 6568
717 3432 0 6568
718 3432 0 6568
719 3432 0 6568
720 3432 0 6568
721 3432 0 6568
722 3432 0 6568
723 3432 0 6568
724 3432 0 6568
725 3432 0 6568
726 3432 0 6568
727 3432 0 6568
728 3432 0 6568
729 3432 0 6568
730 3432 0 6568
731 3432 0 6568
732 3432 0 6568
733 3432 0 6568
734 3432 0 6568
735 3432 0 6568
736 3432 0 6568
737 3432 0 6568
738 3432 0 6568
739 3432 0 6568
740 3432 0 6568
741 3432 0 6568
742 3432 0 6568
743 3432 0 6568
744 3432 0 6568
745 3432 0 6568
746 3432 0 6568
747 3432 0 6568
748 3432 0 6568
749 3432 0 6568
750 3432 0 6568
751 3432 0 6568
752 3432 0 6568
753 3432 0 6568
754 3432 0 6568
755 3432 0 6568
756 3432 0 6568
757 3432 0 6568
758 3432 0 6568
759 3432 0 6568
760 3432 0 6568
761 3432 0 6568
762 3432 0 6568
763 3432 0 6568
764 3432 0 6568
765 3432 0 6568
766 3432 0 6568
767 3432 0 6568
768 3432 0 6568
769 3432 0 6568
770 3432 0 6568
771 3432 0 6568
772 3432 0 6568
773 3432 0 6568
774 3432 0 6568
775 3432 0 6568
776 3432 0 6568
777 3432 0 6568
778 3432 0 6568
779 3432 0 6568
780 3432 0 6568
781 3432 0 6568
782 3432 0 6568
783 3432 0 6568
784 3432 0 6568
785 3432 0 6568
786 3432 0 6568
787 3432 0 6568
788 3432 0 6568
789 3432 0 6568
790 3432 0 6568
791 3432 0 6568
792 3432 0 6568
793 3432 0 6568
794 3432 0 6568
795 3432 0 6568
796 3432 0 6568
797 3432 0 6568
798 3432 0 6568
799 3432 0 6568
800 3432 0 6568
801 3432 0 6568
802 3432 0 6568
803 3432 0 6568
804 3432 0 6568
805 3432 0 6568
806 3432 0 6568
807 3432 0 6568
808 3432 0 6568
809 3432 0 6568
810 3432 0 6568
811 3432 0 6568
812 3432 0 6568
813 3432 0 6568
814 3432 0 6568
815 3432 0 6568
816 3432 0 6568
817 3432 0 6568
818 3432 0 6568
819 3432 0 6568
820 3432 0 6568
821 3432 0 6568
822 3432 0 6568
823 3432 0 6568
824 3432 0 6568
825 3432 0 6568
826 3432 0 6568
827 3432 0 6568
828 3432 0 6568
829 3432 0 6568
830 3432 0 6568
831 3432 0 6568
832 3432 0 6568
833 3432 0 6568
834 3432 0 6568
835 3432 0 6568
836 3432 0 6568
837 3432 0 6568
838 3432 0 6568
839 3432 0 6568
840 3432 0 6568
841 3432 0 6568
842 3432 0 6568
843 3432 0 6568
844 3432 0 6568
845 3432 0 6568
846 3432 0 6568
847 3432 0 6568
848 3432 0 6568
849 3432 0 6568
850 3432 0 6568
851 3432 0 6568
852 3432 0 6568
853 3432 0 6568
854 3432 0 6568
855 3432 0 6568
856 3432 0 6568
857 3432 0 6568
858 3432 0 6568
859 3432 0 6568
860 3432 0 6568
861 3432 0 6568
862 3432 0 6568
863 3432 0 6568
864 3432 0 6568
865 3432 0 6568
866 3432 0 6568
867 3432 0 6568
868 3432 0 6568
869 3432 0 6568
870 3432 0 6568
871 3432 0 6568
872 3432 0 6568
873 3432 0 6568
874 3432 0 6568
875 3432 0 6568
876 3432 0 6568
877 3432 0 6568
878 3432 0 6568
879 3432 0 6568
880 3432 0 6568
881 3432 0 6568
882 3432 0 6568
883 3432 0 6568
884 3432 0 6568
885 3432 0 6568
886 3432 0 6568
887 3432 0 6568
888 3432 0 6568
889 3432 0 6568
890 3432 0 6568
891 3432 0 6568
892 3432 0 6568
893 3432 0 6568
894 3432 0 6568
895 3432 0 6568
896 3432 0 6568
897 3432 0 6568
898 3432 0 6568
899 3432 0 6568
900 3432 0 6568
901 3432 0 6568
902 3432 0 6568
903 3432 0 6568
904 3432 0 6568
905 3432 0 6568
906 3432 0 6568
907 3432 0 6568
908 3432 0 6568
909 3432 0 6568
910 3432 0 6568
911 3432 0 6568
912 3432 0 6568
913 3432 0 6568
914 3432 0 6568
915 3432 0 6568
916 3432 0 6568
917 3432 0 6568
918 3432 0 6568
919 3432 0 6568
920 3432 0 6568
921 3432 0 6568
922 3432 0 6568
923 3432 0 6568
924 3432 0 6568
925 3432 0 6568
926 3432 0 6568
927 3432 0 6568
928 3432 0 6568
929 3432 0 6568
930 3432 0 6568
931 3432 0 6568
932 3432 0 6568
933 3432 0 6568
934 3432 0 6568
935 3432 0 6568
936 3432 0 6568
937 3432 0 6568
938 3432 0 6568
939 3432 0 6568
940 3432 0 6568
941 3432 0 6568
942 3432 0 6568
943 3432 0 6568
944 3432 0 6568
945 3432 0 6568
946 3432 0 6568
947 3432 0 6568
948 3432 0 6568
949 3432 0 6568
950 3432 0 6568
951 3432 0 6568
952 3432 0 6568
953 3432 0 6568
954 3432 0 6568
955 3432 0 6568
956 3432 0 6568
957 3432 0 6568
958 3432 0 6568
959 3432 0 6568
960 3432 0 6568
961 3432 0 6568
962 3432 0 6568
963 3432 0 6568
964 3432 0 6568
965 3432 0 6568
966 3432 0 6568
967 3432 0 6568
968 3432 0 6568
969 3432 0 6568
970 3432 0 6568
971 3432 0 6568
972 3432 0 6568
973 3432 0 6568
974 3432 0 6568
975 3432 0 6568
976 3432 0 6568
977 3432 0 6568
978 3432 0 6568
979 3432 0 6568
980 3432 0 6568
981 3432 0 6568
982 3432 0 6568
983 3432 0 6568
984 3432 0 6568
985 3432 0 6568
986 3432 0 6568
987 3432 0 6568
988 3432 0 6568
989 3432 0 6568
990 3432 0 6568
991 3432 0 6568
992 3432 0 6568
993 3432 0 6568
994 3432 0 6568
995 3432 0 6568
996 3432 0 6568
997 3432 0 6568
998 3432 0 6568
999 3432 0 6568
