0 9999 1 0
1 9994 5 1
2 9994 5 1
3 9991 8 1
4 9984 13 3
5 9980 13 7
6 9975 12 13
7 9971 15 14
8 9970 16 14
9 9960 22 18
10 9960 22 18
11 9952 28 20
12 9948 21 31
13 9942 26 32
14 9930 35 35
15 9915 45 40
16 9904 46 50
17 9890 45 65
18 9881 48 71
19 9878 38 84
20 9875 33 92
21 9871 32 97
22 9862 37 101
23 9858 32 110
24 9853 32 115
25 9849 27 124
26 9845 26 129
27 9840 26 134
28 9832 31 137
29 9824 33 143
30 9818 34 148
31 9813 34 153
32 9806 34 160
33 9796 37 167
34 9790 34 176
35 9786 31 183
36 9780 31 189
37 9769 38 193
38 9757 47 196
39 9749 46 205
40 9739 47 214
41 9726 52 222
42 9708 64 228
43 9699 60 241
44 9690 63 247
45 9679 57 264
46 9668 54 278
47 9658 56 286
48 9653 49 298
49 9641 52 307
50 9635 46 319
51 9632 42 326
52 9627 40 333
53 9622 41 337
54 9617 39 344
55 9602 43 355
56 9592 43 365
57 9580 47 373
58 9573 48 379
59 9562 49 389
60 9550 54 396
61 9540 52 408
62 9527 55 418
63 9517 57 426
64 9509 53 438
65 9495 61 444
66 9480 66 454
67 9468 67 465
68 9459 62 479
69 9448 63 489
70 9434 63 503
71 9417 66 517
72 9401 70 529
73 9385 71 544
74 9370 68 562
75 9356 65 579
76 9346 65 589
77 9330 68 602
78 9310 74 616
79 9298 70 632
80 9288 67 645
81 9272 67 661
82 9259 63 678
83 9245 68 687
84 9229 75 696
85 9220 73 707
86 9199 78 723
87 9184 83 733
88 9161 92 747
89 9140 103 757
90 9118 109 773
91 9091 118 791
92 9063 123 814
93 9036 129 835
94 9006 132 862
95 8964 152 884
96 8930 160 910
97 8904 154 942
98 8881 155 964
99 8859 150 991
100 8834 151 1015
101 8809 138 1053
102 8778 141 1081
103 8753 139 1108
104 8723 145 1132
105 8690 153 1157
106 8669 156 1175
107 8651 147 1202
108 8628 137 1235
109 8607 138 1255
110 8578 147 1275
111 8554 144 1302
112 8526 145 1329
113 8506 136 1358
114 8490 132 1378
115 8459 141 1400
116 8440 137 1423
117 8410 144 1446
118 8385 146 1469
119 8367 139 1494
120 8339 142 1519
121 8311 151 1538
122 8286 154 1560
123 8268 147 1585
124 8237 157 1606
125 8204 162 1634
126 8167 167 1666
127 8137 174 1689
128 8105 176 1719
129 8064 192 1744
130 8030 192 1778
131 7987 194 1819
132 7952 201 1847
133 7911 204 1885
134 7854 230 1916
135 7809 233 1958
136 7760 244 1996
137 7722 240 2038
138 7688 232 2080
139 7660 216 2124
140 7611 230 2159
141 7573 222 2205
142 7534 227 2239
143 7483 234 2283
144 7449 229 2322
145 7414 224 2362
146 7380 218 2402
147 7340 209 2451
148 7309 204 2487
149 7270 200 2530
150 7242 188 2570
151 7215 182 2603
152 7197 171 2632
153 7171 166 2663
154 7140 157 2703
155 7111 160 2729
156 7083 162 2755
157 7063 150 2787
158 7024 160 2816
159 6995 158 2847
160 6978 159 2863
161 6953 151 2896
162 6930 145 2925
163 6908 136 2956
164 6874 146 2980
165 6849 146 3005
166 6841 123 3036
167 6822 124 3054
168 6800 125 3075
169 6781 123 3096
170 6759 131 3110
171 6733 119 3148
172 6716 115 3169
173 6684 129 3187
174 6662 126 3212
175 6650 120 3230
176 6636 113 3251
177 6614 105 3281
178 6593 103 3304
179 6565 111 3324
180 6537 117 3346
181 6515 120 3365
182 6500 115 3385
183 6474 116 3410
184 6453 117 3430
185 6437 120 3443
186 6414 124 3462
187 6395 129 3476
188 6368 137 3495
189 6347 135 3518
190 6319 137 3544
191 6290 139 3571
192 6266 144 3590
193 6239 145 3616
194 6216 150 3634
195 6182 153 3665
196 6159 147 3694
197 6133 142 3725
198 6109 145 3746
199 6081 147 3772
200 6062 144 3794
201 6037 144 3819
202 6011 136 3853
203 5992 137 3871
204 5962 149 3889
205 5935 148 3917
206 5905 149 3946
207 5874 150 3976
208 5849 146 4005
209 5828 140 4032
210 5803 140 4057
211 5788 127 4085
212 5772 114 4114
213 5751 113 4136
214 5737 107 4156
215 5719 112 4169
216 5698 112 4190
217 5676 119 4205
218 5656 117 4227
219 5632 125 4243
220 5614 124 4262
221 5588 127 4285
222 5569 124 4307
223 5536 137 4327
224 5504 143 4353
225 5471 144 4385
226 5449 134 4417
227 5433 129 4438
228 5416 124 4460
229 5398 120 4482
230 5372 124 4504
231 5351 119 4530
232 5327 121 4552
233 5299 129 4572
234 5275 132 4593
235 5250 139 4611
236 5230 138 4632
237 5198 142 4660
238 5173 138 4689
239 5152 134 4714
240 5130 139 4731
241 5112 129 4759
242 5092 127 4781
243 5080 109 4811
244 5062 110 4828
245 5039 105 4856
246 5027 95 4878
247 5018 84 4898
248 5004 85 4911
249 4991 77 4932
250 4986 68 4946
251 4972 73 4955
252 4957 77 4966
253 4947 75 4978
254 4934 66 5000
255 4921 68 5011
256 4913 59 5028
257 4902 57 5041
258 4895 52 5053
259 4880 61 5059
260 4872 63 5065
261 4864 61 5075
262 4845 69 5086
263 4830 75 5095
264 4808 82 5110
265 4796 81 5123
266 4784 76 5140
267 4779 67 5154
268 4770 66 5164
269 4758 71 5171
270 4749 70 5181
271 4738 69 5193
272 4729 72 5199
273 4705 82 5213
274 4686 81 5233
275 4676 81 5243
276 4663 81 5256
277 4649 84 5267
278 4637 82 5281
279 4626 74 5300
280 4617 73 5310
281 4602 77 5321
282 4594 68 5338
283 4585 68 5347
284 4573 71 5356
285 4561 73 5366
286 4548 72 5380
287 4536 72 5392
288 4527 63 5410
289 4520 62 5418
290 4505 64 5431
291 4494 60 5446
292 4485 62 5453
293 4474 63 5463
294 4467 56 5477
295 4457 52 5491
296 4443 59 5498
297 4433 59 5508
298 4427 55 5518
299 4418 55 5527
300 4414 46 5540
301 4407 39 5554
302 4403 37 5560
303 4396 39 5565
304 4389 41 5570
305 4380 39 5581
306 4378 37 5585
307 4368 38 5594
308 4355 45 5600
309 4349 40 5611
310 4339 42 5619
311 4328 48 5624
312 4317 51 5632
313 4313 43 5644
314 4308 38 5654
315 4305 32 5663
316 4299 35 5666
317 4294 33 5673
318 4286 34 5680
319 4276 42 5682
320 4269 40 5691
321 4260 42 5698
322 4247 47 5706
323 4240 41 5719
324 4229 47 5724
325 4222 40 5738
326 4218 41 5741
327 4215 37 5748
328 4209 37 5754
329 4205 34 5761
330 4199 33 5768
331 4195 32 5773
332 4183 31 5786
333 4176 33 5791
334 4173 28 5799
335 4169 28 5803
336 4158 31 5811
337 4154 31 5815
338 4142 32 5826
339 4133 37 5830
340 4123 41 5836
341 4117 39 5844
342 4108 40 5852
343 4098 47 5855
344 4093 37 5870
345 4088 34 5878
346 4082 35 5883
347 4073 36 5891
348 4068 36 5896
349 4062 37 5901
350 4053 39 5908
351 4044 40 5916
352 4032 43 5925
353 4026 40 5934
354 4014 44 5942
355 4006 47 5947
356 4002 43 5955
357 3999 41 5960
358 3997 35 5968
359 3993 33 5974
360 3986 37 5977
361 3979 35 5986
362 3976 33 5991
363 3973 32 5995
364 3970 26 6004
365 3967 26 6007
366 3962 28 6010
367 3960 27 6013
368 3956 28 6016
369 3948 32 6020
370 3943 34 6023
371 3936 32 6032
372 3928 34 6038
373 3924 35 6041
374 3914 37 6049
375 3906 42 6052
376 3897 43 6060
377 3890 40 6070
378 3881 40 6079
379 3877 36 6087
380 3869 37 6094
381 3862 40 6098
382 3854 44 6102
383 3850 39 6111
384 3841 41 6118
385 3834 43 6123
386 3825 44 6131
387 3821 41 6138
388 3816 39 6145
389 3806 41 6153
390 3806 36 6158
391 3806 31 6163
392 3802 29 6169
393 3797 30 6173
394 3795 28 6177
395 3794 24 6182
396 3794 21 6185
397 3790 23 6187
398 3785 27 6188
399 3779 26 6195
400 3774 27 6199
401 3772 25 6203
402 3765 28 6207
403 3758 32 6210
404 3753 34 6213
405 3744 38 6218
406 3738 42 6220
407 3735 36 6229
408 3732 37 6231
409 3726 34 6240
410 3721 33 6246
411 3717 30 6253
412 3713 28 6259
413 3711 25 6264
414 3710 18 6272
415 3710 15 6275
416 3710 11 6279
417 3708 10 6282
418 3705 13 6282
419 3705 11 6284
420 3704 10 6286
421 3704 9 6287
422 3704 5 6291
423 3704 5 6291
424 3704 4 6292
425 3703 5 6292
426 3703 5 6292
427 3703 4 6293
428 3702 5 6293
429 3702 3 6295
430 3702 2 6296
431 3702 2 6296
432 3702 1 6297
433 3702 1 6297
434 3702 1 6297
435 3702 1 6297
436 3702 1 6297
437 3702 0 6298
438 3702 0 6298
439 3702 0 6298
440 3702 0 6298
441 3702 0 6298
442 3702 0 6298
443 3702 0 6298
444 3702 0 6298
445 3702 0 6298
446 3702 0 6298
447 3702 0 6298
448 3702 0 6298
449 3702 0 6298
450 3702 0 6298
451 3702 0 6298
452 3702 0 6298
453 3702 0 6298
454 3702 0 6298
455 3702 0 6298
456 3702 0 6298
457 3702 0 6298
458 3702 0 6298
459 3702 0 6298
460 3702 0 6298
461 3702 0 6298
462 3702 0 6298
463 3702 0 6298
464 3702 0 6298
465 3702 0 6298
466 3702 0 6298
467 3702 0 6298
468 3702 0 6298
469 3702 0 6298
470 3702 0 6298
471 3702 0 6298
472 3702 0 6298
473 3702 0 6298
474 3702 0 6298
475 3702 0 6298
476 3702 0 6298
477 3702 0 6298
478 3702 0 6298
479 3702 0 6298
480 3702 0 6298
481 3702 0 6298
482 3702 0 6298
483 3702 0 6298
484 3702 0 6298
485 3702 0 6298
486 3702 0 6298
487 3702 0 6298
488 3702 0 6298
489 3702 0 6298
490 3702 0 6298
491 3702 0 6298
492 3702 0 6298
493 3702 0 6298
494 3702 0 6298
495 3702 0 6298
496 3702 0 6298
497 3702 0 6298
498 3702 0 6298
499 3702 0 6298
500 3702 0 6298
501 3702 0 6298
502 3702 0 6298
503 3702 0 6298
504 3702 0 6298
505 3702 0 6298
506 3702 0 6298
507 3702 0 6298
508 3702 0 6298
509 3702 0 6298
510 3702 0 6298
511 3702 0 6298
512 3702 0 6298
513 3702 0 6298
514 3702 0 6298
515 3702 0 6298
516 3702 0 6298
517 3702 0 6298
518 3702 0 6298
519 3702 0 6298
520 3702 0 6298
521 3702 0 6298
522 3702 0 6298
523 3702 0 6298
524 3702 0 6298
525 3702 0 6298
526 3702 0 6298
527 3702 0 6298
528 3702 0 6298
529 3702 0 6298
530 3702 0 6298
531 3702 0 6298
532 3702 0 6298
533 3702 0 6298
534 3702 0 6298
535 3702 0 6298
536 3702 0 6298
537 3702 0 6298
538 3702 0 6298
539 3702 0 6298
540 3702 0 6298
541 3702 0 6298
542 3702 0 6298
543 3702 0 6298
544 3702 0 6298
545 3702 0 6298
546 3702 0 6298
547 3702 0 6298
548 3702 0 6298
549 3702 0 6298
550 3702 0 6298
551 3702 0 6298
552 3702 0 6298
553 3702 0 6298
554 3702 0 6298
555 3702 0 6298
556 3702 0 6298
557 3702 0 6298
558 3702 0 6298
559 3702 0 6298
560 3702 0 6298
561 3702 0 6298
562 3702 0 6298
563 3702 0 6298
564 3702 0 6298
565 3702 0 6298
566 3702 0 6298
567 3702 0 6298
568 3702 0 6298
569 3702 0 6298
570 3702 0 6298
571 3702 0 6298
572 3702 0 6298
573 3702 0 6298
574 3702 0 6298
575 3702 0 6298
576 3702 0 6298
577 3702 0 6298
578 3702 0 6298
579 3702 0 6298
580 3702 0 6298
581 3702 0 6298
582 3702 0 6298
583 3702 0 6298
584 3702 0 6298
585 3702 0 6298
586 3702 0 6298
587 3702 0 6298
588 3702 0 6298
589 3702 0 6298
590 3702 0 6298
591 3702 0 6298
592 3702 0 6298
593 3702 0 6298
594 3702 0 6298
595 3702 0 6298
596 3702 0 6298
597 3702 0 6298
598 3702 0 6298
599 3702 0 6298
600 3702 0 6298
601 3702 0 6298
602 3702 0 6298
603 3702 0 6298
604 3702 0 6298
605 3702 0 6298
606 3702 0 6298
607 3702 0 6298
608 3702 0 6298
609 3702 0 6298
610 3702 0 6298
611 3702 0 6298
612 3702 0 6298
613 3702 0 6298
614 3702 0 6298
615 3702 0 6298
616 3702 0 6298
617 3702 0 6298
618 3702 0 6298
619 3702 0 6298
620 3702 0 6298
621 3702 0 6298
622 3702 0 6298
623 3702 0 6298
624 3702 0 6298
625 3702 0 6298
626 3702 0 6298
627 3702 0 6298
628 3702 0 6298
629 3702 0 6298
630 3702 0 6298
631 3702 0 6298
632 3702 0 6298
633 3702 0 6298
634 3702 0 6298
635 3702 0 6298
636 3702 0 6298
637 3702 0 6298
638 3702 0 6298
639 3702 0 6298
640 3702 0 6298
641 3702 0 6298
642 3702 0 6298
643 3702 0 6298
644 3702 0 6298
645 3702 0 6298
646 3702 0 6298
647 3702 0 6298
648 3702 0 6298
649 3702 0 6298
650 3702 0 6298
651 3702 0 6298
652 3702 0 6298
653 3702 0 6298
654 3702 0 6298
655 3702 0 6298
656 3702 0 6298
657 3702 0 6298
658 3702 0 6298
659 3702 0 6298
660 3702 0 6298
661 3702 0 6298
662 3702 0 6298
663 3702 0 6298
664 3702 0 6298
665 3702 0 6298
666 3702 0 6298
667 3702 0 6298
668 3702 0 6298
669 3702 0 6298
670 3702 0 6298
671 3702 0 6298
672 3702 0 6298
673 3702 0 6298
674 3702 0 6298
675 3702 0 6298
676 3702 0 6298
677 3702 0 6298
678 3702 0 6298
679 3702 0 6298
680 3702 0 6298
681 3702 0 6298
682 3702 0 6298
683 3702 0 6298
684 3702 0 6298
685 3702 0 6298
686 3702 0 6298
687 3702 0 6298
688 3702 0 6298
689 3702 0 6298
690 3702 0 6298
691 3702 0 6298
692 3702 0 6298
693 3702 0 6298
694 3702 0 6298
695 3702 0 6298
696 3702 0 6298
697 3702 0 6298
698 3702 0 6298
699 3702 0 6298
700 3702 0 6298
701 3702 0 6298
702 3702 0 6298
703 3702 0 6298
704 3702 0 6298
705 3702 0 6298
706 3702 0 6298
707 3702 0 6298
708 3702 0 6298
709 3702 0 6298
710 3702 0 6298
711 3702 0 6298
712 3702 0 6298
713 3702 0 6298
714 3702 0 6298
715 3702 0 6298
716 3702 0 6298
717 3702 0 6298
718 3702 0 6298
719 3702 0 6298
720 3702 0 6298
721 3702 0 6298
722 3702 0 6298
723 3702 0 6298
724 3702 0 6298
725 3702 0 6298
726 3702 0 6298
727 3702 0 6298
728 3702 0 6298
729 3702 0 6298
730 3702 0 6298
731 3702 0 6298
732 3702 0 6298
733 3702 0 6298
734 3702 0 6298
735 3702 0 6298
736 3702 0 6298
737 3702 0 6298
738 3702 0 6298
739 3702 0 6298
740 3702 0 6298
741 3702 0 6298
742 3702 0 6298
743 3702 0 6298
744 3702 0 6298
745 3702 0 6298
746 3702 0 6298
747 3702 0 6298
748 3702 0 6298
749 3702 0 6298
750 3702 0 6298
751 3702 0 6298
752 3702 0 6298
753 3702 0 6298
754 3702 0 6298
755 3702 0 6298
756 3702 0 6298
757 3702 0 6298
758 3702 0 6298
759 3702 0 6298
760 3702 0 6298
761 3702 0 6298
762 3702 0 6298
763 3702 0 6298
764 3702 0 6298
765 3702 0 6298
766 3702 0 6298
767 3702 0 6298
768 3702 0 6298
769 3702 0 6298
770 3702 0 6298
771 3702 0 6298
772 3702 0 6298
773 3702 0 6298
774 3702 0 6298
775 3702 0 6298
776 3702 0 6298
777 3702 0 6298
778 3702 0 6298
779 3702 0 6298
780 3702 0 6298
781 3702 0 6298
782 3702 0 6298
783 3702 0 6298
784 3702 0 6298
785 3702 0 6298
786 3702 0 6298
787 3702 0 6298
788 3702 0 6298
789 3702 0 6298
790 3702 0 6298
791 3702 0 6298
792 3702 0 6298
793 3702 0 6298
794 3702 0 6298
795 3702 0 6298
796 3702 0 6298
797 3702 0 6298
798 3702 0 6298
799 3702 0 6298
800 3702 0 6298
801 3702 0 6298
802 3702 0 6298
803 3702 0 6298
804 3702 0 6298
805 3702 0 6298
806 3702 0 6298
807 3702 0 6298
808 3702 0 6298
809 3702 0 6298
810 3702 0 6298
811 3702 0 6298
812 3702 0 6298
813 3702 0 6298
814 3702 0 6298
815 3702 0 6298
816 3702 0 6298
817 3702 0 6298
818 3702 0 6298
819 3702 0 6298
820 3702 0 6298
821 3702 0 6298
822 3702 0 6298
823 3702 0 6298
824 3702 0 6298
825 3702 0 6298
826 3702 0 6298
827 3702 0 6298
828 3702 0 6298
829 3702 0 6298
830 3702 0 6298
831 3702 0 6298
832 3702 0 6298
833 3702 0 6298
834 3702 0 6298
835 3702 0 6298
836 3702 0 6298
837 3702 0 6298
838 3702 0 6298
839 3702 0 6298
840 3702 0 6298
841 3702 0 6298
842 3702 0 6298
843 3702 0 6298
844 3702 0 6298
845 3702 0 6298
846 3702 0 6298
847 3702 0 6298
848 3702 0 6298
849 3702 0 6298
850 3702 0 6298
851 3702 0 6298
852 3702 0 6298
853 3702 0 6298
854 3702 0 6298
855 3702 0 6298
856 3702 0 6298
857 3702 0 6298
858 3702 0 6298
859 3702 0 6298
860 3702 0 6298
861 3702 0 6298
862 3702 0 6298
863 3702 0 6298
864 3702 0 6298
865 3702 0 6298
866 3702 0 6298
867 3702 0 6298
868 3702 0 6298
869 3702 0 6298
870 3702 0 6298
871 3702 0 6298
872 3702 0 6298
873 3702 0 6298
874 3702 0 6298
875 3702 0 6298
876 3702 0 6298
877 3702 0 6298
878 3702 0 6298
879 3702 0 6298
880 3702 0 6298
881 3702 0 6298
882 3702 0 6298
883 3702 0 6298
884 3702 0 6298
885 3702 0 6298
886 3702 0 6298
887 3702 0 6298
888 3702 0 6298
889 3702 0 6298
890 3702 0 6298
891 3702 0 6298
892 3702 0 6298
893 3702 0 6298
894 3702 0 6298
895 3702 0 6298
896 3702 0 6298
897 3702 0 6298
898 3702 0 6298
899 3702 0 6298
900 3702 0 6298
901 3702 0 6298
902 3702 0 6298
903 3702 0 6298
904 3702 0 6298
905 3702 0 6298
906 3702 0 6298
907 3702 0 6298
908 3702 0 6298
909 3702 0 6298
910 3702 0 6298
911 3702 0 6298
912 3702 0 6298
913 3702 0 6298
914 3702 0 6298
915 3702 0 6298
916 3702 0 6298
917 3702 0 6298
918 3702 0 6298
919 3702 0 6298
920 3702 0 6298
921 3702 0 6298
922 3702 0 6298
923 3702 0 6298
924 3702 0 6298
925 3702 0 6298
926 3702 0 6298
927 3702 0 6298
928 3702 0 6298
929 3702 0 6298
930 3702 0 6298
931 3702 0 6298
932 3702 0 6298
933 3702 0 6298
934 3702 0 6298
935 3702 0 6298
936 3702 0 6298
937 3702 0 6298
938 3702 0 6298
939 3702 0 6298
940 3702 0 6298
941 3702 0 6298
942 3702 0 6298
943 3702 0 6298
944 3702 0 6298
945 3702 0 6298
946 3702 0 6298
947 3702 0 6298
948 3702 0 6298
949 3702 0 6298
950 3702 0 6298
951 3702 0 6298
952 3702 0 6298
953 3702 0 6298
954 3702 0 6298
955 3702 0 6298
956 3702 0 6298
957 3702 0 6298
958 3702 0 6298
959 3702 0 6298
960 3702 0 6298
961 3702 0 6298
962 3702 0 6298
963 3702 0 6298
964 3702 0 6298
965 3702 0 6298
966 3702 0 6298
967 3702 0 6298
968 3702 0 6298
969 3702 0 6298
970 3702 0 6298
971 3702 0 6298
972 3702 0 6298
973 3702 0 6298
974 3702 0 6298
975 3702 0 6298
976 3702 0 6298
977 3702 0 6298
978 3702 0 6298
979 3702 0 6298
980 3702 0 6298
981 3702 0 6298
982 3702 0 6298
983 3702 0 6298
984 3702 0 6298
985 3702 0 6298
986 3702 0 6298
987 3702 0 6298
988 3702 0 6298
989 3702 0 6298
990 3702 0 6298
991 3702 0 6298
992 3702 0 6298
993 3702 0 6298
994 3702 0 6298
995 3702 0 6298
996 3702 0 6298
997 3702 0 6298
998 3702 0 6298
999 3702 0 6298
