0 9999 1 0
1 9998 1 1
2 9997 2 1
3 9996 2 2
4 9996 2 2
5 9994 3 3
6 9993 4 3
7 9989 7 4
8 9986 6 8
9 9982 8 10
10 9982 7 11
11 9982 6 12
12 9980 8 12
13 9979 6 15
14 9976 8 16
15 9972 12 16
16 9970 14 16
17 9967 14 19
18 9965 15 20
19 9964 13 23
20 9962 12 26
21 9955 16 29
22 9953 18 29
23 9950 21 29
24 9946 23 31
25 9937 28 35
26 9935 28 37
27 9932 26 42
28 9927 26 47
29 9919 30 51
30 9914 31 55
31 9908 31 61
32 9905 27 68
33 9898 29 73
34 9895 22 83
35 9889 25 86
36 9885 27 88
37 9881 27 92
38 9877 28 95
39 9873 28 99
40 9864 31 105
41 9855 34 111
42 9839 41 120
43 9835 39 126
44 9829 37 134
45 9821 36 143
46 9813 36 151
47 9806 32 162
48 9804 31 165
49 9800 29 171
50 9794 27 179
51 9791 27 182
52 9789 23 188
53 9787 23 190
54 9781 26 193
55 9777 26 197
56 9773 26 201
57 9763 31 206
58 9759 28 213
59 9755 28 217
60 9746 35 219
61 9744 32 224
62 9738 31 231
63 9736 29 235
64 9731 29 240
65 9726 28 246
66 9722 26 252
67 9714 27 259
68 9709 26 265
69 9701 29 270
70 9695 30 275
71 9691 30 279
72 9684 30 286
73 9678 30 292
74 9670 33 297
75 9665 33 302
76 9661 32 307
77 9657 30 313
78 9651 26 323
79 9649 26 325
80 9647 25 328
81 9644 24 332
82 9639 24 337
83 9636 24 340
84 9633 20 347
85 9629 23 348
86 9627 23 350
87 9623 22 355
88 9616 22 362
89 9615 18 367
90 9613 17 370
91 9609 20 371
92 9606 20 374
93 9600 21 379
94 9598 20 382
95 9595 21 384
96 9592 21 387
97 9586 21 393
98 9581 25 394
99 9573 27 400
100 9567 31 402
101 9561 26 413
102 9556 24 420
103 9552 22 426
104 9550 19 431
105 9550 15 435
106 9548 13 439
107 9546 13 441
108 9544 9 447
109 9544 7 449
110 9544 5 451
111 9542 5 453
112 9541 5 454
113 9538 8 454
114 9537 9 454
115 9532 10 458
116 9528 10 462
117 9522 12 466
118 9516 14 470
119 9514 9 477
120 9510 13 477
121 9504 19 477
122 9500 19 481
123 9496 19 485
124 9490 24 486
125 9485 25 490
126 9478 28 494
127 9471 31 498
128 9466 29 505
129 9460 23 517
130 9456 24 520
131 9454 19 527
132 9453 18 529
133 9453 14 533
134 9451 15 534
135 9448 16 536
136 9446 15 539
137 9443 16 541
138 9441 15 544
139 9438 17 545
140 9434 17 549
141 9432 17 551
142 9430 15 555
143 9425 18 557
144 9424 15 561
145 9422 14 564
146 9420 13 567
147 9418 13 569
148 9414 14 572
149 9413 11 576
150 9410 13 577
151 9408 13 579
152 9401 18 581
153 9400 15 585
154 9398 16 586
155 9396 15 589
156 9394 15 591
157 9393 11 596
158 9392 10 598
159 9390 11 599
160 9384 14 602
161 9382 15 603
162 9377 17 606
163 9373 16 611
164 9371 17 612
165 9371 14 615
166 9368 13 619
167 9365 14 621
168 9359 17 624
169 9355 16 629
170 9354 12 634
171 9354 8 638
172 9351 9 640
173 9349 10 641
174 9348 9 643
175 9347 9 644
176 9344 12 644
177 9337 16 647
178 9333 16 651
179 9331 16 653
180 9328 18 654
181 9321 22 657
182 9315 24 661
183 9304 33 663
184 9295 35 670
185 9291 34 675
186 9281 39 680
187 9271 38 691
188 9263 40 697
189 9251 40 709
190 9246 40 714
191 9237 41 722
192 9231 42 727
193 9224 44 732
194 9216 46 738
195 9205 49 746
196 9195 53 752
197 9189 48 763
198 9182 43 775
199 9171 49 780
200 9160 54 786
201 9143 65 792
202 9131 68 801
203 9119 70 811
204 9095 81 824
205 9075 88 837
206 9061 88 851
207 9047 91 862
208 9035 96 869
209 9019 95 886
210 9005 94 901
211 8988 96 916
212 8968 98 934
213 8946 101 953
214 8932 95 973
215 8917 97 986
216 8901 94 1005
217 8887 95 1018
218 8865 97 1038
219 8840 100 1060
220 8822 96 1082
221 8799 101 1100
222 8782 103 1115
223 8764 103 1133
224 8753 98 1149
225 8738 91 1171
226 8722 88 1190
227 8702 93 1205
228 8689 94 1217
229 8667 98 1235
230 8641 99 1260
231 8622 106 1272
232 8597 111 1292
233 8579 107 1314
234 8563 111 1326
235 8544 112 1344
236 8520 116 1364
237 8501 106 1393
238 8482 102 1416
239 8459 108 1433
240 8446 102 1452
241 8432 95 1473
242 8413 101 1486
243 8397 95 1508
244 8389 86 1525
245 8383 80 1537
246 8369 79 1552
247 8358 80 1562
248 8344 85 1571
249 8330 89 1581
250 8317 90 1593
251 8305 81 1614
252 8296 82 1622
253 8283 80 1637
254 8274 81 1645
255 8261 78 1661
256 8254 74 1672
257 8241 68 1691
258 8231 59 1710
259 8219 59 1722
260 8211 58 1731
261 8200 57 1743
262 8184 55 1761
263 8173 55 1772
264 8165 50 1785
265 8159 44 1797
266 8146 48 1806
267 8135 48 1817
268 8122 50 1828
269 8108 54 1838
270 8093 61 1846
271 8079 65 1856
272 8063 68 1869
273 8050 71 1879
274 8040 67 1893
275 8023 70 1907
276 8014 69 1917
277 7992 81 1927
278 7978 75 1947
279 7959 81 1960
280 7939 86 1975
281 7923 89 1988
282 7905 96 1999
283 7875 115 2010
284 7841 137 2022
285 7819 127 2054
286 7805 126 2069
287 7786 126 2088
288 7752 126 2122
289 7721 132 2147
290 7703 128 2169
291 7685 126 2189
292 7663 130 2207
293 7645 123 2232
294 7628 120 2252
295 7606 117 2277
296 7577 125 2298
297 7550 128 2322
298 7529 132 2339
299 7504 134 2362
300 7479 124 2397
301 7454 124 2422
302 7424 128 2448
303 7401 139 2460
304 7372 142 2486
305 7339 152 2509
306 7318 147 2535
307 7292 147 2561
308 7263 148 2589
309 7240 142 2618
310 7212 156 2632
311 7186 158 2656
312 7159 156 2685
313 7121 171 2708
314 7096 167 2737
315 7067 167 2766
316 7050 156 2794
317 7022 155 2823
318 6999 157 2844
319 6976 154 2870
320 6961 136 2903
321 6950 127 2923
322 6923 137 2940
323 6905 134 2961
324 6880 139 2981
325 6864 129 3007
326 6849 121 3030
327 6833 121 3046
328 6819 118 3063
329 6802 113 3085
330 6791 103 3106
331 6773 102 3125
332 6753 114 3133
333 6738 112 3150
334 6718 117 3165
335 6705 111 3184
336 6696 105 3199
337 6679 105 3216
338 6661 110 3229
339 6635 119 3246
340 6620 112 3268
341 6580 126 3294
342 6549 133 3318
343 6520 136 3344
344 6497 139 3364
345 6455 172 3373
346 6409 183 3408
347 6359 200 3441
348 6308 221 3471
349 6266 220 3514
350 6221 232 3547
351 6159 247 3594
352 6108 258 3634
353 6062 255 3683
354 6009 256 3735
355 5983 232 3785
356 5948 233 3819
357 5920 225 3855
358 5893 211 3896
359 5853 222 3925
360 5834 202 3964
361 5802 207 3991
362 5788 188 4024
363 5770 180 4050
364 5753 160 4087
365 5729 160 4111
366 5709 162 4129
367 5682 164 4154
368 5655 169 4176
369 5632 158 4210
370 5597 152 4251
371 5573 152 4275
372 5550 144 4306
373 5524 137 4339
374 5505 127 4368
375 5478 132 4390
376 5448 135 4417
377 5427 133 4440
378 5394 151 4455
379 5369 152 4479
380 5339 161 4500
381 5306 173 4521
382 5278 168 4554
383 5240 175 4585
384 5208 171 4621
385 5182 176 4642
386 5142 191 4667
387 5104 197 4699
388 5064 197 4739
389 5024 199 4777
390 4991 190 4819
391 4941 199 4860
392 4909 187 4904
393 4877 185 4938
394 4861 177 4962
395 4833 167 5000
396 4804 168 5028
397 4774 174 5052
398 4736 178 5086
399 4718 167 5115
400 4695 157 5148
401 4665 166 5169
402 4633 168 5199
403 4607 165 5228
404 4585 160 5255
405 4557 159 5284
406 4533 153 5314
407 4505 158 5337
408 4479 157 5364
409 4452 160 5388
410 4428 157 5415
411 4406 145 5449
412 4385 151 5464
413 4359 152 5489
414 4333 153 5514
415 4306 152 5542
416 4277 150 5573
417 4251 148 5601
418 4223 157 5620
419 4203 148 5649
420 4164 165 5671
421 4148 155 5697
422 4125 153 5722
423 4103 151 5746
424 4093 137 5770
425 4080 123 5797
426 4057 118 5825
427 4044 107 5849
428 4030 101 5869
429 4014 91 5895
430 3999 88 5913
431 3989 80 5931
432 3970 82 5948
433 3954 84 5962
434 3946 79 5975
435 3938 73 5989
436 3927 77 5996
437 3915 81 6004
438 3896 81 6023
439 3884 80 6036
440 3877 66 6057
441 3868 66 6066
442 3862 61 6077
443 3853 62 6085
444 3843 64 6093
445 3829 63 6108
446 3821 56 6123
447 3811 53 6136
448 3808 49 6143
449 3799 49 6152
450 3786 54 6160
451 3777 55 6168
452 3767 58 6175
453 3761 51 6188
454 3758 45 6197
455 3752 44 6204
456 3742 45 6213
457 3736 41 6223
458 3727 43 6230
459 3721 43 6236
460 3709 40 6251
461 3701 39 6260
462 3692 45 6263
463 3686 42 6272
464 3682 41 6277
465 3676 38 6286
466 3670 36 6294
467 3666 35 6299
468 3660 37 6303
469 3656 37 6307
470 3647 41 6312
471 3638 44 6318
472 3627 51 6322
473 3617 56 6327
474 3610 55 6335
475 3601 52 6347
476 3589 53 6358
477 3583 46 6371
478 3578 42 6380
479 3570 43 6387
480 3565 39 6396
481 3552 45 6403
482 3544 48 6408
483 3536 49 6415
484 3529 48 6423
485 3526 40 6434
486 3520 40 6440
487 3513 38 6449
488 3507 38 6455
489 3504 35 6461
490 3500 25 6475
491 3494 28 6478
492 3492 24 6484
493 3489 25 6486
494 3483 26 6491
495 3480 25 6495
496 3477 24 6499
497 3476 20 6504
498 3474 20 6506
499 3471 18 6511
500 3467 19 6514
501 3464 19 6517
502 3460 19 6521
503 3457 17 6526
504 3455 16 6529
505 3451 18 6531
506 3448 17 6535
507 3448 13 6539
508 3446 14 6540
509 3444 13 6543
510 3441 15 6544
511 3438 16 6546
512 3432 17 6551
513 3431 15 6554
514 3429 15 6556
515 3427 14 6559
516 3427 13 6560
517 3426 14 6560
518 3423 13 6564
519 3420 13 6567
520 3418 11 6571
521 3415 13 6572
522 3413 13 6574
523 3409 17 6574
524 3408 14 6578
525 3408 11 6581
526 3406 10 6584
527 3406 10 6584
528 3404 11 6585
529 3403 10 6587
530 3399 11 6590
531 3396 11 6593
532 3393 13 6594
533 3393 10 6597
534 3389 13 6598
535 3378 18 6604
536 3374 18 6608
537 3370 21 6609
538 3369 17 6614
539 3365 18 6617
540 3361 16 6623
541 3356 19 6625
542 3351 18 6631
543 3348 19 6633
544 3342 17 6641
545 3338 14 6648
546 3334 18 6648
547 3333 17 6650
548 3333 16 6651
549 3333 12 6655
550 3329 13 6658
551 3327 14 6659
552 3323 16 6661
553 3321 15 6664
554 3319 15 6666
555 3319 12 6669
556 3317 11 6672
557 3317 11 6672
558 3314 10 6676
559 3313 7 6680
560 3312 8 6680
561 3309 7 6684
562 3307 8 6685
563 3305 9 6686
564 3305 8 6687
565 3305 6 6689
566 3305 5 6690
567 3303 7 6690
568 3302 8 6690
569 3302 8 6690
570 3298 11 6691
571 3297 12 6691
572 3297 11 6692
573 3297 9 6694
574 3297 9 6694
575 3297 8 6695
576 3297 8 6695
577 3297 4 6699
578 3297 3 6700
579 3297 3 6700
580 3297 3 6700
581 3297 2 6701
582 3297 1 6702
583 3297 1 6702
584 3297 1 6702
585 3297 1 6702
586 3297 1 6702
587 3297 1 6702
588 3297 1 6702
589 3297 1 6702
590 3297 1 6702
591 3297 1 6702
592 3297 1 6702
593 3297 1 6702
594 3297 1 6702
595 3297 1 6702
596 3297 1 6702
597 3297 1 6702
598 3297 1 6702
599 3297 0 6703
600 3297 0 6703
601 3297 0 6703
602 3297 0 6703
603 3297 0 6703
604 3297 0 6703
605 3297 0 6703
606 3297 0 6703
607 3297 0 6703
608 3297 0 6703
609 3297 0 6703
610 3297 0 6703
611 3297 0 6703
612 3297 0 6703
613 3297 0 6703
614 3297 0 6703
615 3297 0 6703
616 3297 0 6703
617 3297 0 6703
618 3297 0 6703
619 3297 0 6703
620 3297 0 6703
621 3297 0 6703
622 3297 0 6703
623 3297 0 6703
624 3297 0 6703
625 3297 0 6703
626 3297 0 6703
627 3297 0 6703
628 3297 0 6703
629 3297 0 6703
630 3297 0 6703
631 3297 0 6703
632 3297 0 6703
633 3297 0 6703
634 3297 0 6703
635 3297 0 6703
636 3297 0 6703
637 3297 0 6703
638 3297 0 6703
639 3297 0 6703
640 3297 0 6703
641 3297 0 6703
642 3297 0 6703
643 3297 0 6703
644 3297 0 6703
645 3297 0 6703
646 3297 0 6703
647 3297 0 6703
648 3297 0 6703
649 3297 0 6703
650 3297 0 6703
651 3297 0 6703
652 3297 0 6703
653 3297 0 6703
654 3297 0 6703
655 3297 0 6703
656 3297 0 6703
657 3297 0 6703
658 3297 0 6703
659 3297 0 6703
660 3297 0 6703
661 3297 0 6703
662 3297 0 6703
663 3297 0 6703
664 3297 0 6703
665 3297 0 6703
666 3297 0 6703
667 3297 0 6703
668 3297 0 6703
669 3297 0 6703
670 3297 0 6703
671 3297 0 6703
672 3297 0 6703
673 3297 0 6703
674 3297 0 6703
675 3297 0 6703
676 3297 0 6703
677 3297 0 6703
678 3297 0 6703
679 3297 0 6703
680 3297 0 6703
681 3297 0 6703
682 3297 0 6703
683 3297 0 6703
684 3297 0 6703
685 3297 0 6703
686 3297 0 6703
687 3297 0 6703
688 3297 0 6703
689 3297 0 6703
690 3297 0 6703
691 3297 0 6703
692 3297 0 6703
693 3297 0 6703
694 3297 0 6703
695 3297 0 6703
696 3297 0 6703
697 3297 0 6703
698 3297 0 6703
699 3297 0 6703
700 3297 0 6703
701 3297 0 6703
702 3297 0 6703
703 3297 0 6703
704 3297 0 6703
705 3297 0 6703
706 3297 0 6703
707 3297 0 6703
708 3297 0 6703
709 3297 0 6703
710 3297 0 6703
711 3297 0 6703
712 3297 0 6703
713 3297 0 6703
714 3297 0 6703
715 3297 0 6703
716 3297 0 6703
717 3297 0 6703
718 3297 0 6703
719 3297 0 6703
720 3297 0 6703
721 3297 0 6703
722 3297 0 6703
723 3297 0 6703
724 3297 0 6703
725 3297 0 6703
726 3297 0 6703
727 3297 0 6703
728 3297 0 6703
729 3297 0 6703
730 3297 0 6703
731 3297 0 6703
732 3297 0 6703
733 3297 0 6703
734 3297 0 6703
735 3297 0 6703
736 3297 0 6703
737 3297 0 6703
738 3297 0 6703
739 3297 0 6703
740 3297 0 6703
741 3297 0 6703
742 3297 0 6703
743 3297 0 6703
744 3297 0 6703
745 3297 0 6703
746 3297 0 6703
747 3297 0 6703
748 3297 0 6703
749 3297 0 6703
750 3297 0 6703
751 3297 0 6703
752 3297 0 6703
753 3297 0 6703
754 3297 0 6703
755 3297 0 6703
756 3297 0 6703
757 3297 0 6703
758 3297 0 6703
759 3297 0 6703
760 3297 0 6703
761 3297 0 6703
762 3297 0 6703
763 3297 0 6703
764 3297 0 6703
765 3297 0 6703
766 3297 0 6703
767 3297 0 6703
768 3297 0 6703
769 3297 0 6703
770 3297 0 6703
771 3297 0 6703
772 3297 0 6703
773 3297 0 6703
774 3297 0 6703
775 3297 0 6703
776 3297 0 6703
777 3297 0 6703
778 3297 0 6703
779 3297 0 6703
780 3297 0 6703
781 3297 0 6703
782 3297 0 6703
783 3297 0 6703
784 3297 0 6703
785 3297 0 6703
786 3297 0 6703
787 3297 0 6703
788 3297 0 6703
789 3297 0 6703
790 3297 0 6703
791 3297 0 6703
792 3297 0 6703
793 3297 0 6703
794 3297 0 6703
795 3297 0 6703
796 3297 0 6703
797 3297 0 6703
798 3297 0 6703
799 3297 0 6703
800 3297 0 6703
801 3297 0 6703
802 3297 0 6703
803 3297 0 6703
804 3297 0 6703
805 3297 0 6703
806 3297 0 6703
807 3297 0 6703
808 3297 0 6703
809 3297 0 6703
810 3297 0 6703
811 3297 0 6703
812 3297 0 6703
813 3297 0 6703
814 3297 0 6703
815 3297 0 6703
816 3297 0 6703
817 3297 0 6703
818 3297 0 6703
819 3297 0 6703
820 3297 0 6703
821 3297 0 6703
822 3297 0 6703
823 3297 0 6703
824 3297 0 6703
825 3297 0 6703
826 3297 0 6703
827 3297 0 6703
828 3297 0 6703
829 3297 0 6703
830 3297 0 6703
831 3297 0 6703
832 3297 0 6703
833 3297 0 6703
834 3297 0 6703
835 3297 0 6703
836 3297 0 6703
837 3297 0 6703
838 3297 0 6703
839 3297 0 6703
840 3297 0 6703
841 3297 0 6703
842 3297 0 6703
843 3297 0 6703
844 3297 0 6703
845 3297 0 6703
846 3297 0 6703
847 3297 0 6703
848 3297 0 6703
849 3297 0 6703
850 3297 0 6703
851 3297 0 6703
852 3297 0 6703
853 3297 0 6703
854 3297 0 6703
855 3297 0 6703
856 3297 0 6703
857 3297 0 6703
858 3297 0 6703
859 3297 0 6703
860 3297 0 6703
861 3297 0 6703
862 3297 0 6703
863 3297 0 6703
864 3297 0 6703
865 3297 0 6703
866 3297 0 6703
867 3297 0 6703
868 3297 0 6703
869 3297 0 6703
870 3297 0 6703
871 3297 0 6703
872 3297 0 6703
873 3297 0 6703
874 3297 0 6703
875 3297 0 6703
876 3297 0 6703
877 3297 0 6703
878 3297 0 6703
879 3297 0 6703
880 3297 0 6703
881 3297 0 6703
882 3297 0 6703
883 3297 0 6703
884 3297 0 6703
885 3297 0 6703
886 3297 0 6703
887 3297 0 6703
888 3297 0 6703
889 3297 0 6703
890 3297 0 6703
891 3297 0 6703
892 3297 0 6703
893 3297 0 6703
894 3297 0 6703
895 3297 0 6703
896 3297 0 6703
897 3297 0 6703
898 3297 0 6703
899 3297 0 6703
900 3297 0 6703
901 3297 0 6703
902 3297 0 6703
903 3297 0 6703
904 3297 0 6703
905 3297 0 6703
906 3297 0 6703
907 3297 0 6703
908 3297 0 6703
909 3297 0 6703
910 3297 0 6703
911 3297 0 6703
912 3297 0 6703
913 3297 0 6703
914 3297 0 6703
915 3297 0 6703
916 3297 0 6703
917 3297 0 6703
918 3297 0 6703
919 3297 0 6703
920 3297 0 6703
921 3297 0 6703
922 3297 0 6703
923 3297 0 6703
924 3297 0 6703
925 3297 0 6703
926 3297 0 6703
927 3297 0 6703
928 3297 0 6703
929 3297 0 6703
930 3297 0 6703
931 3297 0 6703
932 3297 0 6703
933 3297 0 6703
934 3297 0 6703
935 3297 0 6703
936 3297 0 6703
937 3297 0 6703
938 3297 0 6703
939 3297 0 6703
940 3297 0 6703
941 3297 0 6703
942 3297 0 6703
943 3297 0 6703
944 3297 0 6703
945 3297 0 6703
946 3297 0 6703
947 3297 0 6703
948 3297 0 6703
949 3297 0 6703
950 3297 0 6703
951 3297 0 6703
952 3297 0 6703
953 3297 0 6703
954 3297 0 6703
955 3297 0 6703
956 3297 0 6703
957 3297 0 6703
958 3297 0 6703
959 3297 0 6703
960 3297 0 6703
961 3297 0 6703
962 3297 0 6703
963 3297 0 6703
964 3297 0 6703
965 3297 0 6703
966 3297 0 6703
967 3297 0 6703
968 3297 0 6703
969 3297 0 6703
970 3297 0 6703
971 3297 0 6703
972 3297 0 6703
973 3297 0 6703
974 3297 0 6703
975 3297 0 6703
976 3297 0 6703
977 3297 0 6703
978 3297 0 6703
979 3297 0 6703
980 3297 0 6703
981 3297 0 6703
982 3297 0 6703
983 3297 0 6703
984 3297 0 6703
985 3297 0 6703
986 3297 0 6703
987 3297 0 6703
988 3297 0 6703
989 3297 0 6703
990 3297 0 6703
991 3297 0 6703
992 3297 0 6703
993 3297 0 6703
994 3297 0 6703
995 3297 0 6703
996 3297 0 6703
997 3297 0 6703
998 3297 0 6703
999 3297 0 6703
