0 9999 1 0
1 9998 1 1
2 9998 1 1
3 9997 2 1
4 9997 2 1
5 9995 4 1
6 9995 3 2
7 9995 3 2
8 9994 4 2
9 9989 9 2
10 9988 8 4
11 9985 10 5
12 9981 13 6
13 9977 15 8
14 9974 16 10
15 9972 14 14
16 9968 14 18
17 9962 18 20
18 9959 19 22
19 9956 17 27
20 9952 16 32
21 9946 18 36
22 9942 17 41
23 9935 20 45
24 9930 17 53
25 9922 23 55
26 9916 26 58
27 9910 27 63
28 9909 23 68
29 9905 19 76
30 9898 23 79
31 9889 28 83
32 9884 27 89
33 9878 30 92
34 9870 33 97
35 9863 33 104
36 9857 31 112
37 9855 24 121
38 9848 25 127
39 9844 26 130
40 9839 27 134
41 9837 23 140
42 9831 21 148
43 9826 22 152
44 9822 19 159
45 9820 18 162
46 9816 17 167
47 9810 21 169
48 9807 24 169
49 9802 25 173
50 9798 24 178
51 9791 28 181
52 9786 30 184
53 9783 22 195
54 9776 22 202
55 9775 19 206
56 9774 16 210
57 9770 17 213
58 9768 15 217
59 9766 15 219
60 9765 13 222
61 9763 11 226
62 9763 10 227
63 9763 7 230
64 9762 7 231
65 9759 8 233
66 9758 7 235
67 9756 8 236
68 9753 9 238
69 9752 10 238
70 9748 12 240
71 9746 13 241
72 9740 18 242
73 9733 24 243
74 9716 33 251
75 9710 31 259
76 9706 31 263
77 9703 29 268
78 9700 25 275
79 9698 25 277
80 9694 24 282
81 9689 23 288
82 9684 23 293
83 9681 25 294
84 9679 24 297
85 9677 22 301
86 9675 20 305
87 9672 20 308
88 9663 26 311
89 9659 24 317
90 9654 27 319
91 9650 24 326
92 9648 17 335
93 9643 19 338
94 9640 21 339
95 9631 25 344
96 9627 25 348
97 9618 29 353
98 9613 33 354
99 9604 33 363
100 9599 32 369
101 9591 32 377
102 9584 35 381
103 9578 34 388
104 9572 34 394
105 9565 38 397
106 9562 35 403
107 9558 31 411
108 9556 28 416
109 9555 18 427
110 9553 16 431
111 9547 21 432
112 9544 19 437
113 9538 23 439
114 9531 24 445
115 9527 23 450
116 9525 24 451
117 9525 19 456
118 9523 18 459
119 9520 20 460
120 9519 18 463
121 9518 17 465
122 9518 14 468
123 9517 13 470
124 9515 15 470
125 9513 15 472
126 9513 11 476
127 9513 10 477
128 9512 9 479
129 9509 11 480
130 9509 8 483
131 9506 9 485
132 9502 11 487
133 9499 13 488
134 9495 12 493
135 9494 12 494
136 9492 12 496
137 9490 10 500
138 9488 8 504
139 9488 7 505
140 9487 4 509
141 9487 4 509
142 9487 4 509
143 9485 6 509
144 9482 8 510
145 9480 9 511
146 9477 11 512
147 9474 13 513
148 9471 11 518
149 9464 16 520
150 9461 17 522
151 9457 15 528
152 9451 18 531
153 9446 20 534
154 9440 19 541
155 9434 21 545
156 9430 20 550
157 9425 21 554
158 9422 22 556
159 9417 22 561
160 9412 22 566
161 9408 20 572
162 9402 23 575
163 9398 21 581
164 9392 23 585
165 9387 27 586
166 9385 24 591
167 9378 23 599
168 9373 21 606
169 9366 23 611
170 9364 22 614
171 9358 23 619
172 9358 16 626
173 9357 11 632
174 9357 8 635
175 9357 7 636
176 9357 7 636
177 9357 7 636
178 9357 7 636
179 9355 7 638
180 9355 5 640
181 9354 5 641
182 9354 5 641
183 9352 7 641
184 9351 7 642
185 9350 8 642
186 9346 12 642
187 9345 11 644
188 9342 12 646
189 9340 13 647
190 9336 13 651
191 9332 13 655
192 9332 13 655
193 9329 14 657
194 9326 16 658
195 9320 18 662
196 9320 12 668
197 9318 8 674
198 9315 11 674
199 9314 10 676
200 9311 13 676
201 9308 13 679
202 9305 12 683
203 9303 12 685
204 9300 13 687
205 9295 15 690
206 9289 15 696
207 9280 20 700
208 9278 20 702
209 9272 22 706
210 9266 24 710
211 9256 26 718
212 9241 39 720
213 9230 44 726
214 9224 44 732
215 9210 49 741
216 9201 48 751
217 9195 43 762
218 9186 43 771
219 9176 49 775
220 9163 56 781
221 9149 63 788
222 9135 66 799
223 9123 67 810
224 9108 68 824
225 9097 64 839
226 9095 60 845
227 9074 68 858
228 9062 69 869
229 9048 76 876
230 9036 68 896
231 9023 70 907
232 9013 62 925
233 9004 61 935
234 8995 67 938
235 8986 69 945
236 8977 71 952
237 8960 74 966
238 8952 66 982
239 8939 69 992
240 8929 74 997
241 8916 80 1004
242 8900 77 1023
243 8880 86 1034
244 8860 90 1050
245 8835 96 1069
246 8809 108 1083
247 8790 108 1102
248 8776 108 1116
249 8758 110 1132
250 8739 99 1162
251 8712 100 1188
252 8691 106 1203
253 8674 97 1229
254 8660 97 1243
255 8649 95 1256
256 8638 90 1272
257 8618 90 1292
258 8610 92 1298
259 8597 89 1314
260 8587 77 1336
261 8578 71 1351
262 8565 72 1363
263 8553 77 1370
264 8538 78 1384
265 8523 80 1397
266 8502 87 1411
267 8483 91 1426
268 8459 103 1438
269 8440 105 1455
270 8426 91 1483
271 8411 82 1507
272 8400 76 1524
273 8388 77 1535
274 8377 81 1542
275 8363 82 1555
276 8354 80 1566
277 8345 77 1578
278 8330 77 1593
279 8320 77 1603
280 8307 81 1612
281 8300 71 1629
282 8291 67 1642
283 8281 61 1658
284 8276 53 1671
285 8266 53 1681
286 8264 45 1691
287 8254 45 1701
288 8246 46 1708
289 8245 43 1712
290 8237 43 1720
291 8228 45 1727
292 8216 51 1733
293 8207 51 1742
294 8198 53 1749
295 8185 54 1761
296 8181 49 1770
297 8172 49 1779
298 8164 51 1785
299 8156 54 1790
300 8145 58 1797
301 8134 62 1804
302 8123 64 1813
303 8109 69 1822
304 8093 66 1841
305 8076 72 1852
306 8051 81 1868
307 8021 96 1883
308 8000 100 1900
309 7977 100 1923
310 7965 94 1941
311 7945 95 1960
312 7918 107 1975
313 7903 103 1994
314 7881 105 2014
315 7860 105 2035
316 7837 102 2061
317 7815 106 2079
318 7798 111 2091
319 7773 109 2118
320 7749 116 2135
321 7731 118 2151
322 7715 118 2167
323 7693 116 2191
324 7671 120 2209
325 7643 134 2223
326 7599 149 2252
327 7568 150 2282
328 7547 151 2302
329 7525 146 2329
330 7495 148 2357
331 7461 163 2376
332 7438 158 2404
333 7406 158 2436
334 7375 162 2463
335 7342 165 2493
336 7313 172 2515
337 7278 171 2551
338 7243 166 2591
339 7205 172 2623
340 7180 166 2654
341 7149 164 2687
342 7108 172 2720
343 7072 175 2753
344 7046 172 2782
345 7025 171 2804
346 6996 175 2829
347 6963 176 2861
348 6922 180 2898
349 6888 174 2938
350 6853 175 2972
351 6818 177 3005
352 6783 177 3040
353 6746 185 3069
354 6703 195 3102
355 6662 200 3138
356 6627 201 3172
357 6583 207 3210
358 6539 215 3246
359 6502 206 3292
360 6459 214 3327
361 6417 218 3365
362 6374 215 3411
363 6335 214 3451
364 6291 208 3501
365 6236 232 3532
366 6184 231 3585
367 6149 225 3626
368 6106 228 3666
369 6060 242 3698
370 6019 232 3749
371 5989 219 3792
372 5953 218 3829
373 5922 217 3861
374 5877 213 3910
375 5842 214 3944
376 5815 206 3979
377 5782 198 4020
378 5754 187 4059
379 5715 204 4081
380 5687 184 4129
381 5657 175 4168
382 5625 161 4214
383 5609 148 4243
384 5577 153 4270
385 5557 134 4309
386 5530 139 4331
387 5505 142 4353
388 5460 161 4379
389 5429 158 4413
390 5401 152 4447
391 5374 156 4470
392 5348 153 4499
393 5330 142 4528
394 5310 142 4548
395 5286 149 4565
396 5263 145 4592
397 5242 138 4620
398 5218 139 4643
399 5196 137 4667
400 5161 143 4696
401 5147 135 4718
402 5127 134 4739
403 5108 126 4766
404 5091 129 4780
405 5070 125 4805
406 5052 127 4821
407 5038 121 4841
408 5021 111 4868
409 5011 98 4891
410 4988 104 4908
411 4961 119 4920
412 4935 122 4943
413 4917 123 4960
414 4901 119 4980
415 4888 111 5001
416 4869 109 5022
417 4852 115 5033
418 4838 108 5054
419 4828 102 5070
420 4812 103 5085
421 4798 93 5109
422 4784 92 5124
423 4771 91 5138
424 4755 94 5151
425 4734 99 5167
426 4721 94 5185
427 4712 87 5201
428 4700 89 5211
429 4687 93 5220
430 4669 95 5236
431 4642 105 5253
432 4628 103 5269
433 4613 107 5280
434 4590 110 5300
435 4557 130 5313
436 4538 130 5332
437 4502 145 5353
438 4476 146 5378
439 4444 147 5409
440 4422 144 5434
441 4400 140 5460
442 4375 136 5489
443 4361 125 5514
444 4340 121 5539
445 4323 118 5559
446 4308 117 5575
447 4293 105 5602
448 4278 106 5616
449 4262 101 5637
450 4245 106 5649
451 4231 100 5669
452 4208 110 5682
453 4192 114 5694
454 4169 124 5707
455 4145 124 5731
456 4125 124 5751
457 4107 122 5771
458 4086 120 5794
459 4068 117 5815
460 4048 113 5839
461 4034 105 5861
462 4013 111 5876
463 3995 115 5890
464 3978 118 5904
465 3960 120 5920
466 3943 114 5943
467 3923 111 5966
468 3907 106 5987
469 3894 104 6002
470 3877 107 6016
471 3858 102 6040
472 3847 92 6061
473 3838 88 6074
474 3824 86 6090
475 3795 100 6105
476 3774 98 6128
477 3753 101 6146
478 3725 115 6160
479 3700 118 6182
480 3674 122 6204
481 3659 109 6232
482 3634 109 6257
483 3615 113 6272
484 3588 119 6293
485 3568 122 6310
486 3545 118 6337
487 3522 121 6357
488 3505 117 6378
489 3480 126 6394
490 3464 123 6413
491 3449 111 6440
492 3434 106 6460
493 3413 104 6483
494 3397 102 6501
495 3388 94 6518
496 3373 94 6533
497 3349 101 6550
498 3329 106 6565
499 3308 110 6582
500 3292 115 6593
501 3266 130 6604
502 3250 122 6628
503 3224 115 6661
504 3207 118 6675
505 3187 121 6692
506 3168 123 6709
507 3151 124 6725
508 3115 136 6749
509 3098 138 6764
510 3074 137 6789
511 3061 122 6817
512 3050 118 6832
513 3041 109 6850
514 3032 101 6867
515 3019 98 6883
516 3014 89 6897
517 3005 90 6905
518 2990 87 6923
519 2984 81 6935
520 2979 70 6951
521 2970 61 6969
522 2961 64 6975
523 2949 62 6989
524 2944 61 6995
525 2936 55 7009
526 2928 56 7016
527 2917 58 7025
528 2909 59 7032
529 2896 64 7040
530 2886 62 7052
531 2877 57 7066
532 2874 49 7077
533 2867 42 7091
534 2864 42 7094
535 2857 41 7102
536 2849 38 7113
537 2840 41 7119
538 2834 43 7123
539 2825 46 7129
540 2814 53 7133
541 2805 53 7142
542 2796 53 7151
543 2785 50 7165
544 2773 51 7176
545 2766 45 7189
546 2753 49 7198
547 2742 53 7205
548 2739 49 7212
549 2726 56 7218
550 2720 51 7229
551 2712 46 7242
552 2703 48 7249
553 2699 48 7253
554 2691 42 7267
555 2688 40 7272
556 2683 41 7276
557 2681 39 7280
558 2676 38 7286
559 2665 43 7292
560 2661 41 7298
561 2657 38 7305
562 2650 42 7308
563 2643 32 7325
564 2638 28 7334
565 2635 28 7337
566 2634 23 7343
567 2633 20 7347
568 2633 14 7353
569 2633 12 7355
570 2632 10 7358
571 2632 9 7359
572 2632 8 7360
573 2630 10 7360
574 2630 7 7363
575 2628 7 7365
576 2627 7 7366
577 2627 7 7366
578 2626 6 7368
579 2625 6 7369
580 2625 6 7369
581 2625 4 7371
582 2625 4 7371
583 2625 4 7371
584 2625 4 7371
585 2625 4 7371
586 2625 4 7371
587 2625 3 7372
588 2625 2 7373
589 2625 2 7373
590 2625 1 7374
591 2625 1 7374
592 2625 1 7374
593 2625 1 7374
594 2625 1 7374
595 2625 1 7374
596 2625 0 7375
597 2625 0 7375
598 2625 0 7375
599 2625 0 7375
600 2625 0 7375
601 2625 0 7375
602 2625 0 7375
603 2625 0 7375
604 2625 0 7375
605 2625 0 7375
606 2625 0 7375
607 2625 0 7375
608 2625 0 7375
609 2625 0 7375
610 2625 0 7375
611 2625 0 7375
612 2625 0 7375
613 2625 0 7375
614 2625 0 7375
615 2625 0 7375
616 2625 0 7375
617 2625 0 7375
618 2625 0 7375
619 2625 0 7375
620 2625 0 7375
621 2625 0 7375
622 2625 0 7375
623 2625 0 7375
624 2625 0 7375
625 2625 0 7375
626 2625 0 7375
627 2625 0 7375
628 2625 0 7375
629 2625 0 7375
630 2625 0 7375
631 2625 0 7375
632 2625 0 7375
633 2625 0 7375
634 2625 0 7375
635 2625 0 7375
636 2625 0 7375
637 2625 0 7375
638 2625 0 7375
639 2625 0 7375
640 2625 0 7375
641 2625 0 7375
642 2625 0 7375
643 2625 0 7375
644 2625 0 7375
645 2625 0 7375
646 2625 0 7375
647 2625 0 7375
648 2625 0 7375
649 2625 0 7375
650 2625 0 7375
651 2625 0 7375
652 2625 0 7375
653 2625 0 7375
654 2625 0 7375
655 2625 0 7375
656 2625 0 7375
657 2625 0 7375
658 2625 0 7375
659 2625 0 7375
660 2625 0 7375
661 2625 0 7375
662 2625 0 7375
663 2625 0 7375
664 2625 0 7375
665 2625 0 7375
666 2625 0 7375
667 2625 0 7375
668 2625 0 7375
669 2625 0 7375
670 2625 0 7375
671 2625 0 7375
672 2625 0 7375
673 2625 0 7375
674 2625 0 7375
675 2625 0 7375
676 2625 0 7375
677 2625 0 7375
678 2625 0 7375
679 2625 0 7375
680 2625 0 7375
681 2625 0 7375
682 2625 0 7375
683 2625 0 7375
684 2625 0 7375
685 2625 0 7375
686 2625 0 7375
687 2625 0 7375
688 2625 0 7375
689 2625 0 7375
690 2625 0 7375
691 2625 0 7375
692 2625 0 7375
693 2625 0 7375
694 2625 0 7375
695 2625 0 7375
696 2625 0 7375
697 2625 0 7375
698 2625 0 7375
699 2625 0 7375
700 2625 0 7375
701 2625 0 7375
702 2625 0 7375
703 2625 0 7375
704 2625 0 7375
705 2625 0 7375
706 2625 0 7375
707 2625 0 7375
708 2625 0 7375
709 2625 0 7375
710 2625 0 7375
711 2625 0 7375
712 2625 0 7375
713 2625 0 7375
714 2625 0 7375
715 2625 0 7375
716 2625 0 7375
717 2625 0 7375
718 2625 0 7375
719 2625 0 7375
720 2625 0 7375
721 2625 0 7375
722 2625 0 7375
723 2625 0 7375
724 2625 0 7375
725 2625 0 7375
726 2625 0 7375
727 2625 0 7375
728 2625 0 7375
729 2625 0 7375
730 2625 0 7375
731 2625 0 7375
732 2625 0 7375
733 2625 0 7375
734 2625 0 7375
735 2625 0 7375
736 2625 0 7375
737 2625 0 7375
738 2625 0 7375
739 2625 0 7375
740 2625 0 7375
741 2625 0 7375
742 2625 0 7375
743 2625 0 7375
744 2625 0 7375
745 2625 0 7375
746 2625 0 7375
747 2625 0 7375
748 2625 0 7375
749 2625 0 7375
750 2625 0 7375
751 2625 0 7375
752 2625 0 7375
753 2625 0 7375
754 2625 0 7375
755 2625 0 7375
756 2625 0 7375
757 2625 0 7375
758 2625 0 7375
759 2625 0 7375
760 2625 0 7375
761 2625 0 7375
762 2625 0 7375
763 2625 0 7375
764 2625 0 7375
765 2625 0 7375
766 2625 0 7375
767 2625 0 7375
768 2625 0 7375
769 2625 0 7375
770 2625 0 7375
771 2625 0 7375
772 2625 0 7375
773 2625 0 7375
774 2625 0 7375
775 2625 0 7375
776 2625 0 7375
777 2625 0 7375
778 2625 0 7375
779 2625 0 7375
780 2625 0 7375
781 2625 0 7375
782 2625 0 7375
783 2625 0 7375
784 2625 0 7375
785 2625 0 7375
786 2625 0 7375
787 2625 0 7375
788 2625 0 7375
789 2625 0 7375
790 2625 0 7375
791 2625 0 7375
792 2625 0 7375
793 2625 0 7375
794 2625 0 7375
795 2625 0 7375
796 2625 0 7375
797 2625 0 7375
798 2625 0 7375
799 2625 0 7375
800 2625 0 7375
801 2625 0 7375
802 2625 0 7375
803 2625 0 7375
804 2625 0 7375
805 2625 0 7375
806 2625 0 7375
807 2625 0 7375
808 2625 0 7375
809 2625 0 7375
810 2625 0 7375
811 2625 0 7375
812 2625 0 7375
813 2625 0 7375
814 2625 0 7375
815 2625 0 7375
816 2625 0 7375
817 2625 0 7375
818 2625 0 7375
819 2625 0 7375
820 2625 0 7375
821 2625 0 7375
822 2625 0 7375
823 2625 0 7375
824 2625 0 7375
825 2625 0 7375
826 2625 0 7375
827 2625 0 7375
828 2625 0 7375
829 2625 0 7375
830 2625 0 7375
831 2625 0 7375
832 2625 0 7375
833 2625 0 7375
834 2625 0 7375
835 2625 0 7375
836 2625 0 7375
837 2625 0 7375
838 2625 0 7375
839 2625 0 7375
840 2625 0 7375
841 2625 0 7375
842 2625 0 7375
843 2625 0 7375
844 2625 0 7375
845 2625 0 7375
846 2625 0 7375
847 2625 0 7375
848 2625 0 7375
849 2625 0 7375
850 2625 0 7375
851 2625 0 7375
852 2625 0 7375
853 2625 0 7375
854 2625 0 7375
855 2625 0 7375
856 2625 0 7375
857 2625 0 7375
858 2625 0 7375
859 2625 0 7375
860 2625 0 7375
861 2625 0 7375
862 2625 0 7375
863 2625 0 7375
864 2625 0 7375
865 2625 0 7375
866 2625 0 7375
867 2625 0 7375
868 2625 0 7375
869 2625 0 7375
870 2625 0 7375
871 2625 0 7375
872 2625 0 7375
873 2625 0 7375
874 2625 0 7375
875 2625 0 7375
876 2625 0 7375
877 2625 0 7375
878 2625 0 7375
879 2625 0 7375
880 2625 0 7375
881 2625 0 7375
882 2625 0 7375
883 2625 0 7375
884 2625 0 7375
885 2625 0 7375
886 2625 0 7375
887 2625 0 7375
888 2625 0 7375
889 2625 0 7375
890 2625 0 7375
891 2625 0 7375
892 2625 0 7375
893 2625 0 7375
894 2625 0 7375
895 2625 0 7375
896 2625 0 7375
897 2625 0 7375
898 2625 0 7375
899 2625 0 7375
900 2625 0 7375
901 2625 0 7375
902 2625 0 7375
903 2625 0 7375
904 2625 0 7375
905 2625 0 7375
906 2625 0 7375
907 2625 0 7375
908 2625 0 7375
909 2625 0 7375
910 2625 0 7375
911 2625 0 7375
912 2625 0 7375
913 2625 0 7375
914 2625 0 7375
915 2625 0 7375
916 2625 0 7375
917 2625 0 7375
918 2625 0 7375
919 2625 0 7375
920 2625 0 7375
921 2625 0 7375
922 2625 0 7375
923 2625 0 7375
924 2625 0 7375
925 2625 0 7375
926 2625 0 7375
927 2625 0 7375
928 2625 0 7375
929 2625 0 7375
930 2625 0 7375
931 2625 0 7375
932 2625 0 7375
933 2625 0 7375
934 2625 0 7375
935 2625 0 7375
936 2625 0 7375
937 2625 0 7375
938 2625 0 7375
939 2625 0 7375
940 2625 0 7375
941 2625 0 7375
942 2625 0 7375
943 2625 0 7375
944 2625 0 7375
945 2625 0 7375
946 2625 0 7375
947 2625 0 7375
948 2625 0 7375
949 2625 0 7375
950 2625 0 7375
951 2625 0 7375
952 2625 0 7375
953 2625 0 7375
954 2625 0 7375
955 2625 0 7375
956 2625 0 7375
957 2625 0 7375
958 2625 0 7375
959 2625 0 7375
960 2625 0 7375
961 2625 0 7375
962 2625 0 7375
963 2625 0 7375
964 2625 0 7375
965 2625 0 7375
966 2625 0 7375
967 2625 0 7375
968 2625 0 7375
969 2625 0 7375
970 2625 0 7375
971 2625 0 7375
972 2625 0 7375
973 2625 0 7375
974 2625 0 7375
975 2625 0 7375
976 2625 0 7375
977 2625 0 7375
978 2625 0 7375
979 2625 0 7375
980 2625 0 7375
981 2625 0 7375
982 2625 0 7375
983 2625 0 7375
984 2625 0 7375
985 2625 0 7375
986 2625 0 7375
987 2625 0 7375
988 2625 0 7375
989 2625 0 7375
990 2625 0 7375
991 2625 0 7375
992 2625 0 7375
993 2625 0 7375
994 2625 0 7375
995 2625 0 7375
996 2625 0 7375
997 2625 0 7375
998 2625 0 7375
999 2625 0 7375
