0 9999 1 0
1 9998 2 0
2 9998 2 0
3 9998 2 0
4 9996 4 0
5 9994 4 2
6 9991 6 3
7 9988 7 5
8 9988 5 7
9 9984 8 8
10 9980 10 10
11 9976 13 11
12 9973 14 13
13 9970 15 15
14 9965 18 17
15 9961 21 18
16 9952 27 21
17 9940 34 26
18 9930 42 28
19 9921 43 36
20 9909 49 42
21 9891 58 51
22 9882 56 62
23 9871 53 76
24 9860 51 89
25 9845 56 99
26 9836 54 110
27 9822 60 118
28 9813 64 123
29 9801 59 140
30 9788 58 154
31 9769 68 163
32 9763 59 178
33 9749 66 185
34 9738 64 198
35 9717 72 211
36 9708 68 224
37 9692 71 237
38 9663 80 257
39 9645 89 266
40 9630 91 279
41 9615 90 295
42 9593 98 309
43 9577 90 333
44 9560 91 349
45 9543 90 367
46 9526 87 387
47 9506 101 393
48 9488 104 408
49 9468 107 425
50 9450 110 440
51 9432 108 460
52 9414 111 475
53 9396 107 497
54 9371 112 517
55 9358 99 543
56 9341 94 565
57 9326 99 575
58 9321 80 599
59 9308 76 616
60 9287 86 627
61 9273 82 645
62 9260 75 665
63 9242 86 672
64 9226 92 682
65 9209 92 699
66 9194 89 717
67 9187 80 733
68 9175 75 750
69 9166 71 763
70 9151 71 778
71 9138 71 791
72 9121 72 807
73 9109 75 816
74 9101 72 827
75 9092 70 838
76 9085 64 851
77 9079 59 862
78 9067 60 873
79 9054 59 887
80 9046 61 893
81 9038 64 898
82 9023 69 908
83 9009 74 917
84 8993 77 930
85 8981 70 949
86 8967 73 960
87 8957 69 974
88 8947 63 990
89 8937 63 1000
90 8924 66 1010
91 8911 70 1019
92 8898 67 1035
93 8888 68 1044
94 8875 69 1056
95 8870 58 1072
96 8861 60 1079
97 8856 57 1087
98 8850 53 1097
99 8843 55 1102
100 8834 58 1108
101 8826 57 1117
102 8821 54 1125
103 8807 55 1138
104 8799 57 1144
105 8786 63 1151
106 8775 60 1165
107 8756 72 1172
108 8743 75 1182
109 8735 70 1195
110 8724 67 1209
111 8717 65 1218
112 8711 58 1231
113 8703 49 1248
114 8691 49 1260
115 8681 48 1271
116 8665 57 1278
117 8653 61 1286
118 8644 62 1294
119 8633 62 1305
120 8624 60 1316
121 8612 60 1328
122 8603 55 1342
123 8596 52 1352
124 8585 55 1360
125 8581 51 1368
126 8576 47 1377
127 8562 55 1383
128 8554 53 1393
129 8547 48 1405
130 8546 44 1410
131 8540 41 1419
132 8539 36 1425
133 8536 33 1431
134 8532 31 1437
135 8519 38 1443
136 8513 39 1448
137 8510 35 1455
138 8501 34 1465
139 8492 36 1472
140 8484 40 1476
141 8478 39 1483
142 8469 33 1498
143 8465 32 1503
144 8459 29 1512
145 8446 36 1518
146 8432 45 1523
147 8427 37 1536
148 8420 37 1543
149 8415 38 1547
150 8414 35 1551
151 8406 39 1555
152 8396 44 1560
153 8393 39 1568
154 8386 42 1572
155 8374 44 1582
156 8370 45 1585
157 8367 44 1589
158 8362 44 1594
159 8357 39 1604
160 8349 44 1607
161 8343 40 1617
162 8340 39 1621
163 8337 33 1630
164 8336 28 1636
165 8334 25 1641
166 8332 25 1643
167 8329 24 1647
168 8327 22 1651
169 8324 24 1652
170 8321 26 1653
171 8320 22 1658
172 8315 26 1659
173 8310 25 1665
174 8310 23 1667
175 8309 18 1673
176 8304 22 1674
177 8303 20 1677
178 8298 20 1682
179 8295 21 1684
180 8291 22 1687
181 8290 22 1688
182 8285 21 1694
183 8280 24 1696
184 8275 27 1698
185 8268 33 1699
186 8262 33 1705
187 8257 35 1708
188 8249 37 1714
189 8238 42 1720
190 8221 51 1728
191 8208 48 1744
192 8202 45 1753
193 8194 48 1758
194 8185 52 1763
195 8179 50 1771
196 8174 45 1781
197 8163 45 1792
198 8158 43 1799
199 8152 43 1805
200 8148 42 1810
201 8137 49 1814
202 8125 50 1825
203 8122 45 1833
204 8118 43 1839
205 8109 45 1846
206 8104 48 1848
207 8093 51 1856
208 8084 54 1862
209 8076 52 1872
210 8069 52 1879
211 8063 50 1887
212 8052 55 1893
213 8047 55 1898
214 8033 63 1904
215 8023 64 1913
216 8009 69 1922
217 7998 69 1933
218 7991 70 1939
219 7983 62 1955
220 7970 65 1965
221 7958 67 1975
222 7948 66 1986
223 7943 54 2003
224 7939 47 2014
225 7932 50 2018
226 7927 47 2026
227 7917 49 2034
228 7904 52 2044
229 7896 54 2050
230 7888 51 2061
231 7882 51 2067
232 7868 59 2073
233 7856 62 2082
234 7851 55 2094
235 7844 47 2109
236 7839 44 2117
237 7832 46 2122
238 7827 42 2131
239 7818 44 2138
240 7809 48 2143
241 7801 45 2154
242 7798 36 2166
243 7793 37 2170
244 7790 35 2175
245 7784 31 2185
246 7779 33 2188
247 7775 30 2195
248 7770 31 2199
249 7765 31 2204
250 7757 35 2208
251 7753 35 2212
252 7742 39 2219
253 7731 41 2228
254 7722 45 2233
255 7718 44 2238
256 7707 49 2244
257 7701 49 2250
258 7693 48 2259
259 7689 42 2269
260 7683 42 2275
261 7677 35 2288
262 7677 31 2292
263 7673 33 2294
264 7670 32 2298
265 7666 28 2306
266 7660 27 2313
267 7653 29 2318
268 7643 35 2322
269 7638 29 2333
270 7630 33 2337
271 7623 32 2345
272 7615 32 2353
273 7608 35 2357
274 7599 36 2365
275 7588 37 2375
276 7578 40 2382
277 7574 31 2395
278 7565 36 2399
279 7554 41 2405
280 7544 44 2412
281 7533 50 2417
282 7527 46 2427
283 7525 41 2434
284 7521 39 2440
285 7515 37 2448
286 7509 32 2459
287 7496 37 2467
288 7483 46 2471
289 7460 59 2481
290 7452 55 2493
291 7441 54 2505
292 7426 56 2518
293 7418 48 2534
294 7400 59 2541
295 7380 67 2553
296 7372 63 2565
297 7360 66 2574
298 7342 76 2582
299 7326 77 2597
300 7309 77 2614
301 7289 78 2633
302 7280 72 2648
303 7264 79 2657
304 7250 81 2669
305 7234 81 2685
306 7223 75 2702
307 7214 75 2711
308 7196 72 2732
309 7181 74 2745
310 7172 68 2760
311 7163 65 2772
312 7156 61 2783
313 7150 52 2798
314 7147 48 2805
315 7141 46 2813
316 7134 46 2820
317 7128 42 2830
318 7124 43 2833
319 7113 46 2841
320 7105 49 2846
321 7098 45 2857
322 7085 55 2860
323 7073 58 2869
324 7061 58 2881
325 7054 55 2891
326 7045 55 2900
327 7036 59 2905
328 7033 52 2915
329 7028 41 2931
330 7022 35 2943
331 7017 35 2948
332 7013 32 2955
333 7006 32 2962
334 6995 37 2968
335 6993 35 2972
336 6986 38 2976
337 6980 39 2981
338 6969 46 2985
339 6957 53 2990
340 6951 54 2995
341 6945 48 3007
342 6935 44 3021
343 6929 43 3028
344 6917 47 3036
345 6913 46 3041
346 6908 46 3046
347 6901 46 3053
348 6896 38 3066
349 6893 33 3074
350 6889 33 3078
351 6886 29 3085
352 6883 26 3091
353 6880 27 3093
354 6876 28 3096
355 6871 30 3099
356 6867 28 3105
357 6857 35 3108
358 6854 34 3112
359 6848 31 3121
360 6844 29 3127
361 6838 31 3131
362 6832 30 3138
363 6829 30 3141
364 6827 28 3145
365 6819 27 3154
366 6819 24 3157
367 6811 26 3163
368 6805 28 3167
369 6803 25 3172
370 6798 26 3176
371 6793 29 3178
372 6789 29 3182
373 6783 27 3190
374 6777 29 3194
375 6771 27 3202
376 6765 29 3206
377 6757 35 3208
378 6747 40 3213
379 6744 40 3216
380 6739 36 3225
381 6737 32 3231
382 6730 33 3237
383 6725 34 3241
384 6718 35 3247
385 6708 38 3254
386 6702 34 3264
387 6698 35 3267
388 6694 30 3276
389 6687 33 3280
390 6681 36 3283
391 6671 41 3288
392 6663 39 3298
393 6655 38 3307
394 6647 40 3313
395 6641 39 3320
396 6630 47 3323
397 6621 49 3330
398 6612 45 3343
399 6607 38 3355
400 6600 39 3361
401 6598 35 3367
402 6595 29 3376
403 6588 34 3378
404 6584 34 3382
405 6581 31 3388
406 6579 26 3395
407 6571 30 3399
408 6568 30 3402
409 6563 27 3410
410 6561 26 3413
411 6561 21 3418
412 6558 22 3420
413 6557 18 3425
414 6557 15 3428
415 6555 16 3429
416 6553 16 3431
417 6550 17 3433
418 6545 19 3436
419 6543 18 3439
420 6541 15 3444
421 6539 12 3449
422 6537 13 3450
423 6536 12 3452
424 6531 16 3453
425 6530 15 3455
426 6525 19 3456
427 6521 21 3458
428 6521 17 3462
429 6516 19 3465
430 6516 13 3471
431 6516 11 3473
432 6516 9 3475
433 6516 9 3475
434 6515 9 3476
435 6515 7 3478
436 6515 6 3479
437 6515 5 3480
438 6515 4 3481
439 6515 4 3481
440 6515 3 3482
441 6515 3 3482
442 6515 3 3482
443 6515 3 3482
444 6515 3 3482
445 6515 2 3483
446 6515 1 3484
447 6515 0 3485
448 6515 0 3485
449 6515 0 3485
450 6515 0 3485
451 6515 0 3485
452 6515 0 3485
453 6515 0 3485
454 6515 0 3485
455 6515 0 3485
456 6515 0 3485
457 6515 0 3485
458 6515 0 3485
459 6515 0 3485
460 6515 0 3485
461 6515 0 3485
462 6515 0 3485
463 6515 0 3485
464 6515 0 3485
465 6515 0 3485
466 6515 0 3485
467 6515 0 3485
468 6515 0 3485
469 6515 0 3485
470 6515 0 3485
471 6515 0 3485
472 6515 0 3485
473 6515 0 3485
474 6515 0 3485
475 6515 0 3485
476 6515 0 3485
477 6515 0 3485
478 6515 0 3485
479 6515 0 3485
480 6515 0 3485
481 6515 0 3485
482 6515 0 3485
483 6515 0 3485
484 6515 0 3485
485 6515 0 3485
486 6515 0 3485
487 6515 0 3485
488 6515 0 3485
489 6515 0 3485
490 6515 0 3485
491 6515 0 3485
492 6515 0 3485
493 6515 0 3485
494 6515 0 3485
495 6515 0 3485
496 6515 0 3485
497 6515 0 3485
498 6515 0 3485
499 6515 0 3485
500 6515 0 3485
501 6515 0 3485
502 6515 0 3485
503 6515 0 3485
504 6515 0 3485
505 6515 0 3485
506 6515 0 3485
507 6515 0 3485
508 6515 0 3485
509 6515 0 3485
510 6515 0 3485
511 6515 0 3485
512 6515 0 3485
513 6515 0 3485
514 6515 0 3485
515 6515 0 3485
516 6515 0 3485
517 6515 0 3485
518 6515 0 3485
519 6515 0 3485
520 6515 0 3485
521 6515 0 3485
522 6515 0 3485
523 6515 0 3485
524 6515 0 3485
525 6515 0 3485
526 6515 0 3485
527 6515 0 3485
528 6515 0 3485
529 6515 0 3485
530 6515 0 3485
531 6515 0 3485
532 6515 0 3485
533 6515 0 3485
534 6515 0 3485
535 6515 0 3485
536 6515 0 3485
537 6515 0 3485
538 6515 0 3485
539 6515 0 3485
540 6515 0 3485
541 6515 0 3485
542 6515 0 3485
543 6515 0 3485
544 6515 0 3485
545 6515 0 3485
546 6515 0 3485
547 6515 0 3485
548 6515 0 3485
549 6515 0 3485
550 6515 0 3485
551 6515 0 3485
552 6515 0 3485
553 6515 0 3485
554 6515 0 3485
555 6515 0 3485
556 6515 0 3485
557 6515 0 3485
558 6515 0 3485
559 6515 0 3485
560 6515 0 3485
561 6515 0 3485
562 6515 0 3485
563 6515 0 3485
564 6515 0 3485
565 6515 0 3485
566 6515 0 3485
567 6515 0 3485
568 6515 0 3485
569 6515 0 3485
570 6515 0 3485
571 6515 0 3485
572 6515 0 3485
573 6515 0 3485
574 6515 0 3485
575 6515 0 3485
576 6515 0 3485
577 6515 0 3485
578 6515 0 3485
579 6515 0 3485
580 6515 0 3485
581 6515 0 3485
582 6515 0 3485
583 6515 0 3485
584 6515 0 3485
585 6515 0 3485
586 6515 0 3485
587 6515 0 3485
588 6515 0 3485
589 6515 0 3485
590 6515 0 3485
591 6515 0 3485
592 6515 0 3485
593 6515 0 3485
594 6515 0 3485
595 6515 0 3485
596 6515 0 3485
597 6515 0 3485
598 6515 0 3485
599 6515 0 3485
600 6515 0 3485
601 6515 0 3485
602 6515 0 3485
603 6515 0 3485
604 6515 0 3485
605 6515 0 3485
606 6515 0 3485
607 6515 0 3485
608 6515 0 3485
609 6515 0 3485
610 6515 0 3485
611 6515 0 3485
612 6515 0 3485
613 6515 0 3485
614 6515 0 3485
615 6515 0 3485
616 6515 0 3485
617 6515 0 3485
618 6515 0 3485
619 6515 0 3485
620 6515 0 3485
621 6515 0 3485
622 6515 0 3485
623 6515 0 3485
624 6515 0 3485
625 6515 0 3485
626 6515 0 3485
627 6515 0 3485
628 6515 0 3485
629 6515 0 3485
630 6515 0 3485
631 6515 0 3485
632 6515 0 3485
633 6515 0 3485
634 6515 0 3485
635 6515 0 3485
636 6515 0 3485
637 6515 0 3485
638 6515 0 3485
639 6515 0 3485
640 6515 0 3485
641 6515 0 3485
642 6515 0 3485
643 6515 0 3485
644 6515 0 3485
645 6515 0 3485
646 6515 0 3485
647 6515 0 3485
648 6515 0 3485
649 6515 0 3485
650 6515 0 3485
651 6515 0 3485
652 6515 0 3485
653 6515 0 3485
654 6515 0 3485
655 6515 0 3485
656 6515 0 3485
657 6515 0 3485
658 6515 0 3485
659 6515 0 3485
660 6515 0 3485
661 6515 0 3485
662 6515 0 3485
663 6515 0 3485
664 6515 0 3485
665 6515 0 3485
666 6515 0 3485
667 6515 0 3485
668 6515 0 3485
669 6515 0 3485
670 6515 0 3485
671 6515 0 3485
672 6515 0 3485
673 6515 0 3485
674 6515 0 3485
675 6515 0 3485
676 6515 0 3485
677 6515 0 3485
678 6515 0 3485
679 6515 0 3485
680 6515 0 3485
681 6515 0 3485
682 6515 0 3485
683 6515 0 3485
684 6515 0 3485
685 6515 0 3485
686 6515 0 3485
687 6515 0 3485
688 6515 0 3485
689 6515 0 3485
690 6515 0 3485
691 6515 0 3485
692 6515 0 3485
693 6515 0 3485
694 6515 0 3485
695 6515 0 3485
696 6515 0 3485
697 6515 0 3485
698 6515 0 3485
699 6515 0 3485
700 6515 0 3485
701 6515 0 3485
702 6515 0 3485
703 6515 0 3485
704 6515 0 3485
705 6515 0 3485
706 6515 0 3485
707 6515 0 3485
708 6515 0 3485
709 6515 0 3485
710 6515 0 3485
711 6515 0 3485
712 6515 0 3485
713 6515 0 3485
714 6515 0 3485
715 6515 0 3485
716 6515 0 3485
717 6515 0 3485
718 6515 0 3485
719 6515 0 3485
720 6515 0 3485
721 6515 0 3485
722 6515 0 3485
723 6515 0 3485
724 6515 0 3485
725 6515 0 3485
726 6515 0 3485
727 6515 0 3485
728 6515 0 3485
729 6515 0 3485
730 6515 0 3485
731 6515 0 3485
732 6515 0 3485
733 6515 0 3485
734 6515 0 3485
735 6515 0 3485
736 6515 0 3485
737 6515 0 3485
738 6515 0 3485
739 6515 0 3485
740 6515 0 3485
741 6515 0 3485
742 6515 0 3485
743 6515 0 3485
744 6515 0 3485
745 6515 0 3485
746 6515 0 3485
747 6515 0 3485
748 6515 0 3485
749 6515 0 3485
750 6515 0 3485
751 6515 0 3485
752 6515 0 3485
753 6515 0 3485
754 6515 0 3485
755 6515 0 3485
756 6515 0 3485
757 6515 0 3485
758 6515 0 3485
759 6515 0 3485
760 6515 0 3485
761 6515 0 3485
762 6515 0 3485
763 6515 0 3485
764 6515 0 3485
765 6515 0 3485
766 6515 0 3485
767 6515 0 3485
768 6515 0 3485
769 6515 0 3485
770 6515 0 3485
771 6515 0 3485
772 6515 0 3485
773 6515 0 3485
774 6515 0 3485
775 6515 0 3485
776 6515 0 3485
777 6515 0 3485
778 6515 0 3485
779 6515 0 3485
780 6515 0 3485
781 6515 0 3485
782 6515 0 3485
783 6515 0 3485
784 6515 0 3485
785 6515 0 3485
786 6515 0 3485
787 6515 0 3485
788 6515 0 3485
789 6515 0 3485
790 6515 0 3485
791 6515 0 3485
792 6515 0 3485
793 6515 0 3485
794 6515 0 3485
795 6515 0 3485
796 6515 0 3485
797 6515 0 3485
798 6515 0 3485
799 6515 0 3485
800 6515 0 3485
801 6515 0 3485
802 6515 0 3485
803 6515 0 3485
804 6515 0 3485
805 6515 0 3485
806 6515 0 3485
807 6515 0 3485
808 6515 0 3485
809 6515 0 3485
810 6515 0 3485
811 6515 0 3485
812 6515 0 3485
813 6515 0 3485
814 6515 0 3485
815 6515 0 3485
816 6515 0 3485
817 6515 0 3485
818 6515 0 3485
819 6515 0 3485
820 6515 0 3485
821 6515 0 3485
822 6515 0 3485
823 6515 0 3485
824 6515 0 3485
825 6515 0 3485
826 6515 0 3485
827 6515 0 3485
828 6515 0 3485
829 6515 0 3485
830 6515 0 3485
831 6515 0 3485
832 6515 0 3485
833 6515 0 3485
834 6515 0 3485
835 6515 0 3485
836 6515 0 3485
837 6515 0 3485
838 6515 0 3485
839 6515 0 3485
840 6515 0 3485
841 6515 0 3485
842 6515 0 3485
843 6515 0 3485
844 6515 0 3485
845 6515 0 3485
846 6515 0 3485
847 6515 0 3485
848 6515 0 3485
849 6515 0 3485
850 6515 0 3485
851 6515 0 3485
852 6515 0 3485
853 6515 0 3485
854 6515 0 3485
855 6515 0 3485
856 6515 0 3485
857 6515 0 3485
858 6515 0 3485
859 6515 0 3485
860 6515 0 3485
861 6515 0 3485
862 6515 0 3485
863 6515 0 3485
864 6515 0 3485
865 6515 0 3485
866 6515 0 3485
867 6515 0 3485
868 6515 0 3485
869 6515 0 3485
870 6515 0 3485
871 6515 0 3485
872 6515 0 3485
873 6515 0 3485
874 6515 0 3485
875 6515 0 3485
876 6515 0 3485
877 6515 0 3485
878 6515 0 3485
879 6515 0 3485
880 6515 0 3485
881 6515 0 3485
882 6515 0 3485
883 6515 0 3485
884 6515 0 3485
885 6515 0 3485
886 6515 0 3485
887 6515 0 3485
888 6515 0 3485
889 6515 0 3485
890 6515 0 3485
891 6515 0 3485
892 6515 0 3485
893 6515 0 3485
894 6515 0 3485
895 6515 0 3485
896 6515 0 3485
897 6515 0 3485
898 6515 0 3485
899 6515 0 3485
900 6515 0 3485
901 6515 0 3485
902 6515 0 3485
903 6515 0 3485
904 6515 0 3485
905 6515 0 3485
906 6515 0 3485
907 6515 0 3485
908 6515 0 3485
909 6515 0 3485
910 6515 0 3485
911 6515 0 3485
912 6515 0 3485
913 6515 0 3485
914 6515 0 3485
915 6515 0 3485
916 6515 0 3485
917 6515 0 3485
918 6515 0 3485
919 6515 0 3485
920 6515 0 3485
921 6515 0 3485
922 6515 0 3485
923 6515 0 3485
924 6515 0 3485
925 6515 0 3485
926 6515 0 3485
927 6515 0 3485
928 6515 0 3485
929 6515 0 3485
930 6515 0 3485
931 6515 0 3485
932 6515 0 3485
933 6515 0 3485
934 6515 0 3485
935 6515 0 3485
936 6515 0 3485
937 6515 0 3485
938 6515 0 3485
939 6515 0 3485
940 6515 0 3485
941 6515 0 3485
942 6515 0 3485
943 6515 0 3485
944 6515 0 3485
945 6515 0 3485
946 6515 0 3485
947 6515 0 3485
948 6515 0 3485
949 6515 0 3485
950 6515 0 3485
951 6515 0 3485
952 6515 0 3485
953 6515 0 3485
954 6515 0 3485
955 6515 0 3485
956 6515 0 3485
957 6515 0 3485
958 6515 0 3485
959 6515 0 3485
960 6515 0 3485
961 6515 0 3485
962 6515 0 3485
963 6515 0 3485
964 6515 0 3485
965 6515 0 3485
966 6515 0 3485
967 6515 0 3485
968 6515 0 3485
969 6515 0 3485
970 6515 0 3485
971 6515 0 3485
972 6515 0 3485
973 6515 0 3485
974 6515 0 3485
975 6515 0 3485
976 6515 0 3485
977 6515 0 3485
978 6515 0 3485
979 6515 0 3485
980 6515 0 3485
981 6515 0 3485
982 6515 0 3485
983 6515 0 3485
984 6515 0 3485
985 6515 0 3485
986 6515 0 3485
987 6515 0 3485
988 6515 0 3485
989 6515 0 3485
990 6515 0 3485
991 6515 0 3485
992 6515 0 3485
993 6515 0 3485
994 6515 0 3485
995 6515 0 3485
996 6515 0 3485
997 6515 0 3485
998 6515 0 3485
999 6515 0 3485
