0 9999 1 0
1 9998 2 0
2 9997 2 1
3 9997 2 1
4 9996 2 2
5 9995 3 2
6 9993 4 3
7 9992 4 4
8 9990 5 5
9 9987 8 5
10 9983 11 6
11 9978 15 7
12 9975 13 12
13 9973 11 16
14 9972 11 17
15 9968 14 18
16 9964 17 19
17 9957 22 21
18 9953 20 27
19 9953 19 28
20 9947 20 33
21 9942 24 34
22 9940 22 38
23 9934 23 43
24 9926 26 48
25 9914 29 57
26 9904 37 59
27 9899 36 65
28 9896 32 72
29 9889 34 77
30 9885 35 80
31 9880 37 83
32 9875 34 91
33 9869 34 97
34 9863 38 99
35 9858 39 103
36 9850 43 107
37 9839 45 116
38 9828 49 123
39 9828 41 131
40 9819 42 139
41 9811 41 148
42 9805 40 155
43 9798 41 161
44 9794 39 167
45 9789 39 172
46 9785 39 176
47 9780 38 182
48 9771 40 189
49 9763 41 196
50 9754 43 203
51 9749 40 211
52 9745 36 219
53 9739 36 225
54 9735 33 232
55 9730 33 237
56 9726 36 238
57 9718 37 245
58 9713 37 250
59 9707 38 255
60 9703 33 264
61 9696 35 269
62 9690 37 273
63 9681 39 280
64 9677 35 288
65 9671 35 294
66 9658 45 297
67 9653 43 304
68 9635 56 309
69 9624 53 323
70 9608 59 333
71 9596 59 345
72 9582 58 360
73 9570 57 373
74 9562 55 383
75 9548 61 391
76 9542 52 406
77 9530 56 414
78 9515 60 425
79 9502 66 432
80 9492 69 439
81 9487 57 456
82 9479 53 468
83 9471 55 474
84 9462 52 486
85 9456 50 494
86 9447 47 506
87 9440 49 511
88 9432 44 524
89 9428 36 536
90 9424 31 545
91 9418 28 554
92 9414 29 557
93 9413 23 564
94 9410 24 566
95 9406 20 574
96 9399 24 577
97 9392 29 579
98 9386 29 585
99 9381 32 587
100 9373 34 593
101 9364 34 602
102 9358 34 608
103 9355 29 616
104 9348 32 620
105 9342 34 624
106 9333 35 632
107 9328 33 639
108 9324 30 646
109 9318 34 648
110 9315 31 654
111 9312 26 662
112 9307 25 668
113 9304 25 671
114 9296 28 676
115 9295 24 681
116 9292 20 688
117 9281 25 694
118 9277 24 699
119 9271 24 705
120 9267 21 712
121 9259 26 715
122 9256 27 717
123 9255 22 723
124 9251 24 725
125 9244 27 729
126 9241 25 734
127 9236 27 737
128 9229 31 740
129 9219 36 745
130 9208 41 751
131 9202 39 759
132 9197 42 761
133 9184 47 769
134 9178 48 774
135 9171 48 781
136 9165 50 785
137 9155 55 790
138 9146 60 794
139 9137 56 807
140 9124 55 821
141 9115 48 837
142 9103 47 850
143 9094 46 860
144 9085 42 873
145 9072 49 879
146 9057 52 891
147 9047 54 899
148 9040 54 906
149 9029 56 915
150 9019 60 921
151 9013 53 934
152 9000 55 945
153 8985 59 956
154 8974 53 973
155 8956 63 981
156 8944 59 997
157 8940 54 1006
158 8930 55 1015
159 8915 61 1024
160 8906 57 1037
161 8899 51 1050
162 8882 55 1063
163 8875 55 1070
164 8861 58 1081
165 8849 61 1090
166 8838 60 1102
167 8832 55 1113
168 8822 50 1128
169 8813 48 1139
170 8805 44 1151
171 8793 43 1164
172 8781 47 1172
173 8765 58 1177
174 8755 58 1187
175 8739 63 1198
176 8726 64 1210
177 8717 58 1225
178 8705 55 1240
179 8694 59 1247
180 8683 62 1255
181 8676 53 1271
182 8665 52 1283
183 8656 52 1292
184 8645 51 1304
185 8636 47 1317
186 8626 49 1325
187 8614 52 1334
188 8607 46 1347
189 8592 53 1355
190 8578 60 1362
191 8560 60 1380
192 8548 65 1387
193 8533 67 1400
194 8519 73 1408
195 8499 82 1419
196 8480 85 1435
197 8466 83 1451
198 8455 77 1468
199 8441 77 1482
200 8418 85 1497
201 8402 86 1512
202 8377 102 1521
203 8357 104 1539
204 8341 99 1560
205 8318 102 1580
206 8299 101 1600
207 8282 99 1619
208 8270 95 1635
209 8248 99 1653
210 8220 109 1671
211 8197 118 1685
212 8165 133 1702
213 8142 130 1728
214 8108 137 1755
215 8072 154 1774
216 8026 177 1797
217 7979 189 1832
218 7947 195 1858
219 7914 195 1891
220 7879 200 1921
221 7845 190 1965
222 7821 180 1999
223 7772 195 2033
224 7738 187 2075
225 7709 180 2111
226 7683 175 2142
227 7661 165 2174
228 7638 160 2202
229 7612 156 2232
230 7579 152 2269
231 7555 150 2295
232 7525 148 2327
233 7507 140 2353
234 7478 145 2377
235 7451 152 2397
236 7419 160 2421
237 7398 153 2449
238 7378 149 2473
239 7349 145 2506
240 7329 140 2531
241 7307 139 2554
242 7282 142 2576
243 7265 139 2596
244 7240 144 2616
245 7225 135 2640
246 7214 121 2665
247 7195 116 2689
248 7177 115 2708
249 7161 113 2726
250 7144 107 2749
251 7121 113 2766
252 7105 114 2781
253 7085 121 2794
254 7064 128 2808
255 7048 126 2826
256 7029 129 2842
257 7013 126 2861
258 6999 111 2890
259 6976 110 2914
260 6961 108 2931
261 6948 107 2945
262 6934 103 2963
263 6914 107 2979
264 6890 114 2996
265 6871 107 3022
266 6856 104 3040
267 6835 103 3062
268 6817 100 3083
269 6796 97 3107
270 6768 104 3128
271 6754 98 3148
272 6740 100 3160
273 6724 99 3177
274 6706 108 3186
275 6690 111 3199
276 6674 103 3223
277 6657 102 3241
278 6640 102 3258
279 6618 107 3275
280 6600 105 3295
281 6578 108 3314
282 6562 101 3337
283 6541 101 3358
284 6528 99 3373
285 6514 88 3398
286 6502 87 3411
287 6488 78 3434
288 6471 87 3442
289 6452 94 3454
290 6440 90 3470
291 6429 81 3490
292 6415 84 3501
293 6403 81 3516
294 6387 82 3531
295 6372 81 3547
296 6357 83 3560
297 6344 87 3569
298 6326 93 3581
299 6312 89 3599
300 6292 95 3613
301 6275 91 3634
302 6261 91 3648
303 6243 94 3663
304 6231 89 3680
305 6221 82 3697
306 6200 91 3709
307 6183 93 3724
308 6165 92 3743
309 6151 94 3755
310 6142 84 3774
311 6131 82 3787
312 6121 80 3799
313 6109 77 3814
314 6099 76 3825
315 6081 82 3837
316 6071 83 3846
317 6064 73 3863
318 6045 81 3874
319 6035 73 3892
320 6024 66 3910
321 6005 71 3924
322 5995 65 3940
323 5981 68 3951
324 5973 63 3964
325 5961 68 3971
326 5944 73 3983
327 5923 80 3997
328 5909 81 4010
329 5896 80 4024
330 5886 76 4038
331 5869 76 4055
332 5850 89 4061
333 5834 84 4082
334 5820 83 4097
335 5809 83 4108
336 5797 85 4118
337 5779 92 4129
338 5758 104 4138
339 5742 106 4152
340 5716 117 4167
341 5690 122 4188
342 5669 119 4212
343 5653 117 4230
344 5634 109 4257
345 5619 106 4275
346 5604 102 4294
347 5586 102 4312
348 5563 108 4329
349 5547 106 4347
350 5513 114 4373
351 5505 99 4396
352 5481 105 4414
353 5460 110 4430
354 5441 114 4445
355 5413 125 4462
356 5398 115 4487
357 5375 120 4505
358 5353 123 4524
359 5332 118 4550
360 5318 110 4572
361 5305 106 4589
362 5288 106 4606
363 5276 94 4630
364 5254 96 4650
365 5237 94 4669
366 5220 89 4691
367 5196 98 4706
368 5183 91 4726
369 5159 103 4738
370 5142 103 4755
371 5123 109 4768
372 5105 108 4787
373 5088 104 4808
374 5072 96 4832
375 5057 86 4857
376 5041 93 4866
377 5025 98 4877
378 5015 87 4898
379 5001 83 4916
380 4992 77 4931
381 4973 81 4946
382 4951 88 4961
383 4936 85 4979
384 4925 84 4991
385 4911 85 5004
386 4897 85 5018
387 4887 82 5031
388 4877 77 5046
389 4855 85 5060
390 4837 90 5073
391 4819 99 5082
392 4805 98 5097
393 4793 94 5113
394 4774 89 5137
395 4754 88 5158
396 4737 93 5170
397 4719 98 5183
398 4694 106 5200
399 4673 110 5217
400 4645 115 5240
401 4616 124 5260
402 4593 129 5278
403 4571 127 5302
404 4550 127 5323
405 4532 122 5346
406 4511 127 5362
407 4480 139 5381
408 4445 151 5404
409 4406 163 5431
410 4367 173 5460
411 4337 186 5477
412 4304 190 5506
413 4265 204 5531
414 4240 184 5576
415 4210 172 5618
416 4185 169 5646
417 4155 173 5672
418 4136 157 5707
419 4105 161 5734
420 4071 161 5768
421 4043 162 5795
422 4016 160 5824
423 3976 171 5853
424 3933 182 5885
425 3895 193 5912
426 3859 197 5944
427 3829 196 5975
428 3802 186 6012
429 3775 172 6053
430 3748 173 6079
431 3722 157 6121
432 3700 144 6156
433 3673 140 6187
434 3643 138 6219
435 3616 143 6241
436 3584 151 6265
437 3560 147 6293
438 3529 151 6320
439 3496 153 6351
440 3469 157 6374
441 3435 172 6393
442 3404 179 6417
443 3367 186 6447
444 3335 188 6477
445 3316 173 6511
446 3290 173 6537
447 3267 167 6566
448 3235 168 6597
449 3206 168 6626
450 3190 160 6650
451 3162 152 6686
452 3141 147 6712
453 3120 142 6738
454 3093 146 6761
455 3076 130 6794
456 3061 125 6814
457 3047 116 6837
458 3029 106 6865
459 3008 114 6878
460 2986 119 6895
461 2974 118 6908
462 2958 115 6927
463 2944 114 6942
464 2925 112 6963
465 2909 104 6987
466 2899 92 7009
467 2887 88 7025
468 2881 79 7040
469 2872 75 7053
470 2868 71 7061
471 2860 70 7070
472 2856 63 7081
473 2854 53 7093
474 2847 53 7100
475 2839 52 7109
476 2835 44 7121
477 2831 42 7127
478 2827 37 7136
479 2820 34 7146
480 2820 29 7151
481 2813 30 7157
482 2812 27 7161
483 2807 25 7168
484 2802 23 7175
485 2799 23 7178
486 2796 24 7180
487 2793 22 7185
488 2792 18 7190
489 2790 15 7195
490 2787 18 7195
491 2783 21 7196
492 2781 19 7200
493 2779 19 7202
494 2777 18 7205
495 2776 17 7207
496 2775 17 7208
497 2774 15 7211
498 2773 10 7217
499 2772 8 7220
500 2772 7 7221
501 2772 5 7223
502 2772 3 7225
503 2772 2 7226
504 2772 2 7226
505 2772 2 7226
506 2772 2 7226
507 2772 1 7227
508 2772 1 7227
509 2772 1 7227
510 2772 1 7227
511 2772 1 7227
512 2772 1 7227
513 2772 1 7227
514 2772 1 7227
515 2772 1 7227
516 2772 1 7227
517 2772 1 7227
518 2772 0 7228
519 2772 0 7228
520 2772 0 7228
521 2772 0 7228
522 2772 0 7228
523 2772 0 7228
524 2772 0 7228
525 2772 0 7228
526 2772 0 7228
527 2772 0 7228
528 2772 0 7228
529 2772 0 7228
530 2772 0 7228
531 2772 0 7228
532 2772 0 7228
533 2772 0 7228
534 2772 0 7228
535 2772 0 7228
536 2772 0 7228
537 2772 0 7228
538 2772 0 7228
539 2772 0 7228
540 2772 0 7228
541 2772 0 7228
542 2772 0 7228
543 2772 0 7228
544 2772 0 7228
545 2772 0 7228
546 2772 0 7228
547 2772 0 7228
548 2772 0 7228
549 2772 0 7228
550 2772 0 7228
551 2772 0 7228
552 2772 0 7228
553 2772 0 7228
554 2772 0 7228
555 2772 0 7228
556 2772 0 7228
557 2772 0 7228
558 2772 0 7228
559 2772 0 7228
560 2772 0 7228
561 2772 0 7228
562 2772 0 7228
563 2772 0 7228
564 2772 0 7228
565 2772 0 7228
566 2772 0 7228
567 2772 0 7228
568 2772 0 7228
569 2772 0 7228
570 2772 0 7228
571 2772 0 7228
572 2772 0 7228
573 2772 0 7228
574 2772 0 7228
575 2772 0 7228
576 2772 0 7228
577 2772 0 7228
578 2772 0 7228
579 2772 0 7228
580 2772 0 7228
581 2772 0 7228
582 2772 0 7228
583 2772 0 7228
584 2772 0 7228
585 2772 0 7228
586 2772 0 7228
587 2772 0 7228
588 2772 0 7228
589 2772 0 7228
590 2772 0 7228
591 2772 0 7228
592 2772 0 7228
593 2772 0 7228
594 2772 0 7228
595 2772 0 7228
596 2772 0 7228
597 2772 0 7228
598 2772 0 7228
599 2772 0 7228
600 2772 0 7228
601 2772 0 7228
602 2772 0 7228
603 2772 0 7228
604 2772 0 7228
605 2772 0 7228
606 2772 0 7228
607 2772 0 7228
608 2772 0 7228
609 2772 0 7228
610 2772 0 7228
611 2772 0 7228
612 2772 0 7228
613 2772 0 7228
614 2772 0 7228
615 2772 0 7228
616 2772 0 7228
617 2772 0 7228
618 2772 0 7228
619 2772 0 7228
620 2772 0 7228
621 2772 0 7228
622 2772 0 7228
623 2772 0 7228
624 2772 0 7228
625 2772 0 7228
626 2772 0 7228
627 2772 0 7228
628 2772 0 7228
629 2772 0 7228
630 2772 0 7228
631 2772 0 7228
632 2772 0 7228
633 2772 0 7228
634 2772 0 7228
635 2772 0 7228
636 2772 0 7228
637 2772 0 7228
638 2772 0 7228
639 2772 0 7228
640 2772 0 7228
641 2772 0 7228
642 2772 0 7228
643 2772 0 7228
644 2772 0 7228
645 2772 0 7228
646 2772 0 7228
647 2772 0 7228
648 2772 0 7228
649 2772 0 7228
650 2772 0 7228
651 2772 0 7228
652 2772 0 7228
653 2772 0 7228
654 2772 0 7228
655 2772 0 7228
656 2772 0 7228
657 2772 0 7228
658 2772 0 7228
659 2772 0 7228
660 2772 0 7228
661 2772 0 7228
662 2772 0 7228
663 2772 0 7228
664 2772 0 7228
665 2772 0 7228
666 2772 0 7228
667 2772 0 7228
668 2772 0 7228
669 2772 0 7228
670 2772 0 7228
671 2772 0 7228
672 2772 0 7228
673 2772 0 7228
674 2772 0 7228
675 2772 0 7228
676 2772 0 7228
677 2772 0 7228
678 2772 0 7228
679 2772 0 7228
680 2772 0 7228
681 2772 0 7228
682 2772 0 7228
683 2772 0 7228
684 2772 0 7228
685 2772 0 7228
686 2772 0 7228
687 2772 0 7228
688 2772 0 7228
689 2772 0 7228
690 2772 0 7228
691 2772 0 7228
692 2772 0 7228
693 2772 0 7228
694 2772 0 7228
695 2772 0 7228
696 2772 0 7228
697 2772 0 7228
698 2772 0 7228
699 2772 0 7228
700 2772 0 7228
701 2772 0 7228
702 2772 0 7228
703 2772 0 7228
704 2772 0 7228
705 2772 0 7228
706 2772 0 7228
707 2772 0 7228
708 2772 0 7228
709 2772 0 7228
710 2772 0 7228
711 2772 0 7228
712 2772 0 7228
713 2772 0 7228
714 2772 0 7228
715 2772 0 7228
716 2772 0 7228
717 2772 0 7228
718 2772 0 7228
719 2772 0 7228
720 2772 0 7228
721 2772 0 7228
722 2772 0 7228
723 2772 0 7228
724 2772 0 7228
725 2772 0 7228
726 2772 0 7228
727 2772 0 7228
728 2772 0 7228
729 2772 0 7228
730 2772 0 7228
731 2772 0 7228
732 2772 0 7228
733 2772 0 7228
734 2772 0 7228
735 2772 0 7228
736 2772 0 7228
737 2772 0 7228
738 2772 0 7228
739 2772 0 7228
740 2772 0 7228
741 2772 0 7228
742 2772 0 7228
743 2772 0 7228
744 2772 0 7228
745 2772 0 7228
746 2772 0 7228
747 2772 0 7228
748 2772 0 7228
749 2772 0 7228
750 2772 0 7228
751 2772 0 7228
752 2772 0 7228
753 2772 0 7228
754 2772 0 7228
755 2772 0 7228
756 2772 0 7228
757 2772 0 7228
758 2772 0 7228
759 2772 0 7228
760 2772 0 7228
761 2772 0 7228
762 2772 0 7228
763 2772 0 7228
764 2772 0 7228
765 2772 0 7228
766 2772 0 7228
767 2772 0 7228
768 2772 0 7228
769 2772 0 7228
770 2772 0 7228
771 2772 0 7228
772 2772 0 7228
773 2772 0 7228
774 2772 0 7228
775 2772 0 7228
776 2772 0 7228
777 2772 0 7228
778 2772 0 7228
779 2772 0 7228
780 2772 0 7228
781 2772 0 7228
782 2772 0 7228
783 2772 0 7228
784 2772 0 7228
785 2772 0 7228
786 2772 0 7228
787 2772 0 7228
788 2772 0 7228
789 2772 0 7228
790 2772 0 7228
791 2772 0 7228
792 2772 0 7228
793 2772 0 7228
794 2772 0 7228
795 2772 0 7228
796 2772 0 7228
797 2772 0 7228
798 2772 0 7228
799 2772 0 7228
800 2772 0 7228
801 2772 0 7228
802 2772 0 7228
803 2772 0 7228
804 2772 0 7228
805 2772 0 7228
806 2772 0 7228
807 2772 0 7228
808 2772 0 7228
809 2772 0 7228
810 2772 0 7228
811 2772 0 7228
812 2772 0 7228
813 2772 0 7228
814 2772 0 7228
815 2772 0 7228
816 2772 0 7228
817 2772 0 7228
818 2772 0 7228
819 2772 0 7228
820 2772 0 7228
821 2772 0 7228
822 2772 0 7228
823 2772 0 7228
824 2772 0 7228
825 2772 0 7228
826 2772 0 7228
827 2772 0 7228
828 2772 0 7228
829 2772 0 7228
830 2772 0 7228
831 2772 0 7228
832 2772 0 7228
833 2772 0 7228
834 2772 0 7228
835 2772 0 7228
836 2772 0 7228
837 2772 0 7228
838 2772 0 7228
839 2772 0 7228
840 2772 0 7228
841 2772 0 7228
842 2772 0 7228
843 2772 0 7228
844 2772 0 7228
845 2772 0 7228
846 2772 0 7228
847 2772 0 7228
848 2772 0 7228
849 2772 0 7228
850 2772 0 7228
851 2772 0 7228
852 2772 0 7228
853 2772 0 7228
854 2772 0 7228
855 2772 0 7228
856 2772 0 7228
857 2772 0 7228
858 2772 0 7228
859 2772 0 7228
860 2772 0 7228
861 2772 0 7228
862 2772 0 7228
863 2772 0 7228
864 2772 0 7228
865 2772 0 7228
866 2772 0 7228
867 2772 0 7228
868 2772 0 7228
869 2772 0 7228
870 2772 0 7228
871 2772 0 7228
872 2772 0 7228
873 2772 0 7228
874 2772 0 7228
875 2772 0 7228
876 2772 0 7228
877 2772 0 7228
878 2772 0 7228
879 2772 0 7228
880 2772 0 7228
881 2772 0 7228
882 2772 0 7228
883 2772 0 7228
884 2772 0 7228
885 2772 0 7228
886 2772 0 7228
887 2772 0 7228
888 2772 0 7228
889 2772 0 7228
890 2772 0 7228
891 2772 0 7228
892 2772 0 7228
893 2772 0 7228
894 2772 0 7228
895 2772 0 7228
896 2772 0 7228
897 2772 0 7228
898 2772 0 7228
899 2772 0 7228
900 2772 0 7228
901 2772 0 7228
902 2772 0 7228
903 2772 0 7228
904 2772 0 7228
905 2772 0 7228
906 2772 0 7228
907 2772 0 7228
908 2772 0 7228
909 2772 0 7228
910 2772 0 7228
911 2772 0 7228
912 2772 0 7228
913 2772 0 7228
914 2772 0 7228
915 2772 0 7228
916 2772 0 7228
917 2772 0 7228
918 2772 0 7228
919 2772 0 7228
920 2772 0 7228
921 2772 0 7228
922 2772 0 7228
923 2772 0 7228
924 2772 0 7228
925 2772 0 7228
926 2772 0 7228
927 2772 0 7228
928 2772 0 7228
929 2772 0 7228
930 2772 0 7228
931 2772 0 7228
932 2772 0 7228
933 2772 0 7228
934 2772 0 7228
935 2772 0 7228
936 2772 0 7228
937 2772 0 7228
938 2772 0 7228
939 2772 0 7228
940 2772 0 7228
941 2772 0 7228
942 2772 0 7228
943 2772 0 7228
944 2772 0 7228
945 2772 0 7228
946 2772 0 7228
947 2772 0 7228
948 2772 0 7228
949 2772 0 7228
950 2772 0 7228
951 2772 0 7228
952 2772 0 7228
953 2772 0 7228
954 2772 0 7228
955 2772 0 7228
956 2772 0 7228
957 2772 0 7228
958 2772 0 7228
959 2772 0 7228
960 2772 0 7228
961 2772 0 7228
962 2772 0 7228
963 2772 0 7228
964 2772 0 7228
965 2772 0 7228
966 2772 0 7228
967 2772 0 7228
968 2772 0 7228
969 2772 0 7228
970 2772 0 7228
971 2772 0 7228
972 2772 0 7228
973 2772 0 7228
974 2772 0 7228
975 2772 0 7228
976 2772 0 7228
977 2772 0 7228
978 2772 0 7228
979 2772 0 7228
980 2772 0 7228
981 2772 0 7228
982 2772 0 7228
983 2772 0 7228
984 2772 0 7228
985 2772 0 7228
986 2772 0 7228
987 2772 0 7228
988 2772 0 7228
989 2772 0 7228
990 2772 0 7228
991 2772 0 7228
992 2772 0 7228
993 2772 0 7228
994 2772 0 7228
995 2772 0 7228
996 2772 0 7228
997 2772 0 7228
998 2772 0 7228
999 2772 0 7228
