0 9999 1 0
1 9999 1 0
2 9999 1 0
3 9997 1 2
4 9996 2 2
5 9995 3 2
6 9991 6 3
7 9990 6 4
8 9988 6 6
9 9987 5 8
10 9980 12 8
11 9976 16 8
12 9974 14 12
13 9966 18 16
14 9963 20 17
15 9954 28 18
16 9951 26 23
17 9945 25 30
18 9936 29 35
19 9932 30 38
20 9925 31 44
21 9918 34 48
22 9914 34 52
23 9906 36 58
24 9895 43 62
25 9890 38 72
26 9880 38 82
27 9875 34 91
28 9871 32 97
29 9864 34 102
30 9859 30 111
31 9851 34 115
32 9846 34 120
33 9841 33 126
34 9834 35 131
35 9821 40 139
36 9810 46 144
37 9796 56 148
38 9785 58 157
39 9773 62 165
40 9762 64 174
41 9755 55 190
42 9747 51 202
43 9732 58 210
44 9715 65 220
45 9708 64 228
46 9693 72 235
47 9682 67 251
48 9670 66 264
49 9654 73 273
50 9644 71 285
51 9638 59 303
52 9630 57 313
53 9618 62 320
54 9607 59 334
55 9597 52 351
56 9587 53 360
57 9578 50 372
58 9569 48 383
59 9560 47 393
60 9555 47 398
61 9545 48 407
62 9533 51 416
63 9528 48 424
64 9525 48 427
65 9524 44 432
66 9519 43 438
67 9510 45 445
68 9504 43 453
69 9500 37 463
70 9487 46 467
71 9473 50 477
72 9463 51 486
73 9450 57 493
74 9439 56 505
75 9426 56 518
76 9416 61 523
77 9407 60 533
78 9398 58 544
79 9388 59 553
80 9377 58 565
81 9370 57 573
82 9360 62 578
83 9346 60 594
84 9338 54 608
85 9328 51 621
86 9323 47 630
87 9313 44 643
88 9306 42 652
89 9303 41 656
90 9299 38 663
91 9293 41 666
92 9285 41 674
93 9283 34 683
94 9280 30 690
95 9275 28 697
96 9268 27 705
97 9263 29 708
98 9260 28 712
99 9250 29 721
100 9245 27 728
101 9236 31 733
102 9233 29 738
103 9231 26 743
104 9229 25 746
105 9228 24 748
106 9222 25 753
107 9220 25 755
108 9216 25 759
109 9209 28 763
110 9205 27 768
111 9195 33 772
112 9189 33 778
113 9182 34 784
114 9169 38 793
115 9163 38 799
116 9150 42 808
117 9141 41 818
118 9136 42 822
119 9128 37 835
120 9125 33 842
121 9122 30 848
122 9117 31 852
123 9113 33 854
124 9106 31 863
125 9099 31 870
126 9093 31 876
127 9087 34 879
128 9083 31 886
129 9078 33 889
130 9070 37 893
131 9064 36 900
132 9059 34 907
133 9055 34 911
134 9052 29 919
135 9047 31 922
136 9045 28 927
137 9043 25 932
138 9038 24 938
139 9034 26 940
140 9030 22 948
141 9028 22 950
142 9024 22 954
143 9021 22 957
144 9018 18 964
145 9018 15 967
146 9016 14 970
147 9012 15 973
148 9008 17 975
149 9002 22 976
150 8992 28 980
151 8987 29 984
152 8979 31 990
153 8971 35 994
154 8964 35 1001
155 8956 30 1014
156 8954 26 1020
157 8950 24 1026
158 8945 26 1029
159 8943 26 1031
160 8940 24 1036
161 8938 21 1041
162 8935 23 1042
163 8931 23 1046
164 8928 20 1052
165 8927 16 1057
166 8927 13 1060
167 8927 10 1063
168 8926 9 1065
169 8923 11 1066
170 8922 6 1072
171 8921 7 1072
172 8921 4 1075
173 8921 3 1076
174 8921 2 1077
175 8921 2 1077
176 8921 2 1077
177 8921 2 1077
178 8921 2 1077
179 8921 2 1077
180 8921 2 1077
181 8920 3 1077
182 8919 4 1077
183 8918 5 1077
184 8916 5 1079
185 8916 4 1080
186 8916 4 1080
187 8915 5 1080
188 8915 5 1080
189 8911 6 1083
190 8910 7 1083
191 8908 8 1084
192 8907 7 1086
193 8904 9 1087
194 8902 8 1090
195 8899 9 1092
196 8898 9 1093
197 8896 10 1094
198 8895 11 1094
199 8892 13 1095
200 8887 16 1097
201 8882 18 1100
202 8879 18 1103
203 8874 21 1105
204 8869 22 1109
205 8863 21 1116
206 8860 22 1118
207 8850 31 1119
208 8846 31 1123
209 8841 32 1127
210 8838 31 1131
211 8833 29 1138
212 8828 29 1143
213 8822 33 1145
214 8817 34 1149
215 8815 30 1155
216 8807 34 1159
217 8803 32 1165
218 8800 25 1175
219 8798 20 1182
220 8794 23 1183
221 8792 24 1184
222 8788 24 1188
223 8783 27 1190
224 8776 33 1191
225 8767 34 1199
226 8762 36 1202
227 8750 44 1206
228 8746 37 1217
229 8741 35 1224
230 8734 34 1232
231 8729 30 1241
232 8725 28 1247
233 8720 31 1249
234 8714 32 1254
235 8712 30 1258
236 8706 32 1262
237 8702 24 1274
238 8701 20 1279
239 8700 17 1283
240 8697 18 1285
241 8693 21 1286
242 8691 21 1288
243 8686 21 1293
244 8683 19 1298
245 8678 21 1301
246 8674 19 1307
247 8671 18 1311
248 8665 22 1313
249 8658 26 1316
250 8654 27 1319
251 8646 27 1327
252 8639 29 1332
253 8632 32 1336
254 8628 35 1337
255 8623 32 1345
256 8621 28 1351
257 8618 27 1355
258 8613 29 1358
259 8608 30 1362
260 8603 29 1368
261 8599 31 1370
262 8591 34 1375
263 8580 37 1383
264 8577 36 1387
265 8573 32 1395
266 8572 23 1405
267 8564 27 1409
268 8554 31 1415
269 8547 34 1419
270 8537 40 1423
271 8532 41 1427
272 8519 42 1439
273 8507 44 1449
274 8495 49 1456
275 8490 51 1459
276 8480 49 1471
277 8471 47 1482
278 8459 51 1490
279 8451 49 1500
280 8445 48 1507
281 8437 53 1510
282 8421 57 1522
283 8410 58 1532
284 8399 57 1544
285 8386 58 1556
286 8370 61 1569
287 8356 66 1578
288 8343 68 1589
289 8333 68 1599
290 8316 75 1609
291 8295 81 1624
292 8279 85 1636
293 8258 91 1651
294 8244 89 1667
295 8222 99 1679
296 8210 92 1698
297 8196 91 1713
298 8175 97 1728
299 8153 99 1748
300 8125 105 1770
301 8102 109 1789
302 8085 108 1807
303 8071 110 1819
304 8053 106 1841
305 8037 103 1860
306 8024 94 1882
307 8009 95 1896
308 7992 98 1910
309 7974 109 1917
310 7950 111 1939
311 7933 111 1956
312 7910 123 1967
313 7897 115 1988
314 7882 107 2011
315 7875 96 2029
316 7864 86 2050
317 7853 76 2071
318 7844 70 2086
319 7825 75 2100
320 7814 72 2114
321 7803 67 2130
322 7795 64 2141
323 7781 68 2151
324 7767 68 2165
325 7754 73 2173
326 7747 69 2184
327 7736 68 2196
328 7722 69 2209
329 7709 69 2222
330 7702 63 2235
331 7687 71 2242
332 7672 74 2254
333 7654 82 2264
334 7637 87 2276
335 7629 86 2285
336 7619 87 2294
337 7595 95 2310
338 7575 101 2324
339 7548 108 2344
340 7527 111 2362
341 7496 128 2376
342 7464 131 2405
343 7433 144 2423
344 7407 141 2452
345 7372 155 2473
346 7330 166 2504
347 7301 174 2525
348 7279 167 2554
349 7252 163 2585
350 7233 158 2609
351 7215 153 2632
352 7197 142 2661
353 7176 141 2683
354 7155 139 2706
355 7135 138 2727
356 7110 133 2757
357 7090 134 2776
358 7057 139 2804
359 7037 140 2823
360 7015 143 2842
361 6991 139 2870
362 6976 139 2885
363 6964 129 2907
364 6947 131 2922
365 6924 132 2944
366 6907 136 2957
367 6886 133 2981
368 6871 127 3002
369 6853 130 3017
370 6831 120 3049
371 6812 125 3063
372 6790 126 3084
373 6775 117 3108
374 6763 111 3126
375 6757 102 3141
376 6750 92 3158
377 6737 89 3174
378 6720 95 3185
379 6701 98 3201
380 6687 96 3217
381 6674 94 3232
382 6653 99 3248
383 6636 103 3261
384 6617 100 3283
385 6598 103 3299
386 6578 100 3322
387 6565 90 3345
388 6551 92 3357
389 6538 94 3368
390 6526 94 3380
391 6516 89 3395
392 6501 92 3407
393 6487 87 3426
394 6477 79 3444
395 6464 79 3457
396 6453 74 3473
397 6442 69 3489
398 6419 83 3498
399 6406 83 3511
400 6396 76 3528
401 6380 82 3538
402 6364 81 3555
403 6335 94 3571
404 6311 96 3593
405 6296 89 3615
406 6279 95 3626
407 6253 106 3641
408 6225 119 3656
409 6202 125 3673
410 6184 119 3697
411 6150 135 3715
412 6126 141 3733
413 6109 127 3764
414 6079 137 3784
415 6055 142 3803
416 6027 141 3832
417 6008 128 3864
418 5988 127 3885
419 5962 126 3912
420 5935 124 3941
421 5920 126 3954
422 5905 117 3978
423 5882 120 3998
424 5851 132 4017
425 5822 139 4039
426 5801 135 4064
427 5776 136 4088
428 5754 136 4110
429 5729 137 4134
430 5718 121 4161
431 5699 118 4183
432 5680 112 4208
433 5657 121 4222
434 5633 127 4240
435 5618 120 4262
436 5589 128 4283
437 5551 139 4310
438 5527 129 4344
439 5508 131 4361
440 5483 137 4380
441 5456 139 4405
442 5422 155 4423
443 5381 179 4440
444 5354 177 4469
445 5314 188 4498
446 5277 192 4531
447 5251 185 4564
448 5217 186 4597
449 5183 180 4637
450 5146 185 4669
451 5117 179 4704
452 5083 185 4732
453 5050 185 4765
454 5015 189 4796
455 4988 191 4821
456 4949 194 4857
457 4916 186 4898
458 4881 182 4937
459 4865 163 4972
460 4846 152 5002
461 4820 150 5030
462 4805 142 5053
463 4785 140 5075
464 4770 135 5095
465 4747 128 5125
466 4715 133 5152
467 4693 132 5175
468 4678 119 5203
469 4665 113 5222
470 4652 101 5247
471 4628 108 5264
472 4609 109 5282
473 4596 104 5300
474 4568 111 5321
475 4548 117 5335
476 4523 128 5349
477 4497 124 5379
478 4479 125 5396
479 4446 134 5420
480 4430 131 5439
481 4400 139 5461
482 4375 145 5480
483 4348 146 5506
484 4333 132 5535
485 4306 130 5564
486 4287 129 5584
487 4269 120 5611
488 4250 125 5625
489 4223 130 5647
490 4206 126 5668
491 4190 123 5687
492 4163 128 5709
493 4128 142 5730
494 4100 136 5764
495 4067 144 5789
496 4038 146 5816
497 4009 153 5838
498 3979 154 5867
499 3949 159 5892
500 3910 172 5918
501 3880 184 5936
502 3850 188 5962
503 3827 179 5994
504 3799 178 6023
505 3771 170 6059
506 3740 167 6093
507 3717 149 6134
508 3692 154 6154
509 3656 161 6183
510 3627 162 6211
511 3597 160 6243
512 3571 160 6269
513 3550 161 6289
514 3515 169 6316
515 3483 170 6347
516 3447 179 6374
517 3419 171 6410
518 3385 169 6446
519 3360 171 6469
520 3341 165 6494
521 3321 159 6520
522 3299 158 6543
523 3280 151 6569
524 3265 144 6591
525 3250 135 6615
526 3231 120 6649
527 3210 126 6664
528 3197 118 6685
529 3186 113 6701
530 3169 112 6719
531 3151 109 6740
532 3136 110 6754
533 3125 107 6768
534 3103 115 6782
535 3083 109 6808
536 3064 107 6829
537 3042 112 6846
538 3023 105 6872
539 3004 107 6889
540 2987 112 6901
541 2961 123 6916
542 2936 129 6935
543 2907 138 6955
544 2885 137 6978
545 2860 141 6999
546 2827 150 7023
547 2799 154 7047
548 2773 155 7072
549 2750 155 7095
550 2720 152 7128
551 2693 146 7161
552 2659 143 7198
553 2635 144 7221
554 2614 142 7244
555 2600 137 7263
556 2584 134 7282
557 2565 125 7310
558 2554 111 7335
559 2538 112 7350
560 2521 102 7377
561 2502 107 7391
562 2486 104 7410
563 2471 105 7424
564 2454 109 7437
565 2440 98 7462
566 2433 94 7473
567 2427 86 7487
568 2419 78 7503
569 2414 66 7520
570 2410 54 7536
571 2406 48 7546
572 2402 43 7555
573 2398 40 7562
574 2391 42 7567
575 2389 35 7576
576 2389 30 7581
577 2385 26 7589
578 2384 24 7592
579 2384 19 7597
580 2383 16 7601
581 2382 14 7604
582 2381 14 7605
583 2381 13 7606
584 2381 10 7609
585 2381 9 7610
586 2381 7 7612
587 2381 5 7614
588 2381 4 7615
589 2381 3 7616
590 2381 2 7617
591 2381 2 7617
592 2381 2 7617
593 2381 2 7617
594 2381 2 7617
595 2381 1 7618
596 2381 1 7618
597 2381 1 7618
598 2381 1 7618
599 2381 1 7618
600 2381 1 7618
601 2381 1 7618
602 2381 1 7618
603 2381 1 7618
604 2381 0 7619
605 2381 0 7619
606 2381 0 7619
607 2381 0 7619
608 2381 0 7619
609 2381 0 7619
610 2381 0 7619
611 2381 0 7619
612 2381 0 7619
613 2381 0 7619
614 2381 0 7619
615 2381 0 7619
616 2381 0 7619
617 2381 0 7619
618 2381 0 7619
619 2381 0 7619
620 2381 0 7619
621 2381 0 7619
622 2381 0 7619
623 2381 0 7619
624 2381 0 7619
625 2381 0 7619
626 2381 0 7619
627 2381 0 7619
628 2381 0 7619
629 2381 0 7619
630 2381 0 7619
631 2381 0 7619
632 2381 0 7619
633 2381 0 7619
634 2381 0 7619
635 2381 0 7619
636 2381 0 7619
637 2381 0 7619
638 2381 0 7619
639 2381 0 7619
640 2381 0 7619
641 2381 0 7619
642 2381 0 7619
643 2381 0 7619
644 2381 0 7619
645 2381 0 7619
646 2381 0 7619
647 2381 0 7619
648 2381 0 7619
649 2381 0 7619
650 2381 0 7619
651 2381 0 7619
652 2381 0 7619
653 2381 0 7619
654 2381 0 7619
655 2381 0 7619
656 2381 0 7619
657 2381 0 7619
658 2381 0 7619
659 2381 0 7619
660 2381 0 7619
661 2381 0 7619
662 2381 0 7619
663 2381 0 7619
664 2381 0 7619
665 2381 0 7619
666 2381 0 7619
667 2381 0 7619
668 2381 0 7619
669 2381 0 7619
670 2381 0 7619
671 2381 0 7619
672 2381 0 7619
673 2381 0 7619
674 2381 0 7619
675 2381 0 7619
676 2381 0 7619
677 2381 0 7619
678 2381 0 7619
679 2381 0 7619
680 2381 0 7619
681 2381 0 7619
682 2381 0 7619
683 2381 0 7619
684 2381 0 7619
685 2381 0 7619
686 2381 0 7619
687 2381 0 7619
688 2381 0 7619
689 2381 0 7619
690 2381 0 7619
691 2381 0 7619
692 2381 0 7619
693 2381 0 7619
694 2381 0 7619
695 2381 0 7619
696 2381 0 7619
697 2381 0 7619
698 2381 0 7619
699 2381 0 7619
700 2381 0 7619
701 2381 0 7619
702 2381 0 7619
703 2381 0 7619
704 2381 0 7619
705 2381 0 7619
706 2381 0 7619
707 2381 0 7619
708 2381 0 7619
709 2381 0 7619
710 2381 0 7619
711 2381 0 7619
712 2381 0 7619
713 2381 0 7619
714 2381 0 7619
715 2381 0 7619
716 2381 0 7619
717 2381 0 7619
718 2381 0 7619
719 2381 0 7619
720 2381 0 7619
721 2381 0 7619
722 2381 0 7619
723 2381 0 7619
724 2381 0 7619
725 2381 0 7619
726 2381 0 7619
727 2381 0 7619
728 2381 0 7619
729 2381 0 7619
730 2381 0 7619
731 2381 0 7619
732 2381 0 7619
733 2381 0 7619
734 2381 0 7619
735 2381 0 7619
736 2381 0 7619
737 2381 0 7619
738 2381 0 7619
739 2381 0 7619
740 2381 0 7619
741 2381 0 7619
742 2381 0 7619
743 2381 0 7619
744 2381 0 7619
745 2381 0 7619
746 2381 0 7619
747 2381 0 7619
748 2381 0 7619
749 2381 0 7619
750 2381 0 7619
751 2381 0 7619
752 2381 0 7619
753 2381 0 7619
754 2381 0 7619
755 2381 0 7619
756 2381 0 7619
757 2381 0 7619
758 2381 0 7619
759 2381 0 7619
760 2381 0 7619
761 2381 0 7619
762 2381 0 7619
763 2381 0 7619
764 2381 0 7619
765 2381 0 7619
766 2381 0 7619
767 2381 0 7619
768 2381 0 7619
769 2381 0 7619
770 2381 0 7619
771 2381 0 7619
772 2381 0 7619
773 2381 0 7619
774 2381 0 7619
775 2381 0 7619
776 2381 0 7619
777 2381 0 7619
778 2381 0 7619
779 2381 0 7619
780 2381 0 7619
781 2381 0 7619
782 2381 0 7619
783 2381 0 7619
784 2381 0 7619
785 2381 0 7619
786 2381 0 7619
787 2381 0 7619
788 2381 0 7619
789 2381 0 7619
790 2381 0 7619
791 2381 0 7619
792 2381 0 7619
793 2381 0 7619
794 2381 0 7619
795 2381 0 7619
796 2381 0 7619
797 2381 0 7619
798 2381 0 7619
799 2381 0 7619
800 2381 0 7619
801 2381 0 7619
802 2381 0 7619
803 2381 0 7619
804 2381 0 7619
805 2381 0 7619
806 2381 0 7619
807 2381 0 7619
808 2381 0 7619
809 2381 0 7619
810 2381 0 7619
811 2381 0 7619
812 2381 0 7619
813 2381 0 7619
814 2381 0 7619
815 2381 0 7619
816 2381 0 7619
817 2381 0 7619
818 2381 0 7619
819 2381 0 7619
820 2381 0 7619
821 2381 0 7619
822 2381 0 7619
823 2381 0 7619
824 2381 0 7619
825 2381 0 7619
826 2381 0 7619
827 2381 0 7619
828 2381 0 7619
829 2381 0 7619
830 2381 0 7619
831 2381 0 7619
832 2381 0 7619
833 2381 0 7619
834 2381 0 7619
835 2381 0 7619
836 2381 0 7619
837 2381 0 7619
838 2381 0 7619
839 2381 0 7619
840 2381 0 7619
841 2381 0 7619
842 2381 0 7619
843 2381 0 7619
844 2381 0 7619
845 2381 0 7619
846 2381 0 7619
847 2381 0 7619
848 2381 0 7619
849 2381 0 7619
850 2381 0 7619
851 2381 0 7619
852 2381 0 7619
853 2381 0 7619
854 2381 0 7619
855 2381 0 7619
856 2381 0 7619
857 2381 0 7619
858 2381 0 7619
859 2381 0 7619
860 2381 0 7619
861 2381 0 7619
862 2381 0 7619
863 2381 0 7619
864 2381 0 7619
865 2381 0 7619
866 2381 0 7619
867 2381 0 7619
868 2381 0 7619
869 2381 0 7619
870 2381 0 7619
871 2381 0 7619
872 2381 0 7619
873 2381 0 7619
874 2381 0 7619
875 2381 0 7619
876 2381 0 7619
877 2381 0 7619
878 2381 0 7619
879 2381 0 7619
880 2381 0 7619
881 2381 0 7619
882 2381 0 7619
883 2381 0 7619
884 2381 0 7619
885 2381 0 7619
886 2381 0 7619
887 2381 0 7619
888 2381 0 7619
889 2381 0 7619
890 2381 0 7619
891 2381 0 7619
892 2381 0 7619
893 2381 0 7619
894 2381 0 7619
895 2381 0 7619
896 2381 0 7619
897 2381 0 7619
898 2381 0 7619
899 2381 0 7619
900 2381 0 7619
901 2381 0 7619
902 2381 0 7619
903 2381 0 7619
904 2381 0 7619
905 2381 0 7619
906 2381 0 7619
907 2381 0 7619
908 2381 0 7619
909 2381 0 7619
910 2381 0 7619
911 2381 0 7619
912 2381 0 7619
913 2381 0 7619
914 2381 0 7619
915 2381 0 7619
916 2381 0 7619
917 2381 0 7619
918 2381 0 7619
919 2381 0 7619
920 2381 0 7619
921 2381 0 7619
922 2381 0 7619
923 2381 0 7619
924 2381 0 7619
925 2381 0 7619
926 2381 0 7619
927 2381 0 7619
928 2381 0 7619
929 2381 0 7619
930 2381 0 7619
931 2381 0 7619
932 2381 0 7619
933 2381 0 7619
934 2381 0 7619
935 2381 0 7619
936 2381 0 7619
937 2381 0 7619
938 2381 0 7619
939 2381 0 7619
940 2381 0 7619
941 2381 0 7619
942 2381 0 7619
943 2381 0 7619
944 2381 0 7619
945 2381 0 7619
946 2381 0 7619
947 2381 0 7619
948 2381 0 7619
949 2381 0 7619
950 2381 0 7619
951 2381 0 7619
952 2381 0 7619
953 2381 0 7619
954 2381 0 7619
955 2381 0 7619
956 2381 0 7619
957 2381 0 7619
958 2381 0 7619
959 2381 0 7619
960 2381 0 7619
961 2381 0 7619
962 2381 0 7619
963 2381 0 7619
964 2381 0 7619
965 2381 0 7619
966 2381 0 7619
967 2381 0 7619
968 2381 0 7619
969 2381 0 7619
970 2381 0 7619
971 2381 0 7619
972 2381 0 7619
973 2381 0 7619
974 2381 0 7619
975 2381 0 7619
976 2381 0 7619
977 2381 0 7619
978 2381 0 7619
979 2381 0 7619
980 2381 0 7619
981 2381 0 7619
982 2381 0 7619
983 2381 0 7619
984 2381 0 7619
985 2381 0 7619
986 2381 0 7619
987 2381 0 7619
988 2381 0 7619
989 2381 0 7619
990 2381 0 7619
991 2381 0 7619
992 2381 0 7619
993 2381 0 7619
994 2381 0 7619
995 2381 0 7619
996 2381 0 7619
997 2381 0 7619
998 2381 0 7619
999 2381 0 7619
