0 9999 1 0
1 9997 2 1
2 9997 2 1
3 9996 3 1
4 9992 7 1
5 9988 11 1
6 9980 17 3
7 9978 13 9
8 9977 11 12
9 9974 12 14
10 9974 11 15
11 9974 10 16
12 9972 10 18
13 9968 14 18
14 9964 15 21
15 9962 14 24
16 9956 20 24
17 9947 24 29
18 9943 24 33
19 9941 21 38
20 9935 24 41
21 9929 23 48
22 9923 23 54
23 9921 21 58
24 9918 21 61
25 9917 17 66
26 9913 17 70
27 9910 15 75
28 9909 12 79
29 9909 10 81
30 9905 12 83
31 9900 16 84
32 9898 16 86
33 9894 19 87
34 9886 26 88
35 9881 23 96
36 9876 25 99
37 9872 26 102
38 9867 25 108
39 9860 25 115
40 9857 25 118
41 9855 20 125
42 9848 25 127
43 9841 32 127
44 9833 34 133
45 9828 34 138
46 9820 35 145
47 9810 40 150
48 9799 43 158
49 9792 41 167
50 9780 44 176
51 9764 48 188
52 9757 51 192
53 9751 46 203
54 9741 50 209
55 9731 53 216
56 9720 55 225
57 9711 52 237
58 9704 50 246
59 9697 46 257
60 9692 45 263
61 9683 45 272
62 9676 45 279
63 9668 44 288
64 9665 42 293
65 9660 37 303
66 9657 33 310
67 9648 34 318
68 9644 29 327
69 9641 27 332
70 9640 25 335
71 9638 22 340
72 9638 18 344
73 9636 19 345
74 9632 23 345
75 9630 15 355
76 9624 17 359
77 9619 20 361
78 9617 17 366
79 9617 13 370
80 9616 10 374
81 9615 10 375
82 9612 12 376
83 9609 13 378
84 9602 19 379
85 9597 22 381
86 9593 21 386
87 9583 25 392
88 9576 24 400
89 9573 26 401
90 9565 31 404
91 9559 32 409
92 9549 37 414
93 9547 33 420
94 9542 28 430
95 9531 33 436
96 9529 28 443
97 9524 27 449
98 9518 29 453
99 9510 32 458
100 9505 31 464
101 9495 38 467
102 9490 35 475
103 9478 42 480
104 9463 52 485
105 9450 54 496
106 9439 59 502
107 9428 59 513
108 9420 56 524
109 9413 52 535
110 9401 59 540
111 9393 59 548
112 9386 58 556
113 9378 57 565
114 9371 48 581
115 9363 48 589
116 9355 46 599
117 9348 46 606
118 9343 47 610
119 9331 47 622
120 9323 46 631
121 9318 42 640
122 9314 37 649
123 9308 35 657
124 9302 34 664
125 9298 32 670
126 9288 34 678
127 9288 30 682
128 9281 31 688
129 9274 32 694
130 9269 34 697
131 9263 34 703
132 9255 37 708
133 9248 38 714
134 9238 42 720
135 9228 46 726
136 9219 47 734
137 9210 47 743
138 9195 53 752
139 9189 47 764
140 9182 44 774
141 9169 45 786
142 9166 42 792
143 9158 43 799
144 9149 44 807
145 9145 43 812
146 9139 46 815
147 9126 54 820
148 9112 56 832
149 9107 52 841
150 9096 55 849
151 9090 53 857
152 9073 62 865
153 9060 65 875
154 9050 64 886
155 9038 66 896
156 9016 77 907
157 9004 80 916
158 8989 84 927
159 8980 78 942
160 8964 80 956
161 8955 75 970
162 8947 69 984
163 8936 68 996
164 8923 73 1004
165 8903 81 1016
166 8891 73 1036
167 8876 72 1052
168 8863 73 1064
169 8851 70 1079
170 8837 70 1093
171 8825 72 1103
172 8801 85 1114
173 8788 86 1126
174 8765 90 1145
175 8755 84 1161
176 8745 79 1176
177 8732 81 1187
178 8723 79 1198
179 8709 80 1211
180 8699 80 1221
181 8683 75 1242
182 8673 74 1253
183 8656 78 1266
184 8644 74 1282
185 8630 78 1292
186 8609 89 1302
187 8596 84 1320
188 8583 83 1334
189 8564 93 1343
190 8547 90 1363
191 8535 87 1378
192 8514 90 1396
193 8500 90 1410
194 8477 98 1425
195 8453 101 1446
196 8427 112 1461
197 8402 116 1482
198 8379 119 1502
199 8344 139 1517
200 8317 145 1538
201 8286 149 1565
202 8263 147 1590
203 8234 147 1619
204 8208 141 1651
205 8188 136 1676
206 8161 139 1700
207 8141 131 1728
208 8103 142 1755
209 8079 143 1778
210 8063 134 1803
211 8049 121 1830
212 8029 120 1851
213 8016 103 1881
214 7998 106 1896
215 7992 89 1919
216 7978 85 1937
217 7963 82 1955
218 7952 74 1974
219 7941 70 1989
220 7927 72 2001
221 7911 75 2014
222 7897 81 2022
223 7880 84 2036
224 7852 89 2059
225 7830 92 2078
226 7802 104 2094
227 7780 106 2114
228 7766 94 2140
229 7745 101 2154
230 7725 107 2168
231 7711 99 2190
232 7695 98 2207
233 7668 102 2230
234 7648 102 2250
235 7626 105 2269
236 7602 107 2291
237 7583 103 2314
238 7564 100 2336
239 7551 97 2352
240 7533 94 2373
241 7519 95 2386
242 7493 102 2405
243 7477 96 2427
244 7457 98 2445
245 7439 98 2463
246 7411 102 2487
247 7393 106 2501
248 7371 109 2520
249 7344 116 2540
250 7331 110 2559
251 7292 135 2573
252 7268 132 2600
253 7250 134 2616
254 7213 150 2637
255 7188 154 2658
256 7159 156 2685
257 7120 170 2710
258 7097 176 2727
259 7069 171 2760
260 7043 173 2784
261 7010 175 2815
262 6986 174 2840
263 6946 185 2869
264 6919 179 2902
265 6885 182 2933
266 6852 173 2975
267 6828 179 2993
268 6805 168 3027
269 6777 168 3055
270 6753 165 3082
271 6725 166 3109
272 6698 170 3132
273 6671 172 3157
274 6645 171 3184
275 6622 166 3212
276 6599 160 3241
277 6572 159 3269
278 6547 156 3297
279 6531 149 3320
280 6508 149 3343
281 6489 140 3371
282 6465 130 3405
283 6451 121 3428
284 6430 120 3450
285 6405 117 3478
286 6389 117 3494
287 6364 120 3516
288 6337 132 3531
289 6320 126 3554
290 6307 118 3575
291 6292 121 3587
292 6264 131 3605
293 6242 126 3632
294 6229 115 3656
295 6213 110 3677
296 6195 110 3695
297 6176 111 3713
298 6156 111 3733
299 6141 97 3762
300 6119 100 3781
301 6104 93 3803
302 6085 96 3819
303 6077 84 3839
304 6048 103 3849
305 6029 102 3869
306 6009 99 3892
307 5985 105 3910
308 5958 116 3926
309 5929 127 3944
310 5910 115 3975
311 5891 119 3990
312 5876 114 4010
313 5858 112 4030
314 5849 102 4049
315 5834 99 4067
316 5809 107 4084
317 5797 95 4108
318 5788 89 4123
319 5774 91 4135
320 5760 89 4151
321 5738 101 4161
322 5718 101 4181
323 5703 98 4199
324 5688 95 4217
325 5669 87 4244
326 5657 82 4261
327 5646 79 4275
328 5632 84 4284
329 5616 87 4297
330 5609 82 4309
331 5596 80 4324
332 5587 75 4338
333 5574 73 4353
334 5556 84 4360
335 5541 79 4380
336 5530 70 4400
337 5518 71 4411
338 5500 84 4416
339 5486 86 4428
340 5479 76 4445
341 5458 80 4462
342 5444 82 4474
343 5427 81 4492
344 5420 75 4505
345 5410 69 4521
346 5401 68 4531
347 5388 69 4543
348 5376 67 4557
349 5368 63 4569
350 5360 58 4582
351 5351 51 4598
352 5344 46 4610
353 5333 50 4617
354 5324 49 4627
355 5307 58 4635
356 5296 52 4652
357 5280 61 4659
358 5264 64 4672
359 5245 72 4683
360 5232 73 4695
361 5221 70 4709
362 5208 75 4717
363 5196 72 4732
364 5187 70 4743
365 5178 65 4757
366 5165 67 4768
367 5152 64 4784
368 5148 61 4791
369 5139 63 4798
370 5135 52 4813
371 5122 55 4823
372 5113 51 4836
373 5107 46 4847
374 5097 51 4852
375 5086 50 4864
376 5072 58 4870
377 5065 56 4879
378 5055 53 4892
379 5046 55 4899
380 5030 62 4908
381 5025 54 4921
382 5015 53 4932
383 5004 58 4938
384 4995 59 4946
385 4984 59 4957
386 4972 65 4963
387 4957 73 4970
388 4950 64 4986
389 4934 77 4989
390 4921 80 4999
391 4911 82 5007
392 4899 80 5021
393 4884 73 5043
394 4875 72 5053
395 4862 69 5069
396 4848 73 5079
397 4824 79 5097
398 4814 76 5110
399 4805 68 5127
400 4795 69 5136
401 4772 80 5148
402 4757 81 5162
403 4735 93 5172
404 4713 94 5193
405 4686 103 5211
406 4671 95 5234
407 4658 86 5256
408 4639 91 5270
409 4624 92 5284
410 4613 93 5294
411 4598 93 5309
412 4584 94 5322
413 4574 94 5332
414 4560 92 5348
415 4543 85 5372
416 4525 89 5386
417 4507 91 5402
418 4489 88 5423
419 4466 97 5437
420 4439 111 5450
421 4411 116 5473
422 4396 105 5499
423 4379 107 5514
424 4364 107 5529
425 4342 108 5550
426 4326 104 5570
427 4313 100 5587
428 4294 101 5605
429 4273 100 5627
430 4257 101 5642
431 4242 99 5659
432 4219 98 5683
433 4205 92 5703
434 4192 89 5719
435 4177 89 5734
436 4161 90 5749
437 4146 92 5762
438 4133 88 5779
439 4124 83 5793
440 4118 80 5802
441 4115 68 5817
442 4108 60 5832
443 4101 59 5840
444 4093 58 5849
445 4080 64 5856
446 4071 65 5864
447 4060 67 5873
448 4046 67 5887
449 4035 69 5896
450 4022 71 5907
451 4008 69 5923
452 3997 65 5938
453 3984 70 5946
454 3977 71 5952
455 3970 63 5967
456 3965 61 5974
457 3957 61 5982
458 3950 54 5996
459 3948 47 6005
460 3942 46 6012
461 3937 41 6022
462 3930 42 6028
463 3925 35 6040
464 3921 30 6049
465 3917 27 6056
466 3911 28 6061
467 3906 27 6067
468 3904 25 6071
469 3897 27 6076
470 3887 31 6082
471 3879 30 6091
472 3872 34 6094
473 3869 29 6102
474 3863 31 6106
475 3860 26 6114
476 3852 32 6116
477 3843 37 6120
478 3835 40 6125
479 3820 45 6135
480 3814 42 6144
481 3808 40 6152
482 3806 36 6158
483 3804 30 6166
484 3802 28 6170
485 3801 24 6175
486 3800 24 6176
487 3796 23 6181
488 3795 22 6183
489 3790 24 6186
490 3784 25 6191
491 3775 29 6196
492 3773 26 6201
493 3772 19 6209
494 3771 16 6213
495 3766 19 6215
496 3764 19 6217
497 3760 22 6218
498 3760 18 6222
499 3758 19 6223
500 3754 19 6227
501 3752 17 6231
502 3746 23 6231
503 3745 20 6235
504 3743 15 6242
505 3741 15 6244
506 3740 13 6247
507 3739 9 6252
508 3738 9 6253
509 3737 8 6255
510 3731 14 6255
511 3724 18 6258
512 3718 18 6264
513 3713 22 6265
514 3711 23 6266
515 3706 25 6269
516 3702 28 6270
517 3694 32 6274
518 3681 39 6280
519 3676 38 6286
520 3670 38 6292
521 3664 36 6300
522 3660 35 6305
523 3654 36 6310
524 3649 35 6316
525 3647 31 6322
526 3643 27 6330
527 3639 28 6333
528 3634 31 6335
529 3631 29 6340
530 3627 32 6341
531 3627 27 6346
532 3621 28 6351
533 3619 24 6357
534 3613 27 6360
535 3612 20 6368
536 3609 20 6371
537 3606 21 6373
538 3602 23 6375
539 3599 25 6376
540 3597 25 6378
541 3593 26 6381
542 3589 29 6382
543 3587 26 6387
544 3579 31 6390
545 3572 31 6397
546 3566 34 6400
547 3563 32 6405
548 3555 31 6414
549 3546 35 6419
550 3540 33 6427
551 3533 35 6432
552 3527 31 6442
553 3520 34 6446
554 3513 37 6450
555 3509 37 6454
556 3506 33 6461
557 3503 26 6471
558 3501 26 6473
559 3499 24 6477
560 3495 25 6480
561 3489 29 6482
562 3486 27 6487
563 3482 22 6496
564 3480 20 6500
565 3479 18 6503
566 3476 19 6505
567 3474 14 6512
568 3472 10 6518
569 3469 12 6519
570 3467 11 6522
571 3465 9 6526
572 3463 10 6527
573 3461 10 6529
574 3461 5 6534
575 3460 5 6535
576 3460 4 6536
577 3459 5 6536
578 3457 6 6537
579 3455 5 6540
580 3455 5 6540
581 3453 7 6540
582 3450 8 6542
583 3448 10 6542
584 3447 8 6545
585 3444 10 6546
586 3434 18 6548
587 3429 20 6551
588 3424 21 6555
589 3422 18 6560
590 3421 17 6562
591 3420 16 6564
592 3418 17 6565
593 3415 13 6572
594 3411 15 6574
595 3408 14 6578
596 3401 17 6582
597 3399 17 6584
598 3392 20 6588
599 3392 19 6589
600 3389 17 6594
601 3388 16 6596
602 3387 13 6600
603 3385 12 6603
604 3384 12 6604
605 3381 13 6606
606 3378 13 6609
607 3377 12 6611
608 3375 11 6614
609 3373 12 6615
610 3371 14 6615
611 3369 12 6619
612 3369 11 6620
613 3369 8 6623
614 3368 8 6624
615 3368 8 6624
616 3368 6 6626
617 3368 6 6626
618 3366 8 6626
619 3363 10 6627
620 3363 7 6630
621 3363 6 6631
622 3363 5 6632
623 3363 4 6633
624 3363 3 6634
625 3363 1 6636
626 3362 2 6636
627 3362 1 6637
628 3362 1 6637
629 3362 1 6637
630 3362 0 6638
631 3362 0 6638
632 3362 0 6638
633 3362 0 6638
634 3362 0 6638
635 3362 0 6638
636 3362 0 6638
637 3362 0 6638
638 3362 0 6638
639 3362 0 6638
640 3362 0 6638
641 3362 0 6638
642 3362 0 6638
643 3362 0 6638
644 3362 0 6638
645 3362 0 6638
646 3362 0 6638
647 3362 0 6638
648 3362 0 6638
649 3362 0 6638
650 3362 0 6638
651 3362 0 6638
652 3362 0 6638
653 3362 0 6638
654 3362 0 6638
655 3362 0 6638
656 3362 0 6638
657 3362 0 6638
658 3362 0 6638
659 3362 0 6638
660 3362 0 6638
661 3362 0 6638
662 3362 0 6638
663 3362 0 6638
664 3362 0 6638
665 3362 0 6638
666 3362 0 6638
667 3362 0 6638
668 3362 0 6638
669 3362 0 6638
670 3362 0 6638
671 3362 0 6638
672 3362 0 6638
673 3362 0 6638
674 3362 0 6638
675 3362 0 6638
676 3362 0 6638
677 3362 0 6638
678 3362 0 6638
679 3362 0 6638
680 3362 0 6638
681 3362 0 6638
682 3362 0 6638
683 3362 0 6638
684 3362 0 6638
685 3362 0 6638
686 3362 0 6638
687 3362 0 6638
688 3362 0 6638
689 3362 0 6638
690 3362 0 6638
691 3362 0 6638
692 3362 0 6638
693 3362 0 6638
694 3362 0 6638
695 3362 0 6638
696 3362 0 6638
697 3362 0 6638
698 3362 0 6638
699 3362 0 6638
700 3362 0 6638
701 3362 0 6638
702 3362 0 6638
703 3362 0 6638
704 3362 0 6638
705 3362 0 6638
706 3362 0 6638
707 3362 0 6638
708 3362 0 6638
709 3362 0 6638
710 3362 0 6638
711 3362 0 6638
712 3362 0 6638
713 3362 0 6638
714 3362 0 6638
715 3362 0 6638
716 3362 0 6638
717 3362 0 6638
718 3362 0 6638
719 3362 0 6638
720 3362 0 6638
721 3362 0 6638
722 3362 0 6638
723 3362 0 6638
724 3362 0 6638
725 3362 0 6638
726 3362 0 6638
727 3362 0 6638
728 3362 0 6638
729 3362 0 6638
730 3362 0 6638
731 3362 0 6638
732 3362 0 6638
733 3362 0 6638
734 3362 0 6638
735 3362 0 6638
736 3362 0 6638
737 3362 0 6638
738 3362 0 6638
739 3362 0 6638
740 3362 0 6638
741 3362 0 6638
742 3362 0 6638
743 3362 0 6638
744 3362 0 6638
745 3362 0 6638
746 3362 0 6638
747 3362 0 6638
748 3362 0 6638
749 3362 0 6638
750 3362 0 6638
751 3362 0 6638
752 3362 0 6638
753 3362 0 6638
754 3362 0 6638
755 3362 0 6638
756 3362 0 6638
757 3362 0 6638
758 3362 0 6638
759 3362 0 6638
760 3362 0 6638
761 3362 0 6638
762 3362 0 6638
763 3362 0 6638
764 3362 0 6638
765 3362 0 6638
766 3362 0 6638
767 3362 0 6638
768 3362 0 6638
769 3362 0 6638
770 3362 0 6638
771 3362 0 6638
772 3362 0 6638
773 3362 0 6638
774 3362 0 6638
775 3362 0 6638
776 3362 0 6638
777 3362 0 6638
778 3362 0 6638
779 3362 0 6638
780 3362 0 6638
781 3362 0 6638
782 3362 0 6638
783 3362 0 6638
784 3362 0 6638
785 3362 0 6638
786 3362 0 6638
787 3362 0 6638
788 3362 0 6638
789 3362 0 6638
790 3362 0 6638
791 3362 0 6638
792 3362 0 6638
793 3362 0 6638
794 3362 0 6638
795 3362 0 6638
796 3362 0 6638
797 3362 0 6638
798 3362 0 6638
799 3362 0 6638
800 3362 0 6638
801 3362 0 6638
802 3362 0 6638
803 3362 0 6638
804 3362 0 6638
805 3362 0 6638
806 3362 0 6638
807 3362 0 6638
808 3362 0 6638
809 3362 0 6638
810 3362 0 6638
811 3362 0 6638
812 3362 0 6638
813 3362 0 6638
814 3362 0 6638
815 3362 0 6638
816 3362 0 6638
817 3362 0 6638
818 3362 0 6638
819 3362 0 6638
820 3362 0 6638
821 3362 0 6638
822 3362 0 6638
823 3362 0 6638
824 3362 0 6638
825 3362 0 6638
826 3362 0 6638
827 3362 0 6638
828 3362 0 6638
829 3362 0 6638
830 3362 0 6638
831 3362 0 6638
832 3362 0 6638
833 3362 0 6638
834 3362 0 6638
835 3362 0 6638
836 3362 0 6638
837 3362 0 6638
838 3362 0 6638
839 3362 0 6638
840 3362 0 6638
841 3362 0 6638
842 3362 0 6638
843 3362 0 6638
844 3362 0 6638
845 3362 0 6638
846 3362 0 6638
847 3362 0 6638
848 3362 0 6638
849 3362 0 6638
850 3362 0 6638
851 3362 0 6638
852 3362 0 6638
853 3362 0 6638
854 3362 0 6638
855 3362 0 6638
856 3362 0 6638
857 3362 0 6638
858 3362 0 6638
859 3362 0 6638
860 3362 0 6638
861 3362 0 6638
862 3362 0 6638
863 3362 0 6638
864 3362 0 6638
865 3362 0 6638
866 3362 0 6638
867 3362 0 6638
868 3362 0 6638
869 3362 0 6638
870 3362 0 6638
871 3362 0 6638
872 3362 0 6638
873 3362 0 6638
874 3362 0 6638
875 3362 0 6638
876 3362 0 6638
877 3362 0 6638
878 3362 0 6638
879 3362 0 6638
880 3362 0 6638
881 3362 0 6638
882 3362 0 6638
883 3362 0 6638
884 3362 0 6638
885 3362 0 6638
886 3362 0 6638
887 3362 0 6638
888 3362 0 6638
889 3362 0 6638
890 3362 0 6638
891 3362 0 6638
892 3362 0 6638
893 3362 0 6638
894 3362 0 6638
895 3362 0 6638
896 3362 0 6638
897 3362 0 6638
898 3362 0 6638
899 3362 0 6638
900 3362 0 6638
901 3362 0 6638
902 3362 0 6638
903 3362 0 6638
904 3362 0 6638
905 3362 0 6638
906 3362 0 6638
907 3362 0 6638
908 3362 0 6638
909 3362 0 6638
910 3362 0 6638
911 3362 0 6638
912 3362 0 6638
913 3362 0 6638
914 3362 0 6638
915 3362 0 6638
916 3362 0 6638
917 3362 0 6638
918 3362 0 6638
919 3362 0 6638
920 3362 0 6638
921 3362 0 6638
922 3362 0 6638
923 3362 0 6638
924 3362 0 6638
925 3362 0 6638
926 3362 0 6638
927 3362 0 6638
928 3362 0 6638
929 3362 0 6638
930 3362 0 6638
931 3362 0 6638
932 3362 0 6638
933 3362 0 6638
934 3362 0 6638
935 3362 0 6638
936 3362 0 6638
937 3362 0 6638
938 3362 0 6638
939 3362 0 6638
940 3362 0 6638
941 3362 0 6638
942 3362 0 6638
943 3362 0 6638
944 3362 0 6638
945 3362 0 6638
946 3362 0 6638
947 3362 0 6638
948 3362 0 6638
949 3362 0 6638
950 3362 0 6638
951 3362 0 6638
952 3362 0 6638
953 3362 0 6638
954 3362 0 6638
955 3362 0 6638
956 3362 0 6638
957 3362 0 6638
958 3362 0 6638
959 3362 0 6638
960 3362 0 6638
961 3362 0 6638
962 3362 0 6638
963 3362 0 6638
964 3362 0 6638
965 3362 0 6638
966 3362 0 6638
967 3362 0 6638
968 3362 0 6638
969 3362 0 6638
970 3362 0 6638
971 3362 0 6638
972 3362 0 6638
973 3362 0 6638
974 3362 0 6638
975 3362 0 6638
976 3362 0 6638
977 3362 0 6638
978 3362 0 6638
979 3362 0 6638
980 3362 0 6638
981 3362 0 6638
982 3362 0 6638
983 3362 0 6638
984 3362 0 6638
985 3362 0 6638
986 3362 0 6638
987 3362 0 6638
988 3362 0 6638
989 3362 0 6638
990 3362 0 6638
991 3362 0 6638
992 3362 0 6638
993 3362 0 6638
994 3362 0 6638
995 3362 0 6638
996 3362 0 6638
997 3362 0 6638
998 3362 0 6638
999 3362 0 6638
