0 9999 1 0
1 9999 1 0
2 9998 1 1
3 9996 2 2
4 9996 2 2
5 9992 6 2
6 9990 7 3
7 9987 10 3
8 9985 9 6
9 9985 7 8
10 9983 8 9
11 9983 8 9
12 9983 7 10
13 9983 5 12
14 9982 5 13
15 9982 3 15
16 9982 3 15
17 9981 3 16
18 9980 4 16
19 9980 4 16
20 9980 2 18
21 9980 1 19
22 9980 1 19
23 9980 1 19
24 9978 3 19
25 9978 2 20
26 9978 1 21
27 9978 0 22
28 9978 0 22
29 9978 0 22
30 9978 0 22
31 9978 0 22
32 9978 0 22
33 9978 0 22
34 9978 0 22
35 9978 0 22
36 9978 0 22
37 9978 0 22
38 9978 0 22
39 9978 0 22
40 9978 0 22
41 9978 0 22
42 9978 0 22
43 9978 0 22
44 9978 0 22
45 9978 0 22
46 9978 0 22
47 9978 0 22
48 9978 0 22
49 9978 0 22
50 9978 0 22
51 9978 0 22
52 9978 0 22
53 9978 0 22
54 9978 0 22
55 9978 0 22
56 9978 0 22
57 9978 0 22
58 9978 0 22
59 9978 0 22
60 9978 0 22
61 9978 0 22
62 9978 0 22
63 9978 0 22
64 9978 0 22
65 9978 0 22
66 9978 0 22
67 9978 0 22
68 9978 0 22
69 9978 0 22
70 9978 0 22
71 9978 0 22
72 9978 0 22
73 9978 0 22
74 9978 0 22
75 9978 0 22
76 9978 0 22
77 9978 0 22
78 9978 0 22
79 9978 0 22
80 9978 0 22
81 9978 0 22
82 9978 0 22
83 9978 0 22
84 9978 0 22
85 9978 0 22
86 9978 0 22
87 9978 0 22
88 9978 0 22
89 9978 0 22
90 9978 0 22
91 9978 0 22
92 9978 0 22
93 9978 0 22
94 9978 0 22
95 9978 0 22
96 9978 0 22
97 9978 0 22
98 9978 0 22
99 9978 0 22
100 9978 0 22
101 9978 0 22
102 9978 0 22
103 9978 0 22
104 9978 0 22
105 9978 0 22
106 9978 0 22
107 9978 0 22
108 9978 0 22
109 9978 0 22
110 9978 0 22
111 9978 0 22
112 9978 0 22
113 9978 0 22
114 9978 0 22
115 9978 0 22
116 9978 0 22
117 9978 0 22
118 9978 0 22
119 9978 0 22
120 9978 0 22
121 9978 0 22
122 9978 0 22
123 9978 0 22
124 9978 0 22
125 9978 0 22
126 9978 0 22
127 9978 0 22
128 9978 0 22
129 9978 0 22
130 9978 0 22
131 9978 0 22
132 9978 0 22
133 9978 0 22
134 9978 0 22
135 9978 0 22
136 9978 0 22
137 9978 0 22
138 9978 0 22
139 9978 0 22
140 9978 0 22
141 9978 0 22
142 9978 0 22
143 9978 0 22
144 9978 0 22
145 9978 0 22
146 9978 0 22
147 9978 0 22
148 9978 0 22
149 9978 0 22
150 9978 0 22
151 9978 0 22
152 9978 0 22
153 9978 0 22
154 9978 0 22
155 9978 0 22
156 9978 0 22
157 9978 0 22
158 9978 0 22
159 9978 0 22
160 9978 0 22
161 9978 0 22
162 9978 0 22
163 9978 0 22
164 9978 0 22
165 9978 0 22
166 9978 0 22
167 9978 0 22
168 9978 0 22
169 9978 0 22
170 9978 0 22
171 9978 0 22
172 9978 0 22
173 9978 0 22
174 9978 0 22
175 9978 0 22
176 9978 0 22
177 9978 0 22
178 9978 0 22
179 9978 0 22
180 9978 0 22
181 9978 0 22
182 9978 0 22
183 9978 0 22
184 9978 0 22
185 9978 0 22
186 9978 0 22
187 9978 0 22
188 9978 0 22
189 9978 0 22
190 9978 0 22
191 9978 0 22
192 9978 0 22
193 9978 0 22
194 9978 0 22
195 9978 0 22
196 9978 0 22
197 9978 0 22
198 9978 0 22
199 9978 0 22
200 9978 0 22
201 9978 0 22
202 9978 0 22
203 9978 0 22
204 9978 0 22
205 9978 0 22
206 9978 0 22
207 9978 0 22
208 9978 0 22
209 9978 0 22
210 9978 0 22
211 9978 0 22
212 9978 0 22
213 9978 0 22
214 9978 0 22
215 9978 0 22
216 9978 0 22
217 9978 0 22
218 9978 0 22
219 9978 0 22
220 9978 0 22
221 9978 0 22
222 9978 0 22
223 9978 0 22
224 9978 0 22
225 9978 0 22
226 9978 0 22
227 9978 0 22
228 9978 0 22
229 9978 0 22
230 9978 0 22
231 9978 0 22
232 9978 0 22
233 9978 0 22
234 9978 0 22
235 9978 0 22
236 9978 0 22
237 9978 0 22
238 9978 0 22
239 9978 0 22
240 9978 0 22
241 9978 0 22
242 9978 0 22
243 9978 0 22
244 9978 0 22
245 9978 0 22
246 9978 0 22
247 9978 0 22
248 9978 0 22
249 9978 0 22
250 9978 0 22
251 9978 0 22
252 9978 0 22
253 9978 0 22
254 9978 0 22
255 9978 0 22
256 9978 0 22
257 9978 0 22
258 9978 0 22
259 9978 0 22
260 9978 0 22
261 9978 0 22
262 9978 0 22
263 9978 0 22
264 9978 0 22
265 9978 0 22
266 9978 0 22
267 9978 0 22
268 9978 0 22
269 9978 0 22
270 9978 0 22
271 9978 0 22
272 9978 0 22
273 9978 0 22
274 9978 0 22
275 9978 0 22
276 9978 0 22
277 9978 0 22
278 9978 0 22
279 9978 0 22
280 9978 0 22
281 9978 0 22
282 9978 0 22
283 9978 0 22
284 9978 0 22
285 9978 0 22
286 9978 0 22
287 9978 0 22
288 9978 0 22
289 9978 0 22
290 9978 0 22
291 9978 0 22
292 9978 0 22
293 9978 0 22
294 9978 0 22
295 9978 0 22
296 9978 0 22
297 9978 0 22
298 9978 0 22
299 9978 0 22
300 9978 0 22
301 9978 0 22
302 9978 0 22
303 9978 0 22
304 9978 0 22
305 9978 0 22
306 9978 0 22
307 9978 0 22
308 9978 0 22
309 9978 0 22
310 9978 0 22
311 9978 0 22
312 9978 0 22
313 9978 0 22
314 9978 0 22
315 9978 0 22
316 9978 0 22
317 9978 0 22
318 9978 0 22
319 9978 0 22
320 9978 0 22
321 9978 0 22
322 9978 0 22
323 9978 0 22
324 9978 0 22
325 9978 0 22
326 9978 0 22
327 9978 0 22
328 9978 0 22
329 9978 0 22
330 9978 0 22
331 9978 0 22
332 9978 0 22
333 9978 0 22
334 9978 0 22
335 9978 0 22
336 9978 0 22
337 9978 0 22
338 9978 0 22
339 9978 0 22
340 9978 0 22
341 9978 0 22
342 9978 0 22
343 9978 0 22
344 9978 0 22
345 9978 0 22
346 9978 0 22
347 9978 0 22
348 9978 0 22
349 9978 0 22
350 9978 0 22
351 9978 0 22
352 9978 0 22
353 9978 0 22
354 9978 0 22
355 9978 0 22
356 9978 0 22
357 9978 0 22
358 9978 0 22
359 9978 0 22
360 9978 0 22
361 9978 0 22
362 9978 0 22
363 9978 0 22
364 9978 0 22
365 9978 0 22
366 9978 0 22
367 9978 0 22
368 9978 0 22
369 9978 0 22
370 9978 0 22
371 9978 0 22
372 9978 0 22
373 9978 0 22
374 9978 0 22
375 9978 0 22
376 9978 0 22
377 9978 0 22
378 9978 0 22
379 9978 0 22
380 9978 0 22
381 9978 0 22
382 9978 0 22
383 9978 0 22
384 9978 0 22
385 9978 0 22
386 9978 0 22
387 9978 0 22
388 9978 0 22
389 9978 0 22
390 9978 0 22
391 9978 0 22
392 9978 0 22
393 9978 0 22
394 9978 0 22
395 9978 0 22
396 9978 0 22
397 9978 0 22
398 9978 0 22
399 9978 0 22
400 9978 0 22
401 9978 0 22
402 9978 0 22
403 9978 0 22
404 9978 0 22
405 9978 0 22
406 9978 0 22
407 9978 0 22
408 9978 0 22
409 9978 0 22
410 9978 0 22
411 9978 0 22
412 9978 0 22
413 9978 0 22
414 9978 0 22
415 9978 0 22
416 9978 0 22
417 9978 0 22
418 9978 0 22
419 9978 0 22
420 9978 0 22
421 9978 0 22
422 9978 0 22
423 9978 0 22
424 9978 0 22
425 9978 0 22
426 9978 0 22
427 9978 0 22
428 9978 0 22
429 9978 0 22
430 9978 0 22
431 9978 0 22
432 9978 0 22
433 9978 0 22
434 9978 0 22
435 9978 0 22
436 9978 0 22
437 9978 0 22
438 9978 0 22
439 9978 0 22
440 9978 0 22
441 9978 0 22
442 9978 0 22
443 9978 0 22
444 9978 0 22
445 9978 0 22
446 9978 0 22
447 9978 0 22
448 9978 0 22
449 9978 0 22
450 9978 0 22
451 9978 0 22
452 9978 0 22
453 9978 0 22
454 9978 0 22
455 9978 0 22
456 9978 0 22
457 9978 0 22
458 9978 0 22
459 9978 0 22
460 9978 0 22
461 9978 0 22
462 9978 0 22
463 9978 0 22
464 9978 0 22
465 9978 0 22
466 9978 0 22
467 9978 0 22
468 9978 0 22
469 9978 0 22
470 9978 0 22
471 9978 0 22
472 9978 0 22
473 9978 0 22
474 9978 0 22
475 9978 0 22
476 9978 0 22
477 9978 0 22
478 9978 0 22
479 9978 0 22
480 9978 0 22
481 9978 0 22
482 9978 0 22
483 9978 0 22
484 9978 0 22
485 9978 0 22
486 9978 0 22
487 9978 0 22
488 9978 0 22
489 9978 0 22
490 9978 0 22
491 9978 0 22
492 9978 0 22
493 9978 0 22
494 9978 0 22
495 9978 0 22
496 9978 0 22
497 9978 0 22
498 9978 0 22
499 9978 0 22
500 9978 0 22
501 9978 0 22
502 9978 0 22
503 9978 0 22
504 9978 0 22
505 9978 0 22
506 9978 0 22
507 9978 0 22
508 9978 0 22
509 9978 0 22
510 9978 0 22
511 9978 0 22
512 9978 0 22
513 9978 0 22
514 9978 0 22
515 9978 0 22
516 9978 0 22
517 9978 0 22
518 9978 0 22
519 9978 0 22
520 9978 0 22
521 9978 0 22
522 9978 0 22
523 9978 0 22
524 9978 0 22
525 9978 0 22
526 9978 0 22
527 9978 0 22
528 9978 0 22
529 9978 0 22
530 9978 0 22
531 9978 0 22
532 9978 0 22
533 9978 0 22
534 9978 0 22
535 9978 0 22
536 9978 0 22
537 9978 0 22
538 9978 0 22
539 9978 0 22
540 9978 0 22
541 9978 0 22
542 9978 0 22
543 9978 0 22
544 9978 0 22
545 9978 0 22
546 9978 0 22
547 9978 0 22
548 9978 0 22
549 9978 0 22
550 9978 0 22
551 9978 0 22
552 9978 0 22
553 9978 0 22
554 9978 0 22
555 9978 0 22
556 9978 0 22
557 9978 0 22
558 9978 0 22
559 9978 0 22
560 9978 0 22
561 9978 0 22
562 9978 0 22
563 9978 0 22
564 9978 0 22
565 9978 0 22
566 9978 0 22
567 9978 0 22
568 9978 0 22
569 9978 0 22
570 9978 0 22
571 9978 0 22
572 9978 0 22
573 9978 0 22
574 9978 0 22
575 9978 0 22
576 9978 0 22
577 9978 0 22
578 9978 0 22
579 9978 0 22
580 9978 0 22
581 9978 0 22
582 9978 0 22
583 9978 0 22
584 9978 0 22
585 9978 0 22
586 9978 0 22
587 9978 0 22
588 9978 0 22
589 9978 0 22
590 9978 0 22
591 9978 0 22
592 9978 0 22
593 9978 0 22
594 9978 0 22
595 9978 0 22
596 9978 0 22
597 9978 0 22
598 9978 0 22
599 9978 0 22
600 9978 0 22
601 9978 0 22
602 9978 0 22
603 9978 0 22
604 9978 0 22
605 9978 0 22
606 9978 0 22
607 9978 0 22
608 9978 0 22
609 9978 0 22
610 9978 0 22
611 9978 0 22
612 9978 0 22
613 9978 0 22
614 9978 0 22
615 9978 0 22
616 9978 0 22
617 9978 0 22
618 9978 0 22
619 9978 0 22
620 9978 0 22
621 9978 0 22
622 9978 0 22
623 9978 0 22
624 9978 0 22
625 9978 0 22
626 9978 0 22
627 9978 0 22
628 9978 0 22
629 9978 0 22
630 9978 0 22
631 9978 0 22
632 9978 0 22
633 9978 0 22
634 9978 0 22
635 9978 0 22
636 9978 0 22
637 9978 0 22
638 9978 0 22
639 9978 0 22
640 9978 0 22
641 9978 0 22
642 9978 0 22
643 9978 0 22
644 9978 0 22
645 9978 0 22
646 9978 0 22
647 9978 0 22
648 9978 0 22
649 9978 0 22
650 9978 0 22
651 9978 0 22
652 9978 0 22
653 9978 0 22
654 9978 0 22
655 9978 0 22
656 9978 0 22
657 9978 0 22
658 9978 0 22
659 9978 0 22
660 9978 0 22
661 9978 0 22
662 9978 0 22
663 9978 0 22
664 9978 0 22
665 9978 0 22
666 9978 0 22
667 9978 0 22
668 9978 0 22
669 9978 0 22
670 9978 0 22
671 9978 0 22
672 9978 0 22
673 9978 0 22
674 9978 0 22
675 9978 0 22
676 9978 0 22
677 9978 0 22
678 9978 0 22
679 9978 0 22
680 9978 0 22
681 9978 0 22
682 9978 0 22
683 9978 0 22
684 9978 0 22
685 9978 0 22
686 9978 0 22
687 9978 0 22
688 9978 0 22
689 9978 0 22
690 9978 0 22
691 9978 0 22
692 9978 0 22
693 9978 0 22
694 9978 0 22
695 9978 0 22
696 9978 0 22
697 9978 0 22
698 9978 0 22
699 9978 0 22
700 9978 0 22
701 9978 0 22
702 9978 0 22
703 9978 0 22
704 9978 0 22
705 9978 0 22
706 9978 0 22
707 9978 0 22
708 9978 0 22
709 9978 0 22
710 9978 0 22
711 9978 0 22
712 9978 0 22
713 9978 0 22
714 9978 0 22
715 9978 0 22
716 9978 0 22
717 9978 0 22
718 9978 0 22
719 9978 0 22
720 9978 0 22
721 9978 0 22
722 9978 0 22
723 9978 0 22
724 9978 0 22
725 9978 0 22
726 9978 0 22
727 9978 0 22
728 9978 0 22
729 9978 0 22
730 9978 0 22
731 9978 0 22
732 9978 0 22
733 9978 0 22
734 9978 0 22
735 9978 0 22
736 9978 0 22
737 9978 0 22
738 9978 0 22
739 9978 0 22
740 9978 0 22
741 9978 0 22
742 9978 0 22
743 9978 0 22
744 9978 0 22
745 9978 0 22
746 9978 0 22
747 9978 0 22
748 9978 0 22
749 9978 0 22
750 9978 0 22
751 9978 0 22
752 9978 0 22
753 9978 0 22
754 9978 0 22
755 9978 0 22
756 9978 0 22
757 9978 0 22
758 9978 0 22
759 9978 0 22
760 9978 0 22
761 9978 0 22
762 9978 0 22
763 9978 0 22
764 9978 0 22
765 9978 0 22
766 9978 0 22
767 9978 0 22
768 9978 0 22
769 9978 0 22
770 9978 0 22
771 9978 0 22
772 9978 0 22
773 9978 0 22
774 9978 0 22
775 9978 0 22
776 9978 0 22
777 9978 0 22
778 9978 0 22
779 9978 0 22
780 9978 0 22
781 9978 0 22
782 9978 0 22
783 9978 0 22
784 9978 0 22
785 9978 0 22
786 9978 0 22
787 9978 0 22
788 9978 0 22
789 9978 0 22
790 9978 0 22
791 9978 0 22
792 9978 0 22
793 9978 0 22
794 9978 0 22
795 9978 0 22
796 9978 0 22
797 9978 0 22
798 9978 0 22
799 9978 0 22
800 9978 0 22
801 9978 0 22
802 9978 0 22
803 9978 0 22
804 9978 0 22
805 9978 0 22
806 9978 0 22
807 9978 0 22
808 9978 0 22
809 9978 0 22
810 9978 0 22
811 9978 0 22
812 9978 0 22
813 9978 0 22
814 9978 0 22
815 9978 0 22
816 9978 0 22
817 9978 0 22
818 9978 0 22
819 9978 0 22
820 9978 0 22
821 9978 0 22
822 9978 0 22
823 9978 0 22
824 9978 0 22
825 9978 0 22
826 9978 0 22
827 9978 0 22
828 9978 0 22
829 9978 0 22
830 9978 0 22
831 9978 0 22
832 9978 0 22
833 9978 0 22
834 9978 0 22
835 9978 0 22
836 9978 0 22
837 9978 0 22
838 9978 0 22
839 9978 0 22
840 9978 0 22
841 9978 0 22
842 9978 0 22
843 9978 0 22
844 9978 0 22
845 9978 0 22
846 9978 0 22
847 9978 0 22
848 9978 0 22
849 9978 0 22
850 9978 0 22
851 9978 0 22
852 9978 0 22
853 9978 0 22
854 9978 0 22
855 9978 0 22
856 9978 0 22
857 9978 0 22
858 9978 0 22
859 9978 0 22
860 9978 0 22
861 9978 0 22
862 9978 0 22
863 9978 0 22
864 9978 0 22
865 9978 0 22
866 9978 0 22
867 9978 0 22
868 9978 0 22
869 9978 0 22
870 9978 0 22
871 9978 0 22
872 9978 0 22
873 9978 0 22
874 9978 0 22
875 9978 0 22
876 9978 0 22
877 9978 0 22
878 9978 0 22
879 9978 0 22
880 9978 0 22
881 9978 0 22
882 9978 0 22
883 9978 0 22
884 9978 0 22
885 9978 0 22
886 9978 0 22
887 9978 0 22
888 9978 0 22
889 9978 0 22
890 9978 0 22
891 9978 0 22
892 9978 0 22
893 9978 0 22
894 9978 0 22
895 9978 0 22
896 9978 0 22
897 9978 0 22
898 9978 0 22
899 9978 0 22
900 9978 0 22
901 9978 0 22
902 9978 0 22
903 9978 0 22
904 9978 0 22
905 9978 0 22
906 9978 0 22
907 9978 0 22
908 9978 0 22
909 9978 0 22
910 9978 0 22
911 9978 0 22
912 9978 0 22
913 9978 0 22
914 9978 0 22
915 9978 0 22
916 9978 0 22
917 9978 0 22
918 9978 0 22
919 9978 0 22
920 9978 0 22
921 9978 0 22
922 9978 0 22
923 9978 0 22
924 9978 0 22
925 9978 0 22
926 9978 0 22
927 9978 0 22
928 9978 0 22
929 9978 0 22
930 9978 0 22
931 9978 0 22
932 9978 0 22
933 9978 0 22
934 9978 0 22
935 9978 0 22
936 9978 0 22
937 9978 0 22
938 9978 0 22
939 9978 0 22
940 9978 0 22
941 9978 0 22
942 9978 0 22
943 9978 0 22
944 9978 0 22
945 9978 0 22
946 9978 0 22
947 9978 0 22
948 9978 0 22
949 9978 0 22
950 9978 0 22
951 9978 0 22
952 9978 0 22
953 9978 0 22
954 9978 0 22
955 9978 0 22
956 9978 0 22
957 9978 0 22
958 9978 0 22
959 9978 0 22
960 9978 0 22
961 9978 0 22
962 9978 0 22
963 9978 0 22
964 9978 0 22
965 9978 0 22
966 9978 0 22
967 9978 0 22
968 9978 0 22
969 9978 0 22
970 9978 0 22
971 9978 0 22
972 9978 0 22
973 9978 0 22
974 9978 0 22
975 9978 0 22
976 9978 0 22
977 9978 0 22
978 9978 0 22
979 9978 0 22
980 9978 0 22
981 9978 0 22
982 9978 0 22
983 9978 0 22
984 9978 0 22
985 9978 0 22
986 9978 0 22
987 9978 0 22
988 9978 0 22
989 9978 0 22
990 9978 0 22
991 9978 0 22
992 9978 0 22
993 9978 0 22
994 9978 0 22
995 9978 0 22
996 9978 0 22
997 9978 0 22
998 9978 0 22
999 9978 0 22
