0 9999 1 0
1 9998 2 0
2 9995 5 0
3 9990 8 2
4 9985 10 5
5 9983 11 6
6 9978 15 7
7 9975 18 7
8 9970 20 10
9 9964 24 12
10 9960 23 17
11 9954 26 20
12 9951 24 25
13 9940 31 29
14 9928 35 37
15 9924 32 44
16 9918 32 50
17 9912 33 55
18 9905 35 60
19 9898 33 69
20 9889 32 79
21 9881 34 85
22 9875 33 92
23 9869 32 99
24 9865 30 105
25 9858 31 111
26 9855 29 116
27 9851 26 123
28 9850 23 127
29 9849 22 129
30 9847 22 131
31 9846 22 132
32 9841 26 133
33 9836 27 137
34 9834 25 141
35 9823 34 143
36 9818 33 149
37 9814 34 152
38 9808 30 162
39 9803 31 166
40 9794 33 173
41 9779 42 179
42 9768 46 186
43 9751 55 194
44 9739 57 204
45 9730 54 216
46 9721 53 226
47 9716 54 230
48 9709 54 237
49 9704 52 244
50 9696 51 253
51 9688 55 257
52 9679 52 269
53 9666 55 279
54 9654 57 289
55 9645 54 301
56 9638 48 314
57 9632 43 325
58 9618 50 332
59 9605 54 341
60 9590 60 350
61 9576 64 360
62 9568 63 369
63 9557 61 382
64 9551 56 393
65 9542 57 401
66 9529 60 411
67 9523 56 421
68 9516 53 431
69 9500 58 442
70 9481 68 451
71 9464 76 460
72 9444 79 477
73 9427 84 489
74 9417 81 502
75 9399 86 515
76 9381 85 534
77 9366 84 550
78 9346 87 567
79 9328 90 582
80 9308 88 604
81 9293 92 615
82 9268 99 633
83 9254 94 652
84 9241 89 670
85 9224 95 681
86 9211 99 690
87 9193 99 708
88 9179 99 722
89 9163 102 735
90 9154 97 749
91 9141 93 766
92 9130 84 786
93 9125 72 803
94 9113 70 817
95 9102 72 826
96 9092 65 843
97 9080 67 853
98 9066 72 862
99 9044 84 872
100 9031 83 886
101 9017 81 902
102 9006 72 922
103 8994 77 929
104 8986 73 941
105 8974 72 954
106 8963 70 967
107 8953 67 980
108 8941 69 990
109 8928 74 998
110 8918 70 1012
111 8905 67 1028
112 8889 75 1036
113 8874 79 1047
114 8857 80 1063
115 8844 80 1076
116 8821 90 1089
117 8807 89 1104
118 8790 91 1119
119 8775 84 1141
120 8763 81 1156
121 8756 77 1167
122 8742 74 1184
123 8732 75 1193
124 8724 70 1206
125 8715 72 1213
126 8694 79 1227
127 8686 71 1243
128 8673 67 1260
129 8661 67 1272
130 8654 61 1285
131 8647 63 1290
132 8634 64 1302
133 8628 54 1318
134 8614 59 1327
135 8604 61 1335
136 8588 68 1344
137 8578 64 1358
138 8568 67 1365
139 8559 58 1383
140 8544 62 1394
141 8537 57 1406
142 8525 61 1414
143 8515 62 1423
144 8508 57 1435
145 8499 54 1447
146 8488 56 1456
147 8476 55 1469
148 8462 58 1480
149 8446 69 1485
150 8432 68 1500
151 8427 55 1518
152 8416 53 1531
153 8410 52 1538
154 8400 52 1548
155 8390 51 1559
156 8381 54 1565
157 8372 57 1571
158 8364 59 1577
159 8348 68 1584
160 8335 67 1598
161 8329 57 1614
162 8318 62 1620
163 8311 57 1632
164 8302 51 1647
165 8290 52 1658
166 8277 55 1668
167 8261 58 1681
168 8246 60 1694
169 8233 68 1699
170 8220 64 1716
171 8213 59 1728
172 8209 58 1733
173 8203 50 1747
174 8199 44 1757
175 8189 48 1763
176 8178 47 1775
177 8168 47 1785
178 8164 41 1795
179 8160 42 1798
180 8154 42 1804
181 8143 48 1809
182 8130 51 1819
183 8118 56 1826
184 8101 60 1839
185 8087 60 1853
186 8074 62 1864
187 8060 68 1872
188 8046 65 1889
189 8037 65 1898
190 8025 65 1910
191 8014 68 1918
192 8007 64 1929
193 7987 72 1941
194 7969 75 1956
195 7948 81 1971
196 7935 79 1986
197 7915 88 1997
198 7900 92 2008
199 7883 93 2024
200 7866 93 2041
201 7842 104 2054
202 7821 105 2074
203 7789 119 2092
204 7776 117 2107
205 7757 109 2134
206 7739 114 2147
207 7713 118 2169
208 7695 120 2185
209 7670 132 2198
210 7648 130 2222
211 7629 131 2240
212 7608 138 2254
213 7579 138 2283
214 7561 127 2312
215 7543 125 2332
216 7523 121 2356
217 7495 127 2378
218 7470 130 2400
219 7455 132 2413
220 7423 143 2434
221 7397 143 2460
222 7373 130 2497
223 7342 135 2523
224 7319 129 2552
225 7299 126 2575
226 7275 133 2592
227 7257 127 2616
228 7230 135 2635
229 7214 130 2656
230 7188 126 2686
231 7171 118 2711
232 7140 135 2725
233 7111 138 2751
234 7085 139 2776
235 7063 126 2811
236 7037 134 2829
237 7003 146 2851
238 6970 154 2876
239 6935 167 2898
240 6902 171 2927
241 6871 165 2964
242 6840 166 2994
243 6808 160 3032
244 6787 161 3052
245 6770 145 3085
246 6737 156 3107
247 6716 143 3141
248 6683 150 3167
249 6644 163 3193
250 6619 162 3219
251 6594 157 3249
252 6573 155 3272
253 6549 160 3291
254 6521 154 3325
255 6492 161 3347
256 6475 154 3371
257 6450 149 3401
258 6428 144 3428
259 6392 152 3456
260 6365 146 3489
261 6342 148 3510
262 6319 145 3536
263 6288 154 3558
264 6253 153 3594
265 6230 150 3620
266 6200 153 3647
267 6161 168 3671
268 6146 156 3698
269 6112 159 3729
270 6069 177 3754
271 6036 167 3797
272 6009 165 3826
273 5979 171 3850
274 5956 169 3875
275 5921 174 3905
276 5889 176 3935
277 5855 181 3964
278 5822 186 3992
279 5788 184 4028
280 5747 195 4058
281 5721 189 4090
282 5691 190 4119
283 5664 178 4158
284 5629 185 4186
285 5595 191 4214
286 5561 200 4239
287 5529 194 4277
288 5492 202 4306
289 5458 196 4346
290 5421 197 4382
291 5397 190 4413
292 5364 194 4442
293 5313 216 4471
294 5275 213 4512
295 5240 205 4555
296 5216 199 4585
297 5182 199 4619
298 5154 189 4657
299 5127 197 4676
300 5111 187 4702
301 5084 179 4737
302 5057 175 4768
303 5031 176 4793
304 5005 161 4834
305 4979 152 4869
306 4961 144 4895
307 4938 144 4918
308 4897 153 4950
309 4860 167 4973
310 4833 154 5013
311 4815 150 5035
312 4790 146 5064
313 4764 160 5076
314 4737 166 5097
315 4705 171 5124
316 4675 168 5157
317 4638 168 5194
318 4615 165 5220
319 4582 163 5255
320 4557 158 5285
321 4522 170 5308
322 4495 166 5339
323 4475 154 5371
324 4453 149 5398
325 4438 134 5428
326 4411 137 5452
327 4393 120 5487
328 4369 122 5509
329 4340 126 5534
330 4313 136 5551
331 4286 144 5570
332 4261 140 5599
333 4240 142 5618
334 4204 155 5641
335 4173 162 5665
336 4145 167 5688
337 4114 168 5718
338 4081 167 5752
339 4057 161 5782
340 4032 162 5806
341 4006 167 5827
342 3973 170 5857
343 3955 161 5884
344 3932 147 5921
345 3910 139 5951
346 3892 134 5974
347 3872 132 5996
348 3848 130 6022
349 3833 121 6046
350 3813 120 6067
351 3798 118 6084
352 3781 116 6103
353 3769 109 6122
354 3757 99 6144
355 3748 94 6158
356 3735 87 6178
357 3725 75 6200
358 3715 73 6212
359 3704 71 6225
360 3693 73 6234
361 3683 71 6246
362 3669 75 6256
363 3657 74 6269
364 3649 66 6285
365 3641 62 6297
366 3633 59 6308
367 3620 61 6319
368 3607 69 6324
369 3598 64 6338
370 3590 60 6350
371 3574 67 6359
372 3565 66 6369
373 3545 74 6381
374 3534 73 6393
375 3523 74 6403
376 3512 73 6415
377 3505 66 6429
378 3502 60 6438
379 3492 62 6446
380 3478 68 6454
381 3462 65 6473
382 3448 64 6488
383 3434 67 6499
384 3424 67 6509
385 3418 65 6517
386 3409 56 6535
387 3389 66 6545
388 3379 64 6557
389 3368 66 6566
390 3351 68 6581
391 3342 65 6593
392 3337 53 6610
393 3327 54 6619
394 3313 54 6633
395 3303 53 6644
396 3296 50 6654
397 3287 47 6666
398 3276 47 6677
399 3263 47 6690
400 3253 54 6693
401 3244 54 6702
402 3234 51 6715
403 3229 43 6728
404 3220 43 6737
405 3204 51 6745
406 3187 58 6755
407 3176 55 6769
408 3161 61 6778
409 3151 62 6787
410 3138 68 6794
411 3130 66 6804
412 3115 70 6815
413 3101 69 6830
414 3095 65 6840
415 3092 59 6849
416 3085 59 6856
417 3079 59 6862
418 3067 61 6872
419 3060 59 6881
420 3056 52 6892
421 3039 60 6901
422 3031 57 6912
423 3024 54 6922
424 3019 48 6933
425 3008 42 6950
426 3005 34 6961
427 3003 29 6968
428 3003 26 6971
429 2995 28 6977
430 2992 26 6982
431 2985 26 6989
432 2983 22 6995
433 2981 22 6997
434 2974 26 7000
435 2971 24 7005
436 2962 28 7010
437 2958 28 7014
438 2956 27 7017
439 2954 22 7024
440 2952 21 7027
441 2947 23 7030
442 2946 20 7034
443 2943 21 7036
444 2941 16 7043
445 2940 16 7044
446 2940 14 7046
447 2938 14 7048
448 2937 12 7051
449 2936 13 7051
450 2936 13 7051
451 2936 12 7052
452 2935 10 7055
453 2935 10 7055
454 2934 8 7058
455 2933 8 7059
456 2932 7 7061
457 2932 6 7062
458 2932 6 7062
459 2932 5 7063
460 2932 4 7064
461 2932 3 7065
462 2932 2 7066
463 2932 2 7066
464 2932 1 7067
465 2932 0 7068
466 2932 0 7068
467 2932 0 7068
468 2932 0 7068
469 2932 0 7068
470 2932 0 7068
471 2932 0 7068
472 2932 0 7068
473 2932 0 7068
474 2932 0 7068
475 2932 0 7068
476 2932 0 7068
477 2932 0 7068
478 2932 0 7068
479 2932 0 7068
480 2932 0 7068
481 2932 0 7068
482 2932 0 7068
483 2932 0 7068
484 2932 0 7068
485 2932 0 7068
486 2932 0 7068
487 2932 0 7068
488 2932 0 7068
489 2932 0 7068
490 2932 0 7068
491 2932 0 7068
492 2932 0 7068
493 2932 0 7068
494 2932 0 7068
495 2932 0 7068
496 2932 0 7068
497 2932 0 7068
498 2932 0 7068
499 2932 0 7068
500 2932 0 7068
501 2932 0 7068
502 2932 0 7068
503 2932 0 7068
504 2932 0 7068
505 2932 0 7068
506 2932 0 7068
507 2932 0 7068
508 2932 0 7068
509 2932 0 7068
510 2932 0 7068
511 2932 0 7068
512 2932 0 7068
513 2932 0 7068
514 2932 0 7068
515 2932 0 7068
516 2932 0 7068
517 2932 0 7068
518 2932 0 7068
519 2932 0 7068
520 2932 0 7068
521 2932 0 7068
522 2932 0 7068
523 2932 0 7068
524 2932 0 7068
525 2932 0 7068
526 2932 0 7068
527 2932 0 7068
528 2932 0 7068
529 2932 0 7068
530 2932 0 7068
531 2932 0 7068
532 2932 0 7068
533 2932 0 7068
534 2932 0 7068
535 2932 0 7068
536 2932 0 7068
537 2932 0 7068
538 2932 0 7068
539 2932 0 7068
540 2932 0 7068
541 2932 0 7068
542 2932 0 7068
543 2932 0 7068
544 2932 0 7068
545 2932 0 7068
546 2932 0 7068
547 2932 0 7068
548 2932 0 7068
549 2932 0 7068
550 2932 0 7068
551 2932 0 7068
552 2932 0 7068
553 2932 0 7068
554 2932 0 7068
555 2932 0 7068
556 2932 0 7068
557 2932 0 7068
558 2932 0 7068
559 2932 0 7068
560 2932 0 7068
561 2932 0 7068
562 2932 0 7068
563 2932 0 7068
564 2932 0 7068
565 2932 0 7068
566 2932 0 7068
567 2932 0 7068
568 2932 0 7068
569 2932 0 7068
570 2932 0 7068
571 2932 0 7068
572 2932 0 7068
573 2932 0 7068
574 2932 0 7068
575 2932 0 7068
576 2932 0 7068
577 2932 0 7068
578 2932 0 7068
579 2932 0 7068
580 2932 0 7068
581 2932 0 7068
582 2932 0 7068
583 2932 0 7068
584 2932 0 7068
585 2932 0 7068
586 2932 0 7068
587 2932 0 7068
588 2932 0 7068
589 2932 0 7068
590 2932 0 7068
591 2932 0 7068
592 2932 0 7068
593 2932 0 7068
594 2932 0 7068
595 2932 0 7068
596 2932 0 7068
597 2932 0 7068
598 2932 0 7068
599 2932 0 7068
600 2932 0 7068
601 2932 0 7068
602 2932 0 7068
603 2932 0 7068
604 2932 0 7068
605 2932 0 7068
606 2932 0 7068
607 2932 0 7068
608 2932 0 7068
609 2932 0 7068
610 2932 0 7068
611 2932 0 7068
612 2932 0 7068
613 2932 0 7068
614 2932 0 7068
615 2932 0 7068
616 2932 0 7068
617 2932 0 7068
618 2932 0 7068
619 2932 0 7068
620 2932 0 7068
621 2932 0 7068
622 2932 0 7068
623 2932 0 7068
624 2932 0 7068
625 2932 0 7068
626 2932 0 7068
627 2932 0 7068
628 2932 0 7068
629 2932 0 7068
630 2932 0 7068
631 2932 0 7068
632 2932 0 7068
633 2932 0 7068
634 2932 0 7068
635 2932 0 7068
636 2932 0 7068
637 2932 0 7068
638 2932 0 7068
639 2932 0 7068
640 2932 0 7068
641 2932 0 7068
642 2932 0 7068
643 2932 0 7068
644 2932 0 7068
645 2932 0 7068
646 2932 0 7068
647 2932 0 7068
648 2932 0 7068
649 2932 0 7068
650 2932 0 7068
651 2932 0 7068
652 2932 0 7068
653 2932 0 7068
654 2932 0 7068
655 2932 0 7068
656 2932 0 7068
657 2932 0 7068
658 2932 0 7068
659 2932 0 7068
660 2932 0 7068
661 2932 0 7068
662 2932 0 7068
663 2932 0 7068
664 2932 0 7068
665 2932 0 7068
666 2932 0 7068
667 2932 0 7068
668 2932 0 7068
669 2932 0 7068
670 2932 0 7068
671 2932 0 7068
672 2932 0 7068
673 2932 0 7068
674 2932 0 7068
675 2932 0 7068
676 2932 0 7068
677 2932 0 7068
678 2932 0 7068
679 2932 0 7068
680 2932 0 7068
681 2932 0 7068
682 2932 0 7068
683 2932 0 7068
684 2932 0 7068
685 2932 0 7068
686 2932 0 7068
687 2932 0 7068
688 2932 0 7068
689 2932 0 7068
690 2932 0 7068
691 2932 0 7068
692 2932 0 7068
693 2932 0 7068
694 2932 0 7068
695 2932 0 7068
696 2932 0 7068
697 2932 0 7068
698 2932 0 7068
699 2932 0 7068
700 2932 0 7068
701 2932 0 7068
702 2932 0 7068
703 2932 0 7068
704 2932 0 7068
705 2932 0 7068
706 2932 0 7068
707 2932 0 7068
708 2932 0 7068
709 2932 0 7068
710 2932 0 7068
711 2932 0 7068
712 2932 0 7068
713 2932 0 7068
714 2932 0 7068
715 2932 0 7068
716 2932 0 7068
717 2932 0 7068
718 2932 0 7068
719 2932 0 7068
720 2932 0 7068
721 2932 0 7068
722 2932 0 7068
723 2932 0 7068
724 2932 0 7068
725 2932 0 7068
726 2932 0 7068
727 2932 0 7068
728 2932 0 7068
729 2932 0 7068
730 2932 0 7068
731 2932 0 7068
732 2932 0 7068
733 2932 0 7068
734 2932 0 7068
735 2932 0 7068
736 2932 0 7068
737 2932 0 7068
738 2932 0 7068
739 2932 0 7068
740 2932 0 7068
741 2932 0 7068
742 2932 0 7068
743 2932 0 7068
744 2932 0 7068
745 2932 0 7068
746 2932 0 7068
747 2932 0 7068
748 2932 0 7068
749 2932 0 7068
750 2932 0 7068
751 2932 0 7068
752 2932 0 7068
753 2932 0 7068
754 2932 0 7068
755 2932 0 7068
756 2932 0 7068
757 2932 0 7068
758 2932 0 7068
759 2932 0 7068
760 2932 0 7068
761 2932 0 7068
762 2932 0 7068
763 2932 0 7068
764 2932 0 7068
765 2932 0 7068
766 2932 0 7068
767 2932 0 7068
768 2932 0 7068
769 2932 0 7068
770 2932 0 7068
771 2932 0 7068
772 2932 0 7068
773 2932 0 7068
774 2932 0 7068
775 2932 0 7068
776 2932 0 7068
777 2932 0 7068
778 2932 0 7068
779 2932 0 7068
780 2932 0 7068
781 2932 0 7068
782 2932 0 7068
783 2932 0 7068
784 2932 0 7068
785 2932 0 7068
786 2932 0 7068
787 2932 0 7068
788 2932 0 7068
789 2932 0 7068
790 2932 0 7068
791 2932 0 7068
792 2932 0 7068
793 2932 0 7068
794 2932 0 7068
795 2932 0 7068
796 2932 0 7068
797 2932 0 7068
798 2932 0 7068
799 2932 0 7068
800 2932 0 7068
801 2932 0 7068
802 2932 0 7068
803 2932 0 7068
804 2932 0 7068
805 2932 0 7068
806 2932 0 7068
807 2932 0 7068
808 2932 0 7068
809 2932 0 7068
810 2932 0 7068
811 2932 0 7068
812 2932 0 7068
813 2932 0 7068
814 2932 0 7068
815 2932 0 7068
816 2932 0 7068
817 2932 0 7068
818 2932 0 7068
819 2932 0 7068
820 2932 0 7068
821 2932 0 7068
822 2932 0 7068
823 2932 0 7068
824 2932 0 7068
825 2932 0 7068
826 2932 0 7068
827 2932 0 7068
828 2932 0 7068
829 2932 0 7068
830 2932 0 7068
831 2932 0 7068
832 2932 0 7068
833 2932 0 7068
834 2932 0 7068
835 2932 0 7068
836 2932 0 7068
837 2932 0 7068
838 2932 0 7068
839 2932 0 7068
840 2932 0 7068
841 2932 0 7068
842 2932 0 7068
843 2932 0 7068
844 2932 0 7068
845 2932 0 7068
846 2932 0 7068
847 2932 0 7068
848 2932 0 7068
849 2932 0 7068
850 2932 0 7068
851 2932 0 7068
852 2932 0 7068
853 2932 0 7068
854 2932 0 7068
855 2932 0 7068
856 2932 0 7068
857 2932 0 7068
858 2932 0 7068
859 2932 0 7068
860 2932 0 7068
861 2932 0 7068
862 2932 0 7068
863 2932 0 7068
864 2932 0 7068
865 2932 0 7068
866 2932 0 7068
867 2932 0 7068
868 2932 0 7068
869 2932 0 7068
870 2932 0 7068
871 2932 0 7068
872 2932 0 7068
873 2932 0 7068
874 2932 0 7068
875 2932 0 7068
876 2932 0 7068
877 2932 0 7068
878 2932 0 7068
879 2932 0 7068
880 2932 0 7068
881 2932 0 7068
882 2932 0 7068
883 2932 0 7068
884 2932 0 7068
885 2932 0 7068
886 2932 0 7068
887 2932 0 7068
888 2932 0 7068
889 2932 0 7068
890 2932 0 7068
891 2932 0 7068
892 2932 0 7068
893 2932 0 7068
894 2932 0 7068
895 2932 0 7068
896 2932 0 7068
897 2932 0 7068
898 2932 0 7068
899 2932 0 7068
900 2932 0 7068
901 2932 0 7068
902 2932 0 7068
903 2932 0 7068
904 2932 0 7068
905 2932 0 7068
906 2932 0 7068
907 2932 0 7068
908 2932 0 7068
909 2932 0 7068
910 2932 0 7068
911 2932 0 7068
912 2932 0 7068
913 2932 0 7068
914 2932 0 7068
915 2932 0 7068
916 2932 0 7068
917 2932 0 7068
918 2932 0 7068
919 2932 0 7068
920 2932 0 7068
921 2932 0 7068
922 2932 0 7068
923 2932 0 7068
924 2932 0 7068
925 2932 0 7068
926 2932 0 7068
927 2932 0 7068
928 2932 0 7068
929 2932 0 7068
930 2932 0 7068
931 2932 0 7068
932 2932 0 7068
933 2932 0 7068
934 2932 0 7068
935 2932 0 7068
936 2932 0 7068
937 2932 0 7068
938 2932 0 7068
939 2932 0 7068
940 2932 0 7068
941 2932 0 7068
942 2932 0 7068
943 2932 0 7068
944 2932 0 7068
945 2932 0 7068
946 2932 0 7068
947 2932 0 7068
948 2932 0 7068
949 2932 0 7068
950 2932 0 7068
951 2932 0 7068
952 2932 0 7068
953 2932 0 7068
954 2932 0 7068
955 2932 0 7068
956 2932 0 7068
957 2932 0 7068
958 2932 0 7068
959 2932 0 7068
960 2932 0 7068
961 2932 0 7068
962 2932 0 7068
963 2932 0 7068
964 2932 0 7068
965 2932 0 7068
966 2932 0 7068
967 2932 0 7068
968 2932 0 7068
969 2932 0 7068
970 2932 0 7068
971 2932 0 7068
972 2932 0 7068
973 2932 0 7068
974 2932 0 7068
975 2932 0 7068
976 2932 0 7068
977 2932 0 7068
978 2932 0 7068
979 2932 0 7068
980 2932 0 7068
981 2932 0 7068
982 2932 0 7068
983 2932 0 7068
984 2932 0 7068
985 2932 0 7068
986 2932 0 7068
987 2932 0 7068
988 2932 0 7068
989 2932 0 7068
990 2932 0 7068
991 2932 0 7068
992 2932 0 7068
993 2932 0 7068
994 2932 0 7068
995 2932 0 7068
996 2932 0 7068
997 2932 0 7068
998 2932 0 7068
999 2932 0 7068
