0 9999 1 0
1 9999 1 0
2 9999 1 0
3 9997 3 0
4 9996 3 1
5 9993 6 1
6 9989 9 2
7 9984 9 7
8 9980 9 11
9 9980 4 16
10 9979 2 19
11 9979 2 19
12 9979 1 20
13 9974 6 20
14 9973 5 22
15 9973 4 23
16 9973 4 23
17 9971 5 24
18 9969 7 24
19 9969 7 24
20 9969 7 24
21 9967 8 25
22 9967 6 27
23 9965 6 29
24 9964 6 30
25 9964 5 31
26 9964 5 31
27 9963 6 31
28 9960 6 34
29 9958 7 35
30 9956 8 36
31 9956 5 39
32 9955 6 39
33 9953 7 40
34 9951 8 41
35 9948 8 44
36 9947 8 45
37 9945 9 46
38 9945 9 46
39 9938 15 47
40 9937 10 53
41 9934 13 53
42 9930 14 56
43 9924 18 58
44 9916 23 61
45 9915 22 63
46 9911 23 66
47 9906 26 68
48 9902 23 75
49 9901 21 78
50 9896 23 81
51 9889 27 84
52 9884 32 84
53 9878 32 90
54 9872 31 97
55 9866 28 106
56 9861 30 109
57 9857 28 115
58 9850 33 117
59 9846 31 123
60 9842 28 130
61 9837 32 131
62 9834 27 139
63 9828 28 144
64 9821 28 151
65 9818 28 154
66 9813 31 156
67 9805 35 160
68 9800 36 164
69 9796 33 171
70 9791 34 175
71 9786 34 180
72 9777 40 183
73 9769 40 191
74 9759 43 198
75 9747 47 206
76 9728 57 215
77 9708 69 223
78 9691 76 233
79 9671 84 245
80 9653 84 263
81 9635 88 277
82 9624 83 293
83 9606 83 311
84 9593 82 325
85 9581 81 338
86 9564 81 355
87 9546 95 359
88 9523 92 385
89 9512 80 408
90 9493 74 433
91 9479 74 447
92 9465 68 467
93 9456 71 473
94 9438 74 488
95 9428 72 500
96 9414 76 510
97 9402 75 523
98 9390 72 538
99 9378 66 556
100 9362 75 563
101 9347 85 568
102 9334 81 585
103 9322 80 598
104 9301 86 613
105 9282 83 635
106 9267 84 649
107 9254 77 669
108 9238 82 680
109 9223 77 700
110 9209 81 710
111 9195 77 728
112 9178 78 744
113 9169 62 769
114 9154 70 776
115 9144 68 788
116 9126 76 798
117 9110 85 805
118 9088 89 823
119 9077 85 838
120 9061 90 849
121 9047 90 863
122 9029 90 881
123 9016 87 897
124 9008 75 917
125 8996 74 930
126 8983 72 945
127 8972 71 957
128 8969 60 971
129 8961 56 983
130 8956 56 988
131 8951 52 997
132 8941 51 1008
133 8937 44 1019
134 8925 50 1025
135 8921 43 1036
136 8919 38 1043
137 8916 36 1048
138 8914 35 1051
139 8899 36 1065
140 8891 35 1074
141 8887 31 1082
142 8883 28 1089
143 8875 33 1092
144 8869 31 1100
145 8864 29 1107
146 8856 32 1112
147 8850 34 1116
148 8842 37 1121
149 8837 32 1131
150 8830 32 1138
151 8825 32 1143
152 8819 33 1148
153 8811 37 1152
154 8802 39 1159
155 8790 45 1165
156 8783 42 1175
157 8772 46 1182
158 8762 49 1189
159 8753 48 1199
160 8745 50 1205
161 8738 45 1217
162 8733 43 1224
163 8722 47 1231
164 8715 44 1241
165 8707 43 1250
166 8699 47 1254
167 8692 47 1261
168 8687 41 1272
169 8684 32 1284
170 8680 28 1292
171 8676 26 1298
172 8669 29 1302
173 8661 33 1306
174 8656 30 1314
175 8654 23 1323
176 8652 19 1329
177 8651 17 1332
178 8651 16 1333
179 8650 13 1337
180 8650 10 1340
181 8650 7 1343
182 8650 7 1343
183 8650 5 1345
184 8650 4 1346
185 8649 5 1346
186 8649 5 1346
187 8648 5 1347
188 8647 6 1347
189 8646 4 1350
190 8646 4 1350
191 8646 3 1351
192 8646 3 1351
193 8645 4 1351
194 8644 5 1351
195 8643 6 1351
196 8642 7 1351
197 8640 8 1352
198 8639 7 1354
199 8637 7 1356
200 8634 8 1358
201 8634 8 1358
202 8633 8 1359
203 8629 9 1362
204 8628 8 1364
205 8628 6 1366
206 8627 6 1367
207 8627 5 1368
208 8625 7 1368
209 8624 7 1369
210 8623 7 1370
211 8620 10 1370
212 8616 13 1371
213 8612 15 1373
214 8607 18 1375
215 8597 23 1380
216 8595 21 1384
217 8591 21 1388
218 8590 21 1389
219 8588 19 1393
220 8586 18 1396
221 8586 15 1399
222 8583 15 1402
223 8580 14 1406
224 8577 14 1409
225 8572 16 1412
226 8563 23 1414
227 8556 25 1419
228 8547 29 1424
229 8544 25 1431
230 8542 24 1434
231 8538 25 1437
232 8532 26 1442
233 8528 26 1446
234 8522 28 1450
235 8518 29 1453
236 8512 29 1459
237 8508 27 1465
238 8499 30 1471
239 8491 33 1476
240 8485 35 1480
241 8481 35 1484
242 8471 40 1489
243 8460 40 1500
244 8455 42 1503
245 8441 41 1518
246 8437 40 1523
247 8431 39 1530
248 8420 41 1539
249 8414 42 1544
250 8404 44 1552
251 8399 36 1565
252 8393 35 1572
253 8386 31 1583
254 8378 36 1586
255 8367 37 1596
256 8357 41 1602
257 8343 45 1612
258 8327 50 1623
259 8315 54 1631
260 8303 53 1644
261 8293 51 1656
262 8279 51 1670
263 8267 57 1676
264 8256 58 1686
265 8237 70 1693
266 8223 70 1707
267 8206 79 1715
268 8192 81 1727
269 8175 84 1741
270 8157 85 1758
271 8137 87 1776
272 8112 94 1794
273 8087 105 1808
274 8071 101 1828
275 8055 97 1848
276 8039 92 1869
277 8020 100 1880
278 8005 101 1894
279 7993 92 1915
280 7977 93 1930
281 7952 103 1945
282 7929 102 1969
283 7910 101 1989
284 7894 97 2009
285 7880 95 2025
286 7867 88 2045
287 7846 90 2064
288 7824 95 2081
289 7804 97 2099
290 7796 90 2114
291 7773 97 2130
292 7750 102 2148
293 7728 107 2165
294 7715 110 2175
295 7690 117 2193
296 7673 113 2214
297 7649 121 2230
298 7630 116 2254
299 7614 109 2277
300 7597 104 2299
301 7583 104 2313
302 7565 98 2337
303 7554 95 2351
304 7540 96 2364
305 7522 92 2386
306 7505 93 2402
307 7486 99 2415
308 7480 89 2431
309 7466 84 2450
310 7449 86 2465
311 7440 84 2476
312 7432 78 2490
313 7421 76 2503
314 7412 74 2514
315 7402 72 2526
316 7388 76 2536
317 7368 78 2554
318 7355 80 2565
319 7341 76 2583
320 7328 77 2595
321 7317 81 2602
322 7308 76 2616
323 7296 74 2630
324 7288 74 2638
325 7275 73 2652
326 7262 72 2666
327 7247 75 2678
328 7236 79 2685
329 7222 74 2704
330 7204 75 2721
331 7187 74 2739
332 7172 76 2752
333 7156 84 2760
334 7138 85 2777
335 7124 82 2794
336 7109 85 2806
337 7091 85 2824
338 7070 94 2836
339 7056 93 2851
340 7046 89 2865
341 7034 81 2885
342 7019 80 2901
343 7007 80 2913
344 6991 81 2928
345 6975 87 2938
346 6964 86 2950
347 6949 83 2968
348 6937 76 2987
349 6922 79 2999
350 6905 74 3021
351 6891 73 3036
352 6877 68 3055
353 6859 73 3068
354 6850 67 3083
355 6840 58 3102
356 6825 66 3109
357 6812 68 3120
358 6800 69 3131
359 6778 75 3147
360 6760 83 3157
361 6745 81 3174
362 6720 90 3190
363 6704 87 3209
364 6691 89 3220
365 6680 79 3241
366 6674 78 3248
367 6655 84 3261
368 6641 74 3285
369 6626 73 3301
370 6618 72 3310
371 6606 72 3322
372 6591 65 3344
373 6583 65 3352
374 6573 61 3366
375 6558 62 3380
376 6543 70 3387
377 6533 67 3400
378 6518 71 3411
379 6506 69 3425
380 6496 64 3440
381 6484 67 3449
382 6471 66 3463
383 6461 63 3476
384 6447 67 3486
385 6441 62 3497
386 6432 62 3506
387 6419 62 3519
388 6405 66 3529
389 6395 68 3537
390 6382 72 3546
391 6372 68 3560
392 6354 75 3571
393 6345 74 3581
394 6337 70 3593
395 6327 65 3608
396 6311 63 3626
397 6301 58 3641
398 6294 54 3652
399 6285 54 3661
400 6273 55 3672
401 6265 58 3677
402 6250 63 3687
403 6229 68 3703
404 6218 62 3720
405 6209 63 3728
406 6194 66 3740
407 6180 68 3752
408 6170 62 3768
409 6162 60 3778
410 6149 66 3785
411 6135 72 3793
412 6126 70 3804
413 6115 73 3812
414 6101 75 3824
415 6077 89 3834
416 6065 84 3851
417 6051 88 3861
418 6036 91 3873
419 6022 91 3887
420 6005 91 3904
421 5991 91 3918
422 5987 80 3933
423 5978 76 3946
424 5970 75 3955
425 5960 73 3967
426 5946 75 3979
427 5937 67 3996
428 5929 61 4010
429 5916 63 4021
430 5907 59 4034
431 5897 59 4044
432 5887 62 4051
433 5873 61 4066
434 5862 63 4075
435 5847 67 4086
436 5835 65 4100
437 5826 62 4112
438 5816 66 4118
439 5810 56 4134
440 5794 66 4140
441 5784 61 4155
442 5774 57 4169
443 5769 50 4181
444 5764 45 4191
445 5757 44 4199
446 5755 36 4209
447 5746 40 4214
448 5729 49 4222
449 5721 46 4233
450 5714 48 4238
451 5712 44 4244
452 5707 44 4249
453 5704 33 4263
454 5700 27 4273
455 5694 27 4279
456 5688 31 4281
457 5683 31 4286
458 5673 30 4297
459 5668 34 4298
460 5664 27 4309
461 5657 31 4312
462 5651 34 4315
463 5650 28 4322
464 5640 34 4326
465 5637 33 4330
466 5634 29 4337
467 5632 28 4340
468 5629 25 4346
469 5624 25 4351
470 5621 26 4353
471 5618 24 4358
472 5608 30 4362
473 5602 29 4369
474 5599 24 4377
475 5598 19 4383
476 5595 19 4386
477 5590 22 4388
478 5579 27 4394
479 5573 31 4396
480 5567 27 4406
481 5564 27 4409
482 5556 31 4413
483 5548 37 4415
484 5543 34 4423
485 5539 35 4426
486 5535 38 4427
487 5529 38 4433
488 5523 34 4443
489 5519 29 4452
490 5517 25 4458
491 5514 22 4464
492 5511 23 4466
493 5508 24 4468
494 5507 22 4471
495 5504 22 4474
496 5504 19 4477
497 5501 20 4479
498 5493 26 4481
499 5491 22 4487
500 5489 18 4493
501 5487 18 4495
502 5486 16 4498
503 5483 15 4502
504 5482 16 4502
505 5480 16 4504
506 5475 21 4504
507 5474 21 4505
508 5467 26 4507
509 5464 25 4511
510 5454 31 4515
511 5446 36 4518
512 5438 35 4527
513 5426 42 4532
514 5420 39 4541
515 5414 37 4549
516 5407 36 4557
517 5404 35 4561
518 5398 34 4568
519 5396 31 4573
520 5393 30 4577
521 5383 30 4587
522 5378 30 4592
523 5369 34 4597
524 5360 40 4600
525 5349 43 4608
526 5341 46 4613
527 5333 40 4627
528 5326 39 4635
529 5322 30 4648
530 5321 28 4651
531 5318 29 4653
532 5312 30 4658
533 5302 38 4660
534 5289 47 4664
535 5278 54 4668
536 5268 53 4679
537 5257 55 4688
538 5246 58 4696
539 5240 58 4702
540 5234 54 4712
541 5229 50 4721
542 5223 49 4728
543 5220 44 4736
544 5216 39 4745
545 5210 38 4752
546 5208 26 4766
547 5206 21 4773
548 5203 19 4778
549 5199 22 4779
550 5197 18 4785
551 5196 18 4786
552 5195 18 4787
553 5195 13 4792
554 5190 18 4792
555 5184 21 4795
556 5175 23 4802
557 5165 27 4808
558 5157 29 4814
559 5148 35 4817
560 5143 35 4822
561 5139 34 4827
562 5133 34 4833
563 5124 36 4840
564 5115 40 4845
565 5104 40 4856
566 5093 43 4864
567 5083 43 4874
568 5077 44 4879
569 5069 45 4886
570 5062 42 4896
571 5057 40 4903
572 5049 41 4910
573 5043 39 4918
574 5038 36 4926
575 5031 38 4931
576 5027 35 4938
577 5018 38 4944
578 5011 40 4949
579 5003 41 4956
580 4992 39 4969
581 4983 42 4975
582 4977 37 4986
583 4970 38 4992
584 4960 43 4997
585 4955 42 5003
586 4946 42 5012
587 4940 41 5019
588 4930 44 5026
589 4919 42 5039
590 4913 43 5044
591 4907 43 5050
592 4902 44 5054
593 4891 49 5060
594 4878 54 5068
595 4870 53 5077
596 4860 55 5085
597 4849 60 5091
598 4834 65 5101
599 4818 72 5110
600 4804 69 5127
601 4796 69 5135
602 4785 70 5145
603 4773 70 5157
604 4754 70 5176
605 4743 66 5191
606 4734 64 5202
607 4722 67 5211
608 4704 75 5221
609 4690 76 5234
610 4675 80 5245
611 4665 71 5264
612 4651 76 5273
613 4627 83 5290
614 4611 96 5293
615 4589 92 5319
616 4571 91 5338
617 4550 96 5354
618 4526 103 5371
619 4515 104 5381
620 4495 100 5405
621 4478 102 5420
622 4471 87 5442
623 4463 79 5458
624 4453 74 5473
625 4446 74 5480
626 4435 73 5492
627 4426 65 5509
628 4414 66 5520
629 4401 68 5531
630 4390 62 5548
631 4379 59 5562
632 4366 55 5579
633 4352 57 5591
634 4349 53 5598
635 4341 53 5606
636 4335 49 5616
637 4323 57 5620
638 4317 54 5629
639 4307 56 5637
640 4302 52 5646
641 4295 54 5651
642 4288 55 5657
643 4278 53 5669
644 4273 47 5680
645 4264 51 5685
646 4261 44 5695
647 4255 44 5701
648 4249 41 5710
649 4240 43 5717
650 4228 49 5723
651 4218 52 5730
652 4204 61 5735
653 4187 67 5746
654 4176 59 5765
655 4167 54 5779
656 4159 50 5791
657 4151 50 5799
658 4139 56 5805
659 4126 58 5816
660 4106 67 5827
661 4097 60 5843
662 4084 63 5853
663 4072 63 5865
664 4068 57 5875
665 4053 61 5886
666 4042 62 5896
667 4033 58 5909
668 4027 54 5919
669 4013 66 5921
670 4001 70 5929
671 3990 69 5941
672 3985 68 5947
673 3979 69 5952
674 3973 57 5970
675 3961 58 5981
676 3953 53 5994
677 3949 47 6004
678 3943 44 6013
679 3939 39 6022
680 3934 34 6032
681 3931 31 6038
682 3925 31 6044
683 3914 32 6054
684 3905 35 6060
685 3898 33 6069
686 3885 39 6076
687 3875 41 6084
688 3863 41 6096
689 3855 41 6104
690 3842 47 6111
691 3832 47 6121
692 3824 48 6128
693 3816 48 6136
694 3805 44 6151
695 3787 51 6162
696 3778 53 6169
697 3772 45 6183
698 3766 42 6192
699 3752 46 6202
700 3743 53 6204
701 3735 43 6222
702 3728 43 6229
703 3721 42 6237
704 3711 43 6246
705 3704 42 6254
706 3693 47 6260
707 3681 52 6267
708 3669 54 6277
709 3661 52 6287
710 3653 46 6301
711 3641 45 6314
712 3631 43 6326
713 3619 52 6329
714 3605 58 6337
715 3595 57 6348
716 3581 56 6363
717 3565 66 6369
718 3546 73 6381
719 3534 70 6396
720 3525 68 6407
721 3515 70 6415
722 3505 68 6427
723 3500 66 6434
724 3485 63 6452
725 3471 68 6461
726 3460 63 6477
727 3444 60 6496
728 3437 60 6503
729 3429 58 6513
730 3420 57 6523
731 3409 63 6528
732 3402 58 6540
733 3389 59 6552
734 3386 52 6562
735 3373 60 6567
736 3356 66 6578
737 3342 69 6589
738 3331 72 6597
739 3320 69 6611
740 3302 78 6620
741 3291 76 6633
742 3275 83 6642
743 3269 76 6655
744 3258 79 6663
745 3245 75 6680
746 3234 76 6690
747 3216 78 6706
748 3208 74 6718
749 3192 78 6730
750 3185 69 6746
751 3173 68 6759
752 3158 67 6775
753 3144 67 6789
754 3127 69 6804
755 3113 75 6812
756 3103 68 6829
757 3091 66 6843
758 3075 70 6855
759 3063 69 6868
760 3054 63 6883
761 3036 72 6892
762 3023 73 6904
763 3008 77 6915
764 2996 78 6926
765 2983 73 6944
766 2970 73 6957
767 2960 75 6965
768 2954 66 6980
769 2939 69 6992
770 2932 65 7003
771 2922 61 7017
772 2918 54 7028
773 2907 57 7036
774 2893 59 7048
775 2884 56 7060
776 2874 60 7066
777 2862 64 7074
778 2854 57 7089
779 2845 56 7099
780 2836 49 7115
781 2830 46 7124
782 2824 46 7130
783 2819 41 7140
784 2809 44 7147
785 2803 41 7156
786 2796 36 7168
787 2790 34 7176
788 2787 33 7180
789 2783 36 7181
790 2780 31 7189
791 2778 24 7198
792 2774 25 7201
793 2772 24 7204
794 2769 24 7207
795 2768 19 7213
796 2768 16 7216
797 2767 14 7219
798 2765 14 7221
799 2765 12 7223
800 2764 12 7224
801 2762 10 7228
802 2759 12 7229
803 2757 10 7233
804 2754 11 7235
805 2750 14 7236
806 2748 12 7240
807 2747 12 7241
808 2743 12 7245
809 2740 14 7246
810 2735 17 7248
811 2731 19 7250
812 2729 18 7253
813 2725 18 7257
814 2720 20 7260
815 2718 19 7263
816 2715 21 7264
817 2711 23 7266
818 2702 30 7268
819 2696 33 7271
820 2689 34 7277
821 2683 36 7281
822 2672 40 7288
823 2667 38 7295
824 2666 32 7302
825 2663 26 7311
826 2662 24 7314
827 2659 24 7317
828 2655 26 7319
829 2650 25 7325
830 2647 23 7330
831 2640 23 7337
832 2633 24 7343
833 2632 17 7351
834 2631 17 7352
835 2629 17 7354
836 2629 16 7355
837 2629 14 7357
838 2629 14 7357
839 2628 14 7358
840 2628 13 7359
841 2628 12 7360
842 2626 13 7361
843 2622 13 7365
844 2616 15 7369
845 2612 12 7376
846 2609 15 7376
847 2607 16 7377
848 2605 16 7379
849 2605 15 7380
850 2603 14 7383
851 2602 13 7385
852 2599 11 7390
853 2598 11 7391
854 2593 13 7394
855 2590 15 7395
856 2587 16 7397
857 2586 15 7399
858 2586 11 7403
859 2586 9 7405
860 2585 7 7408
861 2580 11 7409
862 2575 14 7411
863 2573 13 7414
864 2569 12 7419
865 2567 12 7421
866 2567 12 7421
867 2564 14 7422
868 2561 16 7423
869 2561 13 7426
870 2560 11 7429
871 2557 12 7431
872 2556 11 7433
873 2556 9 7435
874 2554 11 7435
875 2554 8 7438
876 2552 6 7442
877 2551 7 7442
878 2551 5 7444
879 2550 6 7444
880 2550 2 7448
881 2550 2 7448
882 2549 3 7448
883 2549 3 7448
884 2549 3 7448
885 2549 3 7448
886 2549 2 7449
887 2549 2 7449
888 2549 2 7449
889 2549 1 7450
890 2549 1 7450
891 2549 1 7450
892 2549 1 7450
893 2549 1 7450
894 2549 1 7450
895 2549 0 7451
896 2549 0 7451
897 2549 0 7451
898 2549 0 7451
899 2549 0 7451
900 2549 0 7451
901 2549 0 7451
902 2549 0 7451
903 2549 0 7451
904 2549 0 7451
905 2549 0 7451
906 2549 0 7451
907 2549 0 7451
908 2549 0 7451
909 2549 0 7451
910 2549 0 7451
911 2549 0 7451
912 2549 0 7451
913 2549 0 7451
914 2549 0 7451
915 2549 0 7451
916 2549 0 7451
917 2549 0 7451
918 2549 0 7451
919 2549 0 7451
920 2549 0 7451
921 2549 0 7451
922 2549 0 7451
923 2549 0 7451
924 2549 0 7451
925 2549 0 7451
926 2549 0 7451
927 2549 0 7451
928 2549 0 7451
929 2549 0 7451
930 2549 0 7451
931 2549 0 7451
932 2549 0 7451
933 2549 0 7451
934 2549 0 7451
935 2549 0 7451
936 2549 0 7451
937 2549 0 7451
938 2549 0 7451
939 2549 0 7451
940 2549 0 7451
941 2549 0 7451
942 2549 0 7451
943 2549 0 7451
944 2549 0 7451
945 2549 0 7451
946 2549 0 7451
947 2549 0 7451
948 2549 0 7451
949 2549 0 7451
950 2549 0 7451
951 2549 0 7451
952 2549 0 7451
953 2549 0 7451
954 2549 0 7451
955 2549 0 7451
956 2549 0 7451
957 2549 0 7451
958 2549 0 7451
959 2549 0 7451
960 2549 0 7451
961 2549 0 7451
962 2549 0 7451
963 2549 0 7451
964 2549 0 7451
965 2549 0 7451
966 2549 0 7451
967 2549 0 7451
968 2549 0 7451
969 2549 0 7451
970 2549 0 7451
971 2549 0 7451
972 2549 0 7451
973 2549 0 7451
974 2549 0 7451
975 2549 0 7451
976 2549 0 7451
977 2549 0 7451
978 2549 0 7451
979 2549 0 7451
980 2549 0 7451
981 2549 0 7451
982 2549 0 7451
983 2549 0 7451
984 2549 0 7451
985 2549 0 7451
986 2549 0 7451
987 2549 0 7451
988 2549 0 7451
989 2549 0 7451
990 2549 0 7451
991 2549 0 7451
992 2549 0 7451
993 2549 0 7451
994 2549 0 7451
995 2549 0 7451
996 2549 0 7451
997 2549 0 7451
998 2549 0 7451
999 2549 0 7451
