0 9999 1 0
1 9999 1 0
2 9995 4 1
3 9995 3 2
4 9990 8 2
5 9986 11 3
6 9980 15 5
7 9975 16 9
8 9968 15 17
9 9964 17 19
10 9959 19 22
11 9957 17 26
12 9950 20 30
13 9944 23 33
14 9939 26 35
15 9935 24 41
16 9927 28 45
17 9919 28 53
18 9912 34 54
19 9907 34 59
20 9904 33 63
21 9904 23 73
22 9902 19 79
23 9901 18 81
24 9898 17 85
25 9896 16 88
26 9895 15 90
27 9893 17 90
28 9888 22 90
29 9885 23 92
30 9878 29 93
31 9872 29 99
32 9864 35 101
33 9856 37 107
34 9849 37 114
35 9843 35 122
36 9836 35 129
37 9833 30 137
38 9830 30 140
39 9821 32 147
40 9817 30 153
41 9808 33 159
42 9805 34 161
43 9803 30 167
44 9798 32 170
45 9792 36 172
46 9789 29 182
47 9786 31 183
48 9781 31 188
49 9776 31 193
50 9768 32 200
51 9763 28 209
52 9761 26 213
53 9752 32 216
54 9743 35 222
55 9731 39 230
56 9715 46 239
57 9708 47 245
58 9700 45 255
59 9688 52 260
60 9678 53 269
61 9666 57 277
62 9657 55 288
63 9641 61 298
64 9634 56 310
65 9626 55 319
66 9617 50 333
67 9605 53 342
68 9590 60 350
69 9580 59 361
70 9573 55 372
71 9557 59 384
72 9548 55 397
73 9532 67 401
74 9524 62 414
75 9514 66 420
76 9502 73 425
77 9493 68 439
78 9483 72 445
79 9469 71 460
80 9457 65 478
81 9440 75 485
82 9429 72 499
83 9417 74 509
84 9403 77 520
85 9392 77 531
86 9377 81 542
87 9364 83 553
88 9354 76 570
89 9339 75 586
90 9333 74 593
91 9321 74 605
92 9313 69 618
93 9301 69 630
94 9292 66 642
95 9282 59 659
96 9273 58 669
97 9268 51 681
98 9257 50 693
99 9237 60 703
100 9226 53 721
101 9219 48 733
102 9205 52 743
103 9199 49 752
104 9193 44 763
105 9189 39 772
106 9180 43 777
107 9164 49 787
108 9152 52 796
109 9144 48 808
110 9131 51 818
111 9117 54 829
112 9109 54 837
113 9104 51 845
114 9093 57 850
115 9085 52 863
116 9070 62 868
117 9064 59 877
118 9053 57 890
119 9046 61 893
120 9040 54 906
121 9024 61 915
122 9007 66 927
123 8988 76 936
124 8978 74 948
125 8958 85 957
126 8932 97 971
127 8909 104 987
128 8898 90 1012
129 8876 99 1025
130 8846 110 1044
131 8830 109 1061
132 8809 115 1076
133 8779 126 1095
134 8757 121 1122
135 8735 119 1146
136 8714 118 1168
137 8688 126 1186
138 8671 118 1211
139 8646 121 1233
140 8621 125 1254
141 8607 125 1268
142 8579 132 1289
143 8563 123 1314
144 8545 117 1338
145 8529 114 1357
146 8514 112 1374
147 8501 105 1394
148 8476 110 1414
149 8455 114 1431
150 8436 111 1453
151 8407 125 1468
152 8379 129 1492
153 8357 129 1514
154 8337 121 1542
155 8316 119 1565
156 8294 121 1585
157 8273 123 1604
158 8243 132 1625
159 8215 133 1652
160 8197 122 1681
161 8168 130 1702
162 8130 140 1730
163 8100 145 1755
164 8068 160 1772
165 8036 163 1801
166 8005 163 1832
167 7983 155 1862
168 7957 155 1888
169 7930 155 1915
170 7903 146 1951
171 7879 143 1978
172 7862 127 2011
173 7841 126 2033
174 7821 129 2050
175 7790 141 2069
176 7775 125 2100
177 7756 130 2114
178 7732 138 2130
179 7706 131 2163
180 7683 135 2182
181 7661 143 2196
182 7647 131 2222
183 7617 143 2240
184 7580 151 2269
185 7560 146 2294
186 7529 151 2320
187 7504 151 2345
188 7479 147 2374
189 7457 153 2390
190 7427 146 2427
191 7416 132 2452
192 7391 130 2479
193 7369 129 2502
194 7352 126 2522
195 7328 132 2540
196 7303 133 2564
197 7284 131 2585
198 7261 125 2614
199 7240 121 2639
200 7223 116 2661
201 7207 115 2678
202 7179 126 2695
203 7157 124 2719
204 7143 117 2740
205 7121 109 2770
206 7095 120 2785
207 7082 112 2806
208 7064 116 2820
209 7039 121 2840
210 7023 118 2859
211 6997 124 2879
212 6954 143 2903
213 6924 137 2939
214 6889 156 2955
215 6855 156 2989
216 6827 157 3016
217 6798 154 3048
218 6770 159 3071
219 6739 150 3111
220 6702 165 3133
221 6664 176 3160
222 6630 177 3193
223 6598 181 3221
224 6559 185 3256
225 6528 188 3284
226 6497 181 3322
227 6459 199 3342
228 6427 197 3376
229 6391 207 3402
230 6353 216 3431
231 6318 223 3459
232 6283 216 3501
233 6242 225 3533
234 6202 221 3577
235 6164 226 3610
236 6126 228 3646
237 6080 238 3682
238 6046 237 3717
239 5995 244 3761
240 5952 242 3806
241 5904 244 3852
242 5865 245 3890
243 5816 253 3931
244 5772 243 3985
245 5730 237 4033
246 5678 249 4073
247 5630 241 4129
248 5602 234 4164
249 5556 237 4207
250 5519 240 4241
251 5477 240 4283
252 5441 235 4324
253 5403 239 4358
254 5348 258 4394
255 5289 268 4443
256 5240 279 4481
257 5184 286 4530
258 5138 290 4572
259 5111 267 4622
260 5061 276 4663
261 5024 269 4707
262 4995 255 4750
263 4957 256 4787
264 4928 232 4840
265 4892 227 4881
266 4864 212 4924
267 4830 201 4969
268 4788 200 5012
269 4756 192 5052
270 4737 182 5081
271 4706 176 5118
272 4669 185 5146
273 4645 170 5185
274 4612 179 5209
275 4584 174 5242
276 4549 188 5263
277 4521 180 5299
278 4473 197 5330
279 4433 201 5366
280 4398 199 5403
281 4371 193 5436
282 4336 200 5464
283 4304 196 5500
284 4258 204 5538
285 4213 214 5573
286 4174 213 5613
287 4137 220 5643
288 4109 211 5680
289 4076 198 5726
290 4041 196 5763
291 4012 199 5789
292 3985 198 5817
293 3952 200 5848
294 3918 199 5883
295 3887 198 5915
296 3855 194 5951
297 3820 193 5987
298 3787 196 6017
299 3760 180 6060
300 3731 180 6089
301 3703 171 6126
302 3677 168 6155
303 3651 174 6175
304 3622 168 6210
305 3597 160 6243
306 3578 158 6264
307 3558 156 6286
308 3540 146 6314
309 3522 140 6338
310 3510 126 6364
311 3494 119 6387
312 3478 110 6412
313 3458 113 6429
314 3445 98 6457
315 3434 92 6474
316 3415 99 6486
317 3402 95 6503
318 3391 96 6513
319 3377 96 6527
320 3362 97 6541
321 3344 96 6560
322 3325 100 6575
323 3310 100 6590
324 3296 100 6604
325 3277 100 6623
326 3257 103 6640
327 3250 94 6656
328 3239 84 6677
329 3226 77 6697
330 3207 82 6711
331 3195 78 6727
332 3184 81 6735
333 3175 68 6757
334 3165 66 6769
335 3153 68 6779
336 3143 66 6791
337 3132 69 6799
338 3120 75 6805
339 3106 73 6821
340 3088 83 6829
341 3072 79 6849
342 3063 73 6864
343 3056 66 6878
344 3046 64 6890
345 3037 64 6899
346 3032 56 6912
347 3025 56 6919
348 3018 60 6922
349 3011 59 6930
350 3005 57 6938
351 3002 47 6951
352 2997 41 6962
353 2991 38 6971
354 2988 36 6976
355 2981 34 6985
356 2971 39 6990
357 2969 36 6995
358 2967 28 7005
359 2965 20 7015
360 2962 23 7015
361 2957 27 7016
362 2955 29 7016
363 2950 25 7025
364 2947 26 7027
365 2944 22 7034
366 2938 25 7037
367 2926 30 7044
368 2920 30 7050
369 2913 29 7058
370 2910 27 7063
371 2906 21 7073
372 2901 18 7081
373 2901 14 7085
374 2897 17 7086
375 2893 18 7089
376 2883 21 7096
377 2874 25 7101
378 2867 28 7105
379 2863 29 7108
380 2857 30 7113
381 2851 30 7119
382 2840 37 7123
383 2830 41 7129
384 2821 46 7133
385 2816 46 7138
386 2812 43 7145
387 2806 39 7155
388 2801 40 7159
389 2793 43 7164
390 2790 41 7169
391 2786 39 7175
392 2778 45 7177
393 2771 48 7181
394 2764 42 7194
395 2756 42 7202
396 2748 45 7207
397 2739 44 7217
398 2735 41 7224
399 2727 41 7232
400 2721 41 7238
401 2714 39 7247
402 2704 42 7254
403 2701 41 7258
404 2694 41 7265
405 2689 36 7275
406 2683 37 7280
407 2673 42 7285
408 2665 42 7293
409 2660 43 7297
410 2654 44 7302
411 2651 40 7309
412 2646 41 7313
413 2643 39 7318
414 2639 34 7327
415 2634 25 7341
416 2630 25 7345
417 2624 25 7351
418 2620 25 7355
419 2617 23 7360
420 2612 24 7364
421 2606 25 7369
422 2597 31 7372
423 2590 33 7377
424 2589 24 7387
425 2584 23 7393
426 2582 23 7395
427 2578 24 7398
428 2575 23 7402
429 2572 24 7404
430 2570 22 7408
431 2568 20 7412
432 2562 22 7416
433 2561 19 7420
434 2559 19 7422
435 2557 18 7425
436 2556 19 7425
437 2555 14 7431
438 2554 13 7433
439 2553 12 7435
440 2553 9 7438
441 2552 9 7439
442 2551 9 7440
443 2551 8 7441
444 2551 7 7442
445 2551 5 7444
446 2551 5 7444
447 2551 5 7444
448 2551 5 7444
449 2551 5 7444
450 2551 4 7445
451 2551 3 7446
452 2551 2 7447
453 2551 2 7447
454 2551 2 7447
455 2551 2 7447
456 2551 2 7447
457 2551 2 7447
458 2551 2 7447
459 2551 2 7447
460 2551 2 7447
461 2551 2 7447
462 2551 2 7447
463 2551 2 7447
464 2551 2 7447
465 2551 2 7447
466 2551 2 7447
467 2551 2 7447
468 2551 2 7447
469 2551 2 7447
470 2551 1 7448
471 2551 1 7448
472 2551 1 7448
473 2551 1 7448
474 2551 1 7448
475 2551 1 7448
476 2551 1 7448
477 2551 1 7448
478 2551 0 7449
479 2551 0 7449
480 2551 0 7449
481 2551 0 7449
482 2551 0 7449
483 2551 0 7449
484 2551 0 7449
485 2551 0 7449
486 2551 0 7449
487 2551 0 7449
488 2551 0 7449
489 2551 0 7449
490 2551 0 7449
491 2551 0 7449
492 2551 0 7449
493 2551 0 7449
494 2551 0 7449
495 2551 0 7449
496 2551 0 7449
497 2551 0 7449
498 2551 0 7449
499 2551 0 7449
500 2551 0 7449
501 2551 0 7449
502 2551 0 7449
503 2551 0 7449
504 2551 0 7449
505 2551 0 7449
506 2551 0 7449
507 2551 0 7449
508 2551 0 7449
509 2551 0 7449
510 2551 0 7449
511 2551 0 7449
512 2551 0 7449
513 2551 0 7449
514 2551 0 7449
515 2551 0 7449
516 2551 0 7449
517 2551 0 7449
518 2551 0 7449
519 2551 0 7449
520 2551 0 7449
521 2551 0 7449
522 2551 0 7449
523 2551 0 7449
524 2551 0 7449
525 2551 0 7449
526 2551 0 7449
527 2551 0 7449
528 2551 0 7449
529 2551 0 7449
530 2551 0 7449
531 2551 0 7449
532 2551 0 7449
533 2551 0 7449
534 2551 0 7449
535 2551 0 7449
536 2551 0 7449
537 2551 0 7449
538 2551 0 7449
539 2551 0 7449
540 2551 0 7449
541 2551 0 7449
542 2551 0 7449
543 2551 0 7449
544 2551 0 7449
545 2551 0 7449
546 2551 0 7449
547 2551 0 7449
548 2551 0 7449
549 2551 0 7449
550 2551 0 7449
551 2551 0 7449
552 2551 0 7449
553 2551 0 7449
554 2551 0 7449
555 2551 0 7449
556 2551 0 7449
557 2551 0 7449
558 2551 0 7449
559 2551 0 7449
560 2551 0 7449
561 2551 0 7449
562 2551 0 7449
563 2551 0 7449
564 2551 0 7449
565 2551 0 7449
566 2551 0 7449
567 2551 0 7449
568 2551 0 7449
569 2551 0 7449
570 2551 0 7449
571 2551 0 7449
572 2551 0 7449
573 2551 0 7449
574 2551 0 7449
575 2551 0 7449
576 2551 0 7449
577 2551 0 7449
578 2551 0 7449
579 2551 0 7449
580 2551 0 7449
581 2551 0 7449
582 2551 0 7449
583 2551 0 7449
584 2551 0 7449
585 2551 0 7449
586 2551 0 7449
587 2551 0 7449
588 2551 0 7449
589 2551 0 7449
590 2551 0 7449
591 2551 0 7449
592 2551 0 7449
593 2551 0 7449
594 2551 0 7449
595 2551 0 7449
596 2551 0 7449
597 2551 0 7449
598 2551 0 7449
599 2551 0 7449
600 2551 0 7449
601 2551 0 7449
602 2551 0 7449
603 2551 0 7449
604 2551 0 7449
605 2551 0 7449
606 2551 0 7449
607 2551 0 7449
608 2551 0 7449
609 2551 0 7449
610 2551 0 7449
611 2551 0 7449
612 2551 0 7449
613 2551 0 7449
614 2551 0 7449
615 2551 0 7449
616 2551 0 7449
617 2551 0 7449
618 2551 0 7449
619 2551 0 7449
620 2551 0 7449
621 2551 0 7449
622 2551 0 7449
623 2551 0 7449
624 2551 0 7449
625 2551 0 7449
626 2551 0 7449
627 2551 0 7449
628 2551 0 7449
629 2551 0 7449
630 2551 0 7449
631 2551 0 7449
632 2551 0 7449
633 2551 0 7449
634 2551 0 7449
635 2551 0 7449
636 2551 0 7449
637 2551 0 7449
638 2551 0 7449
639 2551 0 7449
640 2551 0 7449
641 2551 0 7449
642 2551 0 7449
643 2551 0 7449
644 2551 0 7449
645 2551 0 7449
646 2551 0 7449
647 2551 0 7449
648 2551 0 7449
649 2551 0 7449
650 2551 0 7449
651 2551 0 7449
652 2551 0 7449
653 2551 0 7449
654 2551 0 7449
655 2551 0 7449
656 2551 0 7449
657 2551 0 7449
658 2551 0 7449
659 2551 0 7449
660 2551 0 7449
661 2551 0 7449
662 2551 0 7449
663 2551 0 7449
664 2551 0 7449
665 2551 0 7449
666 2551 0 7449
667 2551 0 7449
668 2551 0 7449
669 2551 0 7449
670 2551 0 7449
671 2551 0 7449
672 2551 0 7449
673 2551 0 7449
674 2551 0 7449
675 2551 0 7449
676 2551 0 7449
677 2551 0 7449
678 2551 0 7449
679 2551 0 7449
680 2551 0 7449
681 2551 0 7449
682 2551 0 7449
683 2551 0 7449
684 2551 0 7449
685 2551 0 7449
686 2551 0 7449
687 2551 0 7449
688 2551 0 7449
689 2551 0 7449
690 2551 0 7449
691 2551 0 7449
692 2551 0 7449
693 2551 0 7449
694 2551 0 7449
695 2551 0 7449
696 2551 0 7449
697 2551 0 7449
698 2551 0 7449
699 2551 0 7449
700 2551 0 7449
701 2551 0 7449
702 2551 0 7449
703 2551 0 7449
704 2551 0 7449
705 2551 0 7449
706 2551 0 7449
707 2551 0 7449
708 2551 0 7449
709 2551 0 7449
710 2551 0 7449
711 2551 0 7449
712 2551 0 7449
713 2551 0 7449
714 2551 0 7449
715 2551 0 7449
716 2551 0 7449
717 2551 0 7449
718 2551 0 7449
719 2551 0 7449
720 2551 0 7449
721 2551 0 7449
722 2551 0 7449
723 2551 0 7449
724 2551 0 7449
725 2551 0 7449
726 2551 0 7449
727 2551 0 7449
728 2551 0 7449
729 2551 0 7449
730 2551 0 7449
731 2551 0 7449
732 2551 0 7449
733 2551 0 7449
734 2551 0 7449
735 2551 0 7449
736 2551 0 7449
737 2551 0 7449
738 2551 0 7449
739 2551 0 7449
740 2551 0 7449
741 2551 0 7449
742 2551 0 7449
743 2551 0 7449
744 2551 0 7449
745 2551 0 7449
746 2551 0 7449
747 2551 0 7449
748 2551 0 7449
749 2551 0 7449
750 2551 0 7449
751 2551 0 7449
752 2551 0 7449
753 2551 0 7449
754 2551 0 7449
755 2551 0 7449
756 2551 0 7449
757 2551 0 7449
758 2551 0 7449
759 2551 0 7449
760 2551 0 7449
761 2551 0 7449
762 2551 0 7449
763 2551 0 7449
764 2551 0 7449
765 2551 0 7449
766 2551 0 7449
767 2551 0 7449
768 2551 0 7449
769 2551 0 7449
770 2551 0 7449
771 2551 0 7449
772 2551 0 7449
773 2551 0 7449
774 2551 0 7449
775 2551 0 7449
776 2551 0 7449
777 2551 0 7449
778 2551 0 7449
779 2551 0 7449
780 2551 0 7449
781 2551 0 7449
782 2551 0 7449
783 2551 0 7449
784 2551 0 7449
785 2551 0 7449
786 2551 0 7449
787 2551 0 7449
788 2551 0 7449
789 2551 0 7449
790 2551 0 7449
791 2551 0 7449
792 2551 0 7449
793 2551 0 7449
794 2551 0 7449
795 2551 0 7449
796 2551 0 7449
797 2551 0 7449
798 2551 0 7449
799 2551 0 7449
800 2551 0 7449
801 2551 0 7449
802 2551 0 7449
803 2551 0 7449
804 2551 0 7449
805 2551 0 7449
806 2551 0 7449
807 2551 0 7449
808 2551 0 7449
809 2551 0 7449
810 2551 0 7449
811 2551 0 7449
812 2551 0 7449
813 2551 0 7449
814 2551 0 7449
815 2551 0 7449
816 2551 0 7449
817 2551 0 7449
818 2551 0 7449
819 2551 0 7449
820 2551 0 7449
821 2551 0 7449
822 2551 0 7449
823 2551 0 7449
824 2551 0 7449
825 2551 0 7449
826 2551 0 7449
827 2551 0 7449
828 2551 0 7449
829 2551 0 7449
830 2551 0 7449
831 2551 0 7449
832 2551 0 7449
833 2551 0 7449
834 2551 0 7449
835 2551 0 7449
836 2551 0 7449
837 2551 0 7449
838 2551 0 7449
839 2551 0 7449
840 2551 0 7449
841 2551 0 7449
842 2551 0 7449
843 2551 0 7449
844 2551 0 7449
845 2551 0 7449
846 2551 0 7449
847 2551 0 7449
848 2551 0 7449
849 2551 0 7449
850 2551 0 7449
851 2551 0 7449
852 2551 0 7449
853 2551 0 7449
854 2551 0 7449
855 2551 0 7449
856 2551 0 7449
857 2551 0 7449
858 2551 0 7449
859 2551 0 7449
860 2551 0 7449
861 2551 0 7449
862 2551 0 7449
863 2551 0 7449
864 2551 0 7449
865 2551 0 7449
866 2551 0 7449
867 2551 0 7449
868 2551 0 7449
869 2551 0 7449
870 2551 0 7449
871 2551 0 7449
872 2551 0 7449
873 2551 0 7449
874 2551 0 7449
875 2551 0 7449
876 2551 0 7449
877 2551 0 7449
878 2551 0 7449
879 2551 0 7449
880 2551 0 7449
881 2551 0 7449
882 2551 0 7449
883 2551 0 7449
884 2551 0 7449
885 2551 0 7449
886 2551 0 7449
887 2551 0 7449
888 2551 0 7449
889 2551 0 7449
890 2551 0 7449
891 2551 0 7449
892 2551 0 7449
893 2551 0 7449
894 2551 0 7449
895 2551 0 7449
896 2551 0 7449
897 2551 0 7449
898 2551 0 7449
899 2551 0 7449
900 2551 0 7449
901 2551 0 7449
902 2551 0 7449
903 2551 0 7449
904 2551 0 7449
905 2551 0 7449
906 2551 0 7449
907 2551 0 7449
908 2551 0 7449
909 2551 0 7449
910 2551 0 7449
911 2551 0 7449
912 2551 0 7449
913 2551 0 7449
914 2551 0 7449
915 2551 0 7449
916 2551 0 7449
917 2551 0 7449
918 2551 0 7449
919 2551 0 7449
920 2551 0 7449
921 2551 0 7449
922 2551 0 7449
923 2551 0 7449
924 2551 0 7449
925 2551 0 7449
926 2551 0 7449
927 2551 0 7449
928 2551 0 7449
929 2551 0 7449
930 2551 0 7449
931 2551 0 7449
932 2551 0 7449
933 2551 0 7449
934 2551 0 7449
935 2551 0 7449
936 2551 0 7449
937 2551 0 7449
938 2551 0 7449
939 2551 0 7449
940 2551 0 7449
941 2551 0 7449
942 2551 0 7449
943 2551 0 7449
944 2551 0 7449
945 2551 0 7449
946 2551 0 7449
947 2551 0 7449
948 2551 0 7449
949 2551 0 7449
950 2551 0 7449
951 2551 0 7449
952 2551 0 7449
953 2551 0 7449
954 2551 0 7449
955 2551 0 7449
956 2551 0 7449
957 2551 0 7449
958 2551 0 7449
959 2551 0 7449
960 2551 0 7449
961 2551 0 7449
962 2551 0 7449
963 2551 0 7449
964 2551 0 7449
965 2551 0 7449
966 2551 0 7449
967 2551 0 7449
968 2551 0 7449
969 2551 0 7449
970 2551 0 7449
971 2551 0 7449
972 2551 0 7449
973 2551 0 7449
974 2551 0 7449
975 2551 0 7449
976 2551 0 7449
977 2551 0 7449
978 2551 0 7449
979 2551 0 7449
980 2551 0 7449
981 2551 0 7449
982 2551 0 7449
983 2551 0 7449
984 2551 0 7449
985 2551 0 7449
986 2551 0 7449
987 2551 0 7449
988 2551 0 7449
989 2551 0 7449
990 2551 0 7449
991 2551 0 7449
992 2551 0 7449
993 2551 0 7449
994 2551 0 7449
995 2551 0 7449
996 2551 0 7449
997 2551 0 7449
998 2551 0 7449
999 2551 0 7449
