0 9999 1 0
1 9998 1 1
2 9997 2 1
3 9996 3 1
4 9994 3 3
5 9993 3 4
6 9992 4 4
7 9992 2 6
8 9991 3 6
9 9989 4 7
10 9989 4 7
11 9986 6 8
12 9981 11 8
13 9980 10 10
14 9979 10 11
15 9976 12 12
16 9972 12 16
17 9971 9 20
18 9968 10 22
19 9964 11 25
20 9963 11 26
21 9963 8 29
22 9960 10 30
23 9957 13 30
24 9953 15 32
25 9949 16 35
26 9946 16 38
27 9945 14 41
28 9943 15 42
29 9940 11 49
30 9938 11 51
31 9931 17 52
32 9925 19 56
33 9919 22 59
34 9914 20 66
35 9912 19 69
36 9905 23 72
37 9897 30 73
38 9885 34 81
39 9877 37 86
40 9858 38 104
41 9847 45 108
42 9838 45 117
43 9828 51 121
44 9812 54 134
45 9803 59 138
46 9795 55 150
47 9784 51 165
48 9775 55 170
49 9763 58 179
50 9754 58 188
51 9740 64 196
52 9728 61 211
53 9717 59 224
54 9699 69 232
55 9683 75 242
56 9665 81 254
57 9649 81 270
58 9639 82 279
59 9623 82 295
60 9605 88 307
61 9587 91 322
62 9570 89 341
63 9553 89 358
64 9536 84 380
65 9521 85 394
66 9497 96 407
67 9481 96 423
68 9464 100 436
69 9448 91 461
70 9424 99 477
71 9407 99 494
72 9390 102 508
73 9371 109 520
74 9354 102 544
75 9341 98 561
76 9316 107 577
77 9302 103 595
78 9287 104 609
79 9271 97 632
80 9244 104 652
81 9225 99 676
82 9209 100 691
83 9193 99 708
84 9166 108 726
85 9146 107 747
86 9121 115 764
87 9098 120 782
88 9080 117 803
89 9064 108 828
90 9041 113 846
91 9025 107 868
92 9004 109 887
93 8971 120 909
94 8948 116 936
95 8921 128 951
96 8893 132 975
97 8855 143 1002
98 8824 149 1027
99 8788 154 1058
100 8750 167 1083
101 8727 154 1119
102 8704 148 1148
103 8690 133 1177
104 8674 127 1199
105 8655 122 1223
106 8626 127 1247
107 8604 125 1271
108 8591 114 1295
109 8568 118 1314
110 8547 118 1335
111 8519 130 1351
112 8484 143 1373
113 8459 140 1401
114 8440 140 1420
115 8419 128 1453
116 8389 138 1473
117 8363 136 1501
118 8340 136 1524
119 8316 142 1542
120 8294 131 1575
121 8273 122 1605
122 8254 126 1620
123 8238 120 1642
124 8214 121 1665
125 8197 116 1687
126 8170 122 1708
127 8154 117 1729
128 8140 119 1741
129 8124 113 1763
130 8111 110 1779
131 8098 100 1802
132 8081 99 1820
133 8062 101 1837
134 8038 110 1852
135 8021 107 1872
136 8000 111 1889
137 7983 108 1909
138 7962 110 1928
139 7947 107 1946
140 7919 119 1962
141 7895 122 1983
142 7862 130 2008
143 7837 127 2036
144 7812 135 2053
145 7775 146 2079
146 7750 145 2105
147 7724 145 2131
148 7689 156 2155
149 7666 151 2183
150 7641 148 2211
151 7621 136 2243
152 7601 132 2267
153 7587 121 2292
154 7564 130 2306
155 7540 133 2327
156 7524 128 2348
157 7498 122 2380
158 7478 125 2397
159 7457 132 2411
160 7435 129 2436
161 7412 128 2460
162 7398 117 2485
163 7380 115 2505
164 7359 115 2526
165 7339 118 2543
166 7311 128 2561
167 7288 127 2585
168 7259 134 2607
169 7233 136 2631
170 7200 140 2660
171 7163 154 2683
172 7133 154 2713
173 7108 154 2738
174 7088 137 2775
175 7064 141 2795
176 7044 123 2833
177 7025 121 2854
178 6997 128 2875
179 6970 135 2895
180 6948 131 2921
181 6915 150 2935
182 6887 162 2951
183 6865 151 2984
184 6828 158 3014
185 6801 160 3039
186 6761 167 3072
187 6717 180 3103
188 6684 188 3128
189 6650 190 3160
190 6601 211 3188
191 6562 215 3223
192 6517 224 3259
193 6490 215 3295
194 6448 230 3322
195 6391 247 3362
196 6346 250 3404
197 6301 256 3443
198 6251 245 3504
199 6202 255 3543
200 6158 253 3589
201 6115 254 3631
202 6062 271 3667
203 6008 284 3708
204 5966 266 3768
205 5916 276 3808
206 5868 273 3859
207 5813 271 3916
208 5772 261 3967
209 5741 247 4012
210 5707 231 4062
211 5672 225 4103
212 5623 236 4141
213 5584 228 4188
214 5546 225 4229
215 5521 214 4265
216 5478 220 4302
217 5452 213 4335
218 5406 224 4370
219 5376 215 4409
220 5338 215 4447
221 5307 210 4483
222 5277 209 4514
223 5234 214 4552
224 5196 222 4582
225 5151 226 4623
226 5110 234 4656
227 5066 226 4708
228 5029 220 4751
229 4986 214 4800
230 4940 221 4839
231 4901 216 4883
232 4861 214 4925
233 4824 213 4963
234 4790 203 5007
235 4751 208 5041
236 4715 212 5073
237 4675 217 5108
238 4638 214 5148
239 4604 218 5178
240 4570 218 5212
241 4519 228 5253
242 4487 224 5289
243 4443 233 5324
244 4401 240 5359
245 4357 238 5405
246 4318 233 5449
247 4276 230 5494
248 4227 240 5533
249 4180 257 5563
250 4148 242 5610
251 4087 266 5647
252 4034 278 5688
253 3984 286 5730
254 3934 287 5779
255 3874 304 5822
256 3828 297 5875
257 3778 297 5925
258 3743 277 5980
259 3691 275 6034
260 3646 268 6086
261 3603 265 6132
262 3561 265 6174
263 3520 260 6220
264 3484 246 6270
265 3434 248 6318
266 3409 244 6347
267 3368 246 6386
268 3324 241 6435
269 3293 234 6473
270 3246 240 6514
271 3217 224 6559
272 3193 214 6593
273 3169 196 6635
274 3123 198 6679
275 3095 196 6709
276 3063 198 6739
277 3032 200 6768
278 3005 189 6806
279 2979 191 6830
280 2958 178 6864
281 2933 165 6902
282 2908 168 6924
283 2889 155 6956
284 2856 164 6980
285 2831 164 7005
286 2799 171 7030
287 2778 163 7059
288 2758 159 7083
289 2725 165 7110
290 2699 164 7137
291 2689 143 7168
292 2673 146 7181
293 2658 131 7211
294 2646 121 7233
295 2630 121 7249
296 2619 115 7266
297 2604 111 7285
298 2590 112 7298
299 2575 104 7321
300 2564 103 7333
301 2554 95 7351
302 2544 94 7362
303 2535 85 7380
304 2521 89 7390
305 2509 83 7408
306 2493 85 7422
307 2484 76 7440
308 2481 63 7456
309 2476 60 7464
310 2470 54 7476
311 2467 47 7486
312 2462 46 7492
313 2456 42 7502
314 2452 38 7510
315 2449 36 7515
316 2446 31 7523
317 2441 30 7529
318 2439 28 7533
319 2436 29 7535
320 2434 26 7540
321 2431 25 7544
322 2426 26 7548
323 2426 19 7555
324 2422 19 7559
325 2420 20 7560
326 2417 16 7567
327 2414 14 7572
328 2409 16 7575
329 2409 15 7576
330 2405 19 7576
331 2400 23 7577
332 2398 22 7580
333 2394 20 7586
334 2392 22 7586
335 2387 23 7590
336 2385 22 7593
337 2382 22 7596
338 2378 23 7599
339 2377 22 7601
340 2375 21 7604
341 2368 26 7606
342 2361 29 7610
343 2355 29 7616
344 2350 26 7624
345 2343 25 7632
346 2339 23 7638
347 2330 31 7639
348 2327 30 7643
349 2319 32 7649
350 2313 34 7653
351 2307 35 7658
352 2302 32 7666
353 2293 37 7670
354 2288 37 7675
355 2277 40 7683
356 2268 43 7689
357 2254 49 7697
358 2247 47 7706
359 2236 47 7717
360 2223 46 7731
361 2217 42 7741
362 2209 43 7748
363 2202 47 7751
364 2192 53 7755
365 2180 55 7765
366 2164 59 7777
367 2155 57 7788
368 2143 63 7794
369 2128 65 7807
370 2112 70 7818
371 2089 75 7836
372 2082 71 7847
373 2075 65 7860
374 2067 62 7871
375 2060 56 7884
376 2052 54 7894
377 2042 56 7902
378 2036 50 7914
379 2032 44 7924
380 2019 47 7934
381 2012 45 7943
382 2003 39 7958
383 1990 44 7966
384 1980 45 7975
385 1966 53 7981
386 1958 48 7994
387 1949 50 8001
388 1936 51 8013
389 1929 48 8023
390 1920 49 8031
391 1909 52 8039
392 1898 54 8048
393 1886 54 8060
394 1883 47 8070
395 1870 49 8081
396 1866 43 8091
397 1864 37 8099
398 1861 34 8105
399 1859 28 8113
400 1855 28 8117
401 1851 26 8123
402 1848 24 8128
403 1841 25 8134
404 1841 21 8138
405 1839 20 8141
406 1839 17 8144
407 1837 14 8149
408 1837 9 8154
409 1837 7 8156
410 1836 7 8157
411 1836 6 8158
412 1836 6 8158
413 1836 6 8158
414 1835 7 8158
415 1835 6 8159
416 1835 5 8160
417 1835 3 8162
418 1835 3 8162
419 1835 3 8162
420 1835 3 8162
421 1835 3 8162
422 1835 2 8163
423 1835 2 8163
424 1835 2 8163
425 1835 1 8164
426 1835 1 8164
427 1835 1 8164
428 1835 1 8164
429 1835 1 8164
430 1835 1 8164
431 1835 1 8164
432 1835 1 8164
433 1835 1 8164
434 1835 1 8164
435 1835 1 8164
436 1835 1 8164
437 1835 1 8164
438 1835 1 8164
439 1835 1 8164
440 1835 1 8164
441 1835 1 8164
442 1835 0 8165
443 1835 0 8165
444 1835 0 8165
445 1835 0 8165
446 1835 0 8165
447 1835 0 8165
448 1835 0 8165
449 1835 0 8165
450 1835 0 8165
451 1835 0 8165
452 1835 0 8165
453 1835 0 8165
454 1835 0 8165
455 1835 0 8165
456 1835 0 8165
457 1835 0 8165
458 1835 0 8165
459 1835 0 8165
460 1835 0 8165
461 1835 0 8165
462 1835 0 8165
463 1835 0 8165
464 1835 0 8165
465 1835 0 8165
466 1835 0 8165
467 1835 0 8165
468 1835 0 8165
469 1835 0 8165
470 1835 0 8165
471 1835 0 8165
472 1835 0 8165
473 1835 0 8165
474 1835 0 8165
475 1835 0 8165
476 1835 0 8165
477 1835 0 8165
478 1835 0 8165
479 1835 0 8165
480 1835 0 8165
481 1835 0 8165
482 1835 0 8165
483 1835 0 8165
484 1835 0 8165
485 1835 0 8165
486 1835 0 8165
487 1835 0 8165
488 1835 0 8165
489 1835 0 8165
490 1835 0 8165
491 1835 0 8165
492 1835 0 8165
493 1835 0 8165
494 1835 0 8165
495 1835 0 8165
496 1835 0 8165
497 1835 0 8165
498 1835 0 8165
499 1835 0 8165
500 1835 0 8165
501 1835 0 8165
502 1835 0 8165
503 1835 0 8165
504 1835 0 8165
505 1835 0 8165
506 1835 0 8165
507 1835 0 8165
508 1835 0 8165
509 1835 0 8165
510 1835 0 8165
511 1835 0 8165
512 1835 0 8165
513 1835 0 8165
514 1835 0 8165
515 1835 0 8165
516 1835 0 8165
517 1835 0 8165
518 1835 0 8165
519 1835 0 8165
520 1835 0 8165
521 1835 0 8165
522 1835 0 8165
523 1835 0 8165
524 1835 0 8165
525 1835 0 8165
526 1835 0 8165
527 1835 0 8165
528 1835 0 8165
529 1835 0 8165
530 1835 0 8165
531 1835 0 8165
532 1835 0 8165
533 1835 0 8165
534 1835 0 8165
535 1835 0 8165
536 1835 0 8165
537 1835 0 8165
538 1835 0 8165
539 1835 0 8165
540 1835 0 8165
541 1835 0 8165
542 1835 0 8165
543 1835 0 8165
544 1835 0 8165
545 1835 0 8165
546 1835 0 8165
547 1835 0 8165
548 1835 0 8165
549 1835 0 8165
550 1835 0 8165
551 1835 0 8165
552 1835 0 8165
553 1835 0 8165
554 1835 0 8165
555 1835 0 8165
556 1835 0 8165
557 1835 0 8165
558 1835 0 8165
559 1835 0 8165
560 1835 0 8165
561 1835 0 8165
562 1835 0 8165
563 1835 0 8165
564 1835 0 8165
565 1835 0 8165
566 1835 0 8165
567 1835 0 8165
568 1835 0 8165
569 1835 0 8165
570 1835 0 8165
571 1835 0 8165
572 1835 0 8165
573 1835 0 8165
574 1835 0 8165
575 1835 0 8165
576 1835 0 8165
577 1835 0 8165
578 1835 0 8165
579 1835 0 8165
580 1835 0 8165
581 1835 0 8165
582 1835 0 8165
583 1835 0 8165
584 1835 0 8165
585 1835 0 8165
586 1835 0 8165
587 1835 0 8165
588 1835 0 8165
589 1835 0 8165
590 1835 0 8165
591 1835 0 8165
592 1835 0 8165
593 1835 0 8165
594 1835 0 8165
595 1835 0 8165
596 1835 0 8165
597 1835 0 8165
598 1835 0 8165
599 1835 0 8165
600 1835 0 8165
601 1835 0 8165
602 1835 0 8165
603 1835 0 8165
604 1835 0 8165
605 1835 0 8165
606 1835 0 8165
607 1835 0 8165
608 1835 0 8165
609 1835 0 8165
610 1835 0 8165
611 1835 0 8165
612 1835 0 8165
613 1835 0 8165
614 1835 0 8165
615 1835 0 8165
616 1835 0 8165
617 1835 0 8165
618 1835 0 8165
619 1835 0 8165
620 1835 0 8165
621 1835 0 8165
622 1835 0 8165
623 1835 0 8165
624 1835 0 8165
625 1835 0 8165
626 1835 0 8165
627 1835 0 8165
628 1835 0 8165
629 1835 0 8165
630 1835 0 8165
631 1835 0 8165
632 1835 0 8165
633 1835 0 8165
634 1835 0 8165
635 1835 0 8165
636 1835 0 8165
637 1835 0 8165
638 1835 0 8165
639 1835 0 8165
640 1835 0 8165
641 1835 0 8165
642 1835 0 8165
643 1835 0 8165
644 1835 0 8165
645 1835 0 8165
646 1835 0 8165
647 1835 0 8165
648 1835 0 8165
649 1835 0 8165
650 1835 0 8165
651 1835 0 8165
652 1835 0 8165
653 1835 0 8165
654 1835 0 8165
655 1835 0 8165
656 1835 0 8165
657 1835 0 8165
658 1835 0 8165
659 1835 0 8165
660 1835 0 8165
661 1835 0 8165
662 1835 0 8165
663 1835 0 8165
664 1835 0 8165
665 1835 0 8165
666 1835 0 8165
667 1835 0 8165
668 1835 0 8165
669 1835 0 8165
670 1835 0 8165
671 1835 0 8165
672 1835 0 8165
673 1835 0 8165
674 1835 0 8165
675 1835 0 8165
676 1835 0 8165
677 1835 0 8165
678 1835 0 8165
679 1835 0 8165
680 1835 0 8165
681 1835 0 8165
682 1835 0 8165
683 1835 0 8165
684 1835 0 8165
685 1835 0 8165
686 1835 0 8165
687 1835 0 8165
688 1835 0 8165
689 1835 0 8165
690 1835 0 8165
691 1835 0 8165
692 1835 0 8165
693 1835 0 8165
694 1835 0 8165
695 1835 0 8165
696 1835 0 8165
697 1835 0 8165
698 1835 0 8165
699 1835 0 8165
700 1835 0 8165
701 1835 0 8165
702 1835 0 8165
703 1835 0 8165
704 1835 0 8165
705 1835 0 8165
706 1835 0 8165
707 1835 0 8165
708 1835 0 8165
709 1835 0 8165
710 1835 0 8165
711 1835 0 8165
712 1835 0 8165
713 1835 0 8165
714 1835 0 8165
715 1835 0 8165
716 1835 0 8165
717 1835 0 8165
718 1835 0 8165
719 1835 0 8165
720 1835 0 8165
721 1835 0 8165
722 1835 0 8165
723 1835 0 8165
724 1835 0 8165
725 1835 0 8165
726 1835 0 8165
727 1835 0 8165
728 1835 0 8165
729 1835 0 8165
730 1835 0 8165
731 1835 0 8165
732 1835 0 8165
733 1835 0 8165
734 1835 0 8165
735 1835 0 8165
736 1835 0 8165
737 1835 0 8165
738 1835 0 8165
739 1835 0 8165
740 1835 0 8165
741 1835 0 8165
742 1835 0 8165
743 1835 0 8165
744 1835 0 8165
745 1835 0 8165
746 1835 0 8165
747 1835 0 8165
748 1835 0 8165
749 1835 0 8165
750 1835 0 8165
751 1835 0 8165
752 1835 0 8165
753 1835 0 8165
754 1835 0 8165
755 1835 0 8165
756 1835 0 8165
757 1835 0 8165
758 1835 0 8165
759 1835 0 8165
760 1835 0 8165
761 1835 0 8165
762 1835 0 8165
763 1835 0 8165
764 1835 0 8165
765 1835 0 8165
766 1835 0 8165
767 1835 0 8165
768 1835 0 8165
769 1835 0 8165
770 1835 0 8165
771 1835 0 8165
772 1835 0 8165
773 1835 0 8165
774 1835 0 8165
775 1835 0 8165
776 1835 0 8165
777 1835 0 8165
778 1835 0 8165
779 1835 0 8165
780 1835 0 8165
781 1835 0 8165
782 1835 0 8165
783 1835 0 8165
784 1835 0 8165
785 1835 0 8165
786 1835 0 8165
787 1835 0 8165
788 1835 0 8165
789 1835 0 8165
790 1835 0 8165
791 1835 0 8165
792 1835 0 8165
793 1835 0 8165
794 1835 0 8165
795 1835 0 8165
796 1835 0 8165
797 1835 0 8165
798 1835 0 8165
799 1835 0 8165
800 1835 0 8165
801 1835 0 8165
802 1835 0 8165
803 1835 0 8165
804 1835 0 8165
805 1835 0 8165
806 1835 0 8165
807 1835 0 8165
808 1835 0 8165
809 1835 0 8165
810 1835 0 8165
811 1835 0 8165
812 1835 0 8165
813 1835 0 8165
814 1835 0 8165
815 1835 0 8165
816 1835 0 8165
817 1835 0 8165
818 1835 0 8165
819 1835 0 8165
820 1835 0 8165
821 1835 0 8165
822 1835 0 8165
823 1835 0 8165
824 1835 0 8165
825 1835 0 8165
826 1835 0 8165
827 1835 0 8165
828 1835 0 8165
829 1835 0 8165
830 1835 0 8165
831 1835 0 8165
832 1835 0 8165
833 1835 0 8165
834 1835 0 8165
835 1835 0 8165
836 1835 0 8165
837 1835 0 8165
838 1835 0 8165
839 1835 0 8165
840 1835 0 8165
841 1835 0 8165
842 1835 0 8165
843 1835 0 8165
844 1835 0 8165
845 1835 0 8165
846 1835 0 8165
847 1835 0 8165
848 1835 0 8165
849 1835 0 8165
850 1835 0 8165
851 1835 0 8165
852 1835 0 8165
853 1835 0 8165
854 1835 0 8165
855 1835 0 8165
856 1835 0 8165
857 1835 0 8165
858 1835 0 8165
859 1835 0 8165
860 1835 0 8165
861 1835 0 8165
862 1835 0 8165
863 1835 0 8165
864 1835 0 8165
865 1835 0 8165
866 1835 0 8165
867 1835 0 8165
868 1835 0 8165
869 1835 0 8165
870 1835 0 8165
871 1835 0 8165
872 1835 0 8165
873 1835 0 8165
874 1835 0 8165
875 1835 0 8165
876 1835 0 8165
877 1835 0 8165
878 1835 0 8165
879 1835 0 8165
880 1835 0 8165
881 1835 0 8165
882 1835 0 8165
883 1835 0 8165
884 1835 0 8165
885 1835 0 8165
886 1835 0 8165
887 1835 0 8165
888 1835 0 8165
889 1835 0 8165
890 1835 0 8165
891 1835 0 8165
892 1835 0 8165
893 1835 0 8165
894 1835 0 8165
895 1835 0 8165
896 1835 0 8165
897 1835 0 8165
898 1835 0 8165
899 1835 0 8165
900 1835 0 8165
901 1835 0 8165
902 1835 0 8165
903 1835 0 8165
904 1835 0 8165
905 1835 0 8165
906 1835 0 8165
907 1835 0 8165
908 1835 0 8165
909 1835 0 8165
910 1835 0 8165
911 1835 0 8165
912 1835 0 8165
913 1835 0 8165
914 1835 0 8165
915 1835 0 8165
916 1835 0 8165
917 1835 0 8165
918 1835 0 8165
919 1835 0 8165
920 1835 0 8165
921 1835 0 8165
922 1835 0 8165
923 1835 0 8165
924 1835 0 8165
925 1835 0 8165
926 1835 0 8165
927 1835 0 8165
928 1835 0 8165
929 1835 0 8165
930 1835 0 8165
931 1835 0 8165
932 1835 0 8165
933 1835 0 8165
934 1835 0 8165
935 1835 0 8165
936 1835 0 8165
937 1835 0 8165
938 1835 0 8165
939 1835 0 8165
940 1835 0 8165
941 1835 0 8165
942 1835 0 8165
943 1835 0 8165
944 1835 0 8165
945 1835 0 8165
946 1835 0 8165
947 1835 0 8165
948 1835 0 8165
949 1835 0 8165
950 1835 0 8165
951 1835 0 8165
952 1835 0 8165
953 1835 0 8165
954 1835 0 8165
955 1835 0 8165
956 1835 0 8165
957 1835 0 8165
958 1835 0 8165
959 1835 0 8165
960 1835 0 8165
961 1835 0 8165
962 1835 0 8165
963 1835 0 8165
964 1835 0 8165
965 1835 0 8165
966 1835 0 8165
967 1835 0 8165
968 1835 0 8165
969 1835 0 8165
970 1835 0 8165
971 1835 0 8165
972 1835 0 8165
973 1835 0 8165
974 1835 0 8165
975 1835 0 8165
976 1835 0 8165
977 1835 0 8165
978 1835 0 8165
979 1835 0 8165
980 1835 0 8165
981 1835 0 8165
982 1835 0 8165
983 1835 0 8165
984 1835 0 8165
985 1835 0 8165
986 1835 0 8165
987 1835 0 8165
988 1835 0 8165
989 1835 0 8165
990 1835 0 8165
991 1835 0 8165
992 1835 0 8165
993 1835 0 8165
994 1835 0 8165
995 1835 0 8165
996 1835 0 8165
997 1835 0 8165
998 1835 0 8165
999 1835 0 8165
