0 9999 1 0
1 9997 3 0
2 9991 8 1
3 9985 12 3
4 9981 11 8
5 9976 13 11
6 9969 18 13
7 9964 22 14
8 9961 19 20
9 9956 21 23
10 9952 22 26
11 9949 20 31
12 9947 19 34
13 9945 16 39
14 9944 13 43
15 9943 13 44
16 9941 11 48
17 9941 10 49
18 9938 12 50
19 9936 13 51
20 9933 16 51
21 9931 13 56
22 9931 12 57
23 9930 11 59
24 9930 6 64
25 9930 6 64
26 9929 7 64
27 9929 6 65
28 9927 7 66
29 9925 9 66
30 9923 8 69
31 9923 6 71
32 9923 5 72
33 9923 4 73
34 9923 3 74
35 9923 3 74
36 9923 2 75
37 9923 2 75
38 9922 3 75
39 9922 3 75
40 9921 4 75
41 9920 4 76
42 9920 3 77
43 9920 2 78
44 9920 2 78
45 9920 2 78
46 9920 2 78
47 9920 2 78
48 9920 2 78
49 9920 1 79
50 9920 0 80
51 9920 0 80
52 9920 0 80
53 9920 0 80
54 9920 0 80
55 9920 0 80
56 9920 0 80
57 9920 0 80
58 9920 0 80
59 9920 0 80
60 9920 0 80
61 9920 0 80
62 9920 0 80
63 9920 0 80
64 9920 0 80
65 9920 0 80
66 9920 0 80
67 9920 0 80
68 9920 0 80
69 9920 0 80
70 9920 0 80
71 9920 0 80
72 9920 0 80
73 9920 0 80
74 9920 0 80
75 9920 0 80
76 9920 0 80
77 9920 0 80
78 9920 0 80
79 9920 0 80
80 9920 0 80
81 9920 0 80
82 9920 0 80
83 9920 0 80
84 9920 0 80
85 9920 0 80
86 9920 0 80
87 9920 0 80
88 9920 0 80
89 9920 0 80
90 9920 0 80
91 9920 0 80
92 9920 0 80
93 9920 0 80
94 9920 0 80
95 9920 0 80
96 9920 0 80
97 9920 0 80
98 9920 0 80
99 9920 0 80
100 9920 0 80
101 9920 0 80
102 9920 0 80
103 9920 0 80
104 9920 0 80
105 9920 0 80
106 9920 0 80
107 9920 0 80
108 9920 0 80
109 9920 0 80
110 9920 0 80
111 9920 0 80
112 9920 0 80
113 9920 0 80
114 9920 0 80
115 9920 0 80
116 9920 0 80
117 9920 0 80
118 9920 0 80
119 9920 0 80
120 9920 0 80
121 9920 0 80
122 9920 0 80
123 9920 0 80
124 9920 0 80
125 9920 0 80
126 9920 0 80
127 9920 0 80
128 9920 0 80
129 9920 0 80
130 9920 0 80
131 9920 0 80
132 9920 0 80
133 9920 0 80
134 9920 0 80
135 9920 0 80
136 9920 0 80
137 9920 0 80
138 9920 0 80
139 9920 0 80
140 9920 0 80
141 9920 0 80
142 9920 0 80
143 9920 0 80
144 9920 0 80
145 9920 0 80
146 9920 0 80
147 9920 0 80
148 9920 0 80
149 9920 0 80
150 9920 0 80
151 9920 0 80
152 9920 0 80
153 9920 0 80
154 9920 0 80
155 9920 0 80
156 9920 0 80
157 9920 0 80
158 9920 0 80
159 9920 0 80
160 9920 0 80
161 9920 0 80
162 9920 0 80
163 9920 0 80
164 9920 0 80
165 9920 0 80
166 9920 0 80
167 9920 0 80
168 9920 0 80
169 9920 0 80
170 9920 0 80
171 9920 0 80
172 9920 0 80
173 9920 0 80
174 9920 0 80
175 9920 0 80
176 9920 0 80
177 9920 0 80
178 9920 0 80
179 9920 0 80
180 9920 0 80
181 9920 0 80
182 9920 0 80
183 9920 0 80
184 9920 0 80
185 9920 0 80
186 9920 0 80
187 9920 0 80
188 9920 0 80
189 9920 0 80
190 9920 0 80
191 9920 0 80
192 9920 0 80
193 9920 0 80
194 9920 0 80
195 9920 0 80
196 9920 0 80
197 9920 0 80
198 9920 0 80
199 9920 0 80
200 9920 0 80
201 9920 0 80
202 9920 0 80
203 9920 0 80
204 9920 0 80
205 9920 0 80
206 9920 0 80
207 9920 0 80
208 9920 0 80
209 9920 0 80
210 9920 0 80
211 9920 0 80
212 9920 0 80
213 9920 0 80
214 9920 0 80
215 9920 0 80
216 9920 0 80
217 9920 0 80
218 9920 0 80
219 9920 0 80
220 9920 0 80
221 9920 0 80
222 9920 0 80
223 9920 0 80
224 9920 0 80
225 9920 0 80
226 9920 0 80
227 9920 0 80
228 9920 0 80
229 9920 0 80
230 9920 0 80
231 9920 0 80
232 9920 0 80
233 9920 0 80
234 9920 0 80
235 9920 0 80
236 9920 0 80
237 9920 0 80
238 9920 0 80
239 9920 0 80
240 9920 0 80
241 9920 0 80
242 9920 0 80
243 9920 0 80
244 9920 0 80
245 9920 0 80
246 9920 0 80
247 9920 0 80
248 9920 0 80
249 9920 0 80
250 9920 0 80
251 9920 0 80
252 9920 0 80
253 9920 0 80
254 9920 0 80
255 9920 0 80
256 9920 0 80
257 9920 0 80
258 9920 0 80
259 9920 0 80
260 9920 0 80
261 9920 0 80
262 9920 0 80
263 9920 0 80
264 9920 0 80
265 9920 0 80
266 9920 0 80
267 9920 0 80
268 9920 0 80
269 9920 0 80
270 9920 0 80
271 9920 0 80
272 9920 0 80
273 9920 0 80
274 9920 0 80
275 9920 0 80
276 9920 0 80
277 9920 0 80
278 9920 0 80
279 9920 0 80
280 9920 0 80
281 9920 0 80
282 9920 0 80
283 9920 0 80
284 9920 0 80
285 9920 0 80
286 9920 0 80
287 9920 0 80
288 9920 0 80
289 9920 0 80
290 9920 0 80
291 9920 0 80
292 9920 0 80
293 9920 0 80
294 9920 0 80
295 9920 0 80
296 9920 0 80
297 9920 0 80
298 9920 0 80
299 9920 0 80
300 9920 0 80
301 9920 0 80
302 9920 0 80
303 9920 0 80
304 9920 0 80
305 9920 0 80
306 9920 0 80
307 9920 0 80
308 9920 0 80
309 9920 0 80
310 9920 0 80
311 9920 0 80
312 9920 0 80
313 9920 0 80
314 9920 0 80
315 9920 0 80
316 9920 0 80
317 9920 0 80
318 9920 0 80
319 9920 0 80
320 9920 0 80
321 9920 0 80
322 9920 0 80
323 9920 0 80
324 9920 0 80
325 9920 0 80
326 9920 0 80
327 9920 0 80
328 9920 0 80
329 9920 0 80
330 9920 0 80
331 9920 0 80
332 9920 0 80
333 9920 0 80
334 9920 0 80
335 9920 0 80
336 9920 0 80
337 9920 0 80
338 9920 0 80
339 9920 0 80
340 9920 0 80
341 9920 0 80
342 9920 0 80
343 9920 0 80
344 9920 0 80
345 9920 0 80
346 9920 0 80
347 9920 0 80
348 9920 0 80
349 9920 0 80
350 9920 0 80
351 9920 0 80
352 9920 0 80
353 9920 0 80
354 9920 0 80
355 9920 0 80
356 9920 0 80
357 9920 0 80
358 9920 0 80
359 9920 0 80
360 9920 0 80
361 9920 0 80
362 9920 0 80
363 9920 0 80
364 9920 0 80
365 9920 0 80
366 9920 0 80
367 9920 0 80
368 9920 0 80
369 9920 0 80
370 9920 0 80
371 9920 0 80
372 9920 0 80
373 9920 0 80
374 9920 0 80
375 9920 0 80
376 9920 0 80
377 9920 0 80
378 9920 0 80
379 9920 0 80
380 9920 0 80
381 9920 0 80
382 9920 0 80
383 9920 0 80
384 9920 0 80
385 9920 0 80
386 9920 0 80
387 9920 0 80
388 9920 0 80
389 9920 0 80
390 9920 0 80
391 9920 0 80
392 9920 0 80
393 9920 0 80
394 9920 0 80
395 9920 0 80
396 9920 0 80
397 9920 0 80
398 9920 0 80
399 9920 0 80
400 9920 0 80
401 9920 0 80
402 9920 0 80
403 9920 0 80
404 9920 0 80
405 9920 0 80
406 9920 0 80
407 9920 0 80
408 9920 0 80
409 9920 0 80
410 9920 0 80
411 9920 0 80
412 9920 0 80
413 9920 0 80
414 9920 0 80
415 9920 0 80
416 9920 0 80
417 9920 0 80
418 9920 0 80
419 9920 0 80
420 9920 0 80
421 9920 0 80
422 9920 0 80
423 9920 0 80
424 9920 0 80
425 9920 0 80
426 9920 0 80
427 9920 0 80
428 9920 0 80
429 9920 0 80
430 9920 0 80
431 9920 0 80
432 9920 0 80
433 9920 0 80
434 9920 0 80
435 9920 0 80
436 9920 0 80
437 9920 0 80
438 9920 0 80
439 9920 0 80
440 9920 0 80
441 9920 0 80
442 9920 0 80
443 9920 0 80
444 9920 0 80
445 9920 0 80
446 9920 0 80
447 9920 0 80
448 9920 0 80
449 9920 0 80
450 9920 0 80
451 9920 0 80
452 9920 0 80
453 9920 0 80
454 9920 0 80
455 9920 0 80
456 9920 0 80
457 9920 0 80
458 9920 0 80
459 9920 0 80
460 9920 0 80
461 9920 0 80
462 9920 0 80
463 9920 0 80
464 9920 0 80
465 9920 0 80
466 9920 0 80
467 9920 0 80
468 9920 0 80
469 9920 0 80
470 9920 0 80
471 9920 0 80
472 9920 0 80
473 9920 0 80
474 9920 0 80
475 9920 0 80
476 9920 0 80
477 9920 0 80
478 9920 0 80
479 9920 0 80
480 9920 0 80
481 9920 0 80
482 9920 0 80
483 9920 0 80
484 9920 0 80
485 9920 0 80
486 9920 0 80
487 9920 0 80
488 9920 0 80
489 9920 0 80
490 9920 0 80
491 9920 0 80
492 9920 0 80
493 9920 0 80
494 9920 0 80
495 9920 0 80
496 9920 0 80
497 9920 0 80
498 9920 0 80
499 9920 0 80
500 9920 0 80
501 9920 0 80
502 9920 0 80
503 9920 0 80
504 9920 0 80
505 9920 0 80
506 9920 0 80
507 9920 0 80
508 9920 0 80
509 9920 0 80
510 9920 0 80
511 9920 0 80
512 9920 0 80
513 9920 0 80
514 9920 0 80
515 9920 0 80
516 9920 0 80
517 9920 0 80
518 9920 0 80
519 9920 0 80
520 9920 0 80
521 9920 0 80
522 9920 0 80
523 9920 0 80
524 9920 0 80
525 9920 0 80
526 9920 0 80
527 9920 0 80
528 9920 0 80
529 9920 0 80
530 9920 0 80
531 9920 0 80
532 9920 0 80
533 9920 0 80
534 9920 0 80
535 9920 0 80
536 9920 0 80
537 9920 0 80
538 9920 0 80
539 9920 0 80
540 9920 0 80
541 9920 0 80
542 9920 0 80
543 9920 0 80
544 9920 0 80
545 9920 0 80
546 9920 0 80
547 9920 0 80
548 9920 0 80
549 9920 0 80
550 9920 0 80
551 9920 0 80
552 9920 0 80
553 9920 0 80
554 9920 0 80
555 9920 0 80
556 9920 0 80
557 9920 0 80
558 9920 0 80
559 9920 0 80
560 9920 0 80
561 9920 0 80
562 9920 0 80
563 9920 0 80
564 9920 0 80
565 9920 0 80
566 9920 0 80
567 9920 0 80
568 9920 0 80
569 9920 0 80
570 9920 0 80
571 9920 0 80
572 9920 0 80
573 9920 0 80
574 9920 0 80
575 9920 0 80
576 9920 0 80
577 9920 0 80
578 9920 0 80
579 9920 0 80
580 9920 0 80
581 9920 0 80
582 9920 0 80
583 9920 0 80
584 9920 0 80
585 9920 0 80
586 9920 0 80
587 9920 0 80
588 9920 0 80
589 9920 0 80
590 9920 0 80
591 9920 0 80
592 9920 0 80
593 9920 0 80
594 9920 0 80
595 9920 0 80
596 9920 0 80
597 9920 0 80
598 9920 0 80
599 9920 0 80
600 9920 0 80
601 9920 0 80
602 9920 0 80
603 9920 0 80
604 9920 0 80
605 9920 0 80
606 9920 0 80
607 9920 0 80
608 9920 0 80
609 9920 0 80
610 9920 0 80
611 9920 0 80
612 9920 0 80
613 9920 0 80
614 9920 0 80
615 9920 0 80
616 9920 0 80
617 9920 0 80
618 9920 0 80
619 9920 0 80
620 9920 0 80
621 9920 0 80
622 9920 0 80
623 9920 0 80
624 9920 0 80
625 9920 0 80
626 9920 0 80
627 9920 0 80
628 9920 0 80
629 9920 0 80
630 9920 0 80
631 9920 0 80
632 9920 0 80
633 9920 0 80
634 9920 0 80
635 9920 0 80
636 9920 0 80
637 9920 0 80
638 9920 0 80
639 9920 0 80
640 9920 0 80
641 9920 0 80
642 9920 0 80
643 9920 0 80
644 9920 0 80
645 9920 0 80
646 9920 0 80
647 9920 0 80
648 9920 0 80
649 9920 0 80
650 9920 0 80
651 9920 0 80
652 9920 0 80
653 9920 0 80
654 9920 0 80
655 9920 0 80
656 9920 0 80
657 9920 0 80
658 9920 0 80
659 9920 0 80
660 9920 0 80
661 9920 0 80
662 9920 0 80
663 9920 0 80
664 9920 0 80
665 9920 0 80
666 9920 0 80
667 9920 0 80
668 9920 0 80
669 9920 0 80
670 9920 0 80
671 9920 0 80
672 9920 0 80
673 9920 0 80
674 9920 0 80
675 9920 0 80
676 9920 0 80
677 9920 0 80
678 9920 0 80
679 9920 0 80
680 9920 0 80
681 9920 0 80
682 9920 0 80
683 9920 0 80
684 9920 0 80
685 9920 0 80
686 9920 0 80
687 9920 0 80
688 9920 0 80
689 9920 0 80
690 9920 0 80
691 9920 0 80
692 9920 0 80
693 9920 0 80
694 9920 0 80
695 9920 0 80
696 9920 0 80
697 9920 0 80
698 9920 0 80
699 9920 0 80
700 9920 0 80
701 9920 0 80
702 9920 0 80
703 9920 0 80
704 9920 0 80
705 9920 0 80
706 9920 0 80
707 9920 0 80
708 9920 0 80
709 9920 0 80
710 9920 0 80
711 9920 0 80
712 9920 0 80
713 9920 0 80
714 9920 0 80
715 9920 0 80
716 9920 0 80
717 9920 0 80
718 9920 0 80
719 9920 0 80
720 9920 0 80
721 9920 0 80
722 9920 0 80
723 9920 0 80
724 9920 0 80
725 9920 0 80
726 9920 0 80
727 9920 0 80
728 9920 0 80
729 9920 0 80
730 9920 0 80
731 9920 0 80
732 9920 0 80
733 9920 0 80
734 9920 0 80
735 9920 0 80
736 9920 0 80
737 9920 0 80
738 9920 0 80
739 9920 0 80
740 9920 0 80
741 9920 0 80
742 9920 0 80
743 9920 0 80
744 9920 0 80
745 9920 0 80
746 9920 0 80
747 9920 0 80
748 9920 0 80
749 9920 0 80
750 9920 0 80
751 9920 0 80
752 9920 0 80
753 9920 0 80
754 9920 0 80
755 9920 0 80
756 9920 0 80
757 9920 0 80
758 9920 0 80
759 9920 0 80
760 9920 0 80
761 9920 0 80
762 9920 0 80
763 9920 0 80
764 9920 0 80
765 9920 0 80
766 9920 0 80
767 9920 0 80
768 9920 0 80
769 9920 0 80
770 9920 0 80
771 9920 0 80
772 9920 0 80
773 9920 0 80
774 9920 0 80
775 9920 0 80
776 9920 0 80
777 9920 0 80
778 9920 0 80
779 9920 0 80
780 9920 0 80
781 9920 0 80
782 9920 0 80
783 9920 0 80
784 9920 0 80
785 9920 0 80
786 9920 0 80
787 9920 0 80
788 9920 0 80
789 9920 0 80
790 9920 0 80
791 9920 0 80
792 9920 0 80
793 9920 0 80
794 9920 0 80
795 9920 0 80
796 9920 0 80
797 9920 0 80
798 9920 0 80
799 9920 0 80
800 9920 0 80
801 9920 0 80
802 9920 0 80
803 9920 0 80
804 9920 0 80
805 9920 0 80
806 9920 0 80
807 9920 0 80
808 9920 0 80
809 9920 0 80
810 9920 0 80
811 9920 0 80
812 9920 0 80
813 9920 0 80
814 9920 0 80
815 9920 0 80
816 9920 0 80
817 9920 0 80
818 9920 0 80
819 9920 0 80
820 9920 0 80
821 9920 0 80
822 9920 0 80
823 9920 0 80
824 9920 0 80
825 9920 0 80
826 9920 0 80
827 9920 0 80
828 9920 0 80
829 9920 0 80
830 9920 0 80
831 9920 0 80
832 9920 0 80
833 9920 0 80
834 9920 0 80
835 9920 0 80
836 9920 0 80
837 9920 0 80
838 9920 0 80
839 9920 0 80
840 9920 0 80
841 9920 0 80
842 9920 0 80
843 9920 0 80
844 9920 0 80
845 9920 0 80
846 9920 0 80
847 9920 0 80
848 9920 0 80
849 9920 0 80
850 9920 0 80
851 9920 0 80
852 9920 0 80
853 9920 0 80
854 9920 0 80
855 9920 0 80
856 9920 0 80
857 9920 0 80
858 9920 0 80
859 9920 0 80
860 9920 0 80
861 9920 0 80
862 9920 0 80
863 9920 0 80
864 9920 0 80
865 9920 0 80
866 9920 0 80
867 9920 0 80
868 9920 0 80
869 9920 0 80
870 9920 0 80
871 9920 0 80
872 9920 0 80
873 9920 0 80
874 9920 0 80
875 9920 0 80
876 9920 0 80
877 9920 0 80
878 9920 0 80
879 9920 0 80
880 9920 0 80
881 9920 0 80
882 9920 0 80
883 9920 0 80
884 9920 0 80
885 9920 0 80
886 9920 0 80
887 9920 0 80
888 9920 0 80
889 9920 0 80
890 9920 0 80
891 9920 0 80
892 9920 0 80
893 9920 0 80
894 9920 0 80
895 9920 0 80
896 9920 0 80
897 9920 0 80
898 9920 0 80
899 9920 0 80
900 9920 0 80
901 9920 0 80
902 9920 0 80
903 9920 0 80
904 9920 0 80
905 9920 0 80
906 9920 0 80
907 9920 0 80
908 9920 0 80
909 9920 0 80
910 9920 0 80
911 9920 0 80
912 9920 0 80
913 9920 0 80
914 9920 0 80
915 9920 0 80
916 9920 0 80
917 9920 0 80
918 9920 0 80
919 9920 0 80
920 9920 0 80
921 9920 0 80
922 9920 0 80
923 9920 0 80
924 9920 0 80
925 9920 0 80
926 9920 0 80
927 9920 0 80
928 9920 0 80
929 9920 0 80
930 9920 0 80
931 9920 0 80
932 9920 0 80
933 9920 0 80
934 9920 0 80
935 9920 0 80
936 9920 0 80
937 9920 0 80
938 9920 0 80
939 9920 0 80
940 9920 0 80
941 9920 0 80
942 9920 0 80
943 9920 0 80
944 9920 0 80
945 9920 0 80
946 9920 0 80
947 9920 0 80
948 9920 0 80
949 9920 0 80
950 9920 0 80
951 9920 0 80
952 9920 0 80
953 9920 0 80
954 9920 0 80
955 9920 0 80
956 9920 0 80
957 9920 0 80
958 9920 0 80
959 9920 0 80
960 9920 0 80
961 9920 0 80
962 9920 0 80
963 9920 0 80
964 9920 0 80
965 9920 0 80
966 9920 0 80
967 9920 0 80
968 9920 0 80
969 9920 0 80
970 9920 0 80
971 9920 0 80
972 9920 0 80
973 9920 0 80
974 9920 0 80
975 9920 0 80
976 9920 0 80
977 9920 0 80
978 9920 0 80
979 9920 0 80
980 9920 0 80
981 9920 0 80
982 9920 0 80
983 9920 0 80
984 9920 0 80
985 9920 0 80
986 9920 0 80
987 9920 0 80
988 9920 0 80
989 9920 0 80
990 9920 0 80
991 9920 0 80
992 9920 0 80
993 9920 0 80
994 9920 0 80
995 9920 0 80
996 9920 0 80
997 9920 0 80
998 9920 0 80
999 9920 0 80
