0 9999 1 0
1 9999 1 0
2 9999 1 0
3 9998 2 0
4 9995 4 1
5 9994 4 2
6 9993 5 2
7 9991 7 2
8 9987 10 3
9 9986 9 5
10 9983 11 6
11 9978 12 10
12 9969 19 12
13 9960 25 15
14 9956 26 18
15 9945 32 23
16 9938 30 32
17 9932 33 35
18 9922 38 40
19 9913 40 47
20 9905 43 52
21 9901 38 61
22 9892 42 66
23 9887 38 75
24 9881 36 83
25 9875 34 91
26 9865 38 97
27 9862 33 105
28 9850 37 113
29 9843 39 118
30 9837 42 121
31 9820 47 133
32 9805 54 141
33 9793 57 150
34 9785 56 159
35 9772 53 175
36 9764 55 181
37 9749 64 187
38 9735 68 197
39 9718 70 212
40 9702 77 221
41 9687 85 228
42 9676 88 236
43 9653 94 253
44 9636 99 265
45 9621 91 288
46 9612 84 304
47 9599 86 315
48 9577 95 328
49 9568 89 343
50 9552 89 359
51 9536 88 376
52 9523 78 399
53 9507 74 419
54 9492 75 433
55 9476 75 449
56 9466 72 462
57 9459 65 476
58 9448 63 489
59 9435 64 501
60 9422 68 510
61 9410 66 524
62 9391 74 535
63 9371 80 549
64 9351 84 565
65 9336 87 577
66 9317 89 594
67 9307 87 606
68 9299 78 623
69 9292 72 636
70 9278 70 652
71 9262 77 661
72 9246 78 676
73 9225 87 688
74 9210 89 701
75 9199 86 715
76 9188 80 732
77 9176 76 748
78 9161 77 762
79 9145 82 773
80 9126 87 787
81 9107 100 793
82 9084 105 811
83 9067 105 828
84 9054 93 853
85 9047 85 868
86 9040 73 887
87 9020 82 898
88 9005 80 915
89 8982 89 929
90 8964 90 946
91 8949 88 963
92 8929 91 980
93 8913 92 995
94 8901 93 1006
95 8879 95 1026
96 8863 93 1044
97 8844 91 1065
98 8835 77 1088
99 8821 73 1106
100 8809 71 1120
101 8793 74 1133
102 8778 73 1149
103 8764 72 1164
104 8747 73 1180
105 8730 74 1196
106 8714 77 1209
107 8698 84 1218
108 8680 85 1235
109 8667 78 1255
110 8647 88 1265
111 8637 87 1276
112 8617 97 1286
113 8595 101 1304
114 8579 99 1322
115 8558 109 1333
116 8531 113 1356
117 8504 118 1378
118 8484 113 1403
119 8464 107 1429
120 8426 121 1453
121 8398 125 1477
122 8364 138 1498
123 8331 148 1521
124 8305 147 1548
125 8281 145 1574
126 8257 132 1611
127 8241 125 1634
128 8232 117 1651
129 8216 113 1671
130 8192 112 1696
131 8172 123 1705
132 8145 125 1730
133 8114 132 1754
134 8090 133 1777
135 8065 134 1801
136 8045 127 1828
137 8021 132 1847
138 8003 127 1870
139 7987 127 1886
140 7968 127 1905
141 7947 127 1926
142 7923 126 1951
143 7902 119 1979
144 7884 115 2001
145 7861 119 2020
146 7849 115 2036
147 7829 110 2061
148 7812 113 2075
149 7793 111 2096
150 7774 112 2114
151 7752 109 2139
152 7738 106 2156
153 7718 109 2173
154 7700 100 2200
155 7688 95 2217
156 7667 105 2228
157 7654 100 2246
158 7636 104 2260
159 7615 110 2275
160 7602 100 2298
161 7578 106 2316
162 7549 115 2336
163 7523 126 2351
164 7499 139 2362
165 7476 142 2382
166 7456 134 2410
167 7441 125 2434
168 7413 137 2450
169 7384 136 2480
170 7355 149 2496
171 7325 149 2526
172 7301 146 2553
173 7277 151 2572
174 7257 151 2592
175 7228 150 2622
176 7197 146 2657
177 7172 146 2682
178 7137 156 2707
179 7114 154 2732
180 7093 135 2772
181 7077 123 2800
182 7056 120 2824
183 7026 132 2842
184 7006 125 2869
185 6989 114 2897
186 6971 115 2914
187 6945 117 2938
188 6925 107 2968
189 6902 113 2985
190 6886 112 3002
191 6868 107 3025
192 6843 106 3051
193 6826 107 3067
194 6803 115 3082
195 6782 116 3102
196 6759 115 3126
197 6739 118 3143
198 6716 115 3169
199 6701 108 3191
200 6683 103 3214
201 6665 100 3235
202 6651 98 3251
203 6622 107 3271
204 6599 113 3288
205 6576 117 3307
206 6556 117 3327
207 6523 134 3343
208 6480 150 3370
209 6438 157 3405
210 6411 159 3430
211 6384 163 3453
212 6351 170 3479
213 6317 174 3509
214 6277 176 3547
215 6240 179 3581
216 6204 181 3615
217 6167 182 3651
218 6129 191 3680
219 6091 201 3708
220 6060 200 3740
221 6016 202 3782
222 5981 205 3814
223 5938 210 3852
224 5895 220 3885
225 5861 201 3938
226 5826 202 3972
227 5789 198 4013
228 5746 212 4042
229 5712 223 4065
230 5662 231 4107
231 5618 235 4147
232 5578 237 4185
233 5531 235 4234
234 5492 229 4279
235 5457 208 4335
236 5403 224 4373
237 5372 210 4418
238 5338 213 4449
239 5301 211 4488
240 5277 208 4515
241 5245 199 4556
242 5219 188 4593
243 5183 197 4620
244 5140 209 4651
245 5092 209 4699
246 5051 215 4734
247 5018 214 4768
248 4989 200 4811
249 4962 188 4850
250 4940 180 4880
251 4915 167 4918
252 4891 166 4943
253 4868 159 4973
254 4835 161 5004
255 4805 162 5033
256 4774 163 5063
257 4738 174 5088
258 4713 165 5122
259 4679 159 5162
260 4662 147 5191
261 4645 139 5216
262 4617 143 5240
263 4595 141 5264
264 4564 141 5295
265 4537 142 5321
266 4513 143 5344
267 4478 157 5365
268 4459 160 5381
269 4443 141 5416
270 4428 123 5449
271 4403 130 5467
272 4379 132 5489
273 4353 125 5522
274 4334 119 5547
275 4309 123 5568
276 4285 125 5590
277 4257 129 5614
278 4228 133 5639
279 4206 133 5661
280 4185 120 5695
281 4150 137 5713
282 4122 142 5736
283 4087 153 5760
284 4060 150 5790
285 4035 147 5818
286 4007 147 5846
287 3984 143 5873
288 3960 146 5894
289 3935 147 5918
290 3909 146 5945
291 3888 149 5963
292 3869 145 5986
293 3841 157 6002
294 3822 146 6032
295 3806 132 6062
296 3792 126 6082
297 3781 113 6106
298 3767 101 6132
299 3754 96 6150
300 3735 101 6164
301 3722 87 6191
302 3707 91 6202
303 3691 91 6218
304 3682 89 6229
305 3674 83 6243
306 3665 79 6256
307 3656 76 6268
308 3651 69 6280
309 3640 67 6293
310 3628 71 6301
311 3619 69 6312
312 3601 73 6326
313 3588 77 6335
314 3584 64 6352
315 3568 66 6366
316 3552 77 6371
317 3545 68 6387
318 3536 66 6398
319 3525 64 6411
320 3510 70 6420
321 3501 73 6426
322 3483 81 6436
323 3473 81 6446
324 3461 79 6460
325 3447 82 6471
326 3435 82 6483
327 3428 73 6499
328 3418 67 6515
329 3406 66 6528
330 3395 72 6533
331 3386 74 6540
332 3377 66 6557
333 3373 58 6569
334 3364 57 6579
335 3358 53 6589
336 3355 47 6598
337 3346 48 6606
338 3335 51 6614
339 3324 55 6621
340 3316 55 6629
341 3311 56 6633
342 3302 60 6638
343 3295 56 6649
344 3282 58 6660
345 3277 54 6669
346 3269 53 6678
347 3259 53 6688
348 3252 47 6701
349 3246 46 6708
350 3242 43 6715
351 3229 47 6724
352 3222 46 6732
353 3214 47 6739
354 3208 45 6747
355 3199 45 6756
356 3196 44 6760
357 3193 34 6773
358 3187 36 6777
359 3179 40 6781
360 3172 42 6786
361 3159 48 6793
362 3151 48 6801
363 3140 53 6807
364 3138 39 6823
365 3134 38 6828
366 3127 41 6832
367 3124 39 6837
368 3115 40 6845
369 3110 41 6849
370 3098 41 6861
371 3092 38 6870
372 3084 44 6872
373 3070 52 6878
374 3063 55 6882
375 3051 55 6894
376 3041 55 6904
377 3028 60 6912
378 3017 57 6926
379 3008 54 6938
380 2999 53 6948
381 2993 52 6955
382 2983 51 6966
383 2976 49 6975
384 2973 45 6982
385 2964 50 6986
386 2957 53 6990
387 2951 53 6996
388 2949 49 7002
389 2943 44 7013
390 2938 43 7019
391 2932 44 7024
392 2924 44 7032
393 2921 41 7038
394 2919 35 7046
395 2915 36 7049
396 2911 32 7057
397 2906 31 7063
398 2904 26 7070
399 2899 24 7077
400 2894 23 7083
401 2893 21 7086
402 2892 20 7088
403 2888 22 7090
404 2883 25 7092
405 2879 27 7094
406 2872 29 7099
407 2867 28 7105
408 2864 27 7109
409 2857 31 7112
410 2852 27 7121
411 2852 21 7127
412 2849 17 7134
413 2846 18 7136
414 2843 19 7138
415 2840 17 7143
416 2838 17 7145
417 2829 22 7149
418 2827 19 7154
419 2824 17 7159
420 2820 17 7163
421 2818 17 7165
422 2818 16 7166
423 2816 17 7167
424 2816 15 7169
425 2816 12 7172
426 2816 9 7175
427 2814 10 7176
428 2813 9 7178
429 2813 9 7178
430 2811 9 7180
431 2810 9 7181
432 2809 8 7183
433 2808 9 7183
434 2806 9 7185
435 2803 12 7185
436 2798 16 7186
437 2796 14 7190
438 2789 21 7190
439 2783 23 7194
440 2779 24 7197
441 2775 24 7201
442 2771 21 7208
443 2768 21 7211
444 2762 23 7215
445 2760 18 7222
446 2757 20 7223
447 2753 22 7225
448 2753 14 7233
449 2752 14 7234
450 2749 17 7234
451 2746 17 7237
452 2740 21 7239
453 2738 19 7243
454 2731 24 7245
455 2723 28 7249
456 2718 31 7251
457 2715 30 7255
458 2712 28 7260
459 2700 37 7263
460 2696 35 7269
461 2692 36 7272
462 2687 33 7280
463 2682 35 7283
464 2678 34 7288
465 2674 34 7292
466 2667 34 7299
467 2662 35 7303
468 2650 41 7309
469 2649 36 7315
470 2647 30 7323
471 2645 25 7330
472 2643 18 7339
473 2641 18 7341
474 2637 19 7344
475 2635 19 7346
476 2632 17 7351
477 2631 17 7352
478 2631 16 7353
479 2630 14 7356
480 2628 13 7359
481 2625 12 7363
482 2620 16 7364
483 2617 19 7364
484 2616 16 7368
485 2609 20 7371
486 2608 18 7374
487 2608 15 7377
488 2606 15 7379
489 2602 19 7379
490 2599 18 7383
491 2599 17 7384
492 2596 19 7385
493 2595 20 7385
494 2592 20 7388
495 2588 22 7390
496 2584 21 7395
497 2582 20 7398
498 2580 13 7407
499 2580 12 7408
500 2575 13 7412
501 2573 13 7414
502 2568 16 7416
503 2563 19 7418
504 2561 20 7419
505 2559 20 7421
506 2552 24 7424
507 2552 20 7428
508 2543 27 7430
509 2538 23 7439
510 2535 22 7443
511 2531 22 7447
512 2529 20 7451
513 2525 20 7455
514 2520 19 7461
515 2515 15 7470
516 2506 22 7472
517 2502 24 7474
518 2489 32 7479
519 2485 26 7489
520 2479 26 7495
521 2477 24 7499
522 2474 25 7501
523 2472 22 7506
524 2471 20 7509
525 2467 21 7512
526 2464 21 7515
527 2460 24 7516
528 2457 21 7522
529 2454 24 7522
530 2449 25 7526
531 2445 25 7530
532 2438 30 7532
533 2434 26 7540
534 2430 24 7546
535 2428 16 7556
536 2427 13 7560
537 2427 12 7561
538 2427 11 7562
539 2425 11 7564
540 2423 10 7567
541 2420 10 7570
542 2419 10 7571
543 2418 10 7572
544 2415 9 7576
545 2413 10 7577
546 2410 12 7578
547 2405 16 7579
548 2400 17 7583
549 2400 16 7584
550 2396 18 7586
551 2394 17 7589
552 2391 18 7591
553 2389 15 7596
554 2387 17 7596
555 2385 15 7600
556 2384 13 7603
557 2381 13 7606
558 2380 11 7609
559 2379 11 7610
560 2376 13 7611
561 2374 13 7613
562 2371 13 7616
563 2370 11 7619
564 2370 8 7622
565 2370 8 7622
566 2369 8 7623
567 2368 7 7625
568 2367 6 7627
569 2366 5 7629
570 2365 6 7629
571 2364 6 7630
572 2363 5 7632
573 2362 5 7633
574 2362 3 7635
575 2362 3 7635
576 2361 4 7635
577 2361 4 7635
578 2361 4 7635
579 2361 4 7635
580 2361 3 7636
581 2361 3 7636
582 2361 3 7636
583 2360 4 7636
584 2360 4 7636
585 2360 3 7637
586 2360 2 7638
587 2360 2 7638
588 2360 2 7638
589 2360 2 7638
590 2360 0 7640
591 2360 0 7640
592 2360 0 7640
593 2360 0 7640
594 2360 0 7640
595 2360 0 7640
596 2360 0 7640
597 2360 0 7640
598 2360 0 7640
599 2360 0 7640
600 2360 0 7640
601 2360 0 7640
602 2360 0 7640
603 2360 0 7640
604 2360 0 7640
605 2360 0 7640
606 2360 0 7640
607 2360 0 7640
608 2360 0 7640
609 2360 0 7640
610 2360 0 7640
611 2360 0 7640
612 2360 0 7640
613 2360 0 7640
614 2360 0 7640
615 2360 0 7640
616 2360 0 7640
617 2360 0 7640
618 2360 0 7640
619 2360 0 7640
620 2360 0 7640
621 2360 0 7640
622 2360 0 7640
623 2360 0 7640
624 2360 0 7640
625 2360 0 7640
626 2360 0 7640
627 2360 0 7640
628 2360 0 7640
629 2360 0 7640
630 2360 0 7640
631 2360 0 7640
632 2360 0 7640
633 2360 0 7640
634 2360 0 7640
635 2360 0 7640
636 2360 0 7640
637 2360 0 7640
638 2360 0 7640
639 2360 0 7640
640 2360 0 7640
641 2360 0 7640
642 2360 0 7640
643 2360 0 7640
644 2360 0 7640
645 2360 0 7640
646 2360 0 7640
647 2360 0 7640
648 2360 0 7640
649 2360 0 7640
650 2360 0 7640
651 2360 0 7640
652 2360 0 7640
653 2360 0 7640
654 2360 0 7640
655 2360 0 7640
656 2360 0 7640
657 2360 0 7640
658 2360 0 7640
659 2360 0 7640
660 2360 0 7640
661 2360 0 7640
662 2360 0 7640
663 2360 0 7640
664 2360 0 7640
665 2360 0 7640
666 2360 0 7640
667 2360 0 7640
668 2360 0 7640
669 2360 0 7640
670 2360 0 7640
671 2360 0 7640
672 2360 0 7640
673 2360 0 7640
674 2360 0 7640
675 2360 0 7640
676 2360 0 7640
677 2360 0 7640
678 2360 0 7640
679 2360 0 7640
680 2360 0 7640
681 2360 0 7640
682 2360 0 7640
683 2360 0 7640
684 2360 0 7640
685 2360 0 7640
686 2360 0 7640
687 2360 0 7640
688 2360 0 7640
689 2360 0 7640
690 2360 0 7640
691 2360 0 7640
692 2360 0 7640
693 2360 0 7640
694 2360 0 7640
695 2360 0 7640
696 2360 0 7640
697 2360 0 7640
698 2360 0 7640
699 2360 0 7640
700 2360 0 7640
701 2360 0 7640
702 2360 0 7640
703 2360 0 7640
704 2360 0 7640
705 2360 0 7640
706 2360 0 7640
707 2360 0 7640
708 2360 0 7640
709 2360 0 7640
710 2360 0 7640
711 2360 0 7640
712 2360 0 7640
713 2360 0 7640
714 2360 0 7640
715 2360 0 7640
716 2360 0 7640
717 2360 0 7640
718 2360 0 7640
719 2360 0 7640
720 2360 0 7640
721 2360 0 7640
722 2360 0 7640
723 2360 0 7640
724 2360 0 7640
725 2360 0 7640
726 2360 0 7640
727 2360 0 7640
728 2360 0 7640
729 2360 0 7640
730 2360 0 7640
731 2360 0 7640
732 2360 0 7640
733 2360 0 7640
734 2360 0 7640
735 2360 0 7640
736 2360 0 7640
737 2360 0 7640
738 2360 0 7640
739 2360 0 7640
740 2360 0 7640
741 2360 0 7640
742 2360 0 7640
743 2360 0 7640
744 2360 0 7640
745 2360 0 7640
746 2360 0 7640
747 2360 0 7640
748 2360 0 7640
749 2360 0 7640
750 2360 0 7640
751 2360 0 7640
752 2360 0 7640
753 2360 0 7640
754 2360 0 7640
755 2360 0 7640
756 2360 0 7640
757 2360 0 7640
758 2360 0 7640
759 2360 0 7640
760 2360 0 7640
761 2360 0 7640
762 2360 0 7640
763 2360 0 7640
764 2360 0 7640
765 2360 0 7640
766 2360 0 7640
767 2360 0 7640
768 2360 0 7640
769 2360 0 7640
770 2360 0 7640
771 2360 0 7640
772 2360 0 7640
773 2360 0 7640
774 2360 0 7640
775 2360 0 7640
776 2360 0 7640
777 2360 0 7640
778 2360 0 7640
779 2360 0 7640
780 2360 0 7640
781 2360 0 7640
782 2360 0 7640
783 2360 0 7640
784 2360 0 7640
785 2360 0 7640
786 2360 0 7640
787 2360 0 7640
788 2360 0 7640
789 2360 0 7640
790 2360 0 7640
791 2360 0 7640
792 2360 0 7640
793 2360 0 7640
794 2360 0 7640
795 2360 0 7640
796 2360 0 7640
797 2360 0 7640
798 2360 0 7640
799 2360 0 7640
800 2360 0 7640
801 2360 0 7640
802 2360 0 7640
803 2360 0 7640
804 2360 0 7640
805 2360 0 7640
806 2360 0 7640
807 2360 0 7640
808 2360 0 7640
809 2360 0 7640
810 2360 0 7640
811 2360 0 7640
812 2360 0 7640
813 2360 0 7640
814 2360 0 7640
815 2360 0 7640
816 2360 0 7640
817 2360 0 7640
818 2360 0 7640
819 2360 0 7640
820 2360 0 7640
821 2360 0 7640
822 2360 0 7640
823 2360 0 7640
824 2360 0 7640
825 2360 0 7640
826 2360 0 7640
827 2360 0 7640
828 2360 0 7640
829 2360 0 7640
830 2360 0 7640
831 2360 0 7640
832 2360 0 7640
833 2360 0 7640
834 2360 0 7640
835 2360 0 7640
836 2360 0 7640
837 2360 0 7640
838 2360 0 7640
839 2360 0 7640
840 2360 0 7640
841 2360 0 7640
842 2360 0 7640
843 2360 0 7640
844 2360 0 7640
845 2360 0 7640
846 2360 0 7640
847 2360 0 7640
848 2360 0 7640
849 2360 0 7640
850 2360 0 7640
851 2360 0 7640
852 2360 0 7640
853 2360 0 7640
854 2360 0 7640
855 2360 0 7640
856 2360 0 7640
857 2360 0 7640
858 2360 0 7640
859 2360 0 7640
860 2360 0 7640
861 2360 0 7640
862 2360 0 7640
863 2360 0 7640
864 2360 0 7640
865 2360 0 7640
866 2360 0 7640
867 2360 0 7640
868 2360 0 7640
869 2360 0 7640
870 2360 0 7640
871 2360 0 7640
872 2360 0 7640
873 2360 0 7640
874 2360 0 7640
875 2360 0 7640
876 2360 0 7640
877 2360 0 7640
878 2360 0 7640
879 2360 0 7640
880 2360 0 7640
881 2360 0 7640
882 2360 0 7640
883 2360 0 7640
884 2360 0 7640
885 2360 0 7640
886 2360 0 7640
887 2360 0 7640
888 2360 0 7640
889 2360 0 7640
890 2360 0 7640
891 2360 0 7640
892 2360 0 7640
893 2360 0 7640
894 2360 0 7640
895 2360 0 7640
896 2360 0 7640
897 2360 0 7640
898 2360 0 7640
899 2360 0 7640
900 2360 0 7640
901 2360 0 7640
902 2360 0 7640
903 2360 0 7640
904 2360 0 7640
905 2360 0 7640
906 2360 0 7640
907 2360 0 7640
908 2360 0 7640
909 2360 0 7640
910 2360 0 7640
911 2360 0 7640
912 2360 0 7640
913 2360 0 7640
914 2360 0 7640
915 2360 0 7640
916 2360 0 7640
917 2360 0 7640
918 2360 0 7640
919 2360 0 7640
920 2360 0 7640
921 2360 0 7640
922 2360 0 7640
923 2360 0 7640
924 2360 0 7640
925 2360 0 7640
926 2360 0 7640
927 2360 0 7640
928 2360 0 7640
929 2360 0 7640
930 2360 0 7640
931 2360 0 7640
932 2360 0 7640
933 2360 0 7640
934 2360 0 7640
935 2360 0 7640
936 2360 0 7640
937 2360 0 7640
938 2360 0 7640
939 2360 0 7640
940 2360 0 7640
941 2360 0 7640
942 2360 0 7640
943 2360 0 7640
944 2360 0 7640
945 2360 0 7640
946 2360 0 7640
947 2360 0 7640
948 2360 0 7640
949 2360 0 7640
950 2360 0 7640
951 2360 0 7640
952 2360 0 7640
953 2360 0 7640
954 2360 0 7640
955 2360 0 7640
956 2360 0 7640
957 2360 0 7640
958 2360 0 7640
959 2360 0 7640
960 2360 0 7640
961 2360 0 7640
962 2360 0 7640
963 2360 0 7640
964 2360 0 7640
965 2360 0 7640
966 2360 0 7640
967 2360 0 7640
968 2360 0 7640
969 2360 0 7640
970 2360 0 7640
971 2360 0 7640
972 2360 0 7640
973 2360 0 7640
974 2360 0 7640
975 2360 0 7640
976 2360 0 7640
977 2360 0 7640
978 2360 0 7640
979 2360 0 7640
980 2360 0 7640
981 2360 0 7640
982 2360 0 7640
983 2360 0 7640
984 2360 0 7640
985 2360 0 7640
986 2360 0 7640
987 2360 0 7640
988 2360 0 7640
989 2360 0 7640
990 2360 0 7640
991 2360 0 7640
992 2360 0 7640
993 2360 0 7640
994 2360 0 7640
995 2360 0 7640
996 2360 0 7640
997 2360 0 7640
998 2360 0 7640
999 2360 0 7640
