0 9999 1 0
1 9998 2 0
2 9995 5 0
3 9994 5 1
4 9986 12 2
5 9984 13 3
6 9983 12 5
7 9979 14 7
8 9976 16 8
9 9970 16 14
10 9966 18 16
11 9962 17 21
12 9958 20 22
13 9953 23 24
14 9950 25 25
15 9946 23 31
16 9942 22 36
17 9935 27 38
18 9928 26 46
19 9926 25 49
20 9920 25 55
21 9916 28 56
22 9906 34 60
23 9900 33 67
24 9893 33 74
25 9888 30 82
26 9876 37 87
27 9871 36 93
28 9862 40 98
29 9857 36 107
30 9836 52 112
31 9818 63 119
32 9796 76 128
33 9785 72 143
34 9770 73 157
35 9758 76 166
36 9746 76 178
37 9733 76 191
38 9719 79 202
39 9708 76 216
40 9696 79 225
41 9684 77 239
42 9664 80 256
43 9654 77 269
44 9643 77 280
45 9630 80 290
46 9623 71 306
47 9613 71 316
48 9610 62 328
49 9599 62 339
50 9587 64 349
51 9581 60 359
52 9562 71 367
53 9540 83 377
54 9515 93 392
55 9490 101 409
56 9472 104 424
57 9451 106 443
58 9437 94 469
59 9404 111 485
60 9380 114 506
61 9353 119 528
62 9322 126 552
63 9298 131 571
64 9273 133 594
65 9250 136 614
66 9230 133 637
67 9218 120 662
68 9185 138 677
69 9164 134 702
70 9144 133 723
71 9124 137 739
72 9107 130 763
73 9091 124 785
74 9072 117 811
75 9055 115 830
76 9033 126 841
77 8995 140 865
78 8969 139 892
79 8943 143 914
80 8914 161 925
81 8884 159 957
82 8856 158 986
83 8823 164 1013
84 8805 150 1045
85 8786 141 1073
86 8768 129 1103
87 8746 127 1127
88 8730 112 1158
89 8714 111 1175
90 8691 111 1198
91 8672 113 1215
92 8655 108 1237
93 8633 112 1255
94 8614 120 1266
95 8588 130 1282
96 8564 139 1297
97 8540 140 1320
98 8519 135 1346
99 8496 136 1368
100 8488 125 1387
101 8473 111 1416
102 8456 113 1431
103 8440 114 1446
104 8429 103 1468
105 8411 104 1485
106 8397 96 1507
107 8377 101 1522
108 8365 90 1545
109 8341 98 1561
110 8325 94 1581
111 8306 95 1599
112 8287 97 1616
113 8271 93 1636
114 8252 95 1653
115 8238 94 1668
116 8221 93 1686
117 8195 106 1699
118 8175 107 1718
119 8160 93 1747
120 8143 95 1762
121 8135 88 1777
122 8128 80 1792
123 8115 84 1801
124 8101 85 1814
125 8084 92 1824
126 8064 97 1839
127 8039 101 1860
128 8024 98 1878
129 8015 91 1894
130 8003 94 1903
131 7987 94 1919
132 7971 90 1939
133 7951 96 1953
134 7939 93 1968
135 7920 92 1988
136 7900 99 2001
137 7876 105 2019
138 7854 109 2037
139 7826 118 2056
140 7796 119 2085
141 7778 119 2103
142 7760 129 2111
143 7740 125 2135
144 7719 122 2159
145 7693 125 2182
146 7664 140 2196
147 7629 153 2218
148 7601 161 2238
149 7569 159 2272
150 7544 160 2296
151 7513 169 2318
152 7488 164 2348
153 7469 161 2370
154 7440 161 2399
155 7409 160 2431
156 7384 161 2455
157 7346 168 2486
158 7308 180 2512
159 7278 176 2546
160 7246 173 2581
161 7209 177 2614
162 7169 185 2646
163 7145 170 2685
164 7128 160 2712
165 7102 156 2742
166 7083 151 2766
167 7057 147 2796
168 7027 155 2818
169 6989 165 2846
170 6962 159 2879
171 6944 142 2914
172 6922 146 2932
173 6897 156 2947
174 6881 143 2976
175 6853 153 2994
176 6822 161 3017
177 6797 155 3048
178 6764 157 3079
179 6740 156 3104
180 6713 160 3127
181 6674 174 3152
182 6651 173 3176
183 6624 158 3218
184 6590 175 3235
185 6557 179 3264
186 6540 162 3298
187 6518 159 3323
188 6492 165 3343
189 6455 165 3380
190 6434 158 3408
191 6414 141 3445
192 6390 140 3470
193 6375 131 3494
194 6354 131 3515
195 6335 128 3537
196 6315 123 3562
197 6300 118 3582
198 6277 118 3605
199 6257 116 3627
200 6242 113 3645
201 6223 109 3668
202 6207 101 3692
203 6184 110 3706
204 6171 92 3737
205 6151 95 3754
206 6139 89 3772
207 6125 87 3788
208 6109 87 3804
209 6097 83 3820
210 6089 79 3832
211 6079 70 3851
212 6056 84 3860
213 6039 84 3877
214 6019 88 3893
215 5993 96 3911
216 5974 93 3933
217 5959 96 3945
218 5941 96 3963
219 5925 89 3986
220 5916 85 3999
221 5895 88 4017
222 5873 96 4031
223 5860 93 4047
224 5844 85 4071
225 5825 93 4082
226 5801 103 4096
227 5784 106 4110
228 5766 102 4132
229 5744 106 4150
230 5726 104 4170
231 5702 116 4182
232 5680 124 4196
233 5663 120 4217
234 5636 128 4236
235 5609 130 4261
236 5590 120 4290
237 5565 123 4312
238 5546 118 4336
239 5516 133 4351
240 5491 140 4369
241 5470 125 4405
242 5447 132 4421
243 5421 141 4438
244 5390 144 4466
245 5357 150 4493
246 5314 167 4519
247 5272 177 4551
248 5239 182 4579
249 5203 187 4610
250 5167 197 4636
251 5128 199 4673
252 5083 204 4713
253 5039 212 4749
254 4990 221 4789
255 4936 231 4833
256 4901 234 4865
257 4861 230 4909
258 4833 221 4946
259 4810 206 4984
260 4781 190 5029
261 4746 188 5066
262 4717 181 5102
263 4690 179 5131
264 4670 174 5156
265 4636 183 5181
266 4618 176 5206
267 4590 184 5226
268 4550 198 5252
269 4524 188 5288
270 4497 182 5321
271 4476 171 5353
272 4444 169 5387
273 4409 171 5420
274 4379 171 5450
275 4352 170 5478
276 4324 163 5513
277 4302 152 5546
278 4284 146 5570
279 4262 148 5590
280 4243 144 5613
281 4228 136 5636
282 4204 139 5657
283 4187 131 5682
284 4162 135 5703
285 4144 124 5732
286 4127 126 5747
287 4111 121 5768
288 4092 126 5782
289 4069 128 5803
290 4056 117 5827
291 4042 100 5858
292 4028 93 5879
293 4018 82 5900
294 4001 83 5916
295 3992 79 5929
296 3980 76 5944
297 3968 77 5955
298 3953 79 5968
299 3934 83 5983
300 3920 79 6001
301 3912 68 6020
302 3906 62 6032
303 3900 57 6043
304 3890 59 6051
305 3885 53 6062
306 3883 49 6068
307 3876 47 6077
308 3872 39 6089
309 3866 36 6098
310 3857 36 6107
311 3851 32 6117
312 3850 26 6124
313 3846 27 6127
314 3845 23 6132
315 3844 21 6135
316 3841 22 6137
317 3834 25 6141
318 3826 29 6145
319 3819 36 6145
320 3812 39 6149
321 3802 41 6157
322 3798 38 6164
323 3795 35 6170
324 3790 35 6175
325 3783 37 6180
326 3778 34 6188
327 3775 28 6197
328 3769 32 6199
329 3761 35 6204
330 3758 35 6207
331 3754 32 6214
332 3752 29 6219
333 3746 30 6224
334 3738 36 6226
335 3731 35 6234
336 3727 31 6242
337 3724 28 6248
338 3720 29 6251
339 3718 25 6257
340 3711 29 6260
341 3703 31 6266
342 3697 36 6267
343 3695 34 6271
344 3691 33 6276
345 3688 30 6282
346 3687 26 6287
347 3685 23 6292
348 3680 27 6293
349 3679 24 6297
350 3678 23 6299
351 3674 26 6300
352 3667 29 6304
353 3665 29 6306
354 3663 27 6310
355 3662 23 6315
356 3656 29 6315
357 3654 28 6318
358 3650 30 6320
359 3647 28 6325
360 3644 27 6329
361 3644 23 6333
362 3638 26 6336
363 3633 27 6340
364 3628 24 6348
365 3626 24 6350
366 3622 21 6357
367 3619 24 6357
368 3617 20 6363
369 3614 20 6366
370 3611 19 6370
371 3608 20 6372
372 3608 17 6375
373 3605 16 6379
374 3604 11 6385
375 3604 8 6388
376 3602 9 6389
377 3601 8 6391
378 3600 7 6393
379 3600 7 6393
380 3600 6 6394
381 3598 7 6395
382 3598 6 6396
383 3596 8 6396
384 3594 6 6400
385 3593 6 6401
386 3591 5 6404
387 3591 4 6405
388 3588 5 6407
389 3586 5 6409
390 3585 5 6410
391 3582 7 6411
392 3579 10 6411
393 3577 12 6411
394 3572 15 6413
395 3568 14 6418
396 3560 17 6423
397 3558 17 6425
398 3551 21 6428
399 3548 22 6430
400 3546 20 6434
401 3543 20 6437
402 3540 20 6440
403 3536 19 6445
404 3535 14 6451
405 3535 9 6456
406 3535 8 6457
407 3533 9 6458
408 3531 8 6461
409 3531 8 6461
410 3528 9 6463
411 3525 9 6466
412 3525 7 6468
413 3523 8 6469
414 3523 6 6471
415 3523 4 6473
416 3522 4 6474
417 3522 3 6475
418 3522 3 6475
419 3521 3 6476
420 3520 4 6476
421 3519 5 6476
422 3519 5 6476
423 3519 5 6476
424 3518 3 6479
425 3518 3 6479
426 3518 3 6479
427 3517 4 6479
428 3515 5 6480
429 3514 5 6481
430 3511 7 6482
431 3510 7 6483
432 3510 6 6484
433 3509 7 6484
434 3506 7 6487
435 3504 8 6488
436 3501 11 6488
437 3498 12 6490
438 3494 14 6492
439 3493 15 6492
440 3490 17 6493
441 3487 17 6496
442 3485 15 6500
443 3484 15 6501
444 3482 13 6505
445 3482 10 6508
446 3482 9 6509
447 3482 8 6510
448 3480 6 6514
449 3477 8 6515
450 3475 8 6517
451 3474 7 6519
452 3472 8 6520
453 3471 8 6521
454 3470 6 6524
455 3465 9 6526
456 3464 9 6527
457 3461 11 6528
458 3460 11 6529
459 3457 13 6530
460 3456 13 6531
461 3453 10 6537
462 3450 10 6540
463 3448 9 6543
464 3448 8 6544
465 3447 9 6544
466 3447 7 6546
467 3447 6 6547
468 3447 5 6548
469 3447 2 6551
470 3447 1 6552
471 3447 1 6552
472 3447 1 6552
473 3447 1 6552
474 3447 1 6552
475 3447 1 6552
476 3447 0 6553
477 3447 0 6553
478 3447 0 6553
479 3447 0 6553
480 3447 0 6553
481 3447 0 6553
482 3447 0 6553
483 3447 0 6553
484 3447 0 6553
485 3447 0 6553
486 3447 0 6553
487 3447 0 6553
488 3447 0 6553
489 3447 0 6553
490 3447 0 6553
491 3447 0 6553
492 3447 0 6553
493 3447 0 6553
494 3447 0 6553
495 3447 0 6553
496 3447 0 6553
497 3447 0 6553
498 3447 0 6553
499 3447 0 6553
500 3447 0 6553
501 3447 0 6553
502 3447 0 6553
503 3447 0 6553
504 3447 0 6553
505 3447 0 6553
506 3447 0 6553
507 3447 0 6553
508 3447 0 6553
509 3447 0 6553
510 3447 0 6553
511 3447 0 6553
512 3447 0 6553
513 3447 0 6553
514 3447 0 6553
515 3447 0 6553
516 3447 0 6553
517 3447 0 6553
518 3447 0 6553
519 3447 0 6553
520 3447 0 6553
521 3447 0 6553
522 3447 0 6553
523 3447 0 6553
524 3447 0 6553
525 3447 0 6553
526 3447 0 6553
527 3447 0 6553
528 3447 0 6553
529 3447 0 6553
530 3447 0 6553
531 3447 0 6553
532 3447 0 6553
533 3447 0 6553
534 3447 0 6553
535 3447 0 6553
536 3447 0 6553
537 3447 0 6553
538 3447 0 6553
539 3447 0 6553
540 3447 0 6553
541 3447 0 6553
542 3447 0 6553
543 3447 0 6553
544 3447 0 6553
545 3447 0 6553
546 3447 0 6553
547 3447 0 6553
548 3447 0 6553
549 3447 0 6553
550 3447 0 6553
551 3447 0 6553
552 3447 0 6553
553 3447 0 6553
554 3447 0 6553
555 3447 0 6553
556 3447 0 6553
557 3447 0 6553
558 3447 0 6553
559 3447 0 6553
560 3447 0 6553
561 3447 0 6553
562 3447 0 6553
563 3447 0 6553
564 3447 0 6553
565 3447 0 6553
566 3447 0 6553
567 3447 0 6553
568 3447 0 6553
569 3447 0 6553
570 3447 0 6553
571 3447 0 6553
572 3447 0 6553
573 3447 0 6553
574 3447 0 6553
575 3447 0 6553
576 3447 0 6553
577 3447 0 6553
578 3447 0 6553
579 3447 0 6553
580 3447 0 6553
581 3447 0 6553
582 3447 0 6553
583 3447 0 6553
584 3447 0 6553
585 3447 0 6553
586 3447 0 6553
587 3447 0 6553
588 3447 0 6553
589 3447 0 6553
590 3447 0 6553
591 3447 0 6553
592 3447 0 6553
593 3447 0 6553
594 3447 0 6553
595 3447 0 6553
596 3447 0 6553
597 3447 0 6553
598 3447 0 6553
599 3447 0 6553
600 3447 0 6553
601 3447 0 6553
602 3447 0 6553
603 3447 0 6553
604 3447 0 6553
605 3447 0 6553
606 3447 0 6553
607 3447 0 6553
608 3447 0 6553
609 3447 0 6553
610 3447 0 6553
611 3447 0 6553
612 3447 0 6553
613 3447 0 6553
614 3447 0 6553
615 3447 0 6553
616 3447 0 6553
617 3447 0 6553
618 3447 0 6553
619 3447 0 6553
620 3447 0 6553
621 3447 0 6553
622 3447 0 6553
623 3447 0 6553
624 3447 0 6553
625 3447 0 6553
626 3447 0 6553
627 3447 0 6553
628 3447 0 6553
629 3447 0 6553
630 3447 0 6553
631 3447 0 6553
632 3447 0 6553
633 3447 0 6553
634 3447 0 6553
635 3447 0 6553
636 3447 0 6553
637 3447 0 6553
638 3447 0 6553
639 3447 0 6553
640 3447 0 6553
641 3447 0 6553
642 3447 0 6553
643 3447 0 6553
644 3447 0 6553
645 3447 0 6553
646 3447 0 6553
647 3447 0 6553
648 3447 0 6553
649 3447 0 6553
650 3447 0 6553
651 3447 0 6553
652 3447 0 6553
653 3447 0 6553
654 3447 0 6553
655 3447 0 6553
656 3447 0 6553
657 3447 0 6553
658 3447 0 6553
659 3447 0 6553
660 3447 0 6553
661 3447 0 6553
662 3447 0 6553
663 3447 0 6553
664 3447 0 6553
665 3447 0 6553
666 3447 0 6553
667 3447 0 6553
668 3447 0 6553
669 3447 0 6553
670 3447 0 6553
671 3447 0 6553
672 3447 0 6553
673 3447 0 6553
674 3447 0 6553
675 3447 0 6553
676 3447 0 6553
677 3447 0 6553
678 3447 0 6553
679 3447 0 6553
680 3447 0 6553
681 3447 0 6553
682 3447 0 6553
683 3447 0 6553
684 3447 0 6553
685 3447 0 6553
686 3447 0 6553
687 3447 0 6553
688 3447 0 6553
689 3447 0 6553
690 3447 0 6553
691 3447 0 6553
692 3447 0 6553
693 3447 0 6553
694 3447 0 6553
695 3447 0 6553
696 3447 0 6553
697 3447 0 6553
698 3447 0 6553
699 3447 0 6553
700 3447 0 6553
701 3447 0 6553
702 3447 0 6553
703 3447 0 6553
704 3447 0 6553
705 3447 0 6553
706 3447 0 6553
707 3447 0 6553
708 3447 0 6553
709 3447 0 6553
710 3447 0 6553
711 3447 0 6553
712 3447 0 6553
713 3447 0 6553
714 3447 0 6553
715 3447 0 6553
716 3447 0 6553
717 3447 0 6553
718 3447 0 6553
719 3447 0 6553
720 3447 0 6553
721 3447 0 6553
722 3447 0 6553
723 3447 0 6553
724 3447 0 6553
725 3447 0 6553
726 3447 0 6553
727 3447 0 6553
728 3447 0 6553
729 3447 0 6553
730 3447 0 6553
731 3447 0 6553
732 3447 0 6553
733 3447 0 6553
734 3447 0 6553
735 3447 0 6553
736 3447 0 6553
737 3447 0 6553
738 3447 0 6553
739 3447 0 6553
740 3447 0 6553
741 3447 0 6553
742 3447 0 6553
743 3447 0 6553
744 3447 0 6553
745 3447 0 6553
746 3447 0 6553
747 3447 0 6553
748 3447 0 6553
749 3447 0 6553
750 3447 0 6553
751 3447 0 6553
752 3447 0 6553
753 3447 0 6553
754 3447 0 6553
755 3447 0 6553
756 3447 0 6553
757 3447 0 6553
758 3447 0 6553
759 3447 0 6553
760 3447 0 6553
761 3447 0 6553
762 3447 0 6553
763 3447 0 6553
764 3447 0 6553
765 3447 0 6553
766 3447 0 6553
767 3447 0 6553
768 3447 0 6553
769 3447 0 6553
770 3447 0 6553
771 3447 0 6553
772 3447 0 6553
773 3447 0 6553
774 3447 0 6553
775 3447 0 6553
776 3447 0 6553
777 3447 0 6553
778 3447 0 6553
779 3447 0 6553
780 3447 0 6553
781 3447 0 6553
782 3447 0 6553
783 3447 0 6553
784 3447 0 6553
785 3447 0 6553
786 3447 0 6553
787 3447 0 6553
788 3447 0 6553
789 3447 0 6553
790 3447 0 6553
791 3447 0 6553
792 3447 0 6553
793 3447 0 6553
794 3447 0 6553
795 3447 0 6553
796 3447 0 6553
797 3447 0 6553
798 3447 0 6553
799 3447 0 6553
800 3447 0 6553
801 3447 0 6553
802 3447 0 6553
803 3447 0 6553
804 3447 0 6553
805 3447 0 6553
806 3447 0 6553
807 3447 0 6553
808 3447 0 6553
809 3447 0 6553
810 3447 0 6553
811 3447 0 6553
812 3447 0 6553
813 3447 0 6553
814 3447 0 6553
815 3447 0 6553
816 3447 0 6553
817 3447 0 6553
818 3447 0 6553
819 3447 0 6553
820 3447 0 6553
821 3447 0 6553
822 3447 0 6553
823 3447 0 6553
824 3447 0 6553
825 3447 0 6553
826 3447 0 6553
827 3447 0 6553
828 3447 0 6553
829 3447 0 6553
830 3447 0 6553
831 3447 0 6553
832 3447 0 6553
833 3447 0 6553
834 3447 0 6553
835 3447 0 6553
836 3447 0 6553
837 3447 0 6553
838 3447 0 6553
839 3447 0 6553
840 3447 0 6553
841 3447 0 6553
842 3447 0 6553
843 3447 0 6553
844 3447 0 6553
845 3447 0 6553
846 3447 0 6553
847 3447 0 6553
848 3447 0 6553
849 3447 0 6553
850 3447 0 6553
851 3447 0 6553
852 3447 0 6553
853 3447 0 6553
854 3447 0 6553
855 3447 0 6553
856 3447 0 6553
857 3447 0 6553
858 3447 0 6553
859 3447 0 6553
860 3447 0 6553
861 3447 0 6553
862 3447 0 6553
863 3447 0 6553
864 3447 0 6553
865 3447 0 6553
866 3447 0 6553
867 3447 0 6553
868 3447 0 6553
869 3447 0 6553
870 3447 0 6553
871 3447 0 6553
872 3447 0 6553
873 3447 0 6553
874 3447 0 6553
875 3447 0 6553
876 3447 0 6553
877 3447 0 6553
878 3447 0 6553
879 3447 0 6553
880 3447 0 6553
881 3447 0 6553
882 3447 0 6553
883 3447 0 6553
884 3447 0 6553
885 3447 0 6553
886 3447 0 6553
887 3447 0 6553
888 3447 0 6553
889 3447 0 6553
890 3447 0 6553
891 3447 0 6553
892 3447 0 6553
893 3447 0 6553
894 3447 0 6553
895 3447 0 6553
896 3447 0 6553
897 3447 0 6553
898 3447 0 6553
899 3447 0 6553
900 3447 0 6553
901 3447 0 6553
902 3447 0 6553
903 3447 0 6553
904 3447 0 6553
905 3447 0 6553
906 3447 0 6553
907 3447 0 6553
908 3447 0 6553
909 3447 0 6553
910 3447 0 6553
911 3447 0 6553
912 3447 0 6553
913 3447 0 6553
914 3447 0 6553
915 3447 0 6553
916 3447 0 6553
917 3447 0 6553
918 3447 0 6553
919 3447 0 6553
920 3447 0 6553
921 3447 0 6553
922 3447 0 6553
923 3447 0 6553
924 3447 0 6553
925 3447 0 6553
926 3447 0 6553
927 3447 0 6553
928 3447 0 6553
929 3447 0 6553
930 3447 0 6553
931 3447 0 6553
932 3447 0 6553
933 3447 0 6553
934 3447 0 6553
935 3447 0 6553
936 3447 0 6553
937 3447 0 6553
938 3447 0 6553
939 3447 0 6553
940 3447 0 6553
941 3447 0 6553
942 3447 0 6553
943 3447 0 6553
944 3447 0 6553
945 3447 0 6553
946 3447 0 6553
947 3447 0 6553
948 3447 0 6553
949 3447 0 6553
950 3447 0 6553
951 3447 0 6553
952 3447 0 6553
953 3447 0 6553
954 3447 0 6553
955 3447 0 6553
956 3447 0 6553
957 3447 0 6553
958 3447 0 6553
959 3447 0 6553
960 3447 0 6553
961 3447 0 6553
962 3447 0 6553
963 3447 0 6553
964 3447 0 6553
965 3447 0 6553
966 3447 0 6553
967 3447 0 6553
968 3447 0 6553
969 3447 0 6553
970 3447 0 6553
971 3447 0 6553
972 3447 0 6553
973 3447 0 6553
974 3447 0 6553
975 3447 0 6553
976 3447 0 6553
977 3447 0 6553
978 3447 0 6553
979 3447 0 6553
980 3447 0 6553
981 3447 0 6553
982 3447 0 6553
983 3447 0 6553
984 3447 0 6553
985 3447 0 6553
986 3447 0 6553
987 3447 0 6553
988 3447 0 6553
989 3447 0 6553
990 3447 0 6553
991 3447 0 6553
992 3447 0 6553
993 3447 0 6553
994 3447 0 6553
995 3447 0 6553
996 3447 0 6553
997 3447 0 6553
998 3447 0 6553
999 3447 0 6553
