0 9999 1 0
1 9999 1 0
2 9997 3 0
3 9989 9 2
4 9988 7 5
5 9985 9 6
6 9980 13 7
7 9975 17 8
8 9968 21 11
9 9964 23 13
10 9958 25 17
11 9945 31 24
12 9937 34 29
13 9925 39 36
14 9918 41 41
15 9912 40 48
16 9907 37 56
17 9900 39 61
18 9889 45 66
19 9881 46 73
20 9867 57 76
21 9848 71 81
22 9836 70 94
23 9823 78 99
24 9807 78 115
25 9795 72 133
26 9788 66 146
27 9772 70 158
28 9756 77 167
29 9742 71 187
30 9736 63 201
31 9729 63 208
32 9725 57 218
33 9716 55 229
34 9709 46 245
35 9699 49 252
36 9689 47 264
37 9681 52 267
38 9674 50 276
39 9668 49 283
40 9665 41 294
41 9659 38 303
42 9649 41 310
43 9638 43 319
44 9629 43 328
45 9619 48 333
46 9602 62 336
47 9592 59 349
48 9582 61 357
49 9574 55 371
50 9566 52 382
51 9561 53 386
52 9553 48 399
53 9545 47 408
54 9539 48 413
55 9536 40 424
56 9532 41 427
57 9528 40 432
58 9525 39 436
59 9522 36 442
60 9516 39 445
61 9498 48 454
62 9486 53 461
63 9472 63 465
64 9459 63 478
65 9450 66 484
66 9434 73 493
67 9424 72 504
68 9411 71 518
69 9400 72 528
70 9385 71 544
71 9375 65 560
72 9364 61 575
73 9354 65 581
74 9333 77 590
75 9312 86 602
76 9298 87 615
77 9288 78 634
78 9277 79 644
79 9262 80 658
80 9250 80 670
81 9236 81 683
82 9217 84 699
83 9203 78 719
84 9190 79 731
85 9179 80 741
86 9164 79 757
87 9154 73 773
88 9140 70 790
89 9126 70 804
90 9111 69 820
91 9093 76 831
92 9081 76 843
93 9063 81 856
94 9050 77 873
95 9040 76 884
96 9030 73 897
97 9018 71 911
98 9010 65 925
99 8994 68 938
100 8993 58 949
101 8984 55 961
102 8975 58 967
103 8964 56 980
104 8950 61 989
105 8939 64 997
106 8929 62 1009
107 8918 63 1019
108 8910 59 1031
109 8895 59 1046
110 8880 62 1058
111 8863 65 1072
112 8854 53 1093
113 8846 50 1104
114 8838 45 1117
115 8830 46 1124
116 8823 44 1133
117 8815 47 1138
118 8806 51 1143
119 8799 46 1155
120 8793 41 1166
121 8788 44 1168
122 8775 47 1178
123 8765 49 1186
124 8754 53 1193
125 8740 57 1203
126 8730 56 1214
127 8716 63 1221
128 8708 53 1239
129 8703 47 1250
130 8690 54 1256
131 8682 55 1263
132 8672 52 1276
133 8655 60 1285
134 8637 70 1293
135 8624 75 1301
136 8615 78 1307
137 8603 78 1319
138 8593 67 1340
139 8584 66 1350
140 8575 65 1360
141 8563 70 1367
142 8552 71 1377
143 8542 71 1387
144 8530 72 1398
145 8507 73 1420
146 8494 72 1434
147 8487 68 1445
148 8479 64 1457
149 8469 69 1462
150 8460 66 1474
151 8448 61 1491
152 8439 60 1501
153 8433 52 1515
154 8415 56 1529
155 8406 62 1532
156 8395 62 1543
157 8388 58 1554
158 8377 60 1563
159 8360 65 1575
160 8349 66 1585
161 8337 63 1600
162 8319 72 1609
163 8298 72 1630
164 8289 70 1641
165 8278 75 1647
166 8263 85 1652
167 8242 92 1666
168 8216 98 1686
169 8197 104 1699
170 8173 110 1717
171 8152 107 1741
172 8136 100 1764
173 8123 96 1781
174 8096 105 1799
175 8076 113 1811
176 8057 113 1830
177 8042 102 1856
178 8022 101 1877
179 7996 102 1902
180 7979 103 1918
181 7966 94 1940
182 7943 102 1955
183 7926 98 1976
184 7905 109 1986
185 7874 127 1999
186 7844 132 2024
187 7825 129 2046
188 7803 127 2070
189 7771 144 2085
190 7742 143 2115
191 7725 131 2144
192 7703 130 2167
193 7689 115 2196
194 7669 120 2211
195 7654 112 2234
196 7624 119 2257
197 7606 112 2282
198 7585 115 2300
199 7566 114 2320
200 7543 121 2336
201 7525 117 2358
202 7503 117 2380
203 7485 118 2397
204 7460 125 2415
205 7437 129 2434
206 7419 117 2464
207 7396 119 2485
208 7375 117 2508
209 7346 124 2530
210 7325 123 2552
211 7295 126 2579
212 7261 132 2607
213 7240 132 2628
214 7208 137 2655
215 7182 142 2676
216 7153 147 2700
217 7111 165 2724
218 7081 162 2757
219 7048 165 2787
220 7026 149 2825
221 6999 149 2852
222 6972 150 2878
223 6939 164 2897
224 6903 168 2929
225 6871 172 2957
226 6839 169 2992
227 6811 169 3020
228 6781 169 3050
229 6749 179 3072
230 6725 178 3097
231 6699 178 3123
232 6679 163 3158
233 6665 150 3185
234 6646 142 3212
235 6621 144 3235
236 6604 131 3265
237 6586 123 3291
238 6569 118 3313
239 6557 106 3337
240 6541 107 3352
241 6522 107 3371
242 6506 106 3388
243 6493 100 3407
244 6486 86 3428
245 6474 83 3443
246 6466 81 3453
247 6459 76 3465
248 6451 76 3473
249 6443 69 3488
250 6428 72 3500
251 6412 75 3513
252 6404 71 3525
253 6395 71 3534
254 6381 71 3548
255 6370 65 3565
256 6355 66 3579
257 6333 77 3590
258 6317 74 3609
259 6303 78 3619
260 6289 76 3635
261 6271 80 3649
262 6256 84 3660
263 6238 91 3671
264 6214 100 3686
265 6195 99 3706
266 6183 96 3721
267 6167 87 3746
268 6153 90 3757
269 6137 90 3773
270 6125 89 3786
271 6111 95 3794
272 6090 104 3806
273 6073 99 3828
274 6061 97 3842
275 6048 93 3859
276 6033 87 3880
277 6015 83 3902
278 6001 83 3916
279 5985 81 3934
280 5956 99 3945
281 5940 97 3963
282 5923 94 3983
283 5911 90 3999
284 5900 92 4008
285 5883 87 4030
286 5865 84 4051
287 5849 88 4063
288 5838 86 4076
289 5829 82 4089
290 5811 86 4103
291 5799 85 4116
292 5779 93 4128
293 5763 99 4138
294 5748 99 4153
295 5730 93 4177
296 5711 86 4203
297 5697 86 4217
298 5681 86 4233
299 5662 90 4248
300 5641 89 4270
301 5626 89 4285
302 5616 85 4299
303 5602 86 4312
304 5589 84 4327
305 5575 80 4345
306 5560 80 4360
307 5549 81 4370
308 5531 86 4383
309 5521 80 4399
310 5509 82 4409
311 5497 81 4422
312 5489 72 4439
313 5478 70 4452
314 5469 71 4460
315 5450 77 4473
316 5440 69 4491
317 5426 68 4506
318 5413 69 4518
319 5400 70 4530
320 5393 61 4546
321 5377 65 4558
322 5364 66 4570
323 5348 77 4575
324 5334 79 4587
325 5319 82 4599
326 5300 88 4612
327 5275 95 4630
328 5257 99 4644
329 5241 101 4658
330 5211 117 4672
331 5188 126 4686
332 5171 118 4711
333 5155 112 4733
334 5129 114 4757
335 5122 103 4775
336 5099 110 4791
337 5083 111 4806
338 5068 104 4828
339 5047 110 4843
340 5017 126 4857
341 4985 133 4882
342 4956 143 4901
343 4930 140 4930
344 4898 155 4947
345 4884 145 4971
346 4856 147 4997
347 4831 148 5021
348 4806 147 5047
349 4789 137 5074
350 4754 154 5092
351 4721 162 5117
352 4694 157 5149
353 4679 144 5177
354 4661 139 5200
355 4641 142 5217
356 4619 144 5237
357 4597 146 5257
358 4571 145 5284
359 4543 152 5305
360 4522 153 5325
361 4497 155 5348
362 4483 144 5373
363 4457 146 5397
364 4427 149 5424
365 4399 146 5455
366 4373 148 5479
367 4339 161 5500
368 4320 157 5523
369 4296 152 5552
370 4276 147 5577
371 4253 138 5609
372 4236 133 5631
373 4221 121 5658
374 4209 110 5681
375 4196 107 5697
376 4184 102 5714
377 4170 102 5728
378 4159 101 5740
379 4153 90 5757
380 4146 80 5774
381 4139 74 5787
382 4131 74 5795
383 4121 69 5810
384 4110 64 5826
385 4104 64 5832
386 4096 62 5842
387 4092 50 5858
388 4085 51 5864
389 4075 53 5872
390 4071 54 5875
391 4060 57 5883
392 4049 57 5894
393 4040 56 5904
394 4027 63 5910
395 4013 67 5920
396 4003 69 5928
397 3991 68 5941
398 3981 72 5947
399 3975 68 5957
400 3969 60 5971
401 3960 52 5988
402 3951 54 5995
403 3944 51 6005
404 3933 49 6018
405 3921 50 6029
406 3917 47 6036
407 3912 43 6045
408 3907 40 6053
409 3903 42 6055
410 3900 38 6062
411 3897 36 6067
412 3896 33 6071
413 3892 31 6077
414 3886 36 6078
415 3880 39 6081
416 3874 40 6086
417 3870 38 6092
418 3866 34 6100
419 3861 34 6105
420 3857 34 6109
421 3854 31 6115
422 3845 35 6120
423 3838 36 6126
424 3835 35 6130
425 3830 37 6133
426 3825 35 6140
427 3819 35 6146
428 3816 29 6155
429 3807 29 6164
430 3803 25 6172
431 3798 23 6179
432 3792 25 6183
433 3788 22 6190
434 3787 18 6195
435 3787 14 6199
436 3786 11 6203
437 3786 9 6205
438 3785 10 6205
439 3784 10 6206
440 3780 13 6207
441 3778 13 6209
442 3777 12 6211
443 3772 12 6216
444 3769 12 6219
445 3769 8 6223
446 3766 11 6223
447 3763 13 6224
448 3762 12 6226
449 3762 6 6232
450 3761 7 6232
451 3761 7 6232
452 3760 7 6233
453 3756 10 6234
454 3750 14 6236
455 3744 20 6236
456 3738 22 6240
457 3732 25 6243
458 3730 24 6246
459 3722 28 6250
460 3721 25 6254
461 3718 25 6257
462 3714 24 6262
463 3708 26 6266
464 3701 28 6271
465 3700 24 6276
466 3693 27 6280
467 3681 33 6286
468 3669 38 6293
469 3659 43 6298
470 3652 43 6305
471 3646 42 6312
472 3631 51 6318
473 3624 51 6325
474 3609 60 6331
475 3599 63 6338
476 3592 60 6348
477 3580 60 6360
478 3573 63 6364
479 3560 73 6367
480 3551 76 6373
481 3542 71 6387
482 3531 70 6399
483 3524 65 6411
484 3520 54 6426
485 3514 53 6433
486 3508 54 6438
487 3507 42 6451
488 3505 39 6456
489 3502 35 6463
490 3500 31 6469
491 3499 27 6474
492 3497 20 6483
493 3497 17 6486
494 3496 16 6488
495 3496 15 6489
496 3495 14 6491
497 3492 16 6492
498 3491 14 6495
499 3489 13 6498
500 3489 12 6499
501 3487 12 6501
502 3486 10 6504
503 3486 9 6505
504 3485 9 6506
505 3483 11 6506
506 3481 10 6509
507 3477 12 6511
508 3472 15 6513
509 3468 15 6517
510 3466 13 6521
511 3461 18 6521
512 3460 14 6526
513 3454 17 6529
514 3453 16 6531
515 3447 21 6532
516 3439 25 6536
517 3438 24 6538
518 3437 20 6543
519 3435 19 6546
520 3434 15 6551
521 3428 17 6555
522 3426 16 6558
523 3422 15 6563
524 3416 17 6567
525 3415 15 6570
526 3412 16 6572
527 3409 15 6576
528 3408 14 6578
529 3408 11 6581
530 3405 13 6582
531 3404 14 6582
532 3401 11 6588
533 3398 12 6590
534 3396 13 6591
535 3394 13 6593
536 3394 11 6595
537 3392 11 6597
538 3390 13 6597
539 3390 13 6597
540 3389 11 6600
541 3388 9 6603
542 3388 8 6604
543 3388 8 6604
544 3388 8 6604
545 3388 7 6605
546 3388 7 6605
547 3388 7 6605
548 3388 7 6605
549 3388 7 6605
550 3388 7 6605
551 3388 6 6606
552 3387 7 6606
553 3387 6 6607
554 3386 6 6608
555 3385 5 6610
556 3380 10 6610
557 3378 11 6611
558 3371 17 6612
559 3370 14 6616
560 3367 13 6620
561 3365 14 6621
562 3362 15 6623
563 3358 18 6624
564 3357 18 6625
565 3357 15 6628
566 3356 14 6630
567 3354 14 6632
568 3354 11 6635
569 3353 11 6636
570 3351 12 6637
571 3347 15 6638
572 3346 13 6641
573 3344 13 6643
574 3344 10 6646
575 3343 10 6647
576 3343 7 6650
577 3343 6 6651
578 3343 4 6653
579 3343 3 6654
580 3343 2 6655
581 3343 2 6655
582 3343 2 6655
583 3343 1 6656
584 3343 1 6656
585 3343 1 6656
586 3343 1 6656
587 3343 0 6657
588 3343 0 6657
589 3343 0 6657
590 3343 0 6657
591 3343 0 6657
592 3343 0 6657
593 3343 0 6657
594 3343 0 6657
595 3343 0 6657
596 3343 0 6657
597 3343 0 6657
598 3343 0 6657
599 3343 0 6657
600 3343 0 6657
601 3343 0 6657
602 3343 0 6657
603 3343 0 6657
604 3343 0 6657
605 3343 0 6657
606 3343 0 6657
607 3343 0 6657
608 3343 0 6657
609 3343 0 6657
610 3343 0 6657
611 3343 0 6657
612 3343 0 6657
613 3343 0 6657
614 3343 0 6657
615 3343 0 6657
616 3343 0 6657
617 3343 0 6657
618 3343 0 6657
619 3343 0 6657
620 3343 0 6657
621 3343 0 6657
622 3343 0 6657
623 3343 0 6657
624 3343 0 6657
625 3343 0 6657
626 3343 0 6657
627 3343 0 6657
628 3343 0 6657
629 3343 0 6657
630 3343 0 6657
631 3343 0 6657
632 3343 0 6657
633 3343 0 6657
634 3343 0 6657
635 3343 0 6657
636 3343 0 6657
637 3343 0 6657
638 3343 0 6657
639 3343 0 6657
640 3343 0 6657
641 3343 0 6657
642 3343 0 6657
643 3343 0 6657
644 3343 0 6657
645 3343 0 6657
646 3343 0 6657
647 3343 0 6657
648 3343 0 6657
649 3343 0 6657
650 3343 0 6657
651 3343 0 6657
652 3343 0 6657
653 3343 0 6657
654 3343 0 6657
655 3343 0 6657
656 3343 0 6657
657 3343 0 6657
658 3343 0 6657
659 3343 0 6657
660 3343 0 6657
661 3343 0 6657
662 3343 0 6657
663 3343 0 6657
664 3343 0 6657
665 3343 0 6657
666 3343 0 6657
667 3343 0 6657
668 3343 0 6657
669 3343 0 6657
670 3343 0 6657
671 3343 0 6657
672 3343 0 6657
673 3343 0 6657
674 3343 0 6657
675 3343 0 6657
676 3343 0 6657
677 3343 0 6657
678 3343 0 6657
679 3343 0 6657
680 3343 0 6657
681 3343 0 6657
682 3343 0 6657
683 3343 0 6657
684 3343 0 6657
685 3343 0 6657
686 3343 0 6657
687 3343 0 6657
688 3343 0 6657
689 3343 0 6657
690 3343 0 6657
691 3343 0 6657
692 3343 0 6657
693 3343 0 6657
694 3343 0 6657
695 3343 0 6657
696 3343 0 6657
697 3343 0 6657
698 3343 0 6657
699 3343 0 6657
700 3343 0 6657
701 3343 0 6657
702 3343 0 6657
703 3343 0 6657
704 3343 0 6657
705 3343 0 6657
706 3343 0 6657
707 3343 0 6657
708 3343 0 6657
709 3343 0 6657
710 3343 0 6657
711 3343 0 6657
712 3343 0 6657
713 3343 0 6657
714 3343 0 6657
715 3343 0 6657
716 3343 0 6657
717 3343 0 6657
718 3343 0 6657
719 3343 0 6657
720 3343 0 6657
721 3343 0 6657
722 3343 0 6657
723 3343 0 6657
724 3343 0 6657
725 3343 0 6657
726 3343 0 6657
727 3343 0 6657
728 3343 0 6657
729 3343 0 6657
730 3343 0 6657
731 3343 0 6657
732 3343 0 6657
733 3343 0 6657
734 3343 0 6657
735 3343 0 6657
736 3343 0 6657
737 3343 0 6657
738 3343 0 6657
739 3343 0 6657
740 3343 0 6657
741 3343 0 6657
742 3343 0 6657
743 3343 0 6657
744 3343 0 6657
745 3343 0 6657
746 3343 0 6657
747 3343 0 6657
748 3343 0 6657
749 3343 0 6657
750 3343 0 6657
751 3343 0 6657
752 3343 0 6657
753 3343 0 6657
754 3343 0 6657
755 3343 0 6657
756 3343 0 6657
757 3343 0 6657
758 3343 0 6657
759 3343 0 6657
760 3343 0 6657
761 3343 0 6657
762 3343 0 6657
763 3343 0 6657
764 3343 0 6657
765 3343 0 6657
766 3343 0 6657
767 3343 0 6657
768 3343 0 6657
769 3343 0 6657
770 3343 0 6657
771 3343 0 6657
772 3343 0 6657
773 3343 0 6657
774 3343 0 6657
775 3343 0 6657
776 3343 0 6657
777 3343 0 6657
778 3343 0 6657
779 3343 0 6657
780 3343 0 6657
781 3343 0 6657
782 3343 0 6657
783 3343 0 6657
784 3343 0 6657
785 3343 0 6657
786 3343 0 6657
787 3343 0 6657
788 3343 0 6657
789 3343 0 6657
790 3343 0 6657
791 3343 0 6657
792 3343 0 6657
793 3343 0 6657
794 3343 0 6657
795 3343 0 6657
796 3343 0 6657
797 3343 0 6657
798 3343 0 6657
799 3343 0 6657
800 3343 0 6657
801 3343 0 6657
802 3343 0 6657
803 3343 0 6657
804 3343 0 6657
805 3343 0 6657
806 3343 0 6657
807 3343 0 6657
808 3343 0 6657
809 3343 0 6657
810 3343 0 6657
811 3343 0 6657
812 3343 0 6657
813 3343 0 6657
814 3343 0 6657
815 3343 0 6657
816 3343 0 6657
817 3343 0 6657
818 3343 0 6657
819 3343 0 6657
820 3343 0 6657
821 3343 0 6657
822 3343 0 6657
823 3343 0 6657
824 3343 0 6657
825 3343 0 6657
826 3343 0 6657
827 3343 0 6657
828 3343 0 6657
829 3343 0 6657
830 3343 0 6657
831 3343 0 6657
832 3343 0 6657
833 3343 0 6657
834 3343 0 6657
835 3343 0 6657
836 3343 0 6657
837 3343 0 6657
838 3343 0 6657
839 3343 0 6657
840 3343 0 6657
841 3343 0 6657
842 3343 0 6657
843 3343 0 6657
844 3343 0 6657
845 3343 0 6657
846 3343 0 6657
847 3343 0 6657
848 3343 0 6657
849 3343 0 6657
850 3343 0 6657
851 3343 0 6657
852 3343 0 6657
853 3343 0 6657
854 3343 0 6657
855 3343 0 6657
856 3343 0 6657
857 3343 0 6657
858 3343 0 6657
859 3343 0 6657
860 3343 0 6657
861 3343 0 6657
862 3343 0 6657
863 3343 0 6657
864 3343 0 6657
865 3343 0 6657
866 3343 0 6657
867 3343 0 6657
868 3343 0 6657
869 3343 0 6657
870 3343 0 6657
871 3343 0 6657
872 3343 0 6657
873 3343 0 6657
874 3343 0 6657
875 3343 0 6657
876 3343 0 6657
877 3343 0 6657
878 3343 0 6657
879 3343 0 6657
880 3343 0 6657
881 3343 0 6657
882 3343 0 6657
883 3343 0 6657
884 3343 0 6657
885 3343 0 6657
886 3343 0 6657
887 3343 0 6657
888 3343 0 6657
889 3343 0 6657
890 3343 0 6657
891 3343 0 6657
892 3343 0 6657
893 3343 0 6657
894 3343 0 6657
895 3343 0 6657
896 3343 0 6657
897 3343 0 6657
898 3343 0 6657
899 3343 0 6657
900 3343 0 6657
901 3343 0 6657
902 3343 0 6657
903 3343 0 6657
904 3343 0 6657
905 3343 0 6657
906 3343 0 6657
907 3343 0 6657
908 3343 0 6657
909 3343 0 6657
910 3343 0 6657
911 3343 0 6657
912 3343 0 6657
913 3343 0 6657
914 3343 0 6657
915 3343 0 6657
916 3343 0 6657
917 3343 0 6657
918 3343 0 6657
919 3343 0 6657
920 3343 0 6657
921 3343 0 6657
922 3343 0 6657
923 3343 0 6657
924 3343 0 6657
925 3343 0 6657
926 3343 0 6657
927 3343 0 6657
928 3343 0 6657
929 3343 0 6657
930 3343 0 6657
931 3343 0 6657
932 3343 0 6657
933 3343 0 6657
934 3343 0 6657
935 3343 0 6657
936 3343 0 6657
937 3343 0 6657
938 3343 0 6657
939 3343 0 6657
940 3343 0 6657
941 3343 0 6657
942 3343 0 6657
943 3343 0 6657
944 3343 0 6657
945 3343 0 6657
946 3343 0 6657
947 3343 0 6657
948 3343 0 6657
949 3343 0 6657
950 3343 0 6657
951 3343 0 6657
952 3343 0 6657
953 3343 0 6657
954 3343 0 6657
955 3343 0 6657
956 3343 0 6657
957 3343 0 6657
958 3343 0 6657
959 3343 0 6657
960 3343 0 6657
961 3343 0 6657
962 3343 0 6657
963 3343 0 6657
964 3343 0 6657
965 3343 0 6657
966 3343 0 6657
967 3343 0 6657
968 3343 0 6657
969 3343 0 6657
970 3343 0 6657
971 3343 0 6657
972 3343 0 6657
973 3343 0 6657
974 3343 0 6657
975 3343 0 6657
976 3343 0 6657
977 3343 0 6657
978 3343 0 6657
979 3343 0 6657
980 3343 0 6657
981 3343 0 6657
982 3343 0 6657
983 3343 0 6657
984 3343 0 6657
985 3343 0 6657
986 3343 0 6657
987 3343 0 6657
988 3343 0 6657
989 3343 0 6657
990 3343 0 6657
991 3343 0 6657
992 3343 0 6657
993 3343 0 6657
994 3343 0 6657
995 3343 0 6657
996 3343 0 6657
997 3343 0 6657
998 3343 0 6657
999 3343 0 6657
