0 9999 1 0
1 9999 1 0
2 9996 4 0
3 9994 6 0
4 9991 9 0
5 9989 8 3
6 9987 10 3
7 9985 11 4
8 9980 13 7
9 9975 17 8
10 9971 17 12
11 9969 16 15
12 9963 18 19
13 9960 18 22
14 9958 14 28
15 9957 12 31
16 9956 13 31
17 9956 9 35
18 9954 8 38
19 9949 11 40
20 9948 9 43
21 9945 9 46
22 9943 10 47
23 9940 10 50
24 9936 13 51
25 9933 12 55
26 9932 11 57
27 9932 11 57
28 9931 9 60
29 9931 6 63
30 9930 6 64
31 9927 9 64
32 9924 12 64
33 9922 8 70
34 9921 8 71
35 9919 8 73
36 9917 10 73
37 9915 9 76
38 9913 9 78
39 9911 10 79
40 9910 10 80
41 9910 10 80
42 9907 11 82
43 9905 12 83
44 9900 17 83
45 9896 20 84
46 9893 18 89
47 9892 14 94
48 9890 12 98
49 9885 14 101
50 9884 14 102
51 9883 11 106
52 9878 13 109
53 9876 11 113
54 9874 12 114
55 9871 12 117
56 9869 13 118
57 9867 14 119
58 9867 13 120
59 9863 15 122
60 9855 21 124
61 9850 22 128
62 9848 22 130
63 9845 19 136
64 9842 18 140
65 9835 20 145
66 9833 20 147
67 9829 22 149
68 9826 20 154
69 9819 23 158
70 9811 25 164
71 9805 24 171
72 9798 27 175
73 9792 29 179
74 9786 29 185
75 9781 30 189
76 9771 35 194
77 9756 44 200
78 9751 44 205
79 9742 43 215
80 9730 47 223
81 9722 47 231
82 9711 43 246
83 9710 30 260
84 9704 29 267
85 9696 33 271
86 9692 35 273
87 9687 33 280
88 9685 27 288
89 9683 25 292
90 9680 25 295
91 9675 26 299
92 9673 22 305
93 9670 22 308
94 9668 18 314
95 9664 17 319
96 9661 17 322
97 9659 17 324
98 9655 15 330
99 9655 12 333
100 9654 10 336
101 9652 9 339
102 9652 7 341
103 9647 11 342
104 9645 11 344
105 9642 14 344
106 9641 14 345
107 9638 12 350
108 9634 13 353
109 9627 17 356
110 9620 19 361
111 9618 18 364
112 9610 24 366
113 9604 27 369
114 9599 28 373
115 9588 36 376
116 9579 38 383
117 9573 41 386
118 9569 40 391
119 9563 39 398
120 9555 42 403
121 9551 38 411
122 9550 35 415
123 9546 34 420
124 9540 32 428
125 9537 28 435
126 9531 32 437
127 9524 32 444
128 9519 27 454
129 9517 25 458
130 9514 24 462
131 9512 24 464
132 9508 24 468
133 9500 29 471
134 9493 33 474
135 9489 30 481
136 9483 32 485
137 9477 29 494
138 9466 31 503
139 9461 32 507
140 9456 31 513
141 9450 31 519
142 9436 40 524
143 9427 45 528
144 9422 42 536
145 9415 42 543
146 9410 41 549
147 9407 38 555
148 9400 40 560
149 9394 40 566
150 9390 36 574
151 9387 37 576
152 9383 32 585
153 9377 34 589
154 9377 27 596
155 9375 23 602
156 9372 25 603
157 9368 25 607
158 9365 26 609
159 9362 23 615
160 9358 21 621
161 9353 21 626
162 9350 22 628
163 9344 27 629
164 9340 23 637
165 9333 28 639
166 9327 31 642
167 9322 34 644
168 9313 36 651
169 9312 31 657
170 9305 31 664
171 9297 33 670
172 9293 32 675
173 9283 34 683
174 9275 36 689
175 9270 34 696
176 9258 43 699
177 9253 44 703
178 9238 55 707
179 9229 53 718
180 9219 60 721
181 9210 60 730
182 9199 63 738
183 9191 59 750
184 9181 55 764
185 9172 51 777
186 9169 48 783
187 9161 47 792
188 9158 45 797
189 9149 47 804
190 9143 40 817
191 9142 34 824
192 9142 28 830
193 9138 29 833
194 9136 25 839
195 9135 18 847
196 9129 21 850
197 9128 19 853
198 9127 16 857
199 9123 17 860
200 9117 18 865
201 9116 13 871
202 9114 12 874
203 9112 10 878
204 9112 9 879
205 9111 8 881
206 9111 8 881
207 9109 9 882
208 9106 11 883
209 9104 11 885
210 9103 11 886
211 9098 15 887
212 9096 16 888
213 9094 18 888
214 9094 14 892
215 9088 13 899
216 9085 14 901
217 9084 13 903
218 9084 12 904
219 9080 13 907
220 9077 16 907
221 9073 19 908
222 9071 19 910
223 9069 16 915
224 9069 14 917
225 9068 15 917
226 9064 11 925
227 9062 11 927
228 9061 9 930
229 9058 12 930
230 9055 13 932
231 9054 13 933
232 9052 13 935
233 9051 11 938
234 9048 11 941
235 9047 6 947
236 9047 4 949
237 9047 3 950
238 9047 3 950
239 9047 2 951
240 9047 2 951
241 9047 2 951
242 9047 2 951
243 9047 2 951
244 9047 2 951
245 9047 2 951
246 9047 2 951
247 9047 1 952
248 9047 1 952
249 9047 0 953
250 9047 0 953
251 9047 0 953
252 9047 0 953
253 9047 0 953
254 9047 0 953
255 9047 0 953
256 9047 0 953
257 9047 0 953
258 9047 0 953
259 9047 0 953
260 9047 0 953
261 9047 0 953
262 9047 0 953
263 9047 0 953
264 9047 0 953
265 9047 0 953
266 9047 0 953
267 9047 0 953
268 9047 0 953
269 9047 0 953
270 9047 0 953
271 9047 0 953
272 9047 0 953
273 9047 0 953
274 9047 0 953
275 9047 0 953
276 9047 0 953
277 9047 0 953
278 9047 0 953
279 9047 0 953
280 9047 0 953
281 9047 0 953
282 9047 0 953
283 9047 0 953
284 9047 0 953
285 9047 0 953
286 9047 0 953
287 9047 0 953
288 9047 0 953
289 9047 0 953
290 9047 0 953
291 9047 0 953
292 9047 0 953
293 9047 0 953
294 9047 0 953
295 9047 0 953
296 9047 0 953
297 9047 0 953
298 9047 0 953
299 9047 0 953
300 9047 0 953
301 9047 0 953
302 9047 0 953
303 9047 0 953
304 9047 0 953
305 9047 0 953
306 9047 0 953
307 9047 0 953
308 9047 0 953
309 9047 0 953
310 9047 0 953
311 9047 0 953
312 9047 0 953
313 9047 0 953
314 9047 0 953
315 9047 0 953
316 9047 0 953
317 9047 0 953
318 9047 0 953
319 9047 0 953
320 9047 0 953
321 9047 0 953
322 9047 0 953
323 9047 0 953
324 9047 0 953
325 9047 0 953
326 9047 0 953
327 9047 0 953
328 9047 0 953
329 9047 0 953
330 9047 0 953
331 9047 0 953
332 9047 0 953
333 9047 0 953
334 9047 0 953
335 9047 0 953
336 9047 0 953
337 9047 0 953
338 9047 0 953
339 9047 0 953
340 9047 0 953
341 9047 0 953
342 9047 0 953
343 9047 0 953
344 9047 0 953
345 9047 0 953
346 9047 0 953
347 9047 0 953
348 9047 0 953
349 9047 0 953
350 9047 0 953
351 9047 0 953
352 9047 0 953
353 9047 0 953
354 9047 0 953
355 9047 0 953
356 9047 0 953
357 9047 0 953
358 9047 0 953
359 9047 0 953
360 9047 0 953
361 9047 0 953
362 9047 0 953
363 9047 0 953
364 9047 0 953
365 9047 0 953
366 9047 0 953
367 9047 0 953
368 9047 0 953
369 9047 0 953
370 9047 0 953
371 9047 0 953
372 9047 0 953
373 9047 0 953
374 9047 0 953
375 9047 0 953
376 9047 0 953
377 9047 0 953
378 9047 0 953
379 9047 0 953
380 9047 0 953
381 9047 0 953
382 9047 0 953
383 9047 0 953
384 9047 0 953
385 9047 0 953
386 9047 0 953
387 9047 0 953
388 9047 0 953
389 9047 0 953
390 9047 0 953
391 9047 0 953
392 9047 0 953
393 9047 0 953
394 9047 0 953
395 9047 0 953
396 9047 0 953
397 9047 0 953
398 9047 0 953
399 9047 0 953
400 9047 0 953
401 9047 0 953
402 9047 0 953
403 9047 0 953
404 9047 0 953
405 9047 0 953
406 9047 0 953
407 9047 0 953
408 9047 0 953
409 9047 0 953
410 9047 0 953
411 9047 0 953
412 9047 0 953
413 9047 0 953
414 9047 0 953
415 9047 0 953
416 9047 0 953
417 9047 0 953
418 9047 0 953
419 9047 0 953
420 9047 0 953
421 9047 0 953
422 9047 0 953
423 9047 0 953
424 9047 0 953
425 9047 0 953
426 9047 0 953
427 9047 0 953
428 9047 0 953
429 9047 0 953
430 9047 0 953
431 9047 0 953
432 9047 0 953
433 9047 0 953
434 9047 0 953
435 9047 0 953
436 9047 0 953
437 9047 0 953
438 9047 0 953
439 9047 0 953
440 9047 0 953
441 9047 0 953
442 9047 0 953
443 9047 0 953
444 9047 0 953
445 9047 0 953
446 9047 0 953
447 9047 0 953
448 9047 0 953
449 9047 0 953
450 9047 0 953
451 9047 0 953
452 9047 0 953
453 9047 0 953
454 9047 0 953
455 9047 0 953
456 9047 0 953
457 9047 0 953
458 9047 0 953
459 9047 0 953
460 9047 0 953
461 9047 0 953
462 9047 0 953
463 9047 0 953
464 9047 0 953
465 9047 0 953
466 9047 0 953
467 9047 0 953
468 9047 0 953
469 9047 0 953
470 9047 0 953
471 9047 0 953
472 9047 0 953
473 9047 0 953
474 9047 0 953
475 9047 0 953
476 9047 0 953
477 9047 0 953
478 9047 0 953
479 9047 0 953
480 9047 0 953
481 9047 0 953
482 9047 0 953
483 9047 0 953
484 9047 0 953
485 9047 0 953
486 9047 0 953
487 9047 0 953
488 9047 0 953
489 9047 0 953
490 9047 0 953
491 9047 0 953
492 9047 0 953
493 9047 0 953
494 9047 0 953
495 9047 0 953
496 9047 0 953
497 9047 0 953
498 9047 0 953
499 9047 0 953
500 9047 0 953
501 9047 0 953
502 9047 0 953
503 9047 0 953
504 9047 0 953
505 9047 0 953
506 9047 0 953
507 9047 0 953
508 9047 0 953
509 9047 0 953
510 9047 0 953
511 9047 0 953
512 9047 0 953
513 9047 0 953
514 9047 0 953
515 9047 0 953
516 9047 0 953
517 9047 0 953
518 9047 0 953
519 9047 0 953
520 9047 0 953
521 9047 0 953
522 9047 0 953
523 9047 0 953
524 9047 0 953
525 9047 0 953
526 9047 0 953
527 9047 0 953
528 9047 0 953
529 9047 0 953
530 9047 0 953
531 9047 0 953
532 9047 0 953
533 9047 0 953
534 9047 0 953
535 9047 0 953
536 9047 0 953
537 9047 0 953
538 9047 0 953
539 9047 0 953
540 9047 0 953
541 9047 0 953
542 9047 0 953
543 9047 0 953
544 9047 0 953
545 9047 0 953
546 9047 0 953
547 9047 0 953
548 9047 0 953
549 9047 0 953
550 9047 0 953
551 9047 0 953
552 9047 0 953
553 9047 0 953
554 9047 0 953
555 9047 0 953
556 9047 0 953
557 9047 0 953
558 9047 0 953
559 9047 0 953
560 9047 0 953
561 9047 0 953
562 9047 0 953
563 9047 0 953
564 9047 0 953
565 9047 0 953
566 9047 0 953
567 9047 0 953
568 9047 0 953
569 9047 0 953
570 9047 0 953
571 9047 0 953
572 9047 0 953
573 9047 0 953
574 9047 0 953
575 9047 0 953
576 9047 0 953
577 9047 0 953
578 9047 0 953
579 9047 0 953
580 9047 0 953
581 9047 0 953
582 9047 0 953
583 9047 0 953
584 9047 0 953
585 9047 0 953
586 9047 0 953
587 9047 0 953
588 9047 0 953
589 9047 0 953
590 9047 0 953
591 9047 0 953
592 9047 0 953
593 9047 0 953
594 9047 0 953
595 9047 0 953
596 9047 0 953
597 9047 0 953
598 9047 0 953
599 9047 0 953
600 9047 0 953
601 9047 0 953
602 9047 0 953
603 9047 0 953
604 9047 0 953
605 9047 0 953
606 9047 0 953
607 9047 0 953
608 9047 0 953
609 9047 0 953
610 9047 0 953
611 9047 0 953
612 9047 0 953
613 9047 0 953
614 9047 0 953
615 9047 0 953
616 9047 0 953
617 9047 0 953
618 9047 0 953
619 9047 0 953
620 9047 0 953
621 9047 0 953
622 9047 0 953
623 9047 0 953
624 9047 0 953
625 9047 0 953
626 9047 0 953
627 9047 0 953
628 9047 0 953
629 9047 0 953
630 9047 0 953
631 9047 0 953
632 9047 0 953
633 9047 0 953
634 9047 0 953
635 9047 0 953
636 9047 0 953
637 9047 0 953
638 9047 0 953
639 9047 0 953
640 9047 0 953
641 9047 0 953
642 9047 0 953
643 9047 0 953
644 9047 0 953
645 9047 0 953
646 9047 0 953
647 9047 0 953
648 9047 0 953
649 9047 0 953
650 9047 0 953
651 9047 0 953
652 9047 0 953
653 9047 0 953
654 9047 0 953
655 9047 0 953
656 9047 0 953
657 9047 0 953
658 9047 0 953
659 9047 0 953
660 9047 0 953
661 9047 0 953
662 9047 0 953
663 9047 0 953
664 9047 0 953
665 9047 0 953
666 9047 0 953
667 9047 0 953
668 9047 0 953
669 9047 0 953
670 9047 0 953
671 9047 0 953
672 9047 0 953
673 9047 0 953
674 9047 0 953
675 9047 0 953
676 9047 0 953
677 9047 0 953
678 9047 0 953
679 9047 0 953
680 9047 0 953
681 9047 0 953
682 9047 0 953
683 9047 0 953
684 9047 0 953
685 9047 0 953
686 9047 0 953
687 9047 0 953
688 9047 0 953
689 9047 0 953
690 9047 0 953
691 9047 0 953
692 9047 0 953
693 9047 0 953
694 9047 0 953
695 9047 0 953
696 9047 0 953
697 9047 0 953
698 9047 0 953
699 9047 0 953
700 9047 0 953
701 9047 0 953
702 9047 0 953
703 9047 0 953
704 9047 0 953
705 9047 0 953
706 9047 0 953
707 9047 0 953
708 9047 0 953
709 9047 0 953
710 9047 0 953
711 9047 0 953
712 9047 0 953
713 9047 0 953
714 9047 0 953
715 9047 0 953
716 9047 0 953
717 9047 0 953
718 9047 0 953
719 9047 0 953
720 9047 0 953
721 9047 0 953
722 9047 0 953
723 9047 0 953
724 9047 0 953
725 9047 0 953
726 9047 0 953
727 9047 0 953
728 9047 0 953
729 9047 0 953
730 9047 0 953
731 9047 0 953
732 9047 0 953
733 9047 0 953
734 9047 0 953
735 9047 0 953
736 9047 0 953
737 9047 0 953
738 9047 0 953
739 9047 0 953
740 9047 0 953
741 9047 0 953
742 9047 0 953
743 9047 0 953
744 9047 0 953
745 9047 0 953
746 9047 0 953
747 9047 0 953
748 9047 0 953
749 9047 0 953
750 9047 0 953
751 9047 0 953
752 9047 0 953
753 9047 0 953
754 9047 0 953
755 9047 0 953
756 9047 0 953
757 9047 0 953
758 9047 0 953
759 9047 0 953
760 9047 0 953
761 9047 0 953
762 9047 0 953
763 9047 0 953
764 9047 0 953
765 9047 0 953
766 9047 0 953
767 9047 0 953
768 9047 0 953
769 9047 0 953
770 9047 0 953
771 9047 0 953
772 9047 0 953
773 9047 0 953
774 9047 0 953
775 9047 0 953
776 9047 0 953
777 9047 0 953
778 9047 0 953
779 9047 0 953
780 9047 0 953
781 9047 0 953
782 9047 0 953
783 9047 0 953
784 9047 0 953
785 9047 0 953
786 9047 0 953
787 9047 0 953
788 9047 0 953
789 9047 0 953
790 9047 0 953
791 9047 0 953
792 9047 0 953
793 9047 0 953
794 9047 0 953
795 9047 0 953
796 9047 0 953
797 9047 0 953
798 9047 0 953
799 9047 0 953
800 9047 0 953
801 9047 0 953
802 9047 0 953
803 9047 0 953
804 9047 0 953
805 9047 0 953
806 9047 0 953
807 9047 0 953
808 9047 0 953
809 9047 0 953
810 9047 0 953
811 9047 0 953
812 9047 0 953
813 9047 0 953
814 9047 0 953
815 9047 0 953
816 9047 0 953
817 9047 0 953
818 9047 0 953
819 9047 0 953
820 9047 0 953
821 9047 0 953
822 9047 0 953
823 9047 0 953
824 9047 0 953
825 9047 0 953
826 9047 0 953
827 9047 0 953
828 9047 0 953
829 9047 0 953
830 9047 0 953
831 9047 0 953
832 9047 0 953
833 9047 0 953
834 9047 0 953
835 9047 0 953
836 9047 0 953
837 9047 0 953
838 9047 0 953
839 9047 0 953
840 9047 0 953
841 9047 0 953
842 9047 0 953
843 9047 0 953
844 9047 0 953
845 9047 0 953
846 9047 0 953
847 9047 0 953
848 9047 0 953
849 9047 0 953
850 9047 0 953
851 9047 0 953
852 9047 0 953
853 9047 0 953
854 9047 0 953
855 9047 0 953
856 9047 0 953
857 9047 0 953
858 9047 0 953
859 9047 0 953
860 9047 0 953
861 9047 0 953
862 9047 0 953
863 9047 0 953
864 9047 0 953
865 9047 0 953
866 9047 0 953
867 9047 0 953
868 9047 0 953
869 9047 0 953
870 9047 0 953
871 9047 0 953
872 9047 0 953
873 9047 0 953
874 9047 0 953
875 9047 0 953
876 9047 0 953
877 9047 0 953
878 9047 0 953
879 9047 0 953
880 9047 0 953
881 9047 0 953
882 9047 0 953
883 9047 0 953
884 9047 0 953
885 9047 0 953
886 9047 0 953
887 9047 0 953
888 9047 0 953
889 9047 0 953
890 9047 0 953
891 9047 0 953
892 9047 0 953
893 9047 0 953
894 9047 0 953
895 9047 0 953
896 9047 0 953
897 9047 0 953
898 9047 0 953
899 9047 0 953
900 9047 0 953
901 9047 0 953
902 9047 0 953
903 9047 0 953
904 9047 0 953
905 9047 0 953
906 9047 0 953
907 9047 0 953
908 9047 0 953
909 9047 0 953
910 9047 0 953
911 9047 0 953
912 9047 0 953
913 9047 0 953
914 9047 0 953
915 9047 0 953
916 9047 0 953
917 9047 0 953
918 9047 0 953
919 9047 0 953
920 9047 0 953
921 9047 0 953
922 9047 0 953
923 9047 0 953
924 9047 0 953
925 9047 0 953
926 9047 0 953
927 9047 0 953
928 9047 0 953
929 9047 0 953
930 9047 0 953
931 9047 0 953
932 9047 0 953
933 9047 0 953
934 9047 0 953
935 9047 0 953
936 9047 0 953
937 9047 0 953
938 9047 0 953
939 9047 0 953
940 9047 0 953
941 9047 0 953
942 9047 0 953
943 9047 0 953
944 9047 0 953
945 9047 0 953
946 9047 0 953
947 9047 0 953
948 9047 0 953
949 9047 0 953
950 9047 0 953
951 9047 0 953
952 9047 0 953
953 9047 0 953
954 9047 0 953
955 9047 0 953
956 9047 0 953
957 9047 0 953
958 9047 0 953
959 9047 0 953
960 9047 0 953
961 9047 0 953
962 9047 0 953
963 9047 0 953
964 9047 0 953
965 9047 0 953
966 9047 0 953
967 9047 0 953
968 9047 0 953
969 9047 0 953
970 9047 0 953
971 9047 0 953
972 9047 0 953
973 9047 0 953
974 9047 0 953
975 9047 0 953
976 9047 0 953
977 9047 0 953
978 9047 0 953
979 9047 0 953
980 9047 0 953
981 9047 0 953
982 9047 0 953
983 9047 0 953
984 9047 0 953
985 9047 0 953
986 9047 0 953
987 9047 0 953
988 9047 0 953
989 9047 0 953
990 9047 0 953
991 9047 0 953
992 9047 0 953
993 9047 0 953
994 9047 0 953
995 9047 0 953
996 9047 0 953
997 9047 0 953
998 9047 0 953
999 9047 0 953
