0 9999 1 0
1 9999 1 0
2 9996 4 0
3 9996 3 1
4 9993 5 2
5 9991 7 2
6 9988 9 3
7 9985 11 4
8 9982 13 5
9 9976 17 7
10 9974 19 7
11 9962 31 7
12 9958 33 9
13 9950 38 12
14 9943 40 17
15 9935 39 26
16 9930 37 33
17 9926 32 42
18 9925 25 50
19 9922 25 53
20 9916 23 61
21 9915 17 68
22 9910 20 70
23 9905 19 76
24 9901 21 78
25 9887 30 83
26 9878 34 88
27 9870 37 93
28 9862 40 98
29 9851 41 108
30 9845 38 117
31 9842 38 120
32 9836 34 130
33 9835 28 137
34 9829 26 145
35 9818 33 149
36 9811 34 155
37 9803 36 161
38 9795 38 167
39 9792 36 172
40 9782 41 177
41 9776 43 181
42 9766 46 188
43 9761 40 199
44 9755 36 209
45 9744 45 211
46 9735 45 220
47 9725 46 229
48 9719 44 237
49 9708 46 246
50 9703 47 250
51 9699 42 259
52 9692 39 269
53 9686 34 280
54 9674 42 284
55 9662 43 295
56 9649 42 309
57 9639 45 316
58 9627 47 326
59 9618 50 332
60 9606 53 341
61 9591 55 354
62 9579 57 364
63 9564 61 375
64 9552 61 387
65 9537 65 398
66 9522 68 410
67 9511 72 417
68 9495 76 429
69 9475 82 443
70 9465 78 457
71 9455 71 474
72 9437 82 481
73 9425 84 491
74 9411 83 506
75 9406 73 521
76 9399 64 537
77 9396 59 545
78 9387 58 555
79 9379 53 568
80 9373 48 579
81 9363 46 591
82 9357 42 601
83 9355 37 608
84 9346 39 615
85 9340 36 624
86 9334 39 627
87 9326 42 632
88 9318 43 639
89 9307 40 653
90 9298 41 661
91 9290 39 671
92 9285 38 677
93 9275 40 685
94 9265 46 689
95 9256 49 695
96 9251 41 708
97 9249 34 717
98 9241 33 726
99 9236 33 731
100 9233 29 738
101 9230 26 744
102 9223 30 747
103 9211 38 751
104 9204 39 757
105 9199 37 764
106 9189 41 770
107 9181 46 773
108 9175 44 781
109 9170 43 787
110 9166 37 797
111 9161 38 801
112 9153 39 808
113 9144 40 816
114 9137 39 824
115 9123 44 833
116 9113 48 839
117 9101 50 849
118 9095 42 863
119 9089 40 871
120 9082 44 874
121 9070 52 878
122 9056 54 890
123 9049 50 901
124 9038 49 913
125 9025 53 922
126 9016 53 931
127 9008 51 941
128 8997 46 957
129 8991 45 964
130 8987 41 972
131 8982 35 983
132 8979 33 988
133 8975 29 996
134 8963 34 1003
135 8957 31 1012
136 8956 27 1017
137 8950 29 1021
138 8945 31 1024
139 8939 31 1030
140 8932 34 1034
141 8926 35 1039
142 8916 37 1047
143 8906 38 1056
144 8893 44 1063
145 8877 49 1074
146 8870 52 1078
147 8862 54 1084
148 8850 55 1095
149 8842 55 1103
150 8830 61 1109
151 8817 64 1119
152 8807 68 1125
153 8791 74 1135
154 8780 72 1148
155 8760 76 1164
156 8741 82 1177
157 8723 89 1188
158 8703 95 1202
159 8694 88 1218
160 8679 85 1236
161 8663 86 1251
162 8650 85 1265
163 8637 76 1287
164 8627 69 1304
165 8624 55 1321
166 8615 56 1329
167 8603 59 1338
168 8592 62 1346
169 8568 75 1357
170 8559 70 1371
171 8542 69 1389
172 8532 68 1400
173 8528 67 1405
174 8514 68 1418
175 8502 64 1434
176 8493 57 1450
177 8481 58 1461
178 8474 49 1477
179 8468 45 1487
180 8465 42 1493
181 8462 38 1500
182 8458 35 1507
183 8450 37 1513
184 8446 34 1520
185 8443 29 1528
186 8441 24 1535
187 8434 28 1538
188 8427 32 1541
189 8421 31 1548
190 8417 32 1551
191 8410 36 1554
192 8403 38 1559
193 8396 34 1570
194 8394 34 1572
195 8384 37 1579
196 8375 37 1588
197 8367 41 1592
198 8357 43 1600
199 8350 39 1611
200 8343 41 1616
201 8336 39 1625
202 8333 34 1633
203 8329 26 1645
204 8328 22 1650
205 8322 25 1653
206 8318 24 1658
207 8313 24 1663
208 8304 30 1666
209 8296 35 1669
210 8293 29 1678
211 8284 34 1682
212 8279 33 1688
213 8272 32 1696
214 8268 30 1702
215 8262 33 1705
216 8259 31 1710
217 8256 31 1713
218 8248 36 1716
219 8239 37 1724
220 8231 37 1732
221 8225 33 1742
222 8220 35 1745
223 8214 38 1748
224 8206 38 1756
225 8198 42 1760
226 8189 44 1767
227 8183 44 1773
228 8175 43 1782
229 8166 41 1793
230 8160 39 1801
231 8156 38 1806
232 8151 39 1810
233 8147 38 1815
234 8143 36 1821
235 8136 34 1830
236 8132 33 1835
237 8130 29 1841
238 8127 30 1843
239 8126 25 1849
240 8121 25 1854
241 8117 25 1858
242 8109 28 1863
243 8102 32 1866
244 8098 28 1874
245 8097 20 1883
246 8095 16 1889
247 8095 11 1894
248 8093 13 1894
249 8089 14 1897
250 8089 12 1899
251 8088 11 1901
252 8087 11 1902
253 8086 11 1903
254 8084 11 1905
255 8084 10 1906
256 8083 9 1908
257 8083 8 1909
258 8082 6 1912
259 8082 4 1914
260 8082 3 1915
261 8082 3 1915
262 8082 3 1915
263 8082 3 1915
264 8082 2 1916
265 8082 2 1916
266 8082 1 1917
267 8082 1 1917
268 8082 1 1917
269 8082 1 1917
270 8082 1 1917
271 8082 1 1917
272 8082 1 1917
273 8082 1 1917
274 8082 1 1917
275 8082 0 1918
276 8082 0 1918
277 8082 0 1918
278 8082 0 1918
279 8082 0 1918
280 8082 0 1918
281 8082 0 1918
282 8082 0 1918
283 8082 0 1918
284 8082 0 1918
285 8082 0 1918
286 8082 0 1918
287 8082 0 1918
288 8082 0 1918
289 8082 0 1918
290 8082 0 1918
291 8082 0 1918
292 8082 0 1918
293 8082 0 1918
294 8082 0 1918
295 8082 0 1918
296 8082 0 1918
297 8082 0 1918
298 8082 0 1918
299 8082 0 1918
300 8082 0 1918
301 8082 0 1918
302 8082 0 1918
303 8082 0 1918
304 8082 0 1918
305 8082 0 1918
306 8082 0 1918
307 8082 0 1918
308 8082 0 1918
309 8082 0 1918
310 8082 0 1918
311 8082 0 1918
312 8082 0 1918
313 8082 0 1918
314 8082 0 1918
315 8082 0 1918
316 8082 0 1918
317 8082 0 1918
318 8082 0 1918
319 8082 0 1918
320 8082 0 1918
321 8082 0 1918
322 8082 0 1918
323 8082 0 1918
324 8082 0 1918
325 8082 0 1918
326 8082 0 1918
327 8082 0 1918
328 8082 0 1918
329 8082 0 1918
330 8082 0 1918
331 8082 0 1918
332 8082 0 1918
333 8082 0 1918
334 8082 0 1918
335 8082 0 1918
336 8082 0 1918
337 8082 0 1918
338 8082 0 1918
339 8082 0 1918
340 8082 0 1918
341 8082 0 1918
342 8082 0 1918
343 8082 0 1918
344 8082 0 1918
345 8082 0 1918
346 8082 0 1918
347 8082 0 1918
348 8082 0 1918
349 8082 0 1918
350 8082 0 1918
351 8082 0 1918
352 8082 0 1918
353 8082 0 1918
354 8082 0 1918
355 8082 0 1918
356 8082 0 1918
357 8082 0 1918
358 8082 0 1918
359 8082 0 1918
360 8082 0 1918
361 8082 0 1918
362 8082 0 1918
363 8082 0 1918
364 8082 0 1918
365 8082 0 1918
366 8082 0 1918
367 8082 0 1918
368 8082 0 1918
369 8082 0 1918
370 8082 0 1918
371 8082 0 1918
372 8082 0 1918
373 8082 0 1918
374 8082 0 1918
375 8082 0 1918
376 8082 0 1918
377 8082 0 1918
378 8082 0 1918
379 8082 0 1918
380 8082 0 1918
381 8082 0 1918
382 8082 0 1918
383 8082 0 1918
384 8082 0 1918
385 8082 0 1918
386 8082 0 1918
387 8082 0 1918
388 8082 0 1918
389 8082 0 1918
390 8082 0 1918
391 8082 0 1918
392 8082 0 1918
393 8082 0 1918
394 8082 0 1918
395 8082 0 1918
396 8082 0 1918
397 8082 0 1918
398 8082 0 1918
399 8082 0 1918
400 8082 0 1918
401 8082 0 1918
402 8082 0 1918
403 8082 0 1918
404 8082 0 1918
405 8082 0 1918
406 8082 0 1918
407 8082 0 1918
408 8082 0 1918
409 8082 0 1918
410 8082 0 1918
411 8082 0 1918
412 8082 0 1918
413 8082 0 1918
414 8082 0 1918
415 8082 0 1918
416 8082 0 1918
417 8082 0 1918
418 8082 0 1918
419 8082 0 1918
420 8082 0 1918
421 8082 0 1918
422 8082 0 1918
423 8082 0 1918
424 8082 0 1918
425 8082 0 1918
426 8082 0 1918
427 8082 0 1918
428 8082 0 1918
429 8082 0 1918
430 8082 0 1918
431 8082 0 1918
432 8082 0 1918
433 8082 0 1918
434 8082 0 1918
435 8082 0 1918
436 8082 0 1918
437 8082 0 1918
438 8082 0 1918
439 8082 0 1918
440 8082 0 1918
441 8082 0 1918
442 8082 0 1918
443 8082 0 1918
444 8082 0 1918
445 8082 0 1918
446 8082 0 1918
447 8082 0 1918
448 8082 0 1918
449 8082 0 1918
450 8082 0 1918
451 8082 0 1918
452 8082 0 1918
453 8082 0 1918
454 8082 0 1918
455 8082 0 1918
456 8082 0 1918
457 8082 0 1918
458 8082 0 1918
459 8082 0 1918
460 8082 0 1918
461 8082 0 1918
462 8082 0 1918
463 8082 0 1918
464 8082 0 1918
465 8082 0 1918
466 8082 0 1918
467 8082 0 1918
468 8082 0 1918
469 8082 0 1918
470 8082 0 1918
471 8082 0 1918
472 8082 0 1918
473 8082 0 1918
474 8082 0 1918
475 8082 0 1918
476 8082 0 1918
477 8082 0 1918
478 8082 0 1918
479 8082 0 1918
480 8082 0 1918
481 8082 0 1918
482 8082 0 1918
483 8082 0 1918
484 8082 0 1918
485 8082 0 1918
486 8082 0 1918
487 8082 0 1918
488 8082 0 1918
489 8082 0 1918
490 8082 0 1918
491 8082 0 1918
492 8082 0 1918
493 8082 0 1918
494 8082 0 1918
495 8082 0 1918
496 8082 0 1918
497 8082 0 1918
498 8082 0 1918
499 8082 0 1918
500 8082 0 1918
501 8082 0 1918
502 8082 0 1918
503 8082 0 1918
504 8082 0 1918
505 8082 0 1918
506 8082 0 1918
507 8082 0 1918
508 8082 0 1918
509 8082 0 1918
510 8082 0 1918
511 8082 0 1918
512 8082 0 1918
513 8082 0 1918
514 8082 0 1918
515 8082 0 1918
516 8082 0 1918
517 8082 0 1918
518 8082 0 1918
519 8082 0 1918
520 8082 0 1918
521 8082 0 1918
522 8082 0 1918
523 8082 0 1918
524 8082 0 1918
525 8082 0 1918
526 8082 0 1918
527 8082 0 1918
528 8082 0 1918
529 8082 0 1918
530 8082 0 1918
531 8082 0 1918
532 8082 0 1918
533 8082 0 1918
534 8082 0 1918
535 8082 0 1918
536 8082 0 1918
537 8082 0 1918
538 8082 0 1918
539 8082 0 1918
540 8082 0 1918
541 8082 0 1918
542 8082 0 1918
543 8082 0 1918
544 8082 0 1918
545 8082 0 1918
546 8082 0 1918
547 8082 0 1918
548 8082 0 1918
549 8082 0 1918
550 8082 0 1918
551 8082 0 1918
552 8082 0 1918
553 8082 0 1918
554 8082 0 1918
555 8082 0 1918
556 8082 0 1918
557 8082 0 1918
558 8082 0 1918
559 8082 0 1918
560 8082 0 1918
561 8082 0 1918
562 8082 0 1918
563 8082 0 1918
564 8082 0 1918
565 8082 0 1918
566 8082 0 1918
567 8082 0 1918
568 8082 0 1918
569 8082 0 1918
570 8082 0 1918
571 8082 0 1918
572 8082 0 1918
573 8082 0 1918
574 8082 0 1918
575 8082 0 1918
576 8082 0 1918
577 8082 0 1918
578 8082 0 1918
579 8082 0 1918
580 8082 0 1918
581 8082 0 1918
582 8082 0 1918
583 8082 0 1918
584 8082 0 1918
585 8082 0 1918
586 8082 0 1918
587 8082 0 1918
588 8082 0 1918
589 8082 0 1918
590 8082 0 1918
591 8082 0 1918
592 8082 0 1918
593 8082 0 1918
594 8082 0 1918
595 8082 0 1918
596 8082 0 1918
597 8082 0 1918
598 8082 0 1918
599 8082 0 1918
600 8082 0 1918
601 8082 0 1918
602 8082 0 1918
603 8082 0 1918
604 8082 0 1918
605 8082 0 1918
606 8082 0 1918
607 8082 0 1918
608 8082 0 1918
609 8082 0 1918
610 8082 0 1918
611 8082 0 1918
612 8082 0 1918
613 8082 0 1918
614 8082 0 1918
615 8082 0 1918
616 8082 0 1918
617 8082 0 1918
618 8082 0 1918
619 8082 0 1918
620 8082 0 1918
621 8082 0 1918
622 8082 0 1918
623 8082 0 1918
624 8082 0 1918
625 8082 0 1918
626 8082 0 1918
627 8082 0 1918
628 8082 0 1918
629 8082 0 1918
630 8082 0 1918
631 8082 0 1918
632 8082 0 1918
633 8082 0 1918
634 8082 0 1918
635 8082 0 1918
636 8082 0 1918
637 8082 0 1918
638 8082 0 1918
639 8082 0 1918
640 8082 0 1918
641 8082 0 1918
642 8082 0 1918
643 8082 0 1918
644 8082 0 1918
645 8082 0 1918
646 8082 0 1918
647 8082 0 1918
648 8082 0 1918
649 8082 0 1918
650 8082 0 1918
651 8082 0 1918
652 8082 0 1918
653 8082 0 1918
654 8082 0 1918
655 8082 0 1918
656 8082 0 1918
657 8082 0 1918
658 8082 0 1918
659 8082 0 1918
660 8082 0 1918
661 8082 0 1918
662 8082 0 1918
663 8082 0 1918
664 8082 0 1918
665 8082 0 1918
666 8082 0 1918
667 8082 0 1918
668 8082 0 1918
669 8082 0 1918
670 8082 0 1918
671 8082 0 1918
672 8082 0 1918
673 8082 0 1918
674 8082 0 1918
675 8082 0 1918
676 8082 0 1918
677 8082 0 1918
678 8082 0 1918
679 8082 0 1918
680 8082 0 1918
681 8082 0 1918
682 8082 0 1918
683 8082 0 1918
684 8082 0 1918
685 8082 0 1918
686 8082 0 1918
687 8082 0 1918
688 8082 0 1918
689 8082 0 1918
690 8082 0 1918
691 8082 0 1918
692 8082 0 1918
693 8082 0 1918
694 8082 0 1918
695 8082 0 1918
696 8082 0 1918
697 8082 0 1918
698 8082 0 1918
699 8082 0 1918
700 8082 0 1918
701 8082 0 1918
702 8082 0 1918
703 8082 0 1918
704 8082 0 1918
705 8082 0 1918
706 8082 0 1918
707 8082 0 1918
708 8082 0 1918
709 8082 0 1918
710 8082 0 1918
711 8082 0 1918
712 8082 0 1918
713 8082 0 1918
714 8082 0 1918
715 8082 0 1918
716 8082 0 1918
717 8082 0 1918
718 8082 0 1918
719 8082 0 1918
720 8082 0 1918
721 8082 0 1918
722 8082 0 1918
723 8082 0 1918
724 8082 0 1918
725 8082 0 1918
726 8082 0 1918
727 8082 0 1918
728 8082 0 1918
729 8082 0 1918
730 8082 0 1918
731 8082 0 1918
732 8082 0 1918
733 8082 0 1918
734 8082 0 1918
735 8082 0 1918
736 8082 0 1918
737 8082 0 1918
738 8082 0 1918
739 8082 0 1918
740 8082 0 1918
741 8082 0 1918
742 8082 0 1918
743 8082 0 1918
744 8082 0 1918
745 8082 0 1918
746 8082 0 1918
747 8082 0 1918
748 8082 0 1918
749 8082 0 1918
750 8082 0 1918
751 8082 0 1918
752 8082 0 1918
753 8082 0 1918
754 8082 0 1918
755 8082 0 1918
756 8082 0 1918
757 8082 0 1918
758 8082 0 1918
759 8082 0 1918
760 8082 0 1918
761 8082 0 1918
762 8082 0 1918
763 8082 0 1918
764 8082 0 1918
765 8082 0 1918
766 8082 0 1918
767 8082 0 1918
768 8082 0 1918
769 8082 0 1918
770 8082 0 1918
771 8082 0 1918
772 8082 0 1918
773 8082 0 1918
774 8082 0 1918
775 8082 0 1918
776 8082 0 1918
777 8082 0 1918
778 8082 0 1918
779 8082 0 1918
780 8082 0 1918
781 8082 0 1918
782 8082 0 1918
783 8082 0 1918
784 8082 0 1918
785 8082 0 1918
786 8082 0 1918
787 8082 0 1918
788 8082 0 1918
789 8082 0 1918
790 8082 0 1918
791 8082 0 1918
792 8082 0 1918
793 8082 0 1918
794 8082 0 1918
795 8082 0 1918
796 8082 0 1918
797 8082 0 1918
798 8082 0 1918
799 8082 0 1918
800 8082 0 1918
801 8082 0 1918
802 8082 0 1918
803 8082 0 1918
804 8082 0 1918
805 8082 0 1918
806 8082 0 1918
807 8082 0 1918
808 8082 0 1918
809 8082 0 1918
810 8082 0 1918
811 8082 0 1918
812 8082 0 1918
813 8082 0 1918
814 8082 0 1918
815 8082 0 1918
816 8082 0 1918
817 8082 0 1918
818 8082 0 1918
819 8082 0 1918
820 8082 0 1918
821 8082 0 1918
822 8082 0 1918
823 8082 0 1918
824 8082 0 1918
825 8082 0 1918
826 8082 0 1918
827 8082 0 1918
828 8082 0 1918
829 8082 0 1918
830 8082 0 1918
831 8082 0 1918
832 8082 0 1918
833 8082 0 1918
834 8082 0 1918
835 8082 0 1918
836 8082 0 1918
837 8082 0 1918
838 8082 0 1918
839 8082 0 1918
840 8082 0 1918
841 8082 0 1918
842 8082 0 1918
843 8082 0 1918
844 8082 0 1918
845 8082 0 1918
846 8082 0 1918
847 8082 0 1918
848 8082 0 1918
849 8082 0 1918
850 8082 0 1918
851 8082 0 1918
852 8082 0 1918
853 8082 0 1918
854 8082 0 1918
855 8082 0 1918
856 8082 0 1918
857 8082 0 1918
858 8082 0 1918
859 8082 0 1918
860 8082 0 1918
861 8082 0 1918
862 8082 0 1918
863 8082 0 1918
864 8082 0 1918
865 8082 0 1918
866 8082 0 1918
867 8082 0 1918
868 8082 0 1918
869 8082 0 1918
870 8082 0 1918
871 8082 0 1918
872 8082 0 1918
873 8082 0 1918
874 8082 0 1918
875 8082 0 1918
876 8082 0 1918
877 8082 0 1918
878 8082 0 1918
879 8082 0 1918
880 8082 0 1918
881 8082 0 1918
882 8082 0 1918
883 8082 0 1918
884 8082 0 1918
885 8082 0 1918
886 8082 0 1918
887 8082 0 1918
888 8082 0 1918
889 8082 0 1918
890 8082 0 1918
891 8082 0 1918
892 8082 0 1918
893 8082 0 1918
894 8082 0 1918
895 8082 0 1918
896 8082 0 1918
897 8082 0 1918
898 8082 0 1918
899 8082 0 1918
900 8082 0 1918
901 8082 0 1918
902 8082 0 1918
903 8082 0 1918
904 8082 0 1918
905 8082 0 1918
906 8082 0 1918
907 8082 0 1918
908 8082 0 1918
909 8082 0 1918
910 8082 0 1918
911 8082 0 1918
912 8082 0 1918
913 8082 0 1918
914 8082 0 1918
915 8082 0 1918
916 8082 0 1918
917 8082 0 1918
918 8082 0 1918
919 8082 0 1918
920 8082 0 1918
921 8082 0 1918
922 8082 0 1918
923 8082 0 1918
924 8082 0 1918
925 8082 0 1918
926 8082 0 1918
927 8082 0 1918
928 8082 0 1918
929 8082 0 1918
930 8082 0 1918
931 8082 0 1918
932 8082 0 1918
933 8082 0 1918
934 8082 0 1918
935 8082 0 1918
936 8082 0 1918
937 8082 0 1918
938 8082 0 1918
939 8082 0 1918
940 8082 0 1918
941 8082 0 1918
942 8082 0 1918
943 8082 0 1918
944 8082 0 1918
945 8082 0 1918
946 8082 0 1918
947 8082 0 1918
948 8082 0 1918
949 8082 0 1918
950 8082 0 1918
951 8082 0 1918
952 8082 0 1918
953 8082 0 1918
954 8082 0 1918
955 8082 0 1918
956 8082 0 1918
957 8082 0 1918
958 8082 0 1918
959 8082 0 1918
960 8082 0 1918
961 8082 0 1918
962 8082 0 1918
963 8082 0 1918
964 8082 0 1918
965 8082 0 1918
966 8082 0 1918
967 8082 0 1918
968 8082 0 1918
969 8082 0 1918
970 8082 0 1918
971 8082 0 1918
972 8082 0 1918
973 8082 0 1918
974 8082 0 1918
975 8082 0 1918
976 8082 0 1918
977 8082 0 1918
978 8082 0 1918
979 8082 0 1918
980 8082 0 1918
981 8082 0 1918
982 8082 0 1918
983 8082 0 1918
984 8082 0 1918
985 8082 0 1918
986 8082 0 1918
987 8082 0 1918
988 8082 0 1918
989 8082 0 1918
990 8082 0 1918
991 8082 0 1918
992 8082 0 1918
993 8082 0 1918
994 8082 0 1918
995 8082 0 1918
996 8082 0 1918
997 8082 0 1918
998 8082 0 1918
999 8082 0 1918
