0 9999 1 0
1 9997 3 0
2 9991 9 0
3 9986 14 0
4 9983 15 2
5 9978 16 6
6 9975 17 8
7 9972 17 11
8 9969 16 15
9 9966 18 16
10 9963 20 17
11 9959 22 19
12 9951 24 25
13 9949 21 30
14 9946 19 35
15 9945 15 40
16 9940 19 41
17 9931 22 47
18 9927 22 51
19 9922 18 60
20 9913 25 62
21 9910 20 70
22 9905 24 71
23 9902 25 73
24 9900 23 77
25 9896 21 83
26 9888 26 86
27 9883 29 88
28 9878 28 94
29 9869 30 101
30 9866 28 106
31 9858 28 114
32 9851 31 118
33 9846 27 127
34 9843 25 132
35 9832 29 139
36 9821 38 141
37 9809 39 152
38 9805 39 156
39 9792 45 163
40 9785 47 168
41 9776 53 171
42 9769 48 183
43 9761 43 196
44 9757 39 204
45 9750 36 214
46 9743 40 217
47 9733 46 221
48 9720 49 231
49 9711 52 237
50 9694 56 250
51 9677 58 265
52 9672 54 274
53 9666 49 285
54 9658 51 291
55 9653 45 302
56 9646 46 308
57 9641 48 311
58 9634 47 319
59 9620 54 326
60 9612 52 336
61 9603 52 345
62 9591 58 351
63 9583 56 361
64 9575 56 369
65 9568 54 378
66 9559 50 391
67 9549 53 398
68 9524 65 411
69 9517 57 426
70 9504 67 429
71 9481 76 443
72 9461 83 456
73 9441 84 475
74 9422 93 485
75 9404 100 496
76 9384 100 516
77 9364 104 532
78 9344 99 557
79 9337 89 574
80 9328 83 589
81 9312 84 604
82 9304 72 624
83 9300 66 634
84 9287 65 648
85 9269 74 657
86 9261 67 672
87 9255 63 682
88 9244 62 694
89 9232 62 706
90 9221 63 716
91 9212 60 728
92 9203 58 739
93 9195 55 750
94 9182 57 761
95 9173 59 768
96 9166 51 783
97 9161 49 790
98 9152 49 799
99 9144 49 807
100 9129 52 819
101 9119 52 829
102 9113 47 840
103 9103 49 848
104 9089 50 861
105 9081 46 873
106 9078 40 882
107 9072 37 891
108 9065 38 897
109 9057 38 905
110 9048 42 910
111 9044 35 921
112 9033 42 925
113 9024 45 931
114 9011 49 940
115 8995 60 945
116 8976 68 956
117 8965 67 968
118 8944 75 981
119 8931 69 1000
120 8918 71 1011
121 8906 75 1019
122 8890 73 1037
123 8882 76 1042
124 8861 83 1056
125 8847 82 1071
126 8833 81 1086
127 8821 78 1101
128 8803 85 1112
129 8796 76 1128
130 8786 74 1140
131 8770 70 1160
132 8757 64 1179
133 8744 63 1193
134 8725 71 1204
135 8700 84 1216
136 8682 84 1234
137 8660 87 1253
138 8646 82 1272
139 8635 84 1281
140 8619 86 1295
141 8596 94 1310
142 8573 96 1331
143 8563 92 1345
144 8548 90 1362
145 8539 81 1380
146 8532 74 1394
147 8519 73 1408
148 8507 75 1418
149 8497 68 1435
150 8482 72 1446
151 8469 73 1458
152 8462 68 1470
153 8449 70 1481
154 8441 63 1496
155 8431 63 1506
156 8419 61 1520
157 8409 63 1528
158 8403 55 1542
159 8399 51 1550
160 8385 55 1560
161 8380 52 1568
162 8364 58 1578
163 8361 52 1587
164 8351 55 1594
165 8338 58 1604
166 8324 66 1610
167 8310 66 1624
168 8295 67 1638
169 8284 66 1650
170 8273 62 1665
171 8265 58 1677
172 8255 64 1681
173 8242 70 1688
174 8229 76 1695
175 8220 64 1716
176 8209 70 1721
177 8198 65 1737
178 8187 68 1745
179 8178 56 1766
180 8170 57 1773
181 8161 61 1778
182 8153 56 1791
183 8145 49 1806
184 8138 50 1812
185 8126 50 1824
186 8120 49 1831
187 8117 45 1838
188 8112 42 1846
189 8107 41 1852
190 8103 36 1861
191 8096 39 1865
192 8090 43 1867
193 8086 39 1875
194 8084 32 1884
195 8068 39 1893
196 8064 34 1902
197 8059 32 1909
198 8052 34 1914
199 8039 42 1919
200 8028 46 1926
201 8021 45 1934
202 8015 42 1943
203 8007 43 1950
204 8001 43 1956
205 7991 43 1966
206 7977 47 1976
207 7967 50 1983
208 7957 47 1996
209 7945 47 2008
210 7939 45 2016
211 7932 44 2024
212 7918 53 2029
213 7902 65 2033
214 7893 60 2047
215 7890 59 2051
216 7879 58 2063
217 7873 50 2077
218 7870 46 2084
219 7863 50 2087
220 7857 51 2092
221 7845 53 2102
222 7834 58 2108
223 7825 58 2117
224 7820 55 2125
225 7806 65 2129
226 7782 75 2143
227 7768 85 2147
228 7755 84 2161
229 7737 89 2174
230 7715 95 2190
231 7707 93 2200
232 7697 79 2224
233 7682 78 2240
234 7665 75 2260
235 7647 77 2276
236 7635 80 2285
237 7618 82 2300
238 7604 79 2317
239 7589 79 2332
240 7582 71 2347
241 7576 68 2356
242 7560 70 2370
243 7553 61 2386
244 7546 59 2395
245 7538 60 2402
246 7528 59 2413
247 7520 61 2419
248 7509 63 2428
249 7496 69 2435
250 7488 63 2449
251 7475 72 2453
252 7470 67 2463
253 7465 66 2469
254 7453 64 2483
255 7448 57 2495
256 7438 57 2505
257 7428 55 2517
258 7418 57 2525
259 7405 60 2535
260 7394 57 2549
261 7385 54 2561
262 7374 55 2571
263 7366 50 2584
264 7357 48 2595
265 7345 53 2602
266 7333 55 2612
267 7319 64 2617
268 7314 58 2628
269 7310 56 2634
270 7299 61 2640
271 7294 51 2655
272 7286 46 2668
273 7282 47 2671
274 7269 55 2676
275 7253 66 2681
276 7249 58 2693
277 7245 50 2705
278 7235 54 2711
279 7221 59 2720
280 7206 65 2729
281 7197 66 2737
282 7189 63 2748
283 7174 65 2761
284 7158 64 2778
285 7148 68 2784
286 7140 64 2796
287 7130 54 2816
288 7117 59 2824
289 7105 64 2831
290 7094 59 2847
291 7084 58 2858
292 7065 65 2870
293 7049 69 2882
294 7029 77 2894
295 7011 84 2905
296 6998 81 2921
297 6981 92 2927
298 6965 93 2942
299 6942 89 2969
300 6926 89 2985
301 6914 88 2998
302 6901 83 3016
303 6882 90 3028
304 6864 93 3043
305 6850 89 3061
306 6833 88 3079
307 6823 87 3090
308 6815 82 3103
309 6801 81 3118
310 6786 82 3132
311 6766 87 3147
312 6757 81 3162
313 6743 85 3172
314 6727 86 3187
315 6715 79 3206
316 6707 76 3217
317 6694 75 3231
318 6678 79 3243
319 6669 72 3259
320 6663 67 3270
321 6656 62 3282
322 6650 55 3295
323 6644 46 3310
324 6634 49 3317
325 6628 50 3322
326 6616 58 3326
327 6609 58 3333
328 6598 58 3344
329 6595 52 3353
330 6589 49 3362
331 6587 44 3369
332 6583 42 3375
333 6568 47 3385
334 6560 53 3387
335 6553 48 3399
336 6548 46 3406
337 6538 46 3416
338 6535 40 3425
339 6528 42 3430
340 6512 49 3439
341 6500 51 3449
342 6492 50 3458
343 6484 50 3466
344 6479 48 3473
345 6474 37 3489
346 6467 36 3497
347 6465 30 3505
348 6454 37 3509
349 6445 40 3515
350 6437 40 3523
351 6428 43 3529
352 6420 36 3544
353 6417 34 3549
354 6404 44 3552
355 6396 46 3558
356 6391 44 3565
357 6384 43 3573
358 6372 50 3578
359 6361 54 3585
360 6352 51 3597
361 6342 53 3605
362 6337 48 3615
363 6331 44 3625
364 6327 43 3630
365 6320 43 3637
366 6316 43 3641
367 6312 39 3649
368 6311 30 3659
369 6308 26 3666
370 6308 24 3668
371 6306 19 3675
372 6305 17 3678
373 6305 15 3680
374 6305 12 3683
375 6303 13 3684
376 6299 15 3686
377 6296 17 3687
378 6293 18 3689
379 6290 19 3691
380 6288 17 3695
381 6284 19 3697
382 6278 20 3702
383 6272 21 3707
384 6268 23 3709
385 6265 23 3712
386 6264 20 3716
387 6261 19 3720
388 6259 18 3723
389 6258 16 3726
390 6254 17 3729
391 6252 13 3735
392 6248 13 3739
393 6246 13 3741
394 6243 15 3742
395 6241 12 3747
396 6239 11 3750
397 6235 11 3754
398 6233 13 3754
399 6233 11 3756
400 6230 10 3760
401 6229 8 3763
402 6229 8 3763
403 6228 8 3764
404 6227 5 3768
405 6227 5 3768
406 6225 7 3768
407 6223 8 3769
408 6223 7 3770
409 6223 7 3770
410 6222 7 3771
411 6221 6 3773
412 6221 6 3773
413 6220 6 3774
414 6220 6 3774
415 6218 6 3776
416 6216 8 3776
417 6216 7 3777
418 6210 12 3778
419 6208 12 3780
420 6204 11 3785
421 6201 13 3786
422 6195 16 3789
423 6191 16 3793
424 6188 16 3796
425 6186 14 3800
426 6183 12 3805
427 6182 7 3811
428 6181 7 3812
429 6179 9 3812
430 6177 9 3814
431 6177 9 3814
432 6172 11 3817
433 6168 14 3818
434 6167 9 3824
435 6164 9 3827
436 6164 8 3828
437 6164 7 3829
438 6164 5 3831
439 6164 4 3832
440 6164 4 3832
441 6164 2 3834
442 6164 2 3834
443 6164 2 3834
444 6164 2 3834
445 6164 2 3834
446 6164 1 3835
447 6164 1 3835
448 6164 1 3835
449 6164 1 3835
450 6164 1 3835
451 6164 1 3835
452 6164 1 3835
453 6164 1 3835
454 6164 1 3835
455 6164 1 3835
456 6164 1 3835
457 6164 1 3835
458 6164 1 3835
459 6164 0 3836
460 6164 0 3836
461 6164 0 3836
462 6164 0 3836
463 6164 0 3836
464 6164 0 3836
465 6164 0 3836
466 6164 0 3836
467 6164 0 3836
468 6164 0 3836
469 6164 0 3836
470 6164 0 3836
471 6164 0 3836
472 6164 0 3836
473 6164 0 3836
474 6164 0 3836
475 6164 0 3836
476 6164 0 3836
477 6164 0 3836
478 6164 0 3836
479 6164 0 3836
480 6164 0 3836
481 6164 0 3836
482 6164 0 3836
483 6164 0 3836
484 6164 0 3836
485 6164 0 3836
486 6164 0 3836
487 6164 0 3836
488 6164 0 3836
489 6164 0 3836
490 6164 0 3836
491 6164 0 3836
492 6164 0 3836
493 6164 0 3836
494 6164 0 3836
495 6164 0 3836
496 6164 0 3836
497 6164 0 3836
498 6164 0 3836
499 6164 0 3836
500 6164 0 3836
501 6164 0 3836
502 6164 0 3836
503 6164 0 3836
504 6164 0 3836
505 6164 0 3836
506 6164 0 3836
507 6164 0 3836
508 6164 0 3836
509 6164 0 3836
510 6164 0 3836
511 6164 0 3836
512 6164 0 3836
513 6164 0 3836
514 6164 0 3836
515 6164 0 3836
516 6164 0 3836
517 6164 0 3836
518 6164 0 3836
519 6164 0 3836
520 6164 0 3836
521 6164 0 3836
522 6164 0 3836
523 6164 0 3836
524 6164 0 3836
525 6164 0 3836
526 6164 0 3836
527 6164 0 3836
528 6164 0 3836
529 6164 0 3836
530 6164 0 3836
531 6164 0 3836
532 6164 0 3836
533 6164 0 3836
534 6164 0 3836
535 6164 0 3836
536 6164 0 3836
537 6164 0 3836
538 6164 0 3836
539 6164 0 3836
540 6164 0 3836
541 6164 0 3836
542 6164 0 3836
543 6164 0 3836
544 6164 0 3836
545 6164 0 3836
546 6164 0 3836
547 6164 0 3836
548 6164 0 3836
549 6164 0 3836
550 6164 0 3836
551 6164 0 3836
552 6164 0 3836
553 6164 0 3836
554 6164 0 3836
555 6164 0 3836
556 6164 0 3836
557 6164 0 3836
558 6164 0 3836
559 6164 0 3836
560 6164 0 3836
561 6164 0 3836
562 6164 0 3836
563 6164 0 3836
564 6164 0 3836
565 6164 0 3836
566 6164 0 3836
567 6164 0 3836
568 6164 0 3836
569 6164 0 3836
570 6164 0 3836
571 6164 0 3836
572 6164 0 3836
573 6164 0 3836
574 6164 0 3836
575 6164 0 3836
576 6164 0 3836
577 6164 0 3836
578 6164 0 3836
579 6164 0 3836
580 6164 0 3836
581 6164 0 3836
582 6164 0 3836
583 6164 0 3836
584 6164 0 3836
585 6164 0 3836
586 6164 0 3836
587 6164 0 3836
588 6164 0 3836
589 6164 0 3836
590 6164 0 3836
591 6164 0 3836
592 6164 0 3836
593 6164 0 3836
594 6164 0 3836
595 6164 0 3836
596 6164 0 3836
597 6164 0 3836
598 6164 0 3836
599 6164 0 3836
600 6164 0 3836
601 6164 0 3836
602 6164 0 3836
603 6164 0 3836
604 6164 0 3836
605 6164 0 3836
606 6164 0 3836
607 6164 0 3836
608 6164 0 3836
609 6164 0 3836
610 6164 0 3836
611 6164 0 3836
612 6164 0 3836
613 6164 0 3836
614 6164 0 3836
615 6164 0 3836
616 6164 0 3836
617 6164 0 3836
618 6164 0 3836
619 6164 0 3836
620 6164 0 3836
621 6164 0 3836
622 6164 0 3836
623 6164 0 3836
624 6164 0 3836
625 6164 0 3836
626 6164 0 3836
627 6164 0 3836
628 6164 0 3836
629 6164 0 3836
630 6164 0 3836
631 6164 0 3836
632 6164 0 3836
633 6164 0 3836
634 6164 0 3836
635 6164 0 3836
636 6164 0 3836
637 6164 0 3836
638 6164 0 3836
639 6164 0 3836
640 6164 0 3836
641 6164 0 3836
642 6164 0 3836
643 6164 0 3836
644 6164 0 3836
645 6164 0 3836
646 6164 0 3836
647 6164 0 3836
648 6164 0 3836
649 6164 0 3836
650 6164 0 3836
651 6164 0 3836
652 6164 0 3836
653 6164 0 3836
654 6164 0 3836
655 6164 0 3836
656 6164 0 3836
657 6164 0 3836
658 6164 0 3836
659 6164 0 3836
660 6164 0 3836
661 6164 0 3836
662 6164 0 3836
663 6164 0 3836
664 6164 0 3836
665 6164 0 3836
666 6164 0 3836
667 6164 0 3836
668 6164 0 3836
669 6164 0 3836
670 6164 0 3836
671 6164 0 3836
672 6164 0 3836
673 6164 0 3836
674 6164 0 3836
675 6164 0 3836
676 6164 0 3836
677 6164 0 3836
678 6164 0 3836
679 6164 0 3836
680 6164 0 3836
681 6164 0 3836
682 6164 0 3836
683 6164 0 3836
684 6164 0 3836
685 6164 0 3836
686 6164 0 3836
687 6164 0 3836
688 6164 0 3836
689 6164 0 3836
690 6164 0 3836
691 6164 0 3836
692 6164 0 3836
693 6164 0 3836
694 6164 0 3836
695 6164 0 3836
696 6164 0 3836
697 6164 0 3836
698 6164 0 3836
699 6164 0 3836
700 6164 0 3836
701 6164 0 3836
702 6164 0 3836
703 6164 0 3836
704 6164 0 3836
705 6164 0 3836
706 6164 0 3836
707 6164 0 3836
708 6164 0 3836
709 6164 0 3836
710 6164 0 3836
711 6164 0 3836
712 6164 0 3836
713 6164 0 3836
714 6164 0 3836
715 6164 0 3836
716 6164 0 3836
717 6164 0 3836
718 6164 0 3836
719 6164 0 3836
720 6164 0 3836
721 6164 0 3836
722 6164 0 3836
723 6164 0 3836
724 6164 0 3836
725 6164 0 3836
726 6164 0 3836
727 6164 0 3836
728 6164 0 3836
729 6164 0 3836
730 6164 0 3836
731 6164 0 3836
732 6164 0 3836
733 6164 0 3836
734 6164 0 3836
735 6164 0 3836
736 6164 0 3836
737 6164 0 3836
738 6164 0 3836
739 6164 0 3836
740 6164 0 3836
741 6164 0 3836
742 6164 0 3836
743 6164 0 3836
744 6164 0 3836
745 6164 0 3836
746 6164 0 3836
747 6164 0 3836
748 6164 0 3836
749 6164 0 3836
750 6164 0 3836
751 6164 0 3836
752 6164 0 3836
753 6164 0 3836
754 6164 0 3836
755 6164 0 3836
756 6164 0 3836
757 6164 0 3836
758 6164 0 3836
759 6164 0 3836
760 6164 0 3836
761 6164 0 3836
762 6164 0 3836
763 6164 0 3836
764 6164 0 3836
765 6164 0 3836
766 6164 0 3836
767 6164 0 3836
768 6164 0 3836
769 6164 0 3836
770 6164 0 3836
771 6164 0 3836
772 6164 0 3836
773 6164 0 3836
774 6164 0 3836
775 6164 0 3836
776 6164 0 3836
777 6164 0 3836
778 6164 0 3836
779 6164 0 3836
780 6164 0 3836
781 6164 0 3836
782 6164 0 3836
783 6164 0 3836
784 6164 0 3836
785 6164 0 3836
786 6164 0 3836
787 6164 0 3836
788 6164 0 3836
789 6164 0 3836
790 6164 0 3836
791 6164 0 3836
792 6164 0 3836
793 6164 0 3836
794 6164 0 3836
795 6164 0 3836
796 6164 0 3836
797 6164 0 3836
798 6164 0 3836
799 6164 0 3836
800 6164 0 3836
801 6164 0 3836
802 6164 0 3836
803 6164 0 3836
804 6164 0 3836
805 6164 0 3836
806 6164 0 3836
807 6164 0 3836
808 6164 0 3836
809 6164 0 3836
810 6164 0 3836
811 6164 0 3836
812 6164 0 3836
813 6164 0 3836
814 6164 0 3836
815 6164 0 3836
816 6164 0 3836
817 6164 0 3836
818 6164 0 3836
819 6164 0 3836
820 6164 0 3836
821 6164 0 3836
822 6164 0 3836
823 6164 0 3836
824 6164 0 3836
825 6164 0 3836
826 6164 0 3836
827 6164 0 3836
828 6164 0 3836
829 6164 0 3836
830 6164 0 3836
831 6164 0 3836
832 6164 0 3836
833 6164 0 3836
834 6164 0 3836
835 6164 0 3836
836 6164 0 3836
837 6164 0 3836
838 6164 0 3836
839 6164 0 3836
840 6164 0 3836
841 6164 0 3836
842 6164 0 3836
843 6164 0 3836
844 6164 0 3836
845 6164 0 3836
846 6164 0 3836
847 6164 0 3836
848 6164 0 3836
849 6164 0 3836
850 6164 0 3836
851 6164 0 3836
852 6164 0 3836
853 6164 0 3836
854 6164 0 3836
855 6164 0 3836
856 6164 0 3836
857 6164 0 3836
858 6164 0 3836
859 6164 0 3836
860 6164 0 3836
861 6164 0 3836
862 6164 0 3836
863 6164 0 3836
864 6164 0 3836
865 6164 0 3836
866 6164 0 3836
867 6164 0 3836
868 6164 0 3836
869 6164 0 3836
870 6164 0 3836
871 6164 0 3836
872 6164 0 3836
873 6164 0 3836
874 6164 0 3836
875 6164 0 3836
876 6164 0 3836
877 6164 0 3836
878 6164 0 3836
879 6164 0 3836
880 6164 0 3836
881 6164 0 3836
882 6164 0 3836
883 6164 0 3836
884 6164 0 3836
885 6164 0 3836
886 6164 0 3836
887 6164 0 3836
888 6164 0 3836
889 6164 0 3836
890 6164 0 3836
891 6164 0 3836
892 6164 0 3836
893 6164 0 3836
894 6164 0 3836
895 6164 0 3836
896 6164 0 3836
897 6164 0 3836
898 6164 0 3836
899 6164 0 3836
900 6164 0 3836
901 6164 0 3836
902 6164 0 3836
903 6164 0 3836
904 6164 0 3836
905 6164 0 3836
906 6164 0 3836
907 6164 0 3836
908 6164 0 3836
909 6164 0 3836
910 6164 0 3836
911 6164 0 3836
912 6164 0 3836
913 6164 0 3836
914 6164 0 3836
915 6164 0 3836
916 6164 0 3836
917 6164 0 3836
918 6164 0 3836
919 6164 0 3836
920 6164 0 3836
921 6164 0 3836
922 6164 0 3836
923 6164 0 3836
924 6164 0 3836
925 6164 0 3836
926 6164 0 3836
927 6164 0 3836
928 6164 0 3836
929 6164 0 3836
930 6164 0 3836
931 6164 0 3836
932 6164 0 3836
933 6164 0 3836
934 6164 0 3836
935 6164 0 3836
936 6164 0 3836
937 6164 0 3836
938 6164 0 3836
939 6164 0 3836
940 6164 0 3836
941 6164 0 3836
942 6164 0 3836
943 6164 0 3836
944 6164 0 3836
945 6164 0 3836
946 6164 0 3836
947 6164 0 3836
948 6164 0 3836
949 6164 0 3836
950 6164 0 3836
951 6164 0 3836
952 6164 0 3836
953 6164 0 3836
954 6164 0 3836
955 6164 0 3836
956 6164 0 3836
957 6164 0 3836
958 6164 0 3836
959 6164 0 3836
960 6164 0 3836
961 6164 0 3836
962 6164 0 3836
963 6164 0 3836
964 6164 0 3836
965 6164 0 3836
966 6164 0 3836
967 6164 0 3836
968 6164 0 3836
969 6164 0 3836
970 6164 0 3836
971 6164 0 3836
972 6164 0 3836
973 6164 0 3836
974 6164 0 3836
975 6164 0 3836
976 6164 0 3836
977 6164 0 3836
978 6164 0 3836
979 6164 0 3836
980 6164 0 3836
981 6164 0 3836
982 6164 0 3836
983 6164 0 3836
984 6164 0 3836
985 6164 0 3836
986 6164 0 3836
987 6164 0 3836
988 6164 0 3836
989 6164 0 3836
990 6164 0 3836
991 6164 0 3836
992 6164 0 3836
993 6164 0 3836
994 6164 0 3836
995 6164 0 3836
996 6164 0 3836
997 6164 0 3836
998 6164 0 3836
999 6164 0 3836
