0 9999 1 0
1 9998 2 0
2 9997 3 0
3 9995 5 0
4 9993 6 1
5 9990 9 1
6 9985 11 4
7 9982 12 6
8 9979 15 6
9 9973 15 12
10 9971 16 13
11 9968 13 19
12 9963 17 20
13 9959 19 22
14 9955 18 27
15 9952 18 30
16 9950 16 34
17 9950 13 37
18 9944 15 41
19 9940 16 44
20 9935 17 48
21 9931 18 51
22 9925 22 53
23 9918 25 57
24 9913 29 58
25 9906 26 68
26 9900 27 73
27 9896 23 81
28 9888 29 83
29 9885 28 87
30 9880 30 90
31 9878 28 94
32 9873 31 96
33 9872 27 101
34 9868 27 105
35 9865 26 109
36 9859 25 116
37 9856 25 119
38 9851 26 123
39 9846 24 130
40 9844 19 137
41 9842 19 139
42 9837 19 144
43 9828 26 146
44 9819 29 152
45 9816 27 157
46 9810 29 161
47 9805 29 166
48 9803 28 169
49 9797 30 173
50 9795 26 179
51 9790 24 186
52 9785 28 187
53 9778 29 193
54 9773 29 198
55 9768 30 202
56 9766 27 207
57 9762 28 210
58 9757 28 215
59 9753 26 221
60 9751 21 228
61 9747 20 233
62 9747 17 236
63 9740 19 241
64 9737 21 242
65 9735 19 246
66 9731 19 250
67 9727 22 251
68 9720 25 255
69 9714 24 262
70 9711 19 270
71 9709 20 271
72 9709 16 275
73 9709 13 278
74 9708 12 280
75 9706 11 283
76 9706 10 284
77 9701 14 285
78 9699 15 286
79 9698 15 287
80 9695 15 290
81 9691 17 292
82 9690 16 294
83 9682 23 295
84 9674 27 299
85 9669 28 303
86 9666 28 306
87 9658 34 308
88 9656 31 313
89 9648 36 316
90 9641 40 319
91 9633 40 327
92 9623 43 334
93 9619 40 341
94 9607 44 349
95 9597 41 362
96 9586 41 373
97 9577 44 379
98 9571 47 382
99 9556 51 393
100 9548 51 401
101 9534 54 412
102 9518 63 419
103 9496 71 433
104 9485 69 446
105 9475 66 459
106 9457 63 480
107 9448 64 488
108 9437 62 501
109 9426 61 513
110 9411 61 528
111 9400 57 543
112 9392 52 556
113 9386 50 564
114 9377 51 572
115 9362 55 583
116 9352 54 594
117 9344 53 603
118 9337 49 614
119 9333 39 628
120 9325 45 630
121 9321 38 641
122 9311 42 647
123 9306 41 653
124 9300 37 663
125 9290 42 668
126 9283 40 677
127 9271 41 688
128 9263 38 699
129 9257 39 704
130 9255 37 708
131 9249 35 716
132 9245 34 721
133 9243 25 732
134 9239 29 732
135 9232 32 736
136 9222 40 738
137 9217 38 745
138 9210 39 751
139 9202 46 752
140 9197 38 765
141 9190 36 774
142 9182 39 779
143 9172 45 783
144 9165 43 792
145 9158 41 801
146 9146 51 803
147 9127 59 814
148 9117 57 826
149 9106 55 839
150 9089 62 849
151 9081 62 857
152 9064 63 873
153 9055 67 878
154 9050 61 889
155 9037 63 900
156 9027 63 910
157 9010 70 920
158 8989 82 929
159 8979 78 943
160 8968 74 958
161 8954 77 969
162 8936 85 979
163 8917 86 997
164 8901 88 1011
165 8883 95 1022
166 8871 93 1036
167 8846 102 1052
168 8833 95 1072
169 8824 83 1093
170 8810 85 1105
171 8798 77 1125
172 8779 85 1136
173 8764 82 1154
174 8749 87 1164
175 8730 82 1188
176 8711 84 1205
177 8704 77 1219
178 8692 74 1234
179 8675 78 1247
180 8663 75 1262
181 8654 67 1279
182 8645 66 1289
183 8632 68 1300
184 8624 67 1309
185 8614 70 1316
186 8601 72 1327
187 8583 75 1342
188 8567 77 1356
189 8553 74 1373
190 8540 72 1388
191 8528 71 1401
192 8520 66 1414
193 8503 75 1422
194 8487 80 1433
195 8471 81 1448
196 8461 82 1457
197 8444 87 1469
198 8429 87 1484
199 8417 81 1502
200 8406 81 1513
201 8393 77 1530
202 8380 73 1547
203 8368 74 1558
204 8356 74 1570
205 8345 73 1582
206 8334 68 1598
207 8324 65 1611
208 8306 76 1618
209 8289 75 1636
210 8282 72 1646
211 8271 72 1657
212 8258 77 1665
213 8247 74 1679
214 8229 81 1690
215 8217 72 1711
216 8195 77 1728
217 8173 81 1746
218 8157 87 1756
219 8142 82 1776
220 8133 78 1789
221 8125 73 1802
222 8113 69 1818
223 8102 68 1830
224 8085 78 1837
225 8069 81 1850
226 8046 89 1865
227 8029 90 1881
228 8007 94 1899
229 7988 100 1912
230 7969 98 1933
231 7948 95 1957
232 7929 94 1977
233 7915 88 1997
234 7904 85 2011
235 7887 76 2037
236 7871 76 2053
237 7861 73 2066
238 7850 76 2074
239 7845 70 2085
240 7826 78 2096
241 7806 77 2117
242 7788 82 2130
243 7767 92 2141
244 7753 90 2157
245 7736 93 2171
246 7714 101 2185
247 7696 105 2199
248 7672 113 2215
249 7647 111 2242
250 7632 110 2258
251 7608 114 2278
252 7587 110 2303
253 7566 112 2322
254 7549 114 2337
255 7521 115 2364
256 7496 124 2380
257 7462 126 2412
258 7438 131 2431
259 7397 153 2450
260 7361 168 2471
261 7332 159 2509
262 7299 157 2544
263 7278 144 2578
264 7251 145 2604
265 7228 153 2619
266 7203 145 2652
267 7169 155 2676
268 7133 169 2698
269 7103 154 2743
270 7072 161 2767
271 7052 150 2798
272 7035 143 2822
273 7011 141 2848
274 6988 135 2877
275 6969 132 2899
276 6949 135 2916
277 6932 128 2940
278 6907 125 2968
279 6892 128 2980
280 6869 124 3007
281 6851 126 3023
282 6831 120 3049
283 6819 118 3063
284 6789 133 3078
285 6773 117 3110
286 6751 114 3135
287 6725 119 3156
288 6707 116 3177
289 6682 120 3198
290 6664 117 3219
291 6649 115 3236
292 6632 117 3251
293 6619 112 3269
294 6598 112 3290
295 6583 105 3312
296 6563 101 3336
297 6540 98 3362
298 6528 96 3376
299 6494 116 3390
300 6471 117 3412
301 6459 107 3434
302 6442 105 3453
303 6426 97 3477
304 6407 102 3491
305 6384 112 3504
306 6366 114 3520
307 6341 114 3545
308 6316 113 3571
309 6288 121 3591
310 6255 124 3621
311 6232 114 3654
312 6212 107 3681
313 6185 116 3699
314 6159 116 3725
315 6140 118 3742
316 6114 119 3767
317 6092 117 3791
318 6065 120 3815
319 6039 124 3837
320 6010 131 3859
321 5990 125 3885
322 5961 134 3905
323 5941 131 3928
324 5908 137 3955
325 5875 142 3983
326 5847 152 4001
327 5824 153 4023
328 5802 155 4043
329 5771 160 4069
330 5745 166 4089
331 5726 160 4114
332 5696 155 4149
333 5666 158 4176
334 5640 158 4202
335 5592 176 4232
336 5560 180 4260
337 5528 186 4286
338 5501 175 4324
339 5470 177 4353
340 5443 170 4387
341 5421 159 4420
342 5389 167 4444
343 5356 178 4466
344 5322 170 4508
345 5296 169 4535
346 5262 169 4569
347 5231 171 4598
348 5191 179 4630
349 5161 176 4663
350 5126 177 4697
351 5088 184 4728
352 5051 197 4752
353 5012 210 4778
354 4983 199 4818
355 4949 190 4861
356 4920 195 4885
357 4892 197 4911
358 4859 190 4951
359 4840 179 4981
360 4810 181 5009
361 4779 185 5036
362 4744 188 5068
363 4712 188 5100
364 4690 170 5140
365 4658 177 5165
366 4624 186 5190
367 4595 182 5223
368 4569 173 5258
369 4546 169 5285
370 4514 171 5315
371 4490 176 5334
372 4467 164 5369
373 4438 164 5398
374 4412 163 5425
375 4384 158 5458
376 4347 164 5489
377 4319 162 5519
378 4297 158 5545
379 4260 165 5575
380 4235 159 5606
381 4208 159 5633
382 4182 157 5661
383 4160 154 5686
384 4131 153 5716
385 4104 151 5745
386 4070 158 5772
387 4027 172 5801
388 3996 174 5830
389 3971 175 5854
390 3932 181 5887
391 3905 175 5920
392 3874 182 5944
393 3842 188 5970
394 3820 180 6000
395 3780 185 6035
396 3755 174 6071
397 3726 165 6109
398 3705 161 6134
399 3686 151 6163
400 3670 149 6181
401 3643 143 6214
402 3626 143 6231
403 3615 126 6259
404 3606 111 6283
405 3584 119 6297
406 3569 111 6320
407 3547 113 6340
408 3528 110 6362
409 3512 113 6375
410 3492 106 6402
411 3468 114 6418
412 3447 116 6437
413 3433 111 6456
414 3423 97 6480
415 3402 104 6494
416 3376 111 6513
417 3356 105 6539
418 3346 89 6565
419 3327 100 6573
420 3311 91 6598
421 3292 98 6610
422 3277 95 6628
423 3266 94 6640
424 3250 99 6651
425 3240 88 6672
426 3227 92 6681
427 3208 94 6698
428 3197 93 6710
429 3179 96 6725
430 3159 94 6747
431 3145 89 6766
432 3129 89 6782
433 3107 101 6792
434 3085 101 6814
435 3052 111 6837
436 3033 108 6859
437 3023 102 6875
438 3009 100 6891
439 2992 102 6906
440 2978 98 6924
441 2964 98 6938
442 2946 102 6952
443 2925 96 6979
444 2909 93 6998
445 2897 85 7018
446 2883 85 7032
447 2864 90 7046
448 2836 104 7060
449 2812 112 7076
450 2792 105 7103
451 2775 101 7124
452 2758 101 7141
453 2743 99 7158
454 2727 101 7172
455 2720 87 7193
456 2704 89 7207
457 2696 80 7224
458 2689 80 7231
459 2681 71 7248
460 2671 72 7257
461 2664 65 7271
462 2653 65 7282
463 2648 61 7291
464 2642 56 7302
465 2633 58 7309
466 2617 65 7318
467 2603 66 7331
468 2597 60 7343
469 2589 57 7354
470 2578 59 7363
471 2569 57 7374
472 2562 54 7384
473 2553 54 7393
474 2537 62 7401
475 2527 58 7415
476 2524 50 7426
477 2518 47 7435
478 2505 50 7445
479 2498 54 7448
480 2491 54 7455
481 2483 50 7467
482 2474 55 7471
483 2467 51 7482
484 2456 55 7489
485 2450 49 7501
486 2437 56 7507
487 2427 56 7517
488 2417 59 7524
489 2411 53 7536
490 2398 61 7541
491 2390 59 7551
492 2379 56 7565
493 2369 59 7572
494 2360 53 7587
495 2354 50 7596
496 2347 46 7607
497 2343 45 7612
498 2337 41 7622
499 2335 37 7628
500 2328 40 7632
501 2328 36 7636
502 2325 28 7647
503 2319 25 7656
504 2318 20 7662
505 2313 22 7665
506 2308 21 7671
507 2307 17 7676
508 2304 17 7679
509 2302 17 7681
510 2300 16 7684
511 2300 14 7686
512 2300 12 7688
513 2300 10 7690
514 2300 9 7691
515 2300 8 7692
516 2299 7 7694
517 2299 4 7697
518 2299 3 7698
519 2299 2 7699
520 2299 2 7699
521 2299 2 7699
522 2299 1 7700
523 2299 1 7700
524 2299 1 7700
525 2299 1 7700
526 2299 1 7700
527 2299 1 7700
528 2299 1 7700
529 2299 1 7700
530 2299 1 7700
531 2299 1 7700
532 2299 1 7700
533 2299 1 7700
534 2299 1 7700
535 2299 1 7700
536 2299 1 7700
537 2299 1 7700
538 2299 1 7700
539 2299 1 7700
540 2299 1 7700
541 2299 0 7701
542 2299 0 7701
543 2299 0 7701
544 2299 0 7701
545 2299 0 7701
546 2299 0 7701
547 2299 0 7701
548 2299 0 7701
549 2299 0 7701
550 2299 0 7701
551 2299 0 7701
552 2299 0 7701
553 2299 0 7701
554 2299 0 7701
555 2299 0 7701
556 2299 0 7701
557 2299 0 7701
558 2299 0 7701
559 2299 0 7701
560 2299 0 7701
561 2299 0 7701
562 2299 0 7701
563 2299 0 7701
564 2299 0 7701
565 2299 0 7701
566 2299 0 7701
567 2299 0 7701
568 2299 0 7701
569 2299 0 7701
570 2299 0 7701
571 2299 0 7701
572 2299 0 7701
573 2299 0 7701
574 2299 0 7701
575 2299 0 7701
576 2299 0 7701
577 2299 0 7701
578 2299 0 7701
579 2299 0 7701
580 2299 0 7701
581 2299 0 7701
582 2299 0 7701
583 2299 0 7701
584 2299 0 7701
585 2299 0 7701
586 2299 0 7701
587 2299 0 7701
588 2299 0 7701
589 2299 0 7701
590 2299 0 7701
591 2299 0 7701
592 2299 0 7701
593 2299 0 7701
594 2299 0 7701
595 2299 0 7701
596 2299 0 7701
597 2299 0 7701
598 2299 0 7701
599 2299 0 7701
600 2299 0 7701
601 2299 0 7701
602 2299 0 7701
603 2299 0 7701
604 2299 0 7701
605 2299 0 7701
606 2299 0 7701
607 2299 0 7701
608 2299 0 7701
609 2299 0 7701
610 2299 0 7701
611 2299 0 7701
612 2299 0 7701
613 2299 0 7701
614 2299 0 7701
615 2299 0 7701
616 2299 0 7701
617 2299 0 7701
618 2299 0 7701
619 2299 0 7701
620 2299 0 7701
621 2299 0 7701
622 2299 0 7701
623 2299 0 7701
624 2299 0 7701
625 2299 0 7701
626 2299 0 7701
627 2299 0 7701
628 2299 0 7701
629 2299 0 7701
630 2299 0 7701
631 2299 0 7701
632 2299 0 7701
633 2299 0 7701
634 2299 0 7701
635 2299 0 7701
636 2299 0 7701
637 2299 0 7701
638 2299 0 7701
639 2299 0 7701
640 2299 0 7701
641 2299 0 7701
642 2299 0 7701
643 2299 0 7701
644 2299 0 7701
645 2299 0 7701
646 2299 0 7701
647 2299 0 7701
648 2299 0 7701
649 2299 0 7701
650 2299 0 7701
651 2299 0 7701
652 2299 0 7701
653 2299 0 7701
654 2299 0 7701
655 2299 0 7701
656 2299 0 7701
657 2299 0 7701
658 2299 0 7701
659 2299 0 7701
660 2299 0 7701
661 2299 0 7701
662 2299 0 7701
663 2299 0 7701
664 2299 0 7701
665 2299 0 7701
666 2299 0 7701
667 2299 0 7701
668 2299 0 7701
669 2299 0 7701
670 2299 0 7701
671 2299 0 7701
672 2299 0 7701
673 2299 0 7701
674 2299 0 7701
675 2299 0 7701
676 2299 0 7701
677 2299 0 7701
678 2299 0 7701
679 2299 0 7701
680 2299 0 7701
681 2299 0 7701
682 2299 0 7701
683 2299 0 7701
684 2299 0 7701
685 2299 0 7701
686 2299 0 7701
687 2299 0 7701
688 2299 0 7701
689 2299 0 7701
690 2299 0 7701
691 2299 0 7701
692 2299 0 7701
693 2299 0 7701
694 2299 0 7701
695 2299 0 7701
696 2299 0 7701
697 2299 0 7701
698 2299 0 7701
699 2299 0 7701
700 2299 0 7701
701 2299 0 7701
702 2299 0 7701
703 2299 0 7701
704 2299 0 7701
705 2299 0 7701
706 2299 0 7701
707 2299 0 7701
708 2299 0 7701
709 2299 0 7701
710 2299 0 7701
711 2299 0 7701
712 2299 0 7701
713 2299 0 7701
714 2299 0 7701
715 2299 0 7701
716 2299 0 7701
717 2299 0 7701
718 2299 0 7701
719 2299 0 7701
720 2299 0 7701
721 2299 0 7701
722 2299 0 7701
723 2299 0 7701
724 2299 0 7701
725 2299 0 7701
726 2299 0 7701
727 2299 0 7701
728 2299 0 7701
729 2299 0 7701
730 2299 0 7701
731 2299 0 7701
732 2299 0 7701
733 2299 0 7701
734 2299 0 7701
735 2299 0 7701
736 2299 0 7701
737 2299 0 7701
738 2299 0 7701
739 2299 0 7701
740 2299 0 7701
741 2299 0 7701
742 2299 0 7701
743 2299 0 7701
744 2299 0 7701
745 2299 0 7701
746 2299 0 7701
747 2299 0 7701
748 2299 0 7701
749 2299 0 7701
750 2299 0 7701
751 2299 0 7701
752 2299 0 7701
753 2299 0 7701
754 2299 0 7701
755 2299 0 7701
756 2299 0 7701
757 2299 0 7701
758 2299 0 7701
759 2299 0 7701
760 2299 0 7701
761 2299 0 7701
762 2299 0 7701
763 2299 0 7701
764 2299 0 7701
765 2299 0 7701
766 2299 0 7701
767 2299 0 7701
768 2299 0 7701
769 2299 0 7701
770 2299 0 7701
771 2299 0 7701
772 2299 0 7701
773 2299 0 7701
774 2299 0 7701
775 2299 0 7701
776 2299 0 7701
777 2299 0 7701
778 2299 0 7701
779 2299 0 7701
780 2299 0 7701
781 2299 0 7701
782 2299 0 7701
783 2299 0 7701
784 2299 0 7701
785 2299 0 7701
786 2299 0 7701
787 2299 0 7701
788 2299 0 7701
789 2299 0 7701
790 2299 0 7701
791 2299 0 7701
792 2299 0 7701
793 2299 0 7701
794 2299 0 7701
795 2299 0 7701
796 2299 0 7701
797 2299 0 7701
798 2299 0 7701
799 2299 0 7701
800 2299 0 7701
801 2299 0 7701
802 2299 0 7701
803 2299 0 7701
804 2299 0 7701
805 2299 0 7701
806 2299 0 7701
807 2299 0 7701
808 2299 0 7701
809 2299 0 7701
810 2299 0 7701
811 2299 0 7701
812 2299 0 7701
813 2299 0 7701
814 2299 0 7701
815 2299 0 7701
816 2299 0 7701
817 2299 0 7701
818 2299 0 7701
819 2299 0 7701
820 2299 0 7701
821 2299 0 7701
822 2299 0 7701
823 2299 0 7701
824 2299 0 7701
825 2299 0 7701
826 2299 0 7701
827 2299 0 7701
828 2299 0 7701
829 2299 0 7701
830 2299 0 7701
831 2299 0 7701
832 2299 0 7701
833 2299 0 7701
834 2299 0 7701
835 2299 0 7701
836 2299 0 7701
837 2299 0 7701
838 2299 0 7701
839 2299 0 7701
840 2299 0 7701
841 2299 0 7701
842 2299 0 7701
843 2299 0 7701
844 2299 0 7701
845 2299 0 7701
846 2299 0 7701
847 2299 0 7701
848 2299 0 7701
849 2299 0 7701
850 2299 0 7701
851 2299 0 7701
852 2299 0 7701
853 2299 0 7701
854 2299 0 7701
855 2299 0 7701
856 2299 0 7701
857 2299 0 7701
858 2299 0 7701
859 2299 0 7701
860 2299 0 7701
861 2299 0 7701
862 2299 0 7701
863 2299 0 7701
864 2299 0 7701
865 2299 0 7701
866 2299 0 7701
867 2299 0 7701
868 2299 0 7701
869 2299 0 7701
870 2299 0 7701
871 2299 0 7701
872 2299 0 7701
873 2299 0 7701
874 2299 0 7701
875 2299 0 7701
876 2299 0 7701
877 2299 0 7701
878 2299 0 7701
879 2299 0 7701
880 2299 0 7701
881 2299 0 7701
882 2299 0 7701
883 2299 0 7701
884 2299 0 7701
885 2299 0 7701
886 2299 0 7701
887 2299 0 7701
888 2299 0 7701
889 2299 0 7701
890 2299 0 7701
891 2299 0 7701
892 2299 0 7701
893 2299 0 7701
894 2299 0 7701
895 2299 0 7701
896 2299 0 7701
897 2299 0 7701
898 2299 0 7701
899 2299 0 7701
900 2299 0 7701
901 2299 0 7701
902 2299 0 7701
903 2299 0 7701
904 2299 0 7701
905 2299 0 7701
906 2299 0 7701
907 2299 0 7701
908 2299 0 7701
909 2299 0 7701
910 2299 0 7701
911 2299 0 7701
912 2299 0 7701
913 2299 0 7701
914 2299 0 7701
915 2299 0 7701
916 2299 0 7701
917 2299 0 7701
918 2299 0 7701
919 2299 0 7701
920 2299 0 7701
921 2299 0 7701
922 2299 0 7701
923 2299 0 7701
924 2299 0 7701
925 2299 0 7701
926 2299 0 7701
927 2299 0 7701
928 2299 0 7701
929 2299 0 7701
930 2299 0 7701
931 2299 0 7701
932 2299 0 7701
933 2299 0 7701
934 2299 0 7701
935 2299 0 7701
936 2299 0 7701
937 2299 0 7701
938 2299 0 7701
939 2299 0 7701
940 2299 0 7701
941 2299 0 7701
942 2299 0 7701
943 2299 0 7701
944 2299 0 7701
945 2299 0 7701
946 2299 0 7701
947 2299 0 7701
948 2299 0 7701
949 2299 0 7701
950 2299 0 7701
951 2299 0 7701
952 2299 0 7701
953 2299 0 7701
954 2299 0 7701
955 2299 0 7701
956 2299 0 7701
957 2299 0 7701
958 2299 0 7701
959 2299 0 7701
960 2299 0 7701
961 2299 0 7701
962 2299 0 7701
963 2299 0 7701
964 2299 0 7701
965 2299 0 7701
966 2299 0 7701
967 2299 0 7701
968 2299 0 7701
969 2299 0 7701
970 2299 0 7701
971 2299 0 7701
972 2299 0 7701
973 2299 0 7701
974 2299 0 7701
975 2299 0 7701
976 2299 0 7701
977 2299 0 7701
978 2299 0 7701
979 2299 0 7701
980 2299 0 7701
981 2299 0 7701
982 2299 0 7701
983 2299 0 7701
984 2299 0 7701
985 2299 0 7701
986 2299 0 7701
987 2299 0 7701
988 2299 0 7701
989 2299 0 7701
990 2299 0 7701
991 2299 0 7701
992 2299 0 7701
993 2299 0 7701
994 2299 0 7701
995 2299 0 7701
996 2299 0 7701
997 2299 0 7701
998 2299 0 7701
999 2299 0 7701
