0 9999 1 0
1 9998 2 0
2 9996 4 0
3 9994 6 0
4 9993 7 0
5 9987 13 0
6 9985 14 1
7 9980 16 4
8 9963 28 9
9 9956 29 15
10 9952 27 21
11 9948 24 28
12 9945 22 33
13 9944 19 37
14 9936 25 39
15 9934 21 45
16 9927 25 48
17 9922 25 53
18 9915 28 57
19 9909 31 60
20 9906 31 63
21 9901 26 73
22 9900 22 78
23 9897 21 82
24 9891 24 85
25 9889 23 88
26 9884 26 90
27 9879 26 95
28 9872 28 100
29 9868 25 107
30 9863 26 111
31 9861 24 115
32 9856 24 120
33 9850 24 126
34 9847 23 130
35 9839 28 133
36 9835 29 136
37 9830 27 143
38 9822 33 145
39 9818 32 150
40 9816 24 160
41 9811 25 164
42 9807 24 169
43 9801 27 172
44 9795 31 174
45 9790 35 175
46 9775 46 179
47 9762 46 192
48 9762 41 197
49 9757 42 201
50 9750 42 208
51 9743 42 215
52 9738 40 222
53 9732 37 231
54 9728 34 238
55 9725 29 246
56 9722 26 252
57 9714 28 258
58 9710 28 262
59 9708 29 263
60 9700 36 264
61 9684 46 270
62 9672 50 278
63 9665 45 290
64 9656 43 301
65 9648 39 313
66 9644 35 321
67 9640 35 325
68 9634 39 327
69 9625 42 333
70 9613 51 336
71 9605 46 349
72 9588 56 356
73 9579 55 366
74 9571 54 375
75 9561 56 383
76 9554 53 393
77 9546 48 406
78 9532 50 418
79 9523 51 426
80 9512 50 438
81 9508 41 451
82 9502 39 459
83 9492 43 465
84 9484 47 469
85 9475 45 480
86 9460 54 486
87 9439 62 499
88 9425 60 515
89 9411 64 525
90 9400 66 534
91 9381 70 549
92 9362 77 561
93 9352 72 576
94 9336 74 590
95 9324 69 607
96 9316 68 616
97 9291 83 626
98 9273 87 640
99 9268 78 654
100 9253 81 666
101 9238 78 684
102 9223 79 698
103 9205 87 708
104 9196 82 722
105 9181 81 738
106 9171 79 750
107 9161 74 765
108 9144 72 784
109 9132 65 803
110 9127 60 813
111 9116 59 825
112 9108 50 842
113 9100 48 852
114 9093 45 862
115 9077 55 868
116 9069 57 874
117 9060 58 882
118 9044 60 896
119 9033 58 909
120 9014 68 918
121 8996 75 929
122 8979 81 940
123 8973 75 952
124 8961 76 963
125 8955 76 969
126 8942 73 985
127 8929 75 996
128 8913 82 1005
129 8896 83 1021
130 8875 87 1038
131 8855 83 1062
132 8827 92 1081
133 8808 96 1096
134 8781 112 1107
135 8750 123 1127
136 8713 147 1140
137 8683 154 1163
138 8651 165 1184
139 8620 173 1207
140 8591 177 1232
141 8563 174 1263
142 8530 174 1296
143 8512 165 1323
144 8490 161 1349
145 8462 160 1378
146 8438 146 1416
147 8405 154 1441
148 8374 153 1473
149 8340 161 1499
150 8303 166 1531
151 8264 171 1565
152 8231 175 1594
153 8199 179 1622
154 8159 182 1659
155 8134 175 1691
156 8109 167 1724
157 8082 162 1756
158 8055 159 1786
159 8026 160 1814
160 7999 159 1842
161 7968 161 1871
162 7944 156 1900
163 7918 150 1932
164 7871 162 1967
165 7851 154 1995
166 7824 158 2018
167 7784 174 2042
168 7751 180 2069
169 7697 204 2099
170 7665 205 2130
171 7623 211 2166
172 7585 207 2208
173 7550 208 2242
174 7503 209 2288
175 7465 208 2327
176 7426 215 2359
177 7392 218 2390
178 7346 230 2424
179 7303 222 2475
180 7263 223 2514
181 7227 211 2562
182 7191 215 2594
183 7163 213 2624
184 7139 202 2659
185 7113 198 2689
186 7083 202 2715
187 7050 213 2737
188 7031 201 2768
189 7000 186 2814
190 6961 186 2853
191 6941 171 2888
192 6913 173 2914
193 6886 169 2945
194 6850 176 2974
195 6812 184 3004
196 6779 186 3035
197 6756 164 3080
198 6719 178 3103
199 6674 203 3123
200 6649 198 3153
201 6616 205 3179
202 6584 195 3221
203 6560 181 3259
204 6521 177 3302
205 6486 182 3332
206 6455 182 3363
207 6426 181 3393
208 6396 186 3418
209 6373 180 3447
210 6346 172 3482
211 6317 168 3515
212 6288 164 3548
213 6269 160 3571
214 6247 158 3595
215 6208 169 3623
216 6179 173 3648
217 6151 167 3682
218 6122 178 3700
219 6095 170 3735
220 6058 184 3758
221 6037 176 3787
222 6001 181 3818
223 5983 168 3849
224 5962 165 3873
225 5933 175 3892
226 5894 190 3916
227 5864 189 3947
228 5824 190 3986
229 5795 186 4019
230 5767 183 4050
231 5737 175 4088
232 5715 164 4121
233 5684 162 4154
234 5666 157 4177
235 5638 157 4205
236 5614 152 4234
237 5590 147 4263
238 5558 150 4292
239 5531 157 4312
240 5504 160 4336
241 5481 151 4368
242 5455 161 4384
243 5435 154 4411
244 5422 137 4441
245 5397 141 4462
246 5371 142 4487
247 5351 138 4511
248 5324 139 4537
249 5300 138 4562
250 5275 141 4584
251 5259 142 4599
252 5239 136 4625
253 5215 136 4649
254 5197 134 4669
255 5169 137 4694
256 5145 134 4721
257 5131 126 4743
258 5118 122 4760
259 5098 116 4786
260 5088 106 4806
261 5073 107 4820
262 5061 96 4843
263 5045 98 4857
264 5026 99 4875
265 4997 110 4893
266 4971 122 4907
267 4941 130 4929
268 4918 127 4955
269 4897 126 4977
270 4881 111 5008
271 4861 115 5024
272 4834 125 5041
273 4806 128 5066
274 4779 132 5089
275 4748 140 5112
276 4726 136 5138
277 4701 145 5154
278 4678 147 5175
279 4654 143 5203
280 4627 149 5224
281 4593 160 5247
282 4570 158 5272
283 4545 158 5297
284 4511 165 5324
285 4480 168 5352
286 4454 165 5381
287 4425 160 5415
288 4390 169 5441
289 4360 170 5470
290 4328 175 5497
291 4288 182 5530
292 4262 177 5561
293 4233 177 5590
294 4207 169 5624
295 4185 156 5659
296 4169 144 5687
297 4153 138 5709
298 4138 132 5730
299 4127 122 5751
300 4109 127 5764
301 4088 121 5791
302 4074 113 5813
303 4061 108 5831
304 4049 103 5848
305 4044 92 5864
306 4018 102 5880
307 4005 98 5897
308 3985 101 5914
309 3971 98 5931
310 3959 93 5948
311 3940 96 5964
312 3915 104 5981
313 3894 103 6003
314 3876 107 6017
315 3851 113 6036
316 3816 127 6057
317 3795 125 6080
318 3766 133 6101
319 3744 134 6122
320 3733 124 6143
321 3720 115 6165
322 3706 111 6183
323 3694 105 6201
324 3676 106 6218
325 3663 96 6241
326 3654 91 6255
327 3643 90 6267
328 3627 92 6281
329 3608 92 6300
330 3594 82 6324
331 3579 89 6332
332 3555 102 6343
333 3541 93 6366
334 3523 92 6385
335 3502 96 6402
336 3488 85 6427
337 3475 87 6438
338 3462 91 6447
339 3449 85 6466
340 3436 83 6481
341 3420 82 6498
342 3403 92 6505
343 3388 90 6522
344 3381 82 6537
345 3374 69 6557
346 3364 60 6576
347 3355 57 6588
348 3349 51 6600
349 3346 45 6609
350 3339 50 6611
351 3324 55 6621
352 3315 58 6627
353 3302 60 6638
354 3292 60 6648
355 3281 59 6660
356 3269 63 6668
357 3259 58 6683
358 3244 61 6695
359 3230 69 6701
360 3219 68 6713
361 3205 67 6728
362 3199 61 6740
363 3194 49 6757
364 3188 49 6763
365 3182 47 6771
366 3175 47 6778
367 3167 47 6786
368 3161 47 6792
369 3154 43 6803
370 3150 40 6810
371 3141 45 6814
372 3131 49 6820
373 3126 42 6832
374 3123 34 6843
375 3115 38 6847
376 3106 43 6851
377 3096 42 6862
378 3084 41 6875
379 3077 43 6880
380 3070 42 6888
381 3058 49 6893
382 3043 51 6906
383 3033 54 6913
384 3024 53 6923
385 3014 52 6934
386 3009 51 6940
387 2999 51 6950
388 2994 50 6956
389 2982 55 6963
390 2968 55 6977
391 2960 56 6984
392 2953 56 6991
393 2944 55 7001
394 2939 49 7012
395 2929 48 7023
396 2922 47 7031
397 2919 44 7037
398 2904 50 7046
399 2894 54 7052
400 2890 42 7068
401 2885 37 7078
402 2882 34 7084
403 2877 35 7088
404 2870 36 7094
405 2865 33 7102
406 2860 31 7109
407 2858 31 7111
408 2855 28 7117
409 2849 32 7119
410 2840 34 7126
411 2833 36 7131
412 2826 39 7135
413 2820 38 7142
414 2810 40 7150
415 2803 38 7159
416 2799 33 7168
417 2792 31 7177
418 2788 30 7182
419 2778 38 7184
420 2773 41 7186
421 2768 40 7192
422 2764 36 7200
423 2759 34 7207
424 2755 31 7214
425 2749 28 7223
426 2748 22 7230
427 2743 23 7234
428 2736 28 7236
429 2734 25 7241
430 2726 27 7247
431 2720 31 7249
432 2716 27 7257
433 2712 24 7264
434 2711 22 7267
435 2709 22 7269
436 2704 25 7271
437 2702 24 7274
438 2700 23 7277
439 2694 24 7282
440 2692 20 7288
441 2691 19 7290
442 2688 20 7292
443 2686 20 7294
444 2682 20 7298
445 2679 21 7300
446 2677 17 7306
447 2677 13 7310
448 2676 11 7313
449 2675 9 7316
450 2674 8 7318
451 2674 8 7318
452 2674 7 7319
453 2671 8 7321
454 2671 6 7323
455 2668 8 7324
456 2666 9 7325
457 2665 7 7328
458 2664 7 7329
459 2661 9 7330
460 2659 10 7331
461 2659 10 7331
462 2658 9 7333
463 2657 8 7335
464 2656 9 7335
465 2655 6 7339
466 2650 9 7341
467 2645 14 7341
468 2644 13 7343
469 2644 11 7345
470 2644 9 7347
471 2644 7 7349
472 2642 6 7352
473 2642 4 7354
474 2642 3 7355
475 2642 2 7356
476 2642 2 7356
477 2642 2 7356
478 2642 2 7356
479 2642 2 7356
480 2642 2 7356
481 2642 2 7356
482 2642 2 7356
483 2642 2 7356
484 2642 1 7357
485 2642 1 7357
486 2642 1 7357
487 2642 1 7357
488 2642 1 7357
489 2642 1 7357
490 2642 1 7357
491 2642 1 7357
492 2642 1 7357
493 2642 1 7357
494 2642 1 7357
495 2642 1 7357
496 2642 1 7357
497 2642 1 7357
498 2642 1 7357
499 2642 1 7357
500 2642 1 7357
501 2642 1 7357
502 2642 1 7357
503 2642 1 7357
504 2642 1 7357
505 2642 1 7357
506 2642 0 7358
507 2642 0 7358
508 2642 0 7358
509 2642 0 7358
510 2642 0 7358
511 2642 0 7358
512 2642 0 7358
513 2642 0 7358
514 2642 0 7358
515 2642 0 7358
516 2642 0 7358
517 2642 0 7358
518 2642 0 7358
519 2642 0 7358
520 2642 0 7358
521 2642 0 7358
522 2642 0 7358
523 2642 0 7358
524 2642 0 7358
525 2642 0 7358
526 2642 0 7358
527 2642 0 7358
528 2642 0 7358
529 2642 0 7358
530 2642 0 7358
531 2642 0 7358
532 2642 0 7358
533 2642 0 7358
534 2642 0 7358
535 2642 0 7358
536 2642 0 7358
537 2642 0 7358
538 2642 0 7358
539 2642 0 7358
540 2642 0 7358
541 2642 0 7358
542 2642 0 7358
543 2642 0 7358
544 2642 0 7358
545 2642 0 7358
546 2642 0 7358
547 2642 0 7358
548 2642 0 7358
549 2642 0 7358
550 2642 0 7358
551 2642 0 7358
552 2642 0 7358
553 2642 0 7358
554 2642 0 7358
555 2642 0 7358
556 2642 0 7358
557 2642 0 7358
558 2642 0 7358
559 2642 0 7358
560 2642 0 7358
561 2642 0 7358
562 2642 0 7358
563 2642 0 7358
564 2642 0 7358
565 2642 0 7358
566 2642 0 7358
567 2642 0 7358
568 2642 0 7358
569 2642 0 7358
570 2642 0 7358
571 2642 0 7358
572 2642 0 7358
573 2642 0 7358
574 2642 0 7358
575 2642 0 7358
576 2642 0 7358
577 2642 0 7358
578 2642 0 7358
579 2642 0 7358
580 2642 0 7358
581 2642 0 7358
582 2642 0 7358
583 2642 0 7358
584 2642 0 7358
585 2642 0 7358
586 2642 0 7358
587 2642 0 7358
588 2642 0 7358
589 2642 0 7358
590 2642 0 7358
591 2642 0 7358
592 2642 0 7358
593 2642 0 7358
594 2642 0 7358
595 2642 0 7358
596 2642 0 7358
597 2642 0 7358
598 2642 0 7358
599 2642 0 7358
600 2642 0 7358
601 2642 0 7358
602 2642 0 7358
603 2642 0 7358
604 2642 0 7358
605 2642 0 7358
606 2642 0 7358
607 2642 0 7358
608 2642 0 7358
609 2642 0 7358
610 2642 0 7358
611 2642 0 7358
612 2642 0 7358
613 2642 0 7358
614 2642 0 7358
615 2642 0 7358
616 2642 0 7358
617 2642 0 7358
618 2642 0 7358
619 2642 0 7358
620 2642 0 7358
621 2642 0 7358
622 2642 0 7358
623 2642 0 7358
624 2642 0 7358
625 2642 0 7358
626 2642 0 7358
627 2642 0 7358
628 2642 0 7358
629 2642 0 7358
630 2642 0 7358
631 2642 0 7358
632 2642 0 7358
633 2642 0 7358
634 2642 0 7358
635 2642 0 7358
636 2642 0 7358
637 2642 0 7358
638 2642 0 7358
639 2642 0 7358
640 2642 0 7358
641 2642 0 7358
642 2642 0 7358
643 2642 0 7358
644 2642 0 7358
645 2642 0 7358
646 2642 0 7358
647 2642 0 7358
648 2642 0 7358
649 2642 0 7358
650 2642 0 7358
651 2642 0 7358
652 2642 0 7358
653 2642 0 7358
654 2642 0 7358
655 2642 0 7358
656 2642 0 7358
657 2642 0 7358
658 2642 0 7358
659 2642 0 7358
660 2642 0 7358
661 2642 0 7358
662 2642 0 7358
663 2642 0 7358
664 2642 0 7358
665 2642 0 7358
666 2642 0 7358
667 2642 0 7358
668 2642 0 7358
669 2642 0 7358
670 2642 0 7358
671 2642 0 7358
672 2642 0 7358
673 2642 0 7358
674 2642 0 7358
675 2642 0 7358
676 2642 0 7358
677 2642 0 7358
678 2642 0 7358
679 2642 0 7358
680 2642 0 7358
681 2642 0 7358
682 2642 0 7358
683 2642 0 7358
684 2642 0 7358
685 2642 0 7358
686 2642 0 7358
687 2642 0 7358
688 2642 0 7358
689 2642 0 7358
690 2642 0 7358
691 2642 0 7358
692 2642 0 7358
693 2642 0 7358
694 2642 0 7358
695 2642 0 7358
696 2642 0 7358
697 2642 0 7358
698 2642 0 7358
699 2642 0 7358
700 2642 0 7358
701 2642 0 7358
702 2642 0 7358
703 2642 0 7358
704 2642 0 7358
705 2642 0 7358
706 2642 0 7358
707 2642 0 7358
708 2642 0 7358
709 2642 0 7358
710 2642 0 7358
711 2642 0 7358
712 2642 0 7358
713 2642 0 7358
714 2642 0 7358
715 2642 0 7358
716 2642 0 7358
717 2642 0 7358
718 2642 0 7358
719 2642 0 7358
720 2642 0 7358
721 2642 0 7358
722 2642 0 7358
723 2642 0 7358
724 2642 0 7358
725 2642 0 7358
726 2642 0 7358
727 2642 0 7358
728 2642 0 7358
729 2642 0 7358
730 2642 0 7358
731 2642 0 7358
732 2642 0 7358
733 2642 0 7358
734 2642 0 7358
735 2642 0 7358
736 2642 0 7358
737 2642 0 7358
738 2642 0 7358
739 2642 0 7358
740 2642 0 7358
741 2642 0 7358
742 2642 0 7358
743 2642 0 7358
744 2642 0 7358
745 2642 0 7358
746 2642 0 7358
747 2642 0 7358
748 2642 0 7358
749 2642 0 7358
750 2642 0 7358
751 2642 0 7358
752 2642 0 7358
753 2642 0 7358
754 2642 0 7358
755 2642 0 7358
756 2642 0 7358
757 2642 0 7358
758 2642 0 7358
759 2642 0 7358
760 2642 0 7358
761 2642 0 7358
762 2642 0 7358
763 2642 0 7358
764 2642 0 7358
765 2642 0 7358
766 2642 0 7358
767 2642 0 7358
768 2642 0 7358
769 2642 0 7358
770 2642 0 7358
771 2642 0 7358
772 2642 0 7358
773 2642 0 7358
774 2642 0 7358
775 2642 0 7358
776 2642 0 7358
777 2642 0 7358
778 2642 0 7358
779 2642 0 7358
780 2642 0 7358
781 2642 0 7358
782 2642 0 7358
783 2642 0 7358
784 2642 0 7358
785 2642 0 7358
786 2642 0 7358
787 2642 0 7358
788 2642 0 7358
789 2642 0 7358
790 2642 0 7358
791 2642 0 7358
792 2642 0 7358
793 2642 0 7358
794 2642 0 7358
795 2642 0 7358
796 2642 0 7358
797 2642 0 7358
798 2642 0 7358
799 2642 0 7358
800 2642 0 7358
801 2642 0 7358
802 2642 0 7358
803 2642 0 7358
804 2642 0 7358
805 2642 0 7358
806 2642 0 7358
807 2642 0 7358
808 2642 0 7358
809 2642 0 7358
810 2642 0 7358
811 2642 0 7358
812 2642 0 7358
813 2642 0 7358
814 2642 0 7358
815 2642 0 7358
816 2642 0 7358
817 2642 0 7358
818 2642 0 7358
819 2642 0 7358
820 2642 0 7358
821 2642 0 7358
822 2642 0 7358
823 2642 0 7358
824 2642 0 7358
825 2642 0 7358
826 2642 0 7358
827 2642 0 7358
828 2642 0 7358
829 2642 0 7358
830 2642 0 7358
831 2642 0 7358
832 2642 0 7358
833 2642 0 7358
834 2642 0 7358
835 2642 0 7358
836 2642 0 7358
837 2642 0 7358
838 2642 0 7358
839 2642 0 7358
840 2642 0 7358
841 2642 0 7358
842 2642 0 7358
843 2642 0 7358
844 2642 0 7358
845 2642 0 7358
846 2642 0 7358
847 2642 0 7358
848 2642 0 7358
849 2642 0 7358
850 2642 0 7358
851 2642 0 7358
852 2642 0 7358
853 2642 0 7358
854 2642 0 7358
855 2642 0 7358
856 2642 0 7358
857 2642 0 7358
858 2642 0 7358
859 2642 0 7358
860 2642 0 7358
861 2642 0 7358
862 2642 0 7358
863 2642 0 7358
864 2642 0 7358
865 2642 0 7358
866 2642 0 7358
867 2642 0 7358
868 2642 0 7358
869 2642 0 7358
870 2642 0 7358
871 2642 0 7358
872 2642 0 7358
873 2642 0 7358
874 2642 0 7358
875 2642 0 7358
876 2642 0 7358
877 2642 0 7358
878 2642 0 7358
879 2642 0 7358
880 2642 0 7358
881 2642 0 7358
882 2642 0 7358
883 2642 0 7358
884 2642 0 7358
885 2642 0 7358
886 2642 0 7358
887 2642 0 7358
888 2642 0 7358
889 2642 0 7358
890 2642 0 7358
891 2642 0 7358
892 2642 0 7358
893 2642 0 7358
894 2642 0 7358
895 2642 0 7358
896 2642 0 7358
897 2642 0 7358
898 2642 0 7358
899 2642 0 7358
900 2642 0 7358
901 2642 0 7358
902 2642 0 7358
903 2642 0 7358
904 2642 0 7358
905 2642 0 7358
906 2642 0 7358
907 2642 0 7358
908 2642 0 7358
909 2642 0 7358
910 2642 0 7358
911 2642 0 7358
912 2642 0 7358
913 2642 0 7358
914 2642 0 7358
915 2642 0 7358
916 2642 0 7358
917 2642 0 7358
918 2642 0 7358
919 2642 0 7358
920 2642 0 7358
921 2642 0 7358
922 2642 0 7358
923 2642 0 7358
924 2642 0 7358
925 2642 0 7358
926 2642 0 7358
927 2642 0 7358
928 2642 0 7358
929 2642 0 7358
930 2642 0 7358
931 2642 0 7358
932 2642 0 7358
933 2642 0 7358
934 2642 0 7358
935 2642 0 7358
936 2642 0 7358
937 2642 0 7358
938 2642 0 7358
939 2642 0 7358
940 2642 0 7358
941 2642 0 7358
942 2642 0 7358
943 2642 0 7358
944 2642 0 7358
945 2642 0 7358
946 2642 0 7358
947 2642 0 7358
948 2642 0 7358
949 2642 0 7358
950 2642 0 7358
951 2642 0 7358
952 2642 0 7358
953 2642 0 7358
954 2642 0 7358
955 2642 0 7358
956 2642 0 7358
957 2642 0 7358
958 2642 0 7358
959 2642 0 7358
960 2642 0 7358
961 2642 0 7358
962 2642 0 7358
963 2642 0 7358
964 2642 0 7358
965 2642 0 7358
966 2642 0 7358
967 2642 0 7358
968 2642 0 7358
969 2642 0 7358
970 2642 0 7358
971 2642 0 7358
972 2642 0 7358
973 2642 0 7358
974 2642 0 7358
975 2642 0 7358
976 2642 0 7358
977 2642 0 7358
978 2642 0 7358
979 2642 0 7358
980 2642 0 7358
981 2642 0 7358
982 2642 0 7358
983 2642 0 7358
984 2642 0 7358
985 2642 0 7358
986 2642 0 7358
987 2642 0 7358
988 2642 0 7358
989 2642 0 7358
990 2642 0 7358
991 2642 0 7358
992 2642 0 7358
993 2642 0 7358
994 2642 0 7358
995 2642 0 7358
996 2642 0 7358
997 2642 0 7358
998 2642 0 7358
999 2642 0 7358
