0 9999 1 0
1 9994 6 0
2 9993 5 2
3 9993 4 3
4 9990 7 3
5 9988 9 3
6 9984 13 3
7 9976 18 6
8 9971 18 11
9 9966 19 15
10 9956 24 20
11 9946 30 24
12 9937 35 28
13 9924 38 38
14 9914 44 42
15 9907 38 55
16 9900 41 59
17 9881 52 67
18 9868 60 72
19 9859 63 78
20 9849 60 91
21 9836 63 101
22 9825 64 111
23 9816 62 122
24 9801 70 129
25 9789 66 145
26 9774 73 153
27 9762 65 173
28 9753 65 182
29 9741 65 194
30 9731 62 207
31 9721 63 216
32 9709 68 223
33 9694 70 236
34 9677 77 246
35 9661 84 255
36 9645 91 264
37 9625 99 276
38 9603 106 291
39 9579 115 306
40 9558 119 323
41 9536 121 343
42 9517 108 375
43 9500 107 393
44 9486 101 413
45 9476 95 429
46 9458 99 443
47 9441 107 452
48 9423 104 473
49 9411 95 494
50 9381 98 521
51 9365 97 538
52 9338 108 554
53 9316 113 571
54 9302 112 586
55 9287 113 600
56 9266 111 623
57 9234 128 638
58 9218 123 659
59 9187 136 677
60 9165 142 693
61 9138 150 712
62 9111 151 738
63 9077 164 759
64 9053 158 789
65 9015 175 810
66 8989 169 842
67 8964 171 865
68 8923 185 892
69 8897 180 923
70 8876 169 955
71 8852 165 983
72 8829 158 1013
73 8806 152 1042
74 8783 151 1066
75 8762 150 1088
76 8739 148 1113
77 8714 151 1135
78 8690 146 1164
79 8675 139 1186
80 8659 125 1216
81 8645 127 1228
82 8631 125 1244
83 8614 119 1267
84 8600 116 1284
85 8588 113 1299
86 8558 121 1321
87 8538 111 1351
88 8523 116 1361
89 8507 106 1387
90 8486 111 1403
91 8461 115 1424
92 8443 115 1442
93 8415 119 1466
94 8388 123 1489
95 8364 125 1511
96 8336 129 1535
97 8311 134 1555
98 8289 124 1587
99 8272 119 1609
100 8254 107 1639
101 8237 112 1651
102 8203 129 1668
103 8190 117 1693
104 8176 111 1713
105 8155 110 1735
106 8135 109 1756
107 8126 98 1776
108 8112 94 1794
109 8099 93 1808
110 8084 91 1825
111 8075 77 1848
112 8062 72 1866
113 8044 79 1877
114 8024 83 1893
115 8003 90 1907
116 7986 91 1923
117 7962 98 1940
118 7956 88 1956
119 7946 86 1968
120 7925 86 1989
121 7912 84 2004
122 7892 91 2017
123 7867 97 2036
124 7851 99 2050
125 7816 119 2065
126 7789 131 2080
127 7763 138 2099
128 7742 128 2130
129 7714 131 2155
130 7693 127 2180
131 7669 128 2203
132 7651 125 2224
133 7626 133 2241
134 7604 126 2270
135 7585 127 2288
136 7562 128 2310
137 7547 117 2336
138 7528 118 2354
139 7507 113 2380
140 7486 112 2402
141 7464 110 2426
142 7433 114 2453
143 7408 119 2473
144 7386 117 2497
145 7359 126 2515
146 7332 127 2541
147 7311 121 2568
148 7291 114 2595
149 7266 117 2617
150 7244 114 2642
151 7224 106 2670
152 7209 111 2680
153 7187 115 2698
154 7172 111 2717
155 7156 105 2739
156 7145 104 2751
157 7128 99 2773
158 7113 96 2791
159 7096 99 2805
160 7075 109 2816
161 7050 117 2833
162 7036 112 2852
163 7013 114 2873
164 6985 121 2894
165 6964 125 2911
166 6937 132 2931
167 6910 138 2952
168 6885 143 2972
169 6858 142 3000
170 6829 149 3022
171 6801 138 3061
172 6771 154 3075
173 6750 151 3099
174 6719 155 3126
175 6696 151 3153
176 6669 146 3185
177 6640 145 3215
178 6617 150 3233
179 6592 150 3258
180 6562 148 3290
181 6536 143 3321
182 6515 135 3350
183 6501 129 3370
184 6460 143 3397
185 6432 145 3423
186 6401 153 3446
187 6372 159 3469
188 6330 164 3506
189 6298 176 3526
190 6258 178 3564
191 6223 186 3591
192 6183 196 3621
193 6126 221 3653
194 6084 220 3696
195 6027 238 3735
196 5971 255 3774
197 5920 266 3814
198 5861 284 3855
199 5813 286 3901
200 5751 300 3949
201 5693 303 4004
202 5636 311 4053
203 5593 284 4123
204 5546 280 4174
205 5487 290 4223
206 5435 301 4264
207 5389 300 4311
208 5344 289 4367
209 5300 293 4407
210 5265 263 4472
211 5228 247 4525
212 5196 232 4572
213 5175 226 4599
214 5152 215 4633
215 5120 215 4665
216 5088 211 4701
217 5061 205 4734
218 5029 209 4762
219 4999 197 4804
220 4972 191 4837
221 4944 190 4866
222 4907 196 4897
223 4875 192 4933
224 4849 183 4968
225 4810 192 4998
226 4775 194 5031
227 4749 176 5075
228 4707 191 5102
229 4686 175 5139
230 4656 174 5170
231 4630 167 5203
232 4614 156 5230
233 4590 152 5258
234 4575 143 5282
235 4551 138 5311
236 4537 125 5338
237 4510 131 5359
238 4493 120 5387
239 4474 120 5406
240 4458 118 5424
241 4440 118 5442
242 4421 114 5465
243 4400 115 5485
244 4378 104 5518
245 4365 103 5532
246 4342 112 5546
247 4324 111 5565
248 4308 113 5579
249 4285 113 5602
250 4267 111 5622
251 4251 105 5644
252 4230 110 5660
253 4214 101 5685
254 4196 95 5709
255 4179 96 5725
256 4159 99 5742
257 4142 96 5762
258 4122 98 5780
259 4103 102 5795
260 4082 106 5812
261 4058 117 5825
262 4039 122 5839
263 4019 121 5860
264 4000 119 5881
265 3984 98 5918
266 3964 103 5933
267 3949 101 5950
268 3924 113 5963
269 3898 123 5979
270 3876 132 5992
271 3857 126 6017
272 3842 118 6040
273 3819 123 6058
274 3792 130 6078
275 3765 125 6110
276 3748 119 6133
277 3725 130 6145
278 3708 127 6165
279 3694 120 6186
280 3674 109 6217
281 3650 114 6236
282 3639 105 6256
283 3631 86 6283
284 3616 87 6297
285 3604 81 6315
286 3588 81 6331
287 3571 85 6344
288 3555 85 6360
289 3538 88 6374
290 3521 87 6392
291 3502 91 6407
292 3484 92 6424
293 3466 92 6442
294 3452 90 6458
295 3448 75 6477
296 3434 69 6497
297 3415 64 6521
298 3403 63 6534
299 3388 69 6543
300 3379 63 6558
301 3369 55 6576
302 3361 56 6583
303 3354 50 6596
304 3346 47 6607
305 3340 48 6612
306 3329 54 6617
307 3319 52 6629
308 3306 54 6640
309 3295 53 6652
310 3284 55 6661
311 3265 62 6673
312 3256 55 6689
313 3245 60 6695
314 3234 65 6701
315 3222 66 6712
316 3209 67 6724
317 3191 72 6737
318 3179 67 6754
319 3171 66 6763
320 3161 70 6769
321 3153 68 6779
322 3140 70 6790
323 3129 67 6804
324 3119 68 6813
325 3111 65 6824
326 3101 57 6842
327 3088 61 6851
328 3078 62 6860
329 3062 67 6871
330 3054 69 6877
331 3044 72 6884
332 3029 79 6892
333 3009 81 6910
334 2996 80 6924
335 2973 92 6935
336 2959 89 6952
337 2941 94 6965
338 2924 96 6980
339 2911 101 6988
340 2899 104 6997
341 2884 103 7013
342 2872 97 7031
343 2860 98 7042
344 2845 100 7055
345 2828 96 7076
346 2816 97 7087
347 2805 94 7101
348 2790 87 7123
349 2774 88 7138
350 2765 79 7156
351 2748 85 7167
352 2735 85 7180
353 2724 80 7196
354 2711 83 7206
355 2698 84 7218
356 2688 75 7237
357 2679 73 7248
358 2665 69 7266
359 2651 75 7274
360 2639 73 7288
361 2630 72 7298
362 2623 67 7310
363 2613 62 7325
364 2605 59 7336
365 2598 53 7349
366 2587 51 7362
367 2585 46 7369
368 2582 43 7375
369 2579 36 7385
370 2575 37 7388
371 2572 33 7395
372 2568 32 7400
373 2560 34 7406
374 2551 38 7411
375 2543 40 7417
376 2538 38 7424
377 2532 37 7431
378 2529 35 7436
379 2524 34 7442
380 2517 38 7445
381 2511 35 7454
382 2508 34 7458
383 2504 31 7465
384 2500 32 7468
385 2498 28 7474
386 2495 29 7476
387 2491 27 7482
388 2487 27 7486
389 2482 26 7492
390 2478 27 7495
391 2475 28 7497
392 2469 28 7503
393 2466 30 7504
394 2464 22 7514
395 2464 17 7519
396 2464 13 7523
397 2463 14 7523
398 2462 14 7524
399 2461 12 7527
400 2460 13 7527
401 2455 16 7529
402 2453 12 7535
403 2448 16 7536
404 2448 12 7540
405 2443 14 7543
406 2443 14 7543
407 2442 13 7545
408 2441 11 7548
409 2441 10 7549
410 2441 10 7549
411 2441 8 7551
412 2436 11 7553
413 2433 13 7554
414 2430 11 7559
415 2429 10 7561
416 2427 8 7565
417 2424 11 7565
418 2421 13 7566
419 2419 13 7568
420 2417 13 7570
421 2416 12 7572
422 2415 11 7574
423 2414 8 7578
424 2413 5 7582
425 2413 5 7582
426 2412 6 7582
427 2411 5 7584
428 2409 6 7585
429 2406 6 7588
430 2406 5 7589
431 2405 4 7591
432 2405 3 7592
433 2405 3 7592
434 2405 1 7594
435 2405 1 7594
436 2404 2 7594
437 2403 2 7595
438 2403 2 7595
439 2402 3 7595
440 2400 4 7596
441 2400 4 7596
442 2400 3 7597
443 2400 2 7598
444 2400 2 7598
445 2400 2 7598
446 2400 2 7598
447 2400 2 7598
448 2400 2 7598
449 2400 1 7599
450 2400 0 7600
451 2400 0 7600
452 2400 0 7600
453 2400 0 7600
454 2400 0 7600
455 2400 0 7600
456 2400 0 7600
457 2400 0 7600
458 2400 0 7600
459 2400 0 7600
460 2400 0 7600
461 2400 0 7600
462 2400 0 7600
463 2400 0 7600
464 2400 0 7600
465 2400 0 7600
466 2400 0 7600
467 2400 0 7600
468 2400 0 7600
469 2400 0 7600
470 2400 0 7600
471 2400 0 7600
472 2400 0 7600
473 2400 0 7600
474 2400 0 7600
475 2400 0 7600
476 2400 0 7600
477 2400 0 7600
478 2400 0 7600
479 2400 0 7600
480 2400 0 7600
481 2400 0 7600
482 2400 0 7600
483 2400 0 7600
484 2400 0 7600
485 2400 0 7600
486 2400 0 7600
487 2400 0 7600
488 2400 0 7600
489 2400 0 7600
490 2400 0 7600
491 2400 0 7600
492 2400 0 7600
493 2400 0 7600
494 2400 0 7600
495 2400 0 7600
496 2400 0 7600
497 2400 0 7600
498 2400 0 7600
499 2400 0 7600
500 2400 0 7600
501 2400 0 7600
502 2400 0 7600
503 2400 0 7600
504 2400 0 7600
505 2400 0 7600
506 2400 0 7600
507 2400 0 7600
508 2400 0 7600
509 2400 0 7600
510 2400 0 7600
511 2400 0 7600
512 2400 0 7600
513 2400 0 7600
514 2400 0 7600
515 2400 0 7600
516 2400 0 7600
517 2400 0 7600
518 2400 0 7600
519 2400 0 7600
520 2400 0 7600
521 2400 0 7600
522 2400 0 7600
523 2400 0 7600
524 2400 0 7600
525 2400 0 7600
526 2400 0 7600
527 2400 0 7600
528 2400 0 7600
529 2400 0 7600
530 2400 0 7600
531 2400 0 7600
532 2400 0 7600
533 2400 0 7600
534 2400 0 7600
535 2400 0 7600
536 2400 0 7600
537 2400 0 7600
538 2400 0 7600
539 2400 0 7600
540 2400 0 7600
541 2400 0 7600
542 2400 0 7600
543 2400 0 7600
544 2400 0 7600
545 2400 0 7600
546 2400 0 7600
547 2400 0 7600
548 2400 0 7600
549 2400 0 7600
550 2400 0 7600
551 2400 0 7600
552 2400 0 7600
553 2400 0 7600
554 2400 0 7600
555 2400 0 7600
556 2400 0 7600
557 2400 0 7600
558 2400 0 7600
559 2400 0 7600
560 2400 0 7600
561 2400 0 7600
562 2400 0 7600
563 2400 0 7600
564 2400 0 7600
565 2400 0 7600
566 2400 0 7600
567 2400 0 7600
568 2400 0 7600
569 2400 0 7600
570 2400 0 7600
571 2400 0 7600
572 2400 0 7600
573 2400 0 7600
574 2400 0 7600
575 2400 0 7600
576 2400 0 7600
577 2400 0 7600
578 2400 0 7600
579 2400 0 7600
580 2400 0 7600
581 2400 0 7600
582 2400 0 7600
583 2400 0 7600
584 2400 0 7600
585 2400 0 7600
586 2400 0 7600
587 2400 0 7600
588 2400 0 7600
589 2400 0 7600
590 2400 0 7600
591 2400 0 7600
592 2400 0 7600
593 2400 0 7600
594 2400 0 7600
595 2400 0 7600
596 2400 0 7600
597 2400 0 7600
598 2400 0 7600
599 2400 0 7600
600 2400 0 7600
601 2400 0 7600
602 2400 0 7600
603 2400 0 7600
604 2400 0 7600
605 2400 0 7600
606 2400 0 7600
607 2400 0 7600
608 2400 0 7600
609 2400 0 7600
610 2400 0 7600
611 2400 0 7600
612 2400 0 7600
613 2400 0 7600
614 2400 0 7600
615 2400 0 7600
616 2400 0 7600
617 2400 0 7600
618 2400 0 7600
619 2400 0 7600
620 2400 0 7600
621 2400 0 7600
622 2400 0 7600
623 2400 0 7600
624 2400 0 7600
625 2400 0 7600
626 2400 0 7600
627 2400 0 7600
628 2400 0 7600
629 2400 0 7600
630 2400 0 7600
631 2400 0 7600
632 2400 0 7600
633 2400 0 7600
634 2400 0 7600
635 2400 0 7600
636 2400 0 7600
637 2400 0 7600
638 2400 0 7600
639 2400 0 7600
640 2400 0 7600
641 2400 0 7600
642 2400 0 7600
643 2400 0 7600
644 2400 0 7600
645 2400 0 7600
646 2400 0 7600
647 2400 0 7600
648 2400 0 7600
649 2400 0 7600
650 2400 0 7600
651 2400 0 7600
652 2400 0 7600
653 2400 0 7600
654 2400 0 7600
655 2400 0 7600
656 2400 0 7600
657 2400 0 7600
658 2400 0 7600
659 2400 0 7600
660 2400 0 7600
661 2400 0 7600
662 2400 0 7600
663 2400 0 7600
664 2400 0 7600
665 2400 0 7600
666 2400 0 7600
667 2400 0 7600
668 2400 0 7600
669 2400 0 7600
670 2400 0 7600
671 2400 0 7600
672 2400 0 7600
673 2400 0 7600
674 2400 0 7600
675 2400 0 7600
676 2400 0 7600
677 2400 0 7600
678 2400 0 7600
679 2400 0 7600
680 2400 0 7600
681 2400 0 7600
682 2400 0 7600
683 2400 0 7600
684 2400 0 7600
685 2400 0 7600
686 2400 0 7600
687 2400 0 7600
688 2400 0 7600
689 2400 0 7600
690 2400 0 7600
691 2400 0 7600
692 2400 0 7600
693 2400 0 7600
694 2400 0 7600
695 2400 0 7600
696 2400 0 7600
697 2400 0 7600
698 2400 0 7600
699 2400 0 7600
700 2400 0 7600
701 2400 0 7600
702 2400 0 7600
703 2400 0 7600
704 2400 0 7600
705 2400 0 7600
706 2400 0 7600
707 2400 0 7600
708 2400 0 7600
709 2400 0 7600
710 2400 0 7600
711 2400 0 7600
712 2400 0 7600
713 2400 0 7600
714 2400 0 7600
715 2400 0 7600
716 2400 0 7600
717 2400 0 7600
718 2400 0 7600
719 2400 0 7600
720 2400 0 7600
721 2400 0 7600
722 2400 0 7600
723 2400 0 7600
724 2400 0 7600
725 2400 0 7600
726 2400 0 7600
727 2400 0 7600
728 2400 0 7600
729 2400 0 7600
730 2400 0 7600
731 2400 0 7600
732 2400 0 7600
733 2400 0 7600
734 2400 0 7600
735 2400 0 7600
736 2400 0 7600
737 2400 0 7600
738 2400 0 7600
739 2400 0 7600
740 2400 0 7600
741 2400 0 7600
742 2400 0 7600
743 2400 0 7600
744 2400 0 7600
745 2400 0 7600
746 2400 0 7600
747 2400 0 7600
748 2400 0 7600
749 2400 0 7600
750 2400 0 7600
751 2400 0 7600
752 2400 0 7600
753 2400 0 7600
754 2400 0 7600
755 2400 0 7600
756 2400 0 7600
757 2400 0 7600
758 2400 0 7600
759 2400 0 7600
760 2400 0 7600
761 2400 0 7600
762 2400 0 7600
763 2400 0 7600
764 2400 0 7600
765 2400 0 7600
766 2400 0 7600
767 2400 0 7600
768 2400 0 7600
769 2400 0 7600
770 2400 0 7600
771 2400 0 7600
772 2400 0 7600
773 2400 0 7600
774 2400 0 7600
775 2400 0 7600
776 2400 0 7600
777 2400 0 7600
778 2400 0 7600
779 2400 0 7600
780 2400 0 7600
781 2400 0 7600
782 2400 0 7600
783 2400 0 7600
784 2400 0 7600
785 2400 0 7600
786 2400 0 7600
787 2400 0 7600
788 2400 0 7600
789 2400 0 7600
790 2400 0 7600
791 2400 0 7600
792 2400 0 7600
793 2400 0 7600
794 2400 0 7600
795 2400 0 7600
796 2400 0 7600
797 2400 0 7600
798 2400 0 7600
799 2400 0 7600
800 2400 0 7600
801 2400 0 7600
802 2400 0 7600
803 2400 0 7600
804 2400 0 7600
805 2400 0 7600
806 2400 0 7600
807 2400 0 7600
808 2400 0 7600
809 2400 0 7600
810 2400 0 7600
811 2400 0 7600
812 2400 0 7600
813 2400 0 7600
814 2400 0 7600
815 2400 0 7600
816 2400 0 7600
817 2400 0 7600
818 2400 0 7600
819 2400 0 7600
820 2400 0 7600
821 2400 0 7600
822 2400 0 7600
823 2400 0 7600
824 2400 0 7600
825 2400 0 7600
826 2400 0 7600
827 2400 0 7600
828 2400 0 7600
829 2400 0 7600
830 2400 0 7600
831 2400 0 7600
832 2400 0 7600
833 2400 0 7600
834 2400 0 7600
835 2400 0 7600
836 2400 0 7600
837 2400 0 7600
838 2400 0 7600
839 2400 0 7600
840 2400 0 7600
841 2400 0 7600
842 2400 0 7600
843 2400 0 7600
844 2400 0 7600
845 2400 0 7600
846 2400 0 7600
847 2400 0 7600
848 2400 0 7600
849 2400 0 7600
850 2400 0 7600
851 2400 0 7600
852 2400 0 7600
853 2400 0 7600
854 2400 0 7600
855 2400 0 7600
856 2400 0 7600
857 2400 0 7600
858 2400 0 7600
859 2400 0 7600
860 2400 0 7600
861 2400 0 7600
862 2400 0 7600
863 2400 0 7600
864 2400 0 7600
865 2400 0 7600
866 2400 0 7600
867 2400 0 7600
868 2400 0 7600
869 2400 0 7600
870 2400 0 7600
871 2400 0 7600
872 2400 0 7600
873 2400 0 7600
874 2400 0 7600
875 2400 0 7600
876 2400 0 7600
877 2400 0 7600
878 2400 0 7600
879 2400 0 7600
880 2400 0 7600
881 2400 0 7600
882 2400 0 7600
883 2400 0 7600
884 2400 0 7600
885 2400 0 7600
886 2400 0 7600
887 2400 0 7600
888 2400 0 7600
889 2400 0 7600
890 2400 0 7600
891 2400 0 7600
892 2400 0 7600
893 2400 0 7600
894 2400 0 7600
895 2400 0 7600
896 2400 0 7600
897 2400 0 7600
898 2400 0 7600
899 2400 0 7600
900 2400 0 7600
901 2400 0 7600
902 2400 0 7600
903 2400 0 7600
904 2400 0 7600
905 2400 0 7600
906 2400 0 7600
907 2400 0 7600
908 2400 0 7600
909 2400 0 7600
910 2400 0 7600
911 2400 0 7600
912 2400 0 7600
913 2400 0 7600
914 2400 0 7600
915 2400 0 7600
916 2400 0 7600
917 2400 0 7600
918 2400 0 7600
919 2400 0 7600
920 2400 0 7600
921 2400 0 7600
922 2400 0 7600
923 2400 0 7600
924 2400 0 7600
925 2400 0 7600
926 2400 0 7600
927 2400 0 7600
928 2400 0 7600
929 2400 0 7600
930 2400 0 7600
931 2400 0 7600
932 2400 0 7600
933 2400 0 7600
934 2400 0 7600
935 2400 0 7600
936 2400 0 7600
937 2400 0 7600
938 2400 0 7600
939 2400 0 7600
940 2400 0 7600
941 2400 0 7600
942 2400 0 7600
943 2400 0 7600
944 2400 0 7600
945 2400 0 7600
946 2400 0 7600
947 2400 0 7600
948 2400 0 7600
949 2400 0 7600
950 2400 0 7600
951 2400 0 7600
952 2400 0 7600
953 2400 0 7600
954 2400 0 7600
955 2400 0 7600
956 2400 0 7600
957 2400 0 7600
958 2400 0 7600
959 2400 0 7600
960 2400 0 7600
961 2400 0 7600
962 2400 0 7600
963 2400 0 7600
964 2400 0 7600
965 2400 0 7600
966 2400 0 7600
967 2400 0 7600
968 2400 0 7600
969 2400 0 7600
970 2400 0 7600
971 2400 0 7600
972 2400 0 7600
973 2400 0 7600
974 2400 0 7600
975 2400 0 7600
976 2400 0 7600
977 2400 0 7600
978 2400 0 7600
979 2400 0 7600
980 2400 0 7600
981 2400 0 7600
982 2400 0 7600
983 2400 0 7600
984 2400 0 7600
985 2400 0 7600
986 2400 0 7600
987 2400 0 7600
988 2400 0 7600
989 2400 0 7600
990 2400 0 7600
991 2400 0 7600
992 2400 0 7600
993 2400 0 7600
994 2400 0 7600
995 2400 0 7600
996 2400 0 7600
997 2400 0 7600
998 2400 0 7600
999 2400 0 7600
