0 9999 1 0
1 9997 2 1
2 9997 2 1
3 9994 4 2
4 9990 7 3
5 9989 6 5
6 9987 7 6
7 9986 8 6
8 9986 4 10
9 9986 3 11
10 9984 5 11
11 9983 3 14
12 9980 5 15
13 9978 7 15
14 9971 13 16
15 9971 11 18
16 9966 15 19
17 9963 18 19
18 9957 22 21
19 9952 23 25
20 9944 26 30
21 9937 31 32
22 9929 36 35
23 9921 37 42
24 9911 36 53
25 9906 37 57
26 9900 37 63
27 9895 34 71
28 9888 36 76
29 9874 47 79
30 9863 47 90
31 9858 47 95
32 9852 43 105
33 9840 45 115
34 9840 40 120
35 9835 34 131
36 9830 36 134
37 9828 26 146
38 9818 33 149
39 9811 36 153
40 9805 32 163
41 9801 28 171
42 9796 29 175
43 9784 36 180
44 9776 38 186
45 9768 37 195
46 9759 38 203
47 9751 36 213
48 9745 38 217
49 9738 37 225
50 9730 38 232
51 9720 42 238
52 9712 42 246
53 9703 42 255
54 9698 38 264
55 9692 35 273
56 9682 44 274
57 9677 40 283
58 9672 40 288
59 9667 39 294
60 9656 43 301
61 9650 43 307
62 9642 46 312
63 9630 49 321
64 9614 61 325
65 9604 60 336
66 9593 59 348
67 9585 55 360
68 9577 54 369
69 9562 61 377
70 9548 67 385
71 9541 62 397
72 9531 56 413
73 9517 57 426
74 9508 56 436
75 9499 52 449
76 9489 57 454
77 9476 57 467
78 9466 61 473
79 9452 65 483
80 9436 65 499
81 9426 66 508
82 9414 62 524
83 9408 64 528
84 9392 68 540
85 9378 69 553
86 9366 67 567
87 9356 71 573
88 9348 66 586
89 9337 65 598
90 9333 58 609
91 9324 63 613
92 9318 57 625
93 9308 57 635
94 9300 56 644
95 9289 59 652
96 9283 58 659
97 9272 58 670
98 9264 58 678
99 9251 65 684
100 9243 64 693
101 9232 63 705
102 9222 60 718
103 9216 54 730
104 9199 60 741
105 9183 61 756
106 9165 64 771
107 9158 59 783
108 9147 56 797
109 9139 59 802
110 9134 49 817
111 9131 49 820
112 9124 46 830
113 9118 42 840
114 9110 42 848
115 9100 47 853
116 9091 49 860
117 9081 53 866
118 9075 55 870
119 9058 62 880
120 9054 58 888
121 9049 51 900
122 9042 52 906
123 9031 50 919
124 9023 46 931
125 9014 41 945
126 9010 38 952
127 9003 43 954
128 8997 40 963
129 8987 42 971
130 8974 50 976
131 8961 58 981
132 8949 51 1000
133 8931 62 1007
134 8917 65 1018
135 8900 73 1027
136 8883 84 1033
137 8860 87 1053
138 8848 79 1073
139 8829 89 1082
140 8810 92 1098
141 8796 94 1110
142 8784 93 1123
143 8758 98 1144
144 8729 108 1163
145 8703 111 1186
146 8686 112 1202
147 8670 104 1226
148 8657 100 1243
149 8646 99 1255
150 8635 93 1272
151 8614 95 1291
152 8593 100 1307
153 8574 103 1323
154 8562 93 1345
155 8547 92 1361
156 8532 89 1379
157 8522 82 1396
158 8511 81 1408
159 8496 80 1424
160 8485 79 1436
161 8477 77 1446
162 8466 72 1462
163 8453 77 1470
164 8440 77 1483
165 8430 69 1501
166 8417 75 1508
167 8400 75 1525
168 8389 71 1540
169 8374 79 1547
170 8361 78 1561
171 8350 82 1568
172 8333 88 1579
173 8315 97 1588
174 8299 95 1606
175 8275 102 1623
176 8258 97 1645
177 8246 96 1658
178 8234 95 1671
179 8218 92 1690
180 8203 91 1706
181 8190 83 1727
182 8177 76 1747
183 8164 80 1756
184 8154 75 1771
185 8145 76 1779
186 8132 78 1790
187 8120 73 1807
188 8110 68 1822
189 8102 60 1838
190 8085 66 1849
191 8071 70 1859
192 8051 79 1870
193 8030 88 1882
194 8014 92 1894
195 8004 87 1909
196 7982 94 1924
197 7966 91 1943
198 7950 95 1955
199 7921 105 1974
200 7905 101 1994
201 7880 111 2009
202 7858 112 2030
203 7839 115 2046
204 7811 123 2066
205 7785 127 2088
206 7763 130 2107
207 7748 123 2129
208 7731 123 2146
209 7707 131 2162
210 7683 134 2183
211 7665 128 2207
212 7645 120 2235
213 7628 118 2254
214 7603 126 2271
215 7588 121 2291
216 7560 131 2309
217 7527 137 2336
218 7492 138 2370
219 7465 143 2392
220 7443 145 2412
221 7419 142 2439
222 7392 152 2456
223 7354 165 2481
224 7333 157 2510
225 7297 149 2554
226 7268 161 2571
227 7232 161 2607
228 7200 160 2640
229 7169 153 2678
230 7135 161 2704
231 7105 165 2730
232 7084 159 2757
233 7054 157 2789
234 7031 151 2818
235 7004 163 2833
236 6971 173 2856
237 6931 184 2885
238 6891 200 2909
239 6857 201 2942
240 6827 186 2987
241 6793 177 3030
242 6756 181 3063
243 6720 189 3091
244 6694 182 3124
245 6662 180 3158
246 6620 192 3188
247 6588 186 3226
248 6533 207 3260
249 6486 223 3291
250 6436 229 3335
251 6401 228 3371
252 6366 230 3404
253 6319 232 3449
254 6290 230 3480
255 6246 232 3522
256 6212 238 3550
257 6177 232 3591
258 6124 251 3625
259 6085 244 3671
260 6051 224 3725
261 6015 234 3751
262 5984 221 3795
263 5957 212 3831
264 5930 203 3867
265 5897 194 3909
266 5873 185 3942
267 5839 196 3965
268 5818 173 4009
269 5798 160 4042
270 5780 146 4074
271 5752 150 4098
272 5733 136 4131
273 5712 127 4161
274 5675 132 4193
275 5649 140 4211
276 5621 151 4228
277 5603 145 4252
278 5572 150 4278
279 5540 159 4301
280 5511 157 4332
281 5484 155 4361
282 5452 159 4389
283 5422 160 4418
284 5399 148 4453
285 5373 145 4482
286 5353 140 4507
287 5327 142 4531
288 5295 154 4551
289 5260 163 4577
290 5223 168 4609
291 5187 172 4641
292 5163 172 4665
293 5135 167 4698
294 5111 156 4733
295 5091 148 4761
296 5071 146 4783
297 5051 143 4806
298 5028 146 4826
299 5002 152 4846
300 4974 149 4877
301 4946 158 4896
302 4918 155 4927
303 4887 161 4952
304 4853 159 4988
305 4822 156 5022
306 4796 152 5052
307 4775 137 5088
308 4746 133 5121
309 4717 150 5133
310 4682 157 5161
311 4642 170 5188
312 4622 158 5220
313 4586 159 5255
314 4556 157 5287
315 4525 155 5320
316 4490 169 5341
317 4450 179 5371
318 4417 183 5400
319 4381 185 5434
320 4352 181 5467
321 4318 178 5504
322 4282 179 5539
323 4247 180 5573
324 4214 181 5605
325 4181 189 5630
326 4144 193 5663
327 4106 198 5696
328 4076 196 5728
329 4047 191 5762
330 4006 197 5797
331 3981 183 5836
332 3948 187 5865
333 3921 190 5889
334 3895 184 5921
335 3866 183 5951
336 3836 177 5987
337 3803 176 6021
338 3774 170 6056
339 3742 173 6085
340 3714 168 6118
341 3696 156 6148
342 3673 157 6170
343 3648 164 6188
344 3606 170 6224
345 3578 164 6258
346 3554 163 6283
347 3536 154 6310
348 3506 157 6337
349 3477 156 6367
350 3452 157 6391
351 3419 161 6420
352 3387 162 6451
353 3359 161 6480
354 3330 158 6512
355 3298 156 6546
356 3267 149 6584
357 3241 149 6610
358 3209 142 6649
359 3178 150 6672
360 3141 152 6707
361 3098 173 6729
362 3071 163 6766
363 3040 168 6792
364 3010 169 6821
365 2987 155 6858
366 2980 127 6893
367 2966 120 6914
368 2949 117 6934
369 2929 113 6958
370 2912 112 6976
371 2893 114 6993
372 2883 102 7015
373 2865 106 7029
374 2850 102 7048
375 2835 100 7065
376 2827 88 7085
377 2815 84 7101
378 2806 75 7119
379 2794 72 7134
380 2784 63 7153
381 2775 59 7166
382 2766 59 7175
383 2750 67 7183
384 2739 69 7192
385 2720 72 7208
386 2711 63 7226
387 2703 63 7234
388 2689 70 7241
389 2679 75 7246
390 2673 71 7256
391 2664 65 7271
392 2655 64 7281
393 2645 67 7288
394 2635 69 7296
395 2625 72 7303
396 2611 75 7314
397 2594 83 7323
398 2574 91 7335
399 2562 89 7349
400 2553 81 7366
401 2546 68 7386
402 2541 57 7402
403 2533 56 7411
404 2520 56 7424
405 2512 59 7429
406 2502 61 7437
407 2488 63 7449
408 2481 60 7459
409 2475 55 7470
410 2464 53 7483
411 2454 54 7492
412 2445 47 7508
413 2442 39 7519
414 2436 39 7525
415 2430 38 7532
416 2425 34 7541
417 2419 35 7546
418 2413 36 7551
419 2409 31 7560
420 2408 28 7564
421 2407 25 7568
422 2403 26 7571
423 2400 24 7576
424 2397 22 7581
425 2392 22 7586
426 2390 19 7591
427 2387 20 7593
428 2378 24 7598
429 2372 29 7599
430 2367 28 7605
431 2365 22 7613
432 2363 17 7620
433 2362 14 7624
434 2362 13 7625
435 2360 14 7626
436 2358 14 7628
437 2355 13 7632
438 2354 13 7633
439 2354 11 7635
440 2349 15 7636
441 2345 16 7639
442 2343 17 7640
443 2343 10 7647
444 2339 14 7647
445 2334 18 7648
446 2331 18 7651
447 2330 16 7654
448 2326 16 7658
449 2321 18 7661
450 2318 16 7666
451 2316 14 7670
452 2314 15 7671
453 2313 13 7674
454 2312 11 7677
455 2312 11 7677
456 2311 9 7680
457 2310 9 7681
458 2310 8 7682
459 2309 9 7682
460 2308 7 7685
461 2308 4 7688
462 2308 3 7689
463 2308 3 7689
464 2308 2 7690
465 2308 1 7691
466 2308 1 7691
467 2308 1 7691
468 2308 1 7691
469 2308 1 7691
470 2308 1 7691
471 2308 1 7691
472 2308 1 7691
473 2308 1 7691
474 2308 1 7691
475 2308 1 7691
476 2308 1 7691
477 2308 1 7691
478 2308 0 7692
479 2308 0 7692
480 2308 0 7692
481 2308 0 7692
482 2308 0 7692
483 2308 0 7692
484 2308 0 7692
485 2308 0 7692
486 2308 0 7692
487 2308 0 7692
488 2308 0 7692
489 2308 0 7692
490 2308 0 7692
491 2308 0 7692
492 2308 0 7692
493 2308 0 7692
494 2308 0 7692
495 2308 0 7692
496 2308 0 7692
497 2308 0 7692
498 2308 0 7692
499 2308 0 7692
500 2308 0 7692
501 2308 0 7692
502 2308 0 7692
503 2308 0 7692
504 2308 0 7692
505 2308 0 7692
506 2308 0 7692
507 2308 0 7692
508 2308 0 7692
509 2308 0 7692
510 2308 0 7692
511 2308 0 7692
512 2308 0 7692
513 2308 0 7692
514 2308 0 7692
515 2308 0 7692
516 2308 0 7692
517 2308 0 7692
518 2308 0 7692
519 2308 0 7692
520 2308 0 7692
521 2308 0 7692
522 2308 0 7692
523 2308 0 7692
524 2308 0 7692
525 2308 0 7692
526 2308 0 7692
527 2308 0 7692
528 2308 0 7692
529 2308 0 7692
530 2308 0 7692
531 2308 0 7692
532 2308 0 7692
533 2308 0 7692
534 2308 0 7692
535 2308 0 7692
536 2308 0 7692
537 2308 0 7692
538 2308 0 7692
539 2308 0 7692
540 2308 0 7692
541 2308 0 7692
542 2308 0 7692
543 2308 0 7692
544 2308 0 7692
545 2308 0 7692
546 2308 0 7692
547 2308 0 7692
548 2308 0 7692
549 2308 0 7692
550 2308 0 7692
551 2308 0 7692
552 2308 0 7692
553 2308 0 7692
554 2308 0 7692
555 2308 0 7692
556 2308 0 7692
557 2308 0 7692
558 2308 0 7692
559 2308 0 7692
560 2308 0 7692
561 2308 0 7692
562 2308 0 7692
563 2308 0 7692
564 2308 0 7692
565 2308 0 7692
566 2308 0 7692
567 2308 0 7692
568 2308 0 7692
569 2308 0 7692
570 2308 0 7692
571 2308 0 7692
572 2308 0 7692
573 2308 0 7692
574 2308 0 7692
575 2308 0 7692
576 2308 0 7692
577 2308 0 7692
578 2308 0 7692
579 2308 0 7692
580 2308 0 7692
581 2308 0 7692
582 2308 0 7692
583 2308 0 7692
584 2308 0 7692
585 2308 0 7692
586 2308 0 7692
587 2308 0 7692
588 2308 0 7692
589 2308 0 7692
590 2308 0 7692
591 2308 0 7692
592 2308 0 7692
593 2308 0 7692
594 2308 0 7692
595 2308 0 7692
596 2308 0 7692
597 2308 0 7692
598 2308 0 7692
599 2308 0 7692
600 2308 0 7692
601 2308 0 7692
602 2308 0 7692
603 2308 0 7692
604 2308 0 7692
605 2308 0 7692
606 2308 0 7692
607 2308 0 7692
608 2308 0 7692
609 2308 0 7692
610 2308 0 7692
611 2308 0 7692
612 2308 0 7692
613 2308 0 7692
614 2308 0 7692
615 2308 0 7692
616 2308 0 7692
617 2308 0 7692
618 2308 0 7692
619 2308 0 7692
620 2308 0 7692
621 2308 0 7692
622 2308 0 7692
623 2308 0 7692
624 2308 0 7692
625 2308 0 7692
626 2308 0 7692
627 2308 0 7692
628 2308 0 7692
629 2308 0 7692
630 2308 0 7692
631 2308 0 7692
632 2308 0 7692
633 2308 0 7692
634 2308 0 7692
635 2308 0 7692
636 2308 0 7692
637 2308 0 7692
638 2308 0 7692
639 2308 0 7692
640 2308 0 7692
641 2308 0 7692
642 2308 0 7692
643 2308 0 7692
644 2308 0 7692
645 2308 0 7692
646 2308 0 7692
647 2308 0 7692
648 2308 0 7692
649 2308 0 7692
650 2308 0 7692
651 2308 0 7692
652 2308 0 7692
653 2308 0 7692
654 2308 0 7692
655 2308 0 7692
656 2308 0 7692
657 2308 0 7692
658 2308 0 7692
659 2308 0 7692
660 2308 0 7692
661 2308 0 7692
662 2308 0 7692
663 2308 0 7692
664 2308 0 7692
665 2308 0 7692
666 2308 0 7692
667 2308 0 7692
668 2308 0 7692
669 2308 0 7692
670 2308 0 7692
671 2308 0 7692
672 2308 0 7692
673 2308 0 7692
674 2308 0 7692
675 2308 0 7692
676 2308 0 7692
677 2308 0 7692
678 2308 0 7692
679 2308 0 7692
680 2308 0 7692
681 2308 0 7692
682 2308 0 7692
683 2308 0 7692
684 2308 0 7692
685 2308 0 7692
686 2308 0 7692
687 2308 0 7692
688 2308 0 7692
689 2308 0 7692
690 2308 0 7692
691 2308 0 7692
692 2308 0 7692
693 2308 0 7692
694 2308 0 7692
695 2308 0 7692
696 2308 0 7692
697 2308 0 7692
698 2308 0 7692
699 2308 0 7692
700 2308 0 7692
701 2308 0 7692
702 2308 0 7692
703 2308 0 7692
704 2308 0 7692
705 2308 0 7692
706 2308 0 7692
707 2308 0 7692
708 2308 0 7692
709 2308 0 7692
710 2308 0 7692
711 2308 0 7692
712 2308 0 7692
713 2308 0 7692
714 2308 0 7692
715 2308 0 7692
716 2308 0 7692
717 2308 0 7692
718 2308 0 7692
719 2308 0 7692
720 2308 0 7692
721 2308 0 7692
722 2308 0 7692
723 2308 0 7692
724 2308 0 7692
725 2308 0 7692
726 2308 0 7692
727 2308 0 7692
728 2308 0 7692
729 2308 0 7692
730 2308 0 7692
731 2308 0 7692
732 2308 0 7692
733 2308 0 7692
734 2308 0 7692
735 2308 0 7692
736 2308 0 7692
737 2308 0 7692
738 2308 0 7692
739 2308 0 7692
740 2308 0 7692
741 2308 0 7692
742 2308 0 7692
743 2308 0 7692
744 2308 0 7692
745 2308 0 7692
746 2308 0 7692
747 2308 0 7692
748 2308 0 7692
749 2308 0 7692
750 2308 0 7692
751 2308 0 7692
752 2308 0 7692
753 2308 0 7692
754 2308 0 7692
755 2308 0 7692
756 2308 0 7692
757 2308 0 7692
758 2308 0 7692
759 2308 0 7692
760 2308 0 7692
761 2308 0 7692
762 2308 0 7692
763 2308 0 7692
764 2308 0 7692
765 2308 0 7692
766 2308 0 7692
767 2308 0 7692
768 2308 0 7692
769 2308 0 7692
770 2308 0 7692
771 2308 0 7692
772 2308 0 7692
773 2308 0 7692
774 2308 0 7692
775 2308 0 7692
776 2308 0 7692
777 2308 0 7692
778 2308 0 7692
779 2308 0 7692
780 2308 0 7692
781 2308 0 7692
782 2308 0 7692
783 2308 0 7692
784 2308 0 7692
785 2308 0 7692
786 2308 0 7692
787 2308 0 7692
788 2308 0 7692
789 2308 0 7692
790 2308 0 7692
791 2308 0 7692
792 2308 0 7692
793 2308 0 7692
794 2308 0 7692
795 2308 0 7692
796 2308 0 7692
797 2308 0 7692
798 2308 0 7692
799 2308 0 7692
800 2308 0 7692
801 2308 0 7692
802 2308 0 7692
803 2308 0 7692
804 2308 0 7692
805 2308 0 7692
806 2308 0 7692
807 2308 0 7692
808 2308 0 7692
809 2308 0 7692
810 2308 0 7692
811 2308 0 7692
812 2308 0 7692
813 2308 0 7692
814 2308 0 7692
815 2308 0 7692
816 2308 0 7692
817 2308 0 7692
818 2308 0 7692
819 2308 0 7692
820 2308 0 7692
821 2308 0 7692
822 2308 0 7692
823 2308 0 7692
824 2308 0 7692
825 2308 0 7692
826 2308 0 7692
827 2308 0 7692
828 2308 0 7692
829 2308 0 7692
830 2308 0 7692
831 2308 0 7692
832 2308 0 7692
833 2308 0 7692
834 2308 0 7692
835 2308 0 7692
836 2308 0 7692
837 2308 0 7692
838 2308 0 7692
839 2308 0 7692
840 2308 0 7692
841 2308 0 7692
842 2308 0 7692
843 2308 0 7692
844 2308 0 7692
845 2308 0 7692
846 2308 0 7692
847 2308 0 7692
848 2308 0 7692
849 2308 0 7692
850 2308 0 7692
851 2308 0 7692
852 2308 0 7692
853 2308 0 7692
854 2308 0 7692
855 2308 0 7692
856 2308 0 7692
857 2308 0 7692
858 2308 0 7692
859 2308 0 7692
860 2308 0 7692
861 2308 0 7692
862 2308 0 7692
863 2308 0 7692
864 2308 0 7692
865 2308 0 7692
866 2308 0 7692
867 2308 0 7692
868 2308 0 7692
869 2308 0 7692
870 2308 0 7692
871 2308 0 7692
872 2308 0 7692
873 2308 0 7692
874 2308 0 7692
875 2308 0 7692
876 2308 0 7692
877 2308 0 7692
878 2308 0 7692
879 2308 0 7692
880 2308 0 7692
881 2308 0 7692
882 2308 0 7692
883 2308 0 7692
884 2308 0 7692
885 2308 0 7692
886 2308 0 7692
887 2308 0 7692
888 2308 0 7692
889 2308 0 7692
890 2308 0 7692
891 2308 0 7692
892 2308 0 7692
893 2308 0 7692
894 2308 0 7692
895 2308 0 7692
896 2308 0 7692
897 2308 0 7692
898 2308 0 7692
899 2308 0 7692
900 2308 0 7692
901 2308 0 7692
902 2308 0 7692
903 2308 0 7692
904 2308 0 7692
905 2308 0 7692
906 2308 0 7692
907 2308 0 7692
908 2308 0 7692
909 2308 0 7692
910 2308 0 7692
911 2308 0 7692
912 2308 0 7692
913 2308 0 7692
914 2308 0 7692
915 2308 0 7692
916 2308 0 7692
917 2308 0 7692
918 2308 0 7692
919 2308 0 7692
920 2308 0 7692
921 2308 0 7692
922 2308 0 7692
923 2308 0 7692
924 2308 0 7692
925 2308 0 7692
926 2308 0 7692
927 2308 0 7692
928 2308 0 7692
929 2308 0 7692
930 2308 0 7692
931 2308 0 7692
932 2308 0 7692
933 2308 0 7692
934 2308 0 7692
935 2308 0 7692
936 2308 0 7692
937 2308 0 7692
938 2308 0 7692
939 2308 0 7692
940 2308 0 7692
941 2308 0 7692
942 2308 0 7692
943 2308 0 7692
944 2308 0 7692
945 2308 0 7692
946 2308 0 7692
947 2308 0 7692
948 2308 0 7692
949 2308 0 7692
950 2308 0 7692
951 2308 0 7692
952 2308 0 7692
953 2308 0 7692
954 2308 0 7692
955 2308 0 7692
956 2308 0 7692
957 2308 0 7692
958 2308 0 7692
959 2308 0 7692
960 2308 0 7692
961 2308 0 7692
962 2308 0 7692
963 2308 0 7692
964 2308 0 7692
965 2308 0 7692
966 2308 0 7692
967 2308 0 7692
968 2308 0 7692
969 2308 0 7692
970 2308 0 7692
971 2308 0 7692
972 2308 0 7692
973 2308 0 7692
974 2308 0 7692
975 2308 0 7692
976 2308 0 7692
977 2308 0 7692
978 2308 0 7692
979 2308 0 7692
980 2308 0 7692
981 2308 0 7692
982 2308 0 7692
983 2308 0 7692
984 2308 0 7692
985 2308 0 7692
986 2308 0 7692
987 2308 0 7692
988 2308 0 7692
989 2308 0 7692
990 2308 0 7692
991 2308 0 7692
992 2308 0 7692
993 2308 0 7692
994 2308 0 7692
995 2308 0 7692
996 2308 0 7692
997 2308 0 7692
998 2308 0 7692
999 2308 0 7692
