0 9999 1 0
1 9997 3 0
2 9997 2 1
3 9993 5 2
4 9990 7 3
5 9989 8 3
6 9988 8 4
7 9984 10 6
8 9980 13 7
9 9980 9 11
10 9978 7 15
11 9974 10 16
12 9965 15 20
13 9959 17 24
14 9956 17 27
15 9954 17 29
16 9951 19 30
17 9948 18 34
18 9942 20 38
19 9938 20 42
20 9937 16 47
21 9931 18 51
22 9927 20 53
23 9924 21 55
24 9923 20 57
25 9921 15 64
26 9919 15 66
27 9919 14 67
28 9915 17 68
29 9908 21 71
30 9904 22 74
31 9899 25 76
32 9891 29 80
33 9886 30 84
34 9878 35 87
35 9870 38 92
36 9865 39 96
37 9858 36 106
38 9854 33 113
39 9851 28 121
40 9846 31 123
41 9839 36 125
42 9833 37 130
43 9826 41 133
44 9817 48 135
45 9815 41 144
46 9807 42 151
47 9799 42 159
48 9796 38 166
49 9785 46 169
50 9775 46 179
51 9768 47 185
52 9757 48 195
53 9750 45 205
54 9739 47 214
55 9732 43 225
56 9725 44 231
57 9718 44 238
58 9710 44 246
59 9695 53 252
60 9686 54 260
61 9678 47 275
62 9666 51 283
63 9659 47 294
64 9653 47 300
65 9642 51 307
66 9637 49 314
67 9632 45 323
68 9623 50 327
69 9617 45 338
70 9611 44 345
71 9610 41 349
72 9606 36 358
73 9601 35 364
74 9592 38 370
75 9581 39 380
76 9569 45 386
77 9564 40 396
78 9557 43 400
79 9546 47 407
80 9541 42 417
81 9530 45 425
82 9522 46 432
83 9512 49 439
84 9497 50 453
85 9492 49 459
86 9486 51 463
87 9475 53 472
88 9466 55 479
89 9455 61 484
90 9445 55 500
91 9425 65 510
92 9406 69 525
93 9386 73 541
94 9376 73 551
95 9362 75 563
96 9345 80 575
97 9329 83 588
98 9319 69 612
99 9308 66 626
100 9291 73 636
101 9278 69 653
102 9265 69 666
103 9254 68 678
104 9241 71 688
105 9228 69 703
106 9213 64 723
107 9207 58 735
108 9198 55 747
109 9190 50 760
110 9181 54 765
111 9171 48 781
112 9167 43 790
113 9158 45 797
114 9153 45 802
115 9145 45 810
116 9141 40 819
117 9136 33 831
118 9134 25 841
119 9131 22 847
120 9129 21 850
121 9124 23 853
122 9123 21 856
123 9120 18 862
124 9117 19 864
125 9115 20 865
126 9111 21 868
127 9106 24 870
128 9103 23 874
129 9093 28 879
130 9089 30 881
131 9086 29 885
132 9074 36 890
133 9068 35 897
134 9063 36 901
135 9050 44 906
136 9035 52 913
137 9021 58 921
138 9004 59 937
139 8995 54 951
140 8988 48 964
141 8983 43 974
142 8980 40 980
143 8971 43 986
144 8964 44 992
145 8963 39 998
146 8957 37 1006
147 8945 41 1014
148 8938 43 1019
149 8934 42 1024
150 8927 40 1033
151 8916 43 1041
152 8906 46 1048
153 8895 49 1056
154 8886 51 1063
155 8882 48 1070
156 8875 45 1080
157 8871 42 1087
158 8864 37 1099
159 8862 31 1107
160 8854 36 1110
161 8845 44 1111
162 8839 41 1120
163 8827 51 1122
164 8807 61 1132
165 8792 66 1142
166 8784 64 1152
167 8771 68 1161
168 8759 68 1173
169 8746 70 1184
170 8730 81 1189
171 8713 91 1196
172 8695 94 1211
173 8674 102 1224
174 8657 104 1239
175 8639 105 1256
176 8617 115 1268
177 8598 119 1283
178 8585 111 1304
179 8558 119 1323
180 8534 120 1346
181 8514 115 1371
182 8499 100 1401
183 8487 89 1424
184 8467 93 1440
185 8450 95 1455
186 8438 88 1474
187 8422 91 1487
188 8405 92 1503
189 8393 91 1516
190 8380 86 1534
191 8367 89 1544
192 8345 97 1558
193 8327 92 1581
194 8310 91 1599
195 8293 89 1618
196 8273 103 1624
197 8255 101 1644
198 8225 118 1657
199 8210 114 1676
200 8189 112 1699
201 8174 109 1717
202 8150 110 1740
203 8128 113 1759
204 8110 111 1779
205 8090 119 1791
206 8067 123 1810
207 8037 122 1841
208 8021 116 1863
209 7998 116 1886
210 7972 128 1900
211 7955 122 1923
212 7930 119 1951
213 7901 125 1974
214 7871 120 2009
215 7849 118 2033
216 7823 122 2055
217 7799 123 2078
218 7774 125 2101
219 7756 127 2117
220 7729 139 2132
221 7704 137 2159
222 7687 127 2186
223 7662 130 2208
224 7643 123 2234
225 7624 118 2258
226 7608 110 2282
227 7585 107 2308
228 7571 105 2324
229 7558 99 2343
230 7536 108 2356
231 7515 106 2379
232 7491 113 2396
233 7462 121 2417
234 7447 115 2438
235 7431 104 2465
236 7418 98 2484
237 7401 98 2501
238 7376 105 2519
239 7355 111 2534
240 7323 128 2549
241 7303 126 2571
242 7276 135 2589
243 7248 140 2612
244 7230 134 2636
245 7206 136 2658
246 7179 131 2690
247 7160 132 2708
248 7129 133 2738
249 7106 133 2761
250 7087 128 2785
251 7063 123 2814
252 7043 118 2839
253 7024 113 2863
254 7002 117 2881
255 6986 111 2903
256 6967 111 2922
257 6947 116 2937
258 6925 118 2957
259 6905 110 2985
260 6890 104 3006
261 6872 103 3025
262 6858 95 3047
263 6845 86 3069
264 6834 82 3084
265 6817 77 3106
266 6805 77 3118
267 6789 84 3127
268 6784 68 3148
269 6767 69 3164
270 6759 66 3175
271 6749 64 3187
272 6736 67 3197
273 6724 63 3213
274 6715 65 3220
275 6705 64 3231
276 6698 62 3240
277 6692 59 3249
278 6678 65 3257
279 6666 57 3277
280 6657 54 3289
281 6650 46 3304
282 6642 46 3312
283 6634 46 3320
284 6620 57 3323
285 6611 56 3333
286 6600 57 3343
287 6588 63 3349
288 6575 63 3362
289 6567 58 3375
290 6547 71 3382
291 6534 75 3391
292 6528 69 3403
293 6516 71 3413
294 6503 72 3425
295 6493 66 3441
296 6484 64 3452
297 6463 79 3458
298 6448 80 3472
299 6428 90 3482
300 6409 95 3496
301 6390 96 3514
302 6371 94 3535
303 6354 98 3548
304 6338 97 3565
305 6313 100 3587
306 6288 106 3606
307 6270 102 3628
308 6252 105 3643
309 6240 99 3661
310 6227 97 3676
311 6205 102 3693
312 6186 92 3722
313 6164 103 3733
314 6142 103 3755
315 6119 108 3773
316 6096 110 3794
317 6079 99 3822
318 6063 98 3839
319 6054 91 3855
320 6050 78 3872
321 6038 78 3884
322 6025 80 3895
323 6008 84 3908
324 5998 82 3920
325 5986 86 3928
326 5967 90 3943
327 5957 84 3959
328 5939 94 3967
329 5923 88 3989
330 5906 90 4004
331 5887 93 4020
332 5867 98 4035
333 5850 100 4050
334 5833 97 4070
335 5817 91 4092
336 5800 92 4108
337 5784 93 4123
338 5769 88 4143
339 5744 94 4162
340 5718 102 4180
341 5701 99 4200
342 5673 102 4225
343 5653 114 4233
344 5630 115 4255
345 5613 115 4272
346 5595 117 4288
347 5579 112 4309
348 5565 115 4320
349 5546 110 4344
350 5523 106 4371
351 5509 105 4386
352 5484 115 4401
353 5460 110 4430
354 5435 111 4454
355 5424 104 4472
356 5400 116 4484
357 5385 110 4505
358 5359 118 4523
359 5336 115 4549
360 5312 124 4564
361 5293 119 4588
362 5263 120 4617
363 5242 112 4646
364 5227 109 4664
365 5207 111 4682
366 5199 99 4702
367 5186 99 4715
368 5177 91 4732
369 5163 91 4746
370 5157 83 4760
371 5144 84 4772
372 5127 87 4786
373 5114 80 4806
374 5099 76 4825
375 5083 77 4840
376 5071 76 4853
377 5057 76 4867
378 5040 82 4878
379 5024 86 4890
380 5004 89 4907
381 4979 95 4926
382 4964 90 4946
383 4941 99 4960
384 4911 115 4974
385 4894 105 5001
386 4875 108 5017
387 4852 120 5028
388 4820 130 5050
389 4807 120 5073
390 4785 114 5101
391 4775 100 5125
392 4758 103 5139
393 4742 100 5158
394 4727 100 5173
395 4712 102 5186
396 4692 102 5206
397 4679 98 5223
398 4668 91 5241
399 4654 86 5260
400 4645 83 5272
401 4633 77 5290
402 4624 76 5300
403 4615 70 5315
404 4602 72 5326
405 4593 71 5336
406 4582 75 5343
407 4570 70 5360
408 4565 61 5374
409 4549 70 5381
410 4542 69 5389
411 4532 67 5401
412 4515 67 5418
413 4503 67 5430
414 4495 67 5438
415 4491 59 5450
416 4484 55 5461
417 4477 49 5474
418 4469 48 5483
419 4464 44 5492
420 4458 39 5503
421 4454 34 5512
422 4448 36 5516
423 4445 33 5522
424 4437 36 5527
425 4430 35 5535
426 4422 35 5543
427 4417 32 5551
428 4412 33 5555
429 4404 32 5564
430 4398 31 5571
431 4389 37 5574
432 4385 34 5581
433 4385 23 5592
434 4382 23 5595
435 4375 29 5596
436 4366 34 5600
437 4362 31 5607
438 4356 36 5608
439 4353 32 5615
440 4346 31 5623
441 4337 39 5624
442 4329 36 5635
443 4319 39 5642
444 4311 41 5648
445 4306 38 5656
446 4298 42 5660
447 4289 43 5668
448 4283 42 5675
449 4276 45 5679
450 4270 42 5688
451 4261 41 5698
452 4251 46 5703
453 4244 47 5709
454 4241 42 5717
455 4236 39 5725
456 4228 41 5731
457 4219 42 5739
458 4213 44 5743
459 4207 45 5748
460 4199 45 5756
461 4192 47 5761
462 4188 45 5767
463 4181 36 5783
464 4175 36 5789
465 4170 36 5794
466 4159 42 5799
467 4151 39 5810
468 4145 39 5816
469 4141 35 5824
470 4138 35 5827
471 4135 33 5832
472 4131 34 5835
473 4126 31 5843
474 4124 29 5847
475 4121 23 5856
476 4117 23 5860
477 4107 27 5866
478 4104 26 5870
479 4097 26 5877
480 4094 23 5883
481 4090 24 5886
482 4084 23 5893
483 4082 21 5897
484 4077 22 5901
485 4072 19 5909
486 4069 20 5911
487 4062 20 5918
488 4055 26 5919
489 4049 27 5924
490 4047 23 5930
491 4041 24 5935
492 4035 21 5944
493 4034 18 5948
494 4031 21 5948
495 4028 22 5950
496 4024 22 5954
497 4022 21 5957
498 4017 17 5966
499 4013 19 5968
500 4011 19 5970
501 4011 13 5976
502 4010 13 5977
503 4010 10 5980
504 4010 9 5981
505 4010 9 5981
506 4008 10 5982
507 4008 8 5984
508 4007 6 5987
509 4006 6 5988
510 4005 5 5990
511 4001 9 5990
512 3999 10 5991
513 3996 11 5993
514 3994 11 5995
515 3992 11 5997
516 3991 10 5999
517 3990 9 6001
518 3990 8 6002
519 3989 8 6003
520 3989 8 6003
521 3988 8 6004
522 3987 6 6007
523 3985 8 6007
524 3983 7 6010
525 3978 10 6012
526 3975 10 6015
527 3971 10 6019
528 3967 12 6021
529 3962 17 6021
530 3958 17 6025
531 3955 20 6025
532 3952 19 6029
533 3947 22 6031
534 3946 22 6032
535 3942 22 6036
536 3937 25 6038
537 3931 29 6040
538 3927 29 6044
539 3921 32 6047
540 3914 37 6049
541 3903 38 6059
542 3894 40 6066
543 3884 42 6074
544 3876 46 6078
545 3869 50 6081
546 3860 50 6090
547 3851 48 6101
548 3839 54 6107
549 3822 62 6116
550 3814 64 6122
551 3806 61 6133
552 3790 67 6143
553 3782 65 6153
554 3772 66 6162
555 3761 63 6176
556 3754 62 6184
557 3745 64 6191
558 3732 66 6202
559 3727 61 6212
560 3715 62 6223
561 3705 55 6240
562 3693 58 6249
563 3682 55 6263
564 3674 50 6276
565 3659 56 6285
566 3644 56 6300
567 3631 56 6313
568 3623 53 6324
569 3615 47 6338
570 3608 47 6345
571 3602 46 6352
572 3599 39 6362
573 3596 36 6368
574 3596 30 6374
575 3594 31 6375
576 3589 33 6378
577 3585 33 6382
578 3579 38 6383
579 3571 39 6390
580 3562 43 6395
581 3552 50 6398
582 3538 51 6411
583 3533 51 6416
584 3523 52 6425
585 3516 46 6438
586 3511 45 6444
587 3508 38 6454
588 3501 39 6460
589 3497 36 6467
590 3484 44 6472
591 3479 42 6479
592 3467 50 6483
593 3457 54 6489
594 3441 62 6497
595 3418 79 6503
596 3403 81 6516
597 3391 79 6530
598 3381 74 6545
599 3370 66 6564
600 3364 62 6574
601 3352 57 6591
602 3339 59 6602
603 3330 55 6615
604 3311 64 6625
605 3300 60 6640
606 3294 53 6653
607 3285 56 6659
608 3264 67 6669
609 3256 62 6682
610 3240 64 6696
611 3232 61 6707
612 3229 58 6713
613 3211 64 6725
614 3193 77 6730
615 3171 81 6748
616 3152 87 6761
617 3141 83 6776
618 3130 77 6793
619 3118 78 6804
620 3101 83 6816
621 3088 82 6830
622 3077 76 6847
623 3066 77 6857
624 3058 72 6870
625 3047 73 6880
626 3043 64 6893
627 3035 63 6902
628 3030 56 6914
629 3026 48 6926
630 3018 50 6932
631 3006 56 6938
632 3003 52 6945
633 2993 52 6955
634 2990 50 6960
635 2986 46 6968
636 2978 42 6980
637 2969 44 6987
638 2967 40 6993
639 2962 42 6996
640 2955 39 7006
641 2946 44 7010
642 2941 41 7018
643 2935 41 7024
644 2929 34 7037
645 2925 32 7043
646 2924 26 7050
647 2919 29 7052
648 2914 30 7056
649 2910 26 7064
650 2900 35 7065
651 2891 38 7071
652 2884 41 7075
653 2876 40 7084
654 2871 42 7087
655 2861 43 7096
656 2853 48 7099
657 2840 52 7108
658 2838 46 7116
659 2836 39 7125
660 2831 36 7133
661 2830 28 7142
662 2824 28 7148
663 2819 29 7152
664 2814 28 7158
665 2809 26 7165
666 2806 23 7171
667 2803 23 7174
668 2797 23 7180
669 2795 22 7183
670 2789 25 7186
671 2786 24 7190
672 2784 23 7193
673 2780 25 7195
674 2777 20 7203
675 2776 20 7204
676 2774 20 7206
677 2773 20 7207
678 2773 17 7210
679 2772 14 7214
680 2772 12 7216
681 2771 11 7218
682 2766 12 7222
683 2762 15 7223
684 2761 12 7227
685 2759 13 7228
686 2759 10 7231
687 2757 9 7234
688 2755 10 7235
689 2750 15 7235
690 2746 15 7239
691 2742 16 7242
692 2738 16 7246
693 2731 20 7249
694 2726 17 7257
695 2718 23 7259
696 2715 21 7264
697 2709 22 7269
698 2703 25 7272
699 2697 20 7283
700 2690 24 7286
701 2681 30 7289
702 2677 29 7294
703 2667 33 7300
704 2665 32 7303
705 2661 31 7308
706 2657 30 7313
707 2652 30 7318
708 2644 35 7321
709 2642 29 7329
710 2634 33 7333
711 2627 34 7339
712 2626 32 7342
713 2625 29 7346
714 2621 27 7352
715 2620 24 7356
716 2617 22 7361
717 2614 15 7371
718 2613 13 7374
719 2613 11 7376
720 2612 8 7380
721 2611 7 7382
722 2611 7 7382
723 2611 7 7382
724 2610 7 7383
725 2610 4 7386
726 2610 4 7386
727 2610 3 7387
728 2610 3 7387
729 2609 3 7388
730 2608 4 7388
731 2606 5 7389
732 2606 3 7391
733 2606 2 7392
734 2606 1 7393
735 2606 1 7393
736 2606 1 7393
737 2606 1 7393
738 2606 1 7393
739 2606 1 7393
740 2606 0 7394
741 2606 0 7394
742 2606 0 7394
743 2606 0 7394
744 2606 0 7394
745 2606 0 7394
746 2606 0 7394
747 2606 0 7394
748 2606 0 7394
749 2606 0 7394
750 2606 0 7394
751 2606 0 7394
752 2606 0 7394
753 2606 0 7394
754 2606 0 7394
755 2606 0 7394
756 2606 0 7394
757 2606 0 7394
758 2606 0 7394
759 2606 0 7394
760 2606 0 7394
761 2606 0 7394
762 2606 0 7394
763 2606 0 7394
764 2606 0 7394
765 2606 0 7394
766 2606 0 7394
767 2606 0 7394
768 2606 0 7394
769 2606 0 7394
770 2606 0 7394
771 2606 0 7394
772 2606 0 7394
773 2606 0 7394
774 2606 0 7394
775 2606 0 7394
776 2606 0 7394
777 2606 0 7394
778 2606 0 7394
779 2606 0 7394
780 2606 0 7394
781 2606 0 7394
782 2606 0 7394
783 2606 0 7394
784 2606 0 7394
785 2606 0 7394
786 2606 0 7394
787 2606 0 7394
788 2606 0 7394
789 2606 0 7394
790 2606 0 7394
791 2606 0 7394
792 2606 0 7394
793 2606 0 7394
794 2606 0 7394
795 2606 0 7394
796 2606 0 7394
797 2606 0 7394
798 2606 0 7394
799 2606 0 7394
800 2606 0 7394
801 2606 0 7394
802 2606 0 7394
803 2606 0 7394
804 2606 0 7394
805 2606 0 7394
806 2606 0 7394
807 2606 0 7394
808 2606 0 7394
809 2606 0 7394
810 2606 0 7394
811 2606 0 7394
812 2606 0 7394
813 2606 0 7394
814 2606 0 7394
815 2606 0 7394
816 2606 0 7394
817 2606 0 7394
818 2606 0 7394
819 2606 0 7394
820 2606 0 7394
821 2606 0 7394
822 2606 0 7394
823 2606 0 7394
824 2606 0 7394
825 2606 0 7394
826 2606 0 7394
827 2606 0 7394
828 2606 0 7394
829 2606 0 7394
830 2606 0 7394
831 2606 0 7394
832 2606 0 7394
833 2606 0 7394
834 2606 0 7394
835 2606 0 7394
836 2606 0 7394
837 2606 0 7394
838 2606 0 7394
839 2606 0 7394
840 2606 0 7394
841 2606 0 7394
842 2606 0 7394
843 2606 0 7394
844 2606 0 7394
845 2606 0 7394
846 2606 0 7394
847 2606 0 7394
848 2606 0 7394
849 2606 0 7394
850 2606 0 7394
851 2606 0 7394
852 2606 0 7394
853 2606 0 7394
854 2606 0 7394
855 2606 0 7394
856 2606 0 7394
857 2606 0 7394
858 2606 0 7394
859 2606 0 7394
860 2606 0 7394
861 2606 0 7394
862 2606 0 7394
863 2606 0 7394
864 2606 0 7394
865 2606 0 7394
866 2606 0 7394
867 2606 0 7394
868 2606 0 7394
869 2606 0 7394
870 2606 0 7394
871 2606 0 7394
872 2606 0 7394
873 2606 0 7394
874 2606 0 7394
875 2606 0 7394
876 2606 0 7394
877 2606 0 7394
878 2606 0 7394
879 2606 0 7394
880 2606 0 7394
881 2606 0 7394
882 2606 0 7394
883 2606 0 7394
884 2606 0 7394
885 2606 0 7394
886 2606 0 7394
887 2606 0 7394
888 2606 0 7394
889 2606 0 7394
890 2606 0 7394
891 2606 0 7394
892 2606 0 7394
893 2606 0 7394
894 2606 0 7394
895 2606 0 7394
896 2606 0 7394
897 2606 0 7394
898 2606 0 7394
899 2606 0 7394
900 2606 0 7394
901 2606 0 7394
902 2606 0 7394
903 2606 0 7394
904 2606 0 7394
905 2606 0 7394
906 2606 0 7394
907 2606 0 7394
908 2606 0 7394
909 2606 0 7394
910 2606 0 7394
911 2606 0 7394
912 2606 0 7394
913 2606 0 7394
914 2606 0 7394
915 2606 0 7394
916 2606 0 7394
917 2606 0 7394
918 2606 0 7394
919 2606 0 7394
920 2606 0 7394
921 2606 0 7394
922 2606 0 7394
923 2606 0 7394
924 2606 0 7394
925 2606 0 7394
926 2606 0 7394
927 2606 0 7394
928 2606 0 7394
929 2606 0 7394
930 2606 0 7394
931 2606 0 7394
932 2606 0 7394
933 2606 0 7394
934 2606 0 7394
935 2606 0 7394
936 2606 0 7394
937 2606 0 7394
938 2606 0 7394
939 2606 0 7394
940 2606 0 7394
941 2606 0 7394
942 2606 0 7394
943 2606 0 7394
944 2606 0 7394
945 2606 0 7394
946 2606 0 7394
947 2606 0 7394
948 2606 0 7394
949 2606 0 7394
950 2606 0 7394
951 2606 0 7394
952 2606 0 7394
953 2606 0 7394
954 2606 0 7394
955 2606 0 7394
956 2606 0 7394
957 2606 0 7394
958 2606 0 7394
959 2606 0 7394
960 2606 0 7394
961 2606 0 7394
962 2606 0 7394
963 2606 0 7394
964 2606 0 7394
965 2606 0 7394
966 2606 0 7394
967 2606 0 7394
968 2606 0 7394
969 2606 0 7394
970 2606 0 7394
971 2606 0 7394
972 2606 0 7394
973 2606 0 7394
974 2606 0 7394
975 2606 0 7394
976 2606 0 7394
977 2606 0 7394
978 2606 0 7394
979 2606 0 7394
980 2606 0 7394
981 2606 0 7394
982 2606 0 7394
983 2606 0 7394
984 2606 0 7394
985 2606 0 7394
986 2606 0 7394
987 2606 0 7394
988 2606 0 7394
989 2606 0 7394
990 2606 0 7394
991 2606 0 7394
992 2606 0 7394
993 2606 0 7394
994 2606 0 7394
995 2606 0 7394
996 2606 0 7394
997 2606 0 7394
998 2606 0 7394
999 2606 0 7394
