0 9999 1 0
1 9997 3 0
2 9997 2 1
3 9997 1 2
4 9995 3 2
5 9994 4 2
6 9993 5 2
7 9989 9 2
8 9987 10 3
9 9985 11 4
10 9981 11 8
11 9979 11 10
12 9975 14 11
13 9970 15 15
14 9968 14 18
15 9962 15 23
16 9954 19 27
17 9952 17 31
18 9947 20 33
19 9942 22 36
20 9929 29 42
21 9917 35 48
22 9912 32 56
23 9904 32 64
24 9897 33 70
25 9884 40 76
26 9874 40 86
27 9870 41 89
28 9864 39 97
29 9855 40 105
30 9849 33 118
31 9838 37 125
32 9828 42 130
33 9823 40 137
34 9819 34 147
35 9811 38 151
36 9807 35 158
37 9803 31 166
38 9796 31 173
39 9793 27 180
40 9781 33 186
41 9778 29 193
42 9778 22 200
43 9775 24 201
44 9772 23 205
45 9765 27 208
46 9755 33 212
47 9747 35 218
48 9739 34 227
49 9734 33 233
50 9731 31 238
51 9719 36 245
52 9709 38 253
53 9697 43 260
54 9683 51 266
55 9675 49 276
56 9668 47 285
57 9662 48 290
58 9660 41 299
59 9645 49 306
60 9639 50 311
61 9626 53 321
62 9607 62 331
63 9599 58 343
64 9587 57 356
65 9579 58 363
66 9565 63 372
67 9550 67 383
68 9541 67 392
69 9531 62 407
70 9521 65 414
71 9510 67 423
72 9492 71 437
73 9482 67 451
74 9478 62 460
75 9465 65 470
76 9451 67 482
77 9436 73 491
78 9423 77 500
79 9411 75 514
80 9393 75 532
81 9376 73 551
82 9365 73 562
83 9355 71 574
84 9338 72 590
85 9326 68 606
86 9318 68 614
87 9314 60 626
88 9307 56 637
89 9302 49 649
90 9297 42 661
91 9286 47 667
92 9273 54 673
93 9268 54 678
94 9255 60 685
95 9243 59 698
96 9229 59 712
97 9212 63 725
98 9195 71 734
99 9171 78 751
100 9145 90 765
101 9123 96 781
102 9106 95 799
103 9095 90 815
104 9079 85 836
105 9060 86 854
106 9047 86 867
107 9039 78 883
108 9024 79 897
109 9015 71 914
110 9008 66 926
111 9004 61 935
112 8993 66 941
113 8985 64 951
114 8970 70 960
115 8956 71 973
116 8940 73 987
117 8926 75 999
118 8916 76 1008
119 8907 68 1025
120 8896 66 1038
121 8890 65 1045
122 8879 64 1057
123 8867 63 1070
124 8861 57 1082
125 8854 53 1093
126 8845 53 1102
127 8834 53 1113
128 8822 56 1122
129 8803 69 1128
130 8786 71 1143
131 8768 73 1159
132 8746 81 1173
133 8732 77 1191
134 8715 75 1210
135 8701 79 1220
136 8687 80 1233
137 8674 80 1246
138 8655 83 1262
139 8645 79 1276
140 8632 83 1285
141 8623 77 1300
142 8612 75 1313
143 8595 84 1321
144 8579 90 1331
145 8562 95 1343
146 8543 104 1353
147 8516 112 1372
148 8498 105 1397
149 8484 94 1422
150 8474 93 1433
151 8461 95 1444
152 8450 88 1462
153 8435 91 1474
154 8429 86 1485
155 8410 93 1497
156 8393 96 1511
157 8381 93 1526
158 8370 89 1541
159 8359 81 1560
160 8346 83 1571
161 8331 82 1587
162 8317 82 1601
163 8309 78 1613
164 8296 76 1628
165 8275 91 1634
166 8261 92 1647
167 8246 90 1664
168 8236 91 1673
169 8224 89 1687
170 8208 89 1703
171 8193 86 1721
172 8184 84 1732
173 8156 93 1751
174 8137 103 1760
175 8123 101 1776
176 8111 94 1795
177 8095 96 1809
178 8083 86 1831
179 8072 80 1848
180 8057 80 1863
181 8047 69 1884
182 8041 62 1897
183 8025 70 1905
184 8010 71 1919
185 7996 72 1932
186 7985 70 1945
187 7971 71 1958
188 7958 69 1973
189 7948 74 1978
190 7934 74 1992
191 7926 73 2001
192 7914 72 2014
193 7900 75 2025
194 7878 86 2036
195 7863 93 2044
196 7844 101 2055
197 7833 95 2072
198 7815 101 2084
199 7799 99 2102
200 7784 95 2121
201 7766 98 2136
202 7752 93 2155
203 7741 87 2172
204 7726 88 2186
205 7711 84 2205
206 7690 95 2215
207 7675 88 2237
208 7662 82 2256
209 7646 90 2264
210 7633 88 2279
211 7618 82 2300
212 7600 86 2314
213 7585 85 2330
214 7569 86 2345
215 7548 93 2359
216 7531 98 2371
217 7517 92 2391
218 7501 98 2401
219 7482 101 2417
220 7466 103 2431
221 7451 93 2456
222 7440 89 2471
223 7419 100 2481
224 7401 104 2495
225 7382 106 2512
226 7362 116 2522
227 7345 116 2539
228 7326 113 2561
229 7297 119 2584
230 7278 116 2606
231 7259 119 2622
232 7243 109 2648
233 7222 115 2663
234 7200 119 2681
235 7176 121 2703
236 7156 117 2727
237 7134 115 2751
238 7118 112 2770
239 7103 103 2794
240 7080 109 2811
241 7057 116 2827
242 7039 115 2846
243 7026 107 2867
244 7013 93 2894
245 6997 94 2909
246 6981 92 2927
247 6953 107 2940
248 6935 108 2957
249 6912 112 2976
250 6882 125 2993
251 6858 127 3015
252 6834 130 3036
253 6812 132 3056
254 6794 124 3082
255 6776 122 3102
256 6754 123 3123
257 6734 123 3143
258 6710 129 3161
259 6675 140 3185
260 6650 136 3214
261 6624 133 3243
262 6604 127 3269
263 6570 134 3296
264 6545 141 3314
265 6520 131 3349
266 6494 133 3373
267 6471 136 3393
268 6452 132 3416
269 6429 131 3440
270 6397 136 3467
271 6356 157 3487
272 6334 155 3511
273 6304 154 3542
274 6266 167 3567
275 6233 171 3596
276 6206 166 3628
277 6174 168 3658
278 6149 163 3688
279 6126 153 3721
280 6095 161 3744
281 6066 160 3774
282 6023 179 3798
283 5985 183 3832
284 5952 185 3863
285 5915 189 3896
286 5881 198 3921
287 5837 207 3956
288 5809 197 3994
289 5767 199 4034
290 5737 198 4065
291 5703 185 4112
292 5674 184 4142
293 5648 179 4173
294 5620 173 4207
295 5587 174 4239
296 5567 153 4280
297 5543 149 4308
298 5513 158 4329
299 5487 152 4361
300 5470 140 4390
301 5450 134 4416
302 5427 130 4443
303 5408 126 4466
304 5383 126 4491
305 5360 125 4515
306 5328 132 4540
307 5305 132 4563
308 5269 144 4587
309 5239 144 4617
310 5212 136 4652
311 5199 122 4679
312 5177 129 4694
313 5156 122 4722
314 5135 128 4737
315 5121 119 4760
316 5100 124 4776
317 5072 130 4798
318 5047 135 4818
319 5027 132 4841
320 4997 136 4867
321 4976 141 4883
322 4949 145 4906
323 4924 144 4932
324 4894 145 4961
325 4859 148 4993
326 4831 149 5020
327 4800 162 5038
328 4779 157 5064
329 4746 159 5095
330 4723 159 5118
331 4694 161 5145
332 4660 167 5173
333 4624 176 5200
334 4590 170 5240
335 4550 180 5270
336 4508 181 5311
337 4473 185 5342
338 4449 184 5367
339 4416 182 5402
340 4373 192 5435
341 4346 186 5468
342 4317 188 5495
343 4283 190 5527
344 4235 203 5562
345 4206 202 5592
346 4169 208 5623
347 4138 200 5662
348 4108 198 5694
349 4082 196 5722
350 4045 198 5757
351 4020 189 5791
352 4000 175 5825
353 3974 165 5861
354 3943 166 5891
355 3908 165 5927
356 3887 155 5958
357 3868 146 5986
358 3850 142 6008
359 3833 141 6026
360 3814 134 6052
361 3793 129 6078
362 3763 135 6102
363 3740 126 6134
364 3708 135 6157
365 3695 122 6183
366 3671 123 6206
367 3650 122 6228
368 3633 111 6256
369 3612 116 6272
370 3589 117 6294
371 3576 105 6319
372 3553 112 6335
373 3535 108 6357
374 3510 114 6376
375 3495 108 6397
376 3475 103 6422
377 3460 96 6444
378 3448 97 6455
379 3432 98 6470
380 3413 106 6481
381 3393 107 6500
382 3374 115 6511
383 3360 105 6535
384 3352 91 6557
385 3333 92 6575
386 3318 92 6590
387 3309 88 6603
388 3298 84 6618
389 3272 100 6628
390 3256 103 6641
391 3241 96 6663
392 3234 84 6682
393 3220 85 6695
394 3204 87 6709
395 3191 85 6724
396 3170 94 6736
397 3148 97 6755
398 3132 84 6784
399 3115 83 6802
400 3099 87 6814
401 3079 93 6828
402 3067 90 6843
403 3050 91 6859
404 3040 89 6871
405 3034 80 6886
406 3024 72 6904
407 3019 63 6918
408 3015 58 6927
409 3001 66 6933
410 2995 63 6942
411 2985 60 6955
412 2971 63 6966
413 2962 64 6974
414 2954 66 6980
415 2943 71 6986
416 2934 72 6994
417 2928 64 7008
418 2923 61 7016
419 2914 55 7031
420 2904 55 7041
421 2890 57 7053
422 2879 58 7063
423 2867 58 7075
424 2847 71 7082
425 2831 77 7092
426 2823 68 7109
427 2805 76 7119
428 2792 71 7137
429 2775 71 7154
430 2757 83 7160
431 2734 90 7176
432 2715 92 7193
433 2696 90 7214
434 2682 92 7226
435 2671 92 7237
436 2655 87 7258
437 2635 93 7272
438 2612 103 7285
439 2596 98 7306
440 2578 94 7328
441 2564 89 7347
442 2554 86 7360
443 2538 92 7370
444 2518 99 7383
445 2498 103 7399
446 2485 98 7417
447 2466 102 7432
448 2449 106 7445
449 2433 110 7457
450 2415 113 7472
451 2408 103 7489
452 2394 91 7515
453 2380 93 7527
454 2375 86 7539
455 2364 82 7554
456 2356 78 7566
457 2347 77 7576
458 2334 80 7586
459 2327 67 7606
460 2321 62 7617
461 2308 66 7626
462 2299 62 7639
463 2287 59 7654
464 2279 57 7664
465 2275 51 7674
466 2265 48 7687
467 2260 47 7693
468 2253 47 7700
469 2244 49 7707
470 2239 42 7719
471 2232 37 7731
472 2228 34 7738
473 2227 33 7740
474 2221 32 7747
475 2220 28 7752
476 2215 28 7757
477 2208 33 7759
478 2201 33 7766
479 2197 31 7772
480 2196 27 7777
481 2195 24 7781
482 2192 20 7788
483 2191 18 7791
484 2190 17 7793
485 2190 14 7796
486 2190 9 7801
487 2190 9 7801
488 2189 9 7802
489 2187 9 7804
490 2185 9 7806
491 2182 11 7807
492 2182 9 7809
493 2179 10 7811
494 2177 10 7813
495 2176 8 7816
496 2176 6 7818
497 2176 5 7819
498 2176 5 7819
499 2175 4 7821
500 2175 3 7822
501 2175 2 7823
502 2175 2 7823
503 2175 1 7824
504 2175 1 7824
505 2175 1 7824
506 2175 1 7824
507 2175 1 7824
508 2175 1 7824
509 2175 1 7824
510 2175 1 7824
511 2175 1 7824
512 2175 1 7824
513 2175 1 7824
514 2175 1 7824
515 2175 1 7824
516 2175 1 7824
517 2175 1 7824
518 2175 1 7824
519 2175 1 7824
520 2175 0 7825
521 2175 0 7825
522 2175 0 7825
523 2175 0 7825
524 2175 0 7825
525 2175 0 7825
526 2175 0 7825
527 2175 0 7825
528 2175 0 7825
529 2175 0 7825
530 2175 0 7825
531 2175 0 7825
532 2175 0 7825
533 2175 0 7825
534 2175 0 7825
535 2175 0 7825
536 2175 0 7825
537 2175 0 7825
538 2175 0 7825
539 2175 0 7825
540 2175 0 7825
541 2175 0 7825
542 2175 0 7825
543 2175 0 7825
544 2175 0 7825
545 2175 0 7825
546 2175 0 7825
547 2175 0 7825
548 2175 0 7825
549 2175 0 7825
550 2175 0 7825
551 2175 0 7825
552 2175 0 7825
553 2175 0 7825
554 2175 0 7825
555 2175 0 7825
556 2175 0 7825
557 2175 0 7825
558 2175 0 7825
559 2175 0 7825
560 2175 0 7825
561 2175 0 7825
562 2175 0 7825
563 2175 0 7825
564 2175 0 7825
565 2175 0 7825
566 2175 0 7825
567 2175 0 7825
568 2175 0 7825
569 2175 0 7825
570 2175 0 7825
571 2175 0 7825
572 2175 0 7825
573 2175 0 7825
574 2175 0 7825
575 2175 0 7825
576 2175 0 7825
577 2175 0 7825
578 2175 0 7825
579 2175 0 7825
580 2175 0 7825
581 2175 0 7825
582 2175 0 7825
583 2175 0 7825
584 2175 0 7825
585 2175 0 7825
586 2175 0 7825
587 2175 0 7825
588 2175 0 7825
589 2175 0 7825
590 2175 0 7825
591 2175 0 7825
592 2175 0 7825
593 2175 0 7825
594 2175 0 7825
595 2175 0 7825
596 2175 0 7825
597 2175 0 7825
598 2175 0 7825
599 2175 0 7825
600 2175 0 7825
601 2175 0 7825
602 2175 0 7825
603 2175 0 7825
604 2175 0 7825
605 2175 0 7825
606 2175 0 7825
607 2175 0 7825
608 2175 0 7825
609 2175 0 7825
610 2175 0 7825
611 2175 0 7825
612 2175 0 7825
613 2175 0 7825
614 2175 0 7825
615 2175 0 7825
616 2175 0 7825
617 2175 0 7825
618 2175 0 7825
619 2175 0 7825
620 2175 0 7825
621 2175 0 7825
622 2175 0 7825
623 2175 0 7825
624 2175 0 7825
625 2175 0 7825
626 2175 0 7825
627 2175 0 7825
628 2175 0 7825
629 2175 0 7825
630 2175 0 7825
631 2175 0 7825
632 2175 0 7825
633 2175 0 7825
634 2175 0 7825
635 2175 0 7825
636 2175 0 7825
637 2175 0 7825
638 2175 0 7825
639 2175 0 7825
640 2175 0 7825
641 2175 0 7825
642 2175 0 7825
643 2175 0 7825
644 2175 0 7825
645 2175 0 7825
646 2175 0 7825
647 2175 0 7825
648 2175 0 7825
649 2175 0 7825
650 2175 0 7825
651 2175 0 7825
652 2175 0 7825
653 2175 0 7825
654 2175 0 7825
655 2175 0 7825
656 2175 0 7825
657 2175 0 7825
658 2175 0 7825
659 2175 0 7825
660 2175 0 7825
661 2175 0 7825
662 2175 0 7825
663 2175 0 7825
664 2175 0 7825
665 2175 0 7825
666 2175 0 7825
667 2175 0 7825
668 2175 0 7825
669 2175 0 7825
670 2175 0 7825
671 2175 0 7825
672 2175 0 7825
673 2175 0 7825
674 2175 0 7825
675 2175 0 7825
676 2175 0 7825
677 2175 0 7825
678 2175 0 7825
679 2175 0 7825
680 2175 0 7825
681 2175 0 7825
682 2175 0 7825
683 2175 0 7825
684 2175 0 7825
685 2175 0 7825
686 2175 0 7825
687 2175 0 7825
688 2175 0 7825
689 2175 0 7825
690 2175 0 7825
691 2175 0 7825
692 2175 0 7825
693 2175 0 7825
694 2175 0 7825
695 2175 0 7825
696 2175 0 7825
697 2175 0 7825
698 2175 0 7825
699 2175 0 7825
700 2175 0 7825
701 2175 0 7825
702 2175 0 7825
703 2175 0 7825
704 2175 0 7825
705 2175 0 7825
706 2175 0 7825
707 2175 0 7825
708 2175 0 7825
709 2175 0 7825
710 2175 0 7825
711 2175 0 7825
712 2175 0 7825
713 2175 0 7825
714 2175 0 7825
715 2175 0 7825
716 2175 0 7825
717 2175 0 7825
718 2175 0 7825
719 2175 0 7825
720 2175 0 7825
721 2175 0 7825
722 2175 0 7825
723 2175 0 7825
724 2175 0 7825
725 2175 0 7825
726 2175 0 7825
727 2175 0 7825
728 2175 0 7825
729 2175 0 7825
730 2175 0 7825
731 2175 0 7825
732 2175 0 7825
733 2175 0 7825
734 2175 0 7825
735 2175 0 7825
736 2175 0 7825
737 2175 0 7825
738 2175 0 7825
739 2175 0 7825
740 2175 0 7825
741 2175 0 7825
742 2175 0 7825
743 2175 0 7825
744 2175 0 7825
745 2175 0 7825
746 2175 0 7825
747 2175 0 7825
748 2175 0 7825
749 2175 0 7825
750 2175 0 7825
751 2175 0 7825
752 2175 0 7825
753 2175 0 7825
754 2175 0 7825
755 2175 0 7825
756 2175 0 7825
757 2175 0 7825
758 2175 0 7825
759 2175 0 7825
760 2175 0 7825
761 2175 0 7825
762 2175 0 7825
763 2175 0 7825
764 2175 0 7825
765 2175 0 7825
766 2175 0 7825
767 2175 0 7825
768 2175 0 7825
769 2175 0 7825
770 2175 0 7825
771 2175 0 7825
772 2175 0 7825
773 2175 0 7825
774 2175 0 7825
775 2175 0 7825
776 2175 0 7825
777 2175 0 7825
778 2175 0 7825
779 2175 0 7825
780 2175 0 7825
781 2175 0 7825
782 2175 0 7825
783 2175 0 7825
784 2175 0 7825
785 2175 0 7825
786 2175 0 7825
787 2175 0 7825
788 2175 0 7825
789 2175 0 7825
790 2175 0 7825
791 2175 0 7825
792 2175 0 7825
793 2175 0 7825
794 2175 0 7825
795 2175 0 7825
796 2175 0 7825
797 2175 0 7825
798 2175 0 7825
799 2175 0 7825
800 2175 0 7825
801 2175 0 7825
802 2175 0 7825
803 2175 0 7825
804 2175 0 7825
805 2175 0 7825
806 2175 0 7825
807 2175 0 7825
808 2175 0 7825
809 2175 0 7825
810 2175 0 7825
811 2175 0 7825
812 2175 0 7825
813 2175 0 7825
814 2175 0 7825
815 2175 0 7825
816 2175 0 7825
817 2175 0 7825
818 2175 0 7825
819 2175 0 7825
820 2175 0 7825
821 2175 0 7825
822 2175 0 7825
823 2175 0 7825
824 2175 0 7825
825 2175 0 7825
826 2175 0 7825
827 2175 0 7825
828 2175 0 7825
829 2175 0 7825
830 2175 0 7825
831 2175 0 7825
832 2175 0 7825
833 2175 0 7825
834 2175 0 7825
835 2175 0 7825
836 2175 0 7825
837 2175 0 7825
838 2175 0 7825
839 2175 0 7825
840 2175 0 7825
841 2175 0 7825
842 2175 0 7825
843 2175 0 7825
844 2175 0 7825
845 2175 0 7825
846 2175 0 7825
847 2175 0 7825
848 2175 0 7825
849 2175 0 7825
850 2175 0 7825
851 2175 0 7825
852 2175 0 7825
853 2175 0 7825
854 2175 0 7825
855 2175 0 7825
856 2175 0 7825
857 2175 0 7825
858 2175 0 7825
859 2175 0 7825
860 2175 0 7825
861 2175 0 7825
862 2175 0 7825
863 2175 0 7825
864 2175 0 7825
865 2175 0 7825
866 2175 0 7825
867 2175 0 7825
868 2175 0 7825
869 2175 0 7825
870 2175 0 7825
871 2175 0 7825
872 2175 0 7825
873 2175 0 7825
874 2175 0 7825
875 2175 0 7825
876 2175 0 7825
877 2175 0 7825
878 2175 0 7825
879 2175 0 7825
880 2175 0 7825
881 2175 0 7825
882 2175 0 7825
883 2175 0 7825
884 2175 0 7825
885 2175 0 7825
886 2175 0 7825
887 2175 0 7825
888 2175 0 7825
889 2175 0 7825
890 2175 0 7825
891 2175 0 7825
892 2175 0 7825
893 2175 0 7825
894 2175 0 7825
895 2175 0 7825
896 2175 0 7825
897 2175 0 7825
898 2175 0 7825
899 2175 0 7825
900 2175 0 7825
901 2175 0 7825
902 2175 0 7825
903 2175 0 7825
904 2175 0 7825
905 2175 0 7825
906 2175 0 7825
907 2175 0 7825
908 2175 0 7825
909 2175 0 7825
910 2175 0 7825
911 2175 0 7825
912 2175 0 7825
913 2175 0 7825
914 2175 0 7825
915 2175 0 7825
916 2175 0 7825
917 2175 0 7825
918 2175 0 7825
919 2175 0 7825
920 2175 0 7825
921 2175 0 7825
922 2175 0 7825
923 2175 0 7825
924 2175 0 7825
925 2175 0 7825
926 2175 0 7825
927 2175 0 7825
928 2175 0 7825
929 2175 0 7825
930 2175 0 7825
931 2175 0 7825
932 2175 0 7825
933 2175 0 7825
934 2175 0 7825
935 2175 0 7825
936 2175 0 7825
937 2175 0 7825
938 2175 0 7825
939 2175 0 7825
940 2175 0 7825
941 2175 0 7825
942 2175 0 7825
943 2175 0 7825
944 2175 0 7825
945 2175 0 7825
946 2175 0 7825
947 2175 0 7825
948 2175 0 7825
949 2175 0 7825
950 2175 0 7825
951 2175 0 7825
952 2175 0 7825
953 2175 0 7825
954 2175 0 7825
955 2175 0 7825
956 2175 0 7825
957 2175 0 7825
958 2175 0 7825
959 2175 0 7825
960 2175 0 7825
961 2175 0 7825
962 2175 0 7825
963 2175 0 7825
964 2175 0 7825
965 2175 0 7825
966 2175 0 7825
967 2175 0 7825
968 2175 0 7825
969 2175 0 7825
970 2175 0 7825
971 2175 0 7825
972 2175 0 7825
973 2175 0 7825
974 2175 0 7825
975 2175 0 7825
976 2175 0 7825
977 2175 0 7825
978 2175 0 7825
979 2175 0 7825
980 2175 0 7825
981 2175 0 7825
982 2175 0 7825
983 2175 0 7825
984 2175 0 7825
985 2175 0 7825
986 2175 0 7825
987 2175 0 7825
988 2175 0 7825
989 2175 0 7825
990 2175 0 7825
991 2175 0 7825
992 2175 0 7825
993 2175 0 7825
994 2175 0 7825
995 2175 0 7825
996 2175 0 7825
997 2175 0 7825
998 2175 0 7825
999 2175 0 7825
