0 9999 1 0
1 9997 3 0
2 9996 4 0
3 9993 6 1
4 9992 7 1
5 9988 9 3
6 9987 10 3
7 9986 10 4
8 9982 12 6
9 9975 17 8
10 9973 18 9
11 9968 18 14
12 9964 21 15
13 9962 20 18
14 9959 21 20
15 9956 20 24
16 9950 24 26
17 9941 26 33
18 9932 32 36
19 9923 28 49
20 9913 35 52
21 9911 31 58
22 9903 28 69
23 9897 27 76
24 9890 28 82
25 9879 35 86
26 9870 39 91
27 9860 44 96
28 9851 43 106
29 9846 37 117
30 9839 38 123
31 9828 43 129
32 9826 40 134
33 9812 48 140
34 9799 50 151
35 9788 55 157
36 9778 55 167
37 9767 59 174
38 9763 51 186
39 9754 54 192
40 9747 50 203
41 9738 58 204
42 9719 69 212
43 9708 64 228
44 9693 70 237
45 9685 65 250
46 9680 61 259
47 9662 70 268
48 9652 64 284
49 9646 60 294
50 9638 55 307
51 9629 48 323
52 9624 43 333
53 9618 43 339
54 9612 42 346
55 9603 41 356
56 9598 33 369
57 9589 34 377
58 9585 26 389
59 9582 23 395
60 9580 22 398
61 9580 20 400
62 9579 16 405
63 9578 15 407
64 9575 13 412
65 9572 14 414
66 9570 13 417
67 9568 15 417
68 9561 20 419
69 9558 20 422
70 9554 20 426
71 9549 23 428
72 9546 26 428
73 9541 26 433
74 9531 32 437
75 9523 31 446
76 9517 29 454
77 9515 27 458
78 9509 27 464
79 9504 26 470
80 9503 24 473
81 9497 26 477
82 9495 24 481
83 9492 21 487
84 9485 26 489
85 9479 29 492
86 9475 28 497
87 9470 30 500
88 9466 29 505
89 9461 30 509
90 9455 30 515
91 9450 31 519
92 9445 32 523
93 9436 35 529
94 9429 35 536
95 9419 43 538
96 9413 46 541
97 9409 43 548
98 9402 33 565
99 9394 36 570
100 9384 40 576
101 9380 35 585
102 9376 30 594
103 9373 30 597
104 9368 28 604
105 9357 31 612
106 9354 28 618
107 9347 33 620
108 9342 28 630
109 9334 32 634
110 9328 32 640
111 9320 37 643
112 9312 35 653
113 9305 38 657
114 9292 47 661
115 9289 44 667
116 9275 53 672
117 9258 63 679
118 9243 68 689
119 9219 81 700
120 9203 83 714
121 9185 84 731
122 9173 82 745
123 9168 74 758
124 9162 63 775
125 9149 67 784
126 9137 68 795
127 9135 58 807
128 9119 68 813
129 9102 78 820
130 9087 77 836
131 9080 73 847
132 9073 65 862
133 9059 70 871
134 9055 58 887
135 9050 50 900
136 9044 52 904
137 9034 53 913
138 9028 49 923
139 9021 48 931
140 9011 50 939
141 9003 47 950
142 8993 50 957
143 8978 56 966
144 8966 59 975
145 8958 57 985
146 8950 56 994
147 8940 54 1006
148 8928 59 1013
149 8920 56 1024
150 8911 55 1034
151 8905 52 1043
152 8900 52 1048
153 8884 58 1058
154 8873 59 1068
155 8861 67 1072
156 8848 65 1087
157 8838 61 1101
158 8829 61 1110
159 8814 64 1122
160 8807 60 1133
161 8805 51 1144
162 8796 50 1154
163 8785 54 1161
164 8772 59 1169
165 8764 52 1184
166 8754 54 1192
167 8742 54 1204
168 8729 53 1218
169 8717 60 1223
170 8705 58 1237
171 8694 60 1246
172 8683 67 1250
173 8668 65 1267
174 8660 57 1283
175 8645 63 1292
176 8634 67 1299
177 8623 65 1312
178 8612 67 1321
179 8598 71 1331
180 8581 73 1346
181 8561 81 1358
182 8543 85 1372
183 8524 88 1388
184 8510 82 1408
185 8497 80 1423
186 8486 79 1435
187 8472 79 1449
188 8466 64 1470
189 8455 62 1483
190 8445 60 1495
191 8433 54 1513
192 8423 50 1527
193 8415 51 1534
194 8403 53 1544
195 8397 47 1556
196 8392 45 1563
197 8383 51 1566
198 8375 51 1574
199 8367 52 1581
200 8360 48 1592
201 8342 57 1601
202 8326 64 1610
203 8312 70 1618
204 8296 73 1631
205 8286 68 1646
206 8276 66 1658
207 8264 62 1674
208 8258 58 1684
209 8245 58 1697
210 8234 59 1707
211 8220 60 1720
212 8210 61 1729
213 8200 68 1732
214 8185 78 1737
215 8169 79 1752
216 8163 71 1766
217 8143 82 1775
218 8133 78 1789
219 8119 79 1802
220 8111 73 1816
221 8096 76 1828
222 8093 65 1842
223 8083 63 1854
224 8075 62 1863
225 8065 63 1872
226 8058 59 1883
227 8048 54 1898
228 8040 54 1906
229 8030 53 1917
230 8017 58 1925
231 8012 53 1935
232 8004 52 1944
233 7997 54 1949
234 7988 55 1957
235 7982 52 1966
236 7964 58 1978
237 7956 58 1986
238 7947 59 1994
239 7940 57 2003
240 7936 50 2014
241 7928 50 2022
242 7923 39 2038
243 7921 30 2049
244 7920 23 2057
245 7920 21 2059
246 7917 21 2062
247 7914 18 2068
248 7909 18 2073
249 7906 17 2077
250 7901 18 2081
251 7898 17 2085
252 7894 19 2087
253 7892 16 2092
254 7890 16 2094
255 7884 21 2095
256 7883 16 2101
257 7880 14 2106
258 7877 17 2106
259 7872 20 2108
260 7869 19 2112
261 7868 14 2118
262 7866 12 2122
263 7864 11 2125
264 7862 11 2127
265 7861 10 2129
266 7860 10 2130
267 7852 18 2130
268 7846 23 2131
269 7845 20 2135
270 7845 17 2138
271 7844 16 2140
272 7841 17 2142
273 7835 21 2144
274 7827 24 2149
275 7825 22 2153
276 7821 23 2156
277 7816 25 2159
278 7814 27 2159
279 7812 26 2162
280 7811 23 2166
281 7810 22 2168
282 7807 19 2174
283 7805 16 2179
284 7797 22 2181
285 7788 24 2188
286 7783 23 2194
287 7781 23 2196
288 7780 19 2201
289 7775 21 2204
290 7775 20 2205
291 7773 18 2209
292 7771 17 2212
293 7768 16 2216
294 7768 14 2218
295 7766 15 2219
296 7765 15 2220
297 7764 12 2224
298 7764 12 2224
299 7761 14 2225
300 7760 10 2230
301 7757 11 2232
302 7754 11 2235
303 7752 13 2235
304 7748 13 2239
305 7746 13 2241
306 7746 13 2241
307 7745 12 2243
308 7743 13 2244
309 7739 12 2249
310 7739 10 2251
311 7736 12 2252
312 7732 16 2252
313 7729 15 2256
314 7725 17 2258
315 7721 18 2261
316 7716 17 2267
317 7711 17 2272
318 7704 20 2276
319 7698 21 2281
320 7690 21 2289
321 7689 17 2294
322 7688 16 2296
323 7682 17 2301
324 7676 17 2307
325 7672 16 2312
326 7671 13 2316
327 7664 17 2319
328 7662 16 2322
329 7657 19 2324
330 7648 25 2327
331 7643 23 2334
332 7638 26 2336
333 7637 25 2338
334 7636 22 2342
335 7632 21 2347
336 7629 21 2350
337 7619 27 2354
338 7612 29 2359
339 7602 39 2359
340 7593 39 2368
341 7584 43 2373
342 7578 40 2382
343 7570 38 2392
344 7560 44 2396
345 7552 44 2404
346 7545 43 2412
347 7533 50 2417
348 7524 49 2427
349 7517 45 2438
350 7506 45 2449
351 7502 38 2460
352 7497 38 2465
353 7494 37 2469
354 7488 37 2475
355 7480 41 2479
356 7470 46 2484
357 7461 46 2493
358 7451 50 2499
359 7435 59 2506
360 7421 65 2514
361 7406 72 2522
362 7398 62 2540
363 7386 68 2546
364 7379 64 2557
365 7364 65 2571
366 7352 66 2582
367 7345 61 2594
368 7335 59 2606
369 7325 65 2610
370 7315 66 2619
371 7305 67 2628
372 7299 62 2639
373 7287 62 2651
374 7277 56 2667
375 7270 50 2680
376 7261 50 2689
377 7253 46 2701
378 7243 49 2708
379 7236 47 2717
380 7230 48 2722
381 7222 45 2733
382 7218 43 2739
383 7206 50 2744
384 7203 42 2755
385 7196 42 2762
386 7191 42 2767
387 7186 43 2771
388 7178 41 2781
389 7169 41 2790
390 7166 35 2799
391 7162 30 2808
392 7159 29 2812
393 7157 28 2815
394 7156 23 2821
395 7152 23 2825
396 7148 25 2827
397 7141 29 2830
398 7140 23 2837
399 7140 19 2841
400 7139 14 2847
401 7138 11 2851
402 7137 8 2855
403 7136 8 2856
404 7136 7 2857
405 7136 6 2858
406 7134 8 2858
407 7134 6 2860
408 7133 5 2862
409 7133 3 2864
410 7132 3 2865
411 7130 5 2865
412 7130 5 2865
413 7130 4 2866
414 7130 3 2867
415 7130 1 2869
416 7130 1 2869
417 7130 1 2869
418 7130 1 2869
419 7130 1 2869
420 7130 0 2870
421 7130 0 2870
422 7130 0 2870
423 7130 0 2870
424 7130 0 2870
425 7130 0 2870
426 7130 0 2870
427 7130 0 2870
428 7130 0 2870
429 7130 0 2870
430 7130 0 2870
431 7130 0 2870
432 7130 0 2870
433 7130 0 2870
434 7130 0 2870
435 7130 0 2870
436 7130 0 2870
437 7130 0 2870
438 7130 0 2870
439 7130 0 2870
440 7130 0 2870
441 7130 0 2870
442 7130 0 2870
443 7130 0 2870
444 7130 0 2870
445 7130 0 2870
446 7130 0 2870
447 7130 0 2870
448 7130 0 2870
449 7130 0 2870
450 7130 0 2870
451 7130 0 2870
452 7130 0 2870
453 7130 0 2870
454 7130 0 2870
455 7130 0 2870
456 7130 0 2870
457 7130 0 2870
458 7130 0 2870
459 7130 0 2870
460 7130 0 2870
461 7130 0 2870
462 7130 0 2870
463 7130 0 2870
464 7130 0 2870
465 7130 0 2870
466 7130 0 2870
467 7130 0 2870
468 7130 0 2870
469 7130 0 2870
470 7130 0 2870
471 7130 0 2870
472 7130 0 2870
473 7130 0 2870
474 7130 0 2870
475 7130 0 2870
476 7130 0 2870
477 7130 0 2870
478 7130 0 2870
479 7130 0 2870
480 7130 0 2870
481 7130 0 2870
482 7130 0 2870
483 7130 0 2870
484 7130 0 2870
485 7130 0 2870
486 7130 0 2870
487 7130 0 2870
488 7130 0 2870
489 7130 0 2870
490 7130 0 2870
491 7130 0 2870
492 7130 0 2870
493 7130 0 2870
494 7130 0 2870
495 7130 0 2870
496 7130 0 2870
497 7130 0 2870
498 7130 0 2870
499 7130 0 2870
500 7130 0 2870
501 7130 0 2870
502 7130 0 2870
503 7130 0 2870
504 7130 0 2870
505 7130 0 2870
506 7130 0 2870
507 7130 0 2870
508 7130 0 2870
509 7130 0 2870
510 7130 0 2870
511 7130 0 2870
512 7130 0 2870
513 7130 0 2870
514 7130 0 2870
515 7130 0 2870
516 7130 0 2870
517 7130 0 2870
518 7130 0 2870
519 7130 0 2870
520 7130 0 2870
521 7130 0 2870
522 7130 0 2870
523 7130 0 2870
524 7130 0 2870
525 7130 0 2870
526 7130 0 2870
527 7130 0 2870
528 7130 0 2870
529 7130 0 2870
530 7130 0 2870
531 7130 0 2870
532 7130 0 2870
533 7130 0 2870
534 7130 0 2870
535 7130 0 2870
536 7130 0 2870
537 7130 0 2870
538 7130 0 2870
539 7130 0 2870
540 7130 0 2870
541 7130 0 2870
542 7130 0 2870
543 7130 0 2870
544 7130 0 2870
545 7130 0 2870
546 7130 0 2870
547 7130 0 2870
548 7130 0 2870
549 7130 0 2870
550 7130 0 2870
551 7130 0 2870
552 7130 0 2870
553 7130 0 2870
554 7130 0 2870
555 7130 0 2870
556 7130 0 2870
557 7130 0 2870
558 7130 0 2870
559 7130 0 2870
560 7130 0 2870
561 7130 0 2870
562 7130 0 2870
563 7130 0 2870
564 7130 0 2870
565 7130 0 2870
566 7130 0 2870
567 7130 0 2870
568 7130 0 2870
569 7130 0 2870
570 7130 0 2870
571 7130 0 2870
572 7130 0 2870
573 7130 0 2870
574 7130 0 2870
575 7130 0 2870
576 7130 0 2870
577 7130 0 2870
578 7130 0 2870
579 7130 0 2870
580 7130 0 2870
581 7130 0 2870
582 7130 0 2870
583 7130 0 2870
584 7130 0 2870
585 7130 0 2870
586 7130 0 2870
587 7130 0 2870
588 7130 0 2870
589 7130 0 2870
590 7130 0 2870
591 7130 0 2870
592 7130 0 2870
593 7130 0 2870
594 7130 0 2870
595 7130 0 2870
596 7130 0 2870
597 7130 0 2870
598 7130 0 2870
599 7130 0 2870
600 7130 0 2870
601 7130 0 2870
602 7130 0 2870
603 7130 0 2870
604 7130 0 2870
605 7130 0 2870
606 7130 0 2870
607 7130 0 2870
608 7130 0 2870
609 7130 0 2870
610 7130 0 2870
611 7130 0 2870
612 7130 0 2870
613 7130 0 2870
614 7130 0 2870
615 7130 0 2870
616 7130 0 2870
617 7130 0 2870
618 7130 0 2870
619 7130 0 2870
620 7130 0 2870
621 7130 0 2870
622 7130 0 2870
623 7130 0 2870
624 7130 0 2870
625 7130 0 2870
626 7130 0 2870
627 7130 0 2870
628 7130 0 2870
629 7130 0 2870
630 7130 0 2870
631 7130 0 2870
632 7130 0 2870
633 7130 0 2870
634 7130 0 2870
635 7130 0 2870
636 7130 0 2870
637 7130 0 2870
638 7130 0 2870
639 7130 0 2870
640 7130 0 2870
641 7130 0 2870
642 7130 0 2870
643 7130 0 2870
644 7130 0 2870
645 7130 0 2870
646 7130 0 2870
647 7130 0 2870
648 7130 0 2870
649 7130 0 2870
650 7130 0 2870
651 7130 0 2870
652 7130 0 2870
653 7130 0 2870
654 7130 0 2870
655 7130 0 2870
656 7130 0 2870
657 7130 0 2870
658 7130 0 2870
659 7130 0 2870
660 7130 0 2870
661 7130 0 2870
662 7130 0 2870
663 7130 0 2870
664 7130 0 2870
665 7130 0 2870
666 7130 0 2870
667 7130 0 2870
668 7130 0 2870
669 7130 0 2870
670 7130 0 2870
671 7130 0 2870
672 7130 0 2870
673 7130 0 2870
674 7130 0 2870
675 7130 0 2870
676 7130 0 2870
677 7130 0 2870
678 7130 0 2870
679 7130 0 2870
680 7130 0 2870
681 7130 0 2870
682 7130 0 2870
683 7130 0 2870
684 7130 0 2870
685 7130 0 2870
686 7130 0 2870
687 7130 0 2870
688 7130 0 2870
689 7130 0 2870
690 7130 0 2870
691 7130 0 2870
692 7130 0 2870
693 7130 0 2870
694 7130 0 2870
695 7130 0 2870
696 7130 0 2870
697 7130 0 2870
698 7130 0 2870
699 7130 0 2870
700 7130 0 2870
701 7130 0 2870
702 7130 0 2870
703 7130 0 2870
704 7130 0 2870
705 7130 0 2870
706 7130 0 2870
707 7130 0 2870
708 7130 0 2870
709 7130 0 2870
710 7130 0 2870
711 7130 0 2870
712 7130 0 2870
713 7130 0 2870
714 7130 0 2870
715 7130 0 2870
716 7130 0 2870
717 7130 0 2870
718 7130 0 2870
719 7130 0 2870
720 7130 0 2870
721 7130 0 2870
722 7130 0 2870
723 7130 0 2870
724 7130 0 2870
725 7130 0 2870
726 7130 0 2870
727 7130 0 2870
728 7130 0 2870
729 7130 0 2870
730 7130 0 2870
731 7130 0 2870
732 7130 0 2870
733 7130 0 2870
734 7130 0 2870
735 7130 0 2870
736 7130 0 2870
737 7130 0 2870
738 7130 0 2870
739 7130 0 2870
740 7130 0 2870
741 7130 0 2870
742 7130 0 2870
743 7130 0 2870
744 7130 0 2870
745 7130 0 2870
746 7130 0 2870
747 7130 0 2870
748 7130 0 2870
749 7130 0 2870
750 7130 0 2870
751 7130 0 2870
752 7130 0 2870
753 7130 0 2870
754 7130 0 2870
755 7130 0 2870
756 7130 0 2870
757 7130 0 2870
758 7130 0 2870
759 7130 0 2870
760 7130 0 2870
761 7130 0 2870
762 7130 0 2870
763 7130 0 2870
764 7130 0 2870
765 7130 0 2870
766 7130 0 2870
767 7130 0 2870
768 7130 0 2870
769 7130 0 2870
770 7130 0 2870
771 7130 0 2870
772 7130 0 2870
773 7130 0 2870
774 7130 0 2870
775 7130 0 2870
776 7130 0 2870
777 7130 0 2870
778 7130 0 2870
779 7130 0 2870
780 7130 0 2870
781 7130 0 2870
782 7130 0 2870
783 7130 0 2870
784 7130 0 2870
785 7130 0 2870
786 7130 0 2870
787 7130 0 2870
788 7130 0 2870
789 7130 0 2870
790 7130 0 2870
791 7130 0 2870
792 7130 0 2870
793 7130 0 2870
794 7130 0 2870
795 7130 0 2870
796 7130 0 2870
797 7130 0 2870
798 7130 0 2870
799 7130 0 2870
800 7130 0 2870
801 7130 0 2870
802 7130 0 2870
803 7130 0 2870
804 7130 0 2870
805 7130 0 2870
806 7130 0 2870
807 7130 0 2870
808 7130 0 2870
809 7130 0 2870
810 7130 0 2870
811 7130 0 2870
812 7130 0 2870
813 7130 0 2870
814 7130 0 2870
815 7130 0 2870
816 7130 0 2870
817 7130 0 2870
818 7130 0 2870
819 7130 0 2870
820 7130 0 2870
821 7130 0 2870
822 7130 0 2870
823 7130 0 2870
824 7130 0 2870
825 7130 0 2870
826 7130 0 2870
827 7130 0 2870
828 7130 0 2870
829 7130 0 2870
830 7130 0 2870
831 7130 0 2870
832 7130 0 2870
833 7130 0 2870
834 7130 0 2870
835 7130 0 2870
836 7130 0 2870
837 7130 0 2870
838 7130 0 2870
839 7130 0 2870
840 7130 0 2870
841 7130 0 2870
842 7130 0 2870
843 7130 0 2870
844 7130 0 2870
845 7130 0 2870
846 7130 0 2870
847 7130 0 2870
848 7130 0 2870
849 7130 0 2870
850 7130 0 2870
851 7130 0 2870
852 7130 0 2870
853 7130 0 2870
854 7130 0 2870
855 7130 0 2870
856 7130 0 2870
857 7130 0 2870
858 7130 0 2870
859 7130 0 2870
860 7130 0 2870
861 7130 0 2870
862 7130 0 2870
863 7130 0 2870
864 7130 0 2870
865 7130 0 2870
866 7130 0 2870
867 7130 0 2870
868 7130 0 2870
869 7130 0 2870
870 7130 0 2870
871 7130 0 2870
872 7130 0 2870
873 7130 0 2870
874 7130 0 2870
875 7130 0 2870
876 7130 0 2870
877 7130 0 2870
878 7130 0 2870
879 7130 0 2870
880 7130 0 2870
881 7130 0 2870
882 7130 0 2870
883 7130 0 2870
884 7130 0 2870
885 7130 0 2870
886 7130 0 2870
887 7130 0 2870
888 7130 0 2870
889 7130 0 2870
890 7130 0 2870
891 7130 0 2870
892 7130 0 2870
893 7130 0 2870
894 7130 0 2870
895 7130 0 2870
896 7130 0 2870
897 7130 0 2870
898 7130 0 2870
899 7130 0 2870
900 7130 0 2870
901 7130 0 2870
902 7130 0 2870
903 7130 0 2870
904 7130 0 2870
905 7130 0 2870
906 7130 0 2870
907 7130 0 2870
908 7130 0 2870
909 7130 0 2870
910 7130 0 2870
911 7130 0 2870
912 7130 0 2870
913 7130 0 2870
914 7130 0 2870
915 7130 0 2870
916 7130 0 2870
917 7130 0 2870
918 7130 0 2870
919 7130 0 2870
920 7130 0 2870
921 7130 0 2870
922 7130 0 2870
923 7130 0 2870
924 7130 0 2870
925 7130 0 2870
926 7130 0 2870
927 7130 0 2870
928 7130 0 2870
929 7130 0 2870
930 7130 0 2870
931 7130 0 2870
932 7130 0 2870
933 7130 0 2870
934 7130 0 2870
935 7130 0 2870
936 7130 0 2870
937 7130 0 2870
938 7130 0 2870
939 7130 0 2870
940 7130 0 2870
941 7130 0 2870
942 7130 0 2870
943 7130 0 2870
944 7130 0 2870
945 7130 0 2870
946 7130 0 2870
947 7130 0 2870
948 7130 0 2870
949 7130 0 2870
950 7130 0 2870
951 7130 0 2870
952 7130 0 2870
953 7130 0 2870
954 7130 0 2870
955 7130 0 2870
956 7130 0 2870
957 7130 0 2870
958 7130 0 2870
959 7130 0 2870
960 7130 0 2870
961 7130 0 2870
962 7130 0 2870
963 7130 0 2870
964 7130 0 2870
965 7130 0 2870
966 7130 0 2870
967 7130 0 2870
968 7130 0 2870
969 7130 0 2870
970 7130 0 2870
971 7130 0 2870
972 7130 0 2870
973 7130 0 2870
974 7130 0 2870
975 7130 0 2870
976 7130 0 2870
977 7130 0 2870
978 7130 0 2870
979 7130 0 2870
980 7130 0 2870
981 7130 0 2870
982 7130 0 2870
983 7130 0 2870
984 7130 0 2870
985 7130 0 2870
986 7130 0 2870
987 7130 0 2870
988 7130 0 2870
989 7130 0 2870
990 7130 0 2870
991 7130 0 2870
992 7130 0 2870
993 7130 0 2870
994 7130 0 2870
995 7130 0 2870
996 7130 0 2870
997 7130 0 2870
998 7130 0 2870
999 7130 0 2870
