0 9999 1 0
1 9999 1 0
2 9998 2 0
3 9996 3 1
4 9994 5 1
5 9991 7 2
6 9990 7 3
7 9990 7 3
8 9990 6 4
9 9988 5 7
10 9988 4 8
11 9988 4 8
12 9987 4 9
13 9987 4 9
14 9987 3 10
15 9987 2 11
16 9986 3 11
17 9986 2 12
18 9986 2 12
19 9985 3 12
20 9985 3 12
21 9985 3 12
22 9984 3 13
23 9983 3 14
24 9982 2 16
25 9980 4 16
26 9979 5 16
27 9978 4 18
28 9978 4 18
29 9977 5 18
30 9975 7 18
31 9973 7 20
32 9971 7 22
33 9970 7 23
34 9966 10 24
35 9965 8 27
36 9965 7 28
37 9964 8 28
38 9964 6 30
39 9964 6 30
40 9963 3 34
41 9963 3 34
42 9963 2 35
43 9963 1 36
44 9963 1 36
45 9963 1 36
46 9963 1 36
47 9963 1 36
48 9963 1 36
49 9963 1 36
50 9963 0 37
51 9963 0 37
52 9963 0 37
53 9963 0 37
54 9963 0 37
55 9963 0 37
56 9963 0 37
57 9963 0 37
58 9963 0 37
59 9963 0 37
60 9963 0 37
61 9963 0 37
62 9963 0 37
63 9963 0 37
64 9963 0 37
65 9963 0 37
66 9963 0 37
67 9963 0 37
68 9963 0 37
69 9963 0 37
70 9963 0 37
71 9963 0 37
72 9963 0 37
73 9963 0 37
74 9963 0 37
75 9963 0 37
76 9963 0 37
77 9963 0 37
78 9963 0 37
79 9963 0 37
80 9963 0 37
81 9963 0 37
82 9963 0 37
83 9963 0 37
84 9963 0 37
85 9963 0 37
86 9963 0 37
87 9963 0 37
88 9963 0 37
89 9963 0 37
90 9963 0 37
91 9963 0 37
92 9963 0 37
93 9963 0 37
94 9963 0 37
95 9963 0 37
96 9963 0 37
97 9963 0 37
98 9963 0 37
99 9963 0 37
100 9963 0 37
101 9963 0 37
102 9963 0 37
103 9963 0 37
104 9963 0 37
105 9963 0 37
106 9963 0 37
107 9963 0 37
108 9963 0 37
109 9963 0 37
110 9963 0 37
111 9963 0 37
112 9963 0 37
113 9963 0 37
114 9963 0 37
115 9963 0 37
116 9963 0 37
117 9963 0 37
118 9963 0 37
119 9963 0 37
120 9963 0 37
121 9963 0 37
122 9963 0 37
123 9963 0 37
124 9963 0 37
125 9963 0 37
126 9963 0 37
127 9963 0 37
128 9963 0 37
129 9963 0 37
130 9963 0 37
131 9963 0 37
132 9963 0 37
133 9963 0 37
134 9963 0 37
135 9963 0 37
136 9963 0 37
137 9963 0 37
138 9963 0 37
139 9963 0 37
140 9963 0 37
141 9963 0 37
142 9963 0 37
143 9963 0 37
144 9963 0 37
145 9963 0 37
146 9963 0 37
147 9963 0 37
148 9963 0 37
149 9963 0 37
150 9963 0 37
151 9963 0 37
152 9963 0 37
153 9963 0 37
154 9963 0 37
155 9963 0 37
156 9963 0 37
157 9963 0 37
158 9963 0 37
159 9963 0 37
160 9963 0 37
161 9963 0 37
162 9963 0 37
163 9963 0 37
164 9963 0 37
165 9963 0 37
166 9963 0 37
167 9963 0 37
168 9963 0 37
169 9963 0 37
170 9963 0 37
171 9963 0 37
172 9963 0 37
173 9963 0 37
174 9963 0 37
175 9963 0 37
176 9963 0 37
177 9963 0 37
178 9963 0 37
179 9963 0 37
180 9963 0 37
181 9963 0 37
182 9963 0 37
183 9963 0 37
184 9963 0 37
185 9963 0 37
186 9963 0 37
187 9963 0 37
188 9963 0 37
189 9963 0 37
190 9963 0 37
191 9963 0 37
192 9963 0 37
193 9963 0 37
194 9963 0 37
195 9963 0 37
196 9963 0 37
197 9963 0 37
198 9963 0 37
199 9963 0 37
200 9963 0 37
201 9963 0 37
202 9963 0 37
203 9963 0 37
204 9963 0 37
205 9963 0 37
206 9963 0 37
207 9963 0 37
208 9963 0 37
209 9963 0 37
210 9963 0 37
211 9963 0 37
212 9963 0 37
213 9963 0 37
214 9963 0 37
215 9963 0 37
216 9963 0 37
217 9963 0 37
218 9963 0 37
219 9963 0 37
220 9963 0 37
221 9963 0 37
222 9963 0 37
223 9963 0 37
224 9963 0 37
225 9963 0 37
226 9963 0 37
227 9963 0 37
228 9963 0 37
229 9963 0 37
230 9963 0 37
231 9963 0 37
232 9963 0 37
233 9963 0 37
234 9963 0 37
235 9963 0 37
236 9963 0 37
237 9963 0 37
238 9963 0 37
239 9963 0 37
240 9963 0 37
241 9963 0 37
242 9963 0 37
243 9963 0 37
244 9963 0 37
245 9963 0 37
246 9963 0 37
247 9963 0 37
248 9963 0 37
249 9963 0 37
250 9963 0 37
251 9963 0 37
252 9963 0 37
253 9963 0 37
254 9963 0 37
255 9963 0 37
256 9963 0 37
257 9963 0 37
258 9963 0 37
259 9963 0 37
260 9963 0 37
261 9963 0 37
262 9963 0 37
263 9963 0 37
264 9963 0 37
265 9963 0 37
266 9963 0 37
267 9963 0 37
268 9963 0 37
269 9963 0 37
270 9963 0 37
271 9963 0 37
272 9963 0 37
273 9963 0 37
274 9963 0 37
275 9963 0 37
276 9963 0 37
277 9963 0 37
278 9963 0 37
279 9963 0 37
280 9963 0 37
281 9963 0 37
282 9963 0 37
283 9963 0 37
284 9963 0 37
285 9963 0 37
286 9963 0 37
287 9963 0 37
288 9963 0 37
289 9963 0 37
290 9963 0 37
291 9963 0 37
292 9963 0 37
293 9963 0 37
294 9963 0 37
295 9963 0 37
296 9963 0 37
297 9963 0 37
298 9963 0 37
299 9963 0 37
300 9963 0 37
301 9963 0 37
302 9963 0 37
303 9963 0 37
304 9963 0 37
305 9963 0 37
306 9963 0 37
307 9963 0 37
308 9963 0 37
309 9963 0 37
310 9963 0 37
311 9963 0 37
312 9963 0 37
313 9963 0 37
314 9963 0 37
315 9963 0 37
316 9963 0 37
317 9963 0 37
318 9963 0 37
319 9963 0 37
320 9963 0 37
321 9963 0 37
322 9963 0 37
323 9963 0 37
324 9963 0 37
325 9963 0 37
326 9963 0 37
327 9963 0 37
328 9963 0 37
329 9963 0 37
330 9963 0 37
331 9963 0 37
332 9963 0 37
333 9963 0 37
334 9963 0 37
335 9963 0 37
336 9963 0 37
337 9963 0 37
338 9963 0 37
339 9963 0 37
340 9963 0 37
341 9963 0 37
342 9963 0 37
343 9963 0 37
344 9963 0 37
345 9963 0 37
346 9963 0 37
347 9963 0 37
348 9963 0 37
349 9963 0 37
350 9963 0 37
351 9963 0 37
352 9963 0 37
353 9963 0 37
354 9963 0 37
355 9963 0 37
356 9963 0 37
357 9963 0 37
358 9963 0 37
359 9963 0 37
360 9963 0 37
361 9963 0 37
362 9963 0 37
363 9963 0 37
364 9963 0 37
365 9963 0 37
366 9963 0 37
367 9963 0 37
368 9963 0 37
369 9963 0 37
370 9963 0 37
371 9963 0 37
372 9963 0 37
373 9963 0 37
374 9963 0 37
375 9963 0 37
376 9963 0 37
377 9963 0 37
378 9963 0 37
379 9963 0 37
380 9963 0 37
381 9963 0 37
382 9963 0 37
383 9963 0 37
384 9963 0 37
385 9963 0 37
386 9963 0 37
387 9963 0 37
388 9963 0 37
389 9963 0 37
390 9963 0 37
391 9963 0 37
392 9963 0 37
393 9963 0 37
394 9963 0 37
395 9963 0 37
396 9963 0 37
397 9963 0 37
398 9963 0 37
399 9963 0 37
400 9963 0 37
401 9963 0 37
402 9963 0 37
403 9963 0 37
404 9963 0 37
405 9963 0 37
406 9963 0 37
407 9963 0 37
408 9963 0 37
409 9963 0 37
410 9963 0 37
411 9963 0 37
412 9963 0 37
413 9963 0 37
414 9963 0 37
415 9963 0 37
416 9963 0 37
417 9963 0 37
418 9963 0 37
419 9963 0 37
420 9963 0 37
421 9963 0 37
422 9963 0 37
423 9963 0 37
424 9963 0 37
425 9963 0 37
426 9963 0 37
427 9963 0 37
428 9963 0 37
429 9963 0 37
430 9963 0 37
431 9963 0 37
432 9963 0 37
433 9963 0 37
434 9963 0 37
435 9963 0 37
436 9963 0 37
437 9963 0 37
438 9963 0 37
439 9963 0 37
440 9963 0 37
441 9963 0 37
442 9963 0 37
443 9963 0 37
444 9963 0 37
445 9963 0 37
446 9963 0 37
447 9963 0 37
448 9963 0 37
449 9963 0 37
450 9963 0 37
451 9963 0 37
452 9963 0 37
453 9963 0 37
454 9963 0 37
455 9963 0 37
456 9963 0 37
457 9963 0 37
458 9963 0 37
459 9963 0 37
460 9963 0 37
461 9963 0 37
462 9963 0 37
463 9963 0 37
464 9963 0 37
465 9963 0 37
466 9963 0 37
467 9963 0 37
468 9963 0 37
469 9963 0 37
470 9963 0 37
471 9963 0 37
472 9963 0 37
473 9963 0 37
474 9963 0 37
475 9963 0 37
476 9963 0 37
477 9963 0 37
478 9963 0 37
479 9963 0 37
480 9963 0 37
481 9963 0 37
482 9963 0 37
483 9963 0 37
484 9963 0 37
485 9963 0 37
486 9963 0 37
487 9963 0 37
488 9963 0 37
489 9963 0 37
490 9963 0 37
491 9963 0 37
492 9963 0 37
493 9963 0 37
494 9963 0 37
495 9963 0 37
496 9963 0 37
497 9963 0 37
498 9963 0 37
499 9963 0 37
500 9963 0 37
501 9963 0 37
502 9963 0 37
503 9963 0 37
504 9963 0 37
505 9963 0 37
506 9963 0 37
507 9963 0 37
508 9963 0 37
509 9963 0 37
510 9963 0 37
511 9963 0 37
512 9963 0 37
513 9963 0 37
514 9963 0 37
515 9963 0 37
516 9963 0 37
517 9963 0 37
518 9963 0 37
519 9963 0 37
520 9963 0 37
521 9963 0 37
522 9963 0 37
523 9963 0 37
524 9963 0 37
525 9963 0 37
526 9963 0 37
527 9963 0 37
528 9963 0 37
529 9963 0 37
530 9963 0 37
531 9963 0 37
532 9963 0 37
533 9963 0 37
534 9963 0 37
535 9963 0 37
536 9963 0 37
537 9963 0 37
538 9963 0 37
539 9963 0 37
540 9963 0 37
541 9963 0 37
542 9963 0 37
543 9963 0 37
544 9963 0 37
545 9963 0 37
546 9963 0 37
547 9963 0 37
548 9963 0 37
549 9963 0 37
550 9963 0 37
551 9963 0 37
552 9963 0 37
553 9963 0 37
554 9963 0 37
555 9963 0 37
556 9963 0 37
557 9963 0 37
558 9963 0 37
559 9963 0 37
560 9963 0 37
561 9963 0 37
562 9963 0 37
563 9963 0 37
564 9963 0 37
565 9963 0 37
566 9963 0 37
567 9963 0 37
568 9963 0 37
569 9963 0 37
570 9963 0 37
571 9963 0 37
572 9963 0 37
573 9963 0 37
574 9963 0 37
575 9963 0 37
576 9963 0 37
577 9963 0 37
578 9963 0 37
579 9963 0 37
580 9963 0 37
581 9963 0 37
582 9963 0 37
583 9963 0 37
584 9963 0 37
585 9963 0 37
586 9963 0 37
587 9963 0 37
588 9963 0 37
589 9963 0 37
590 9963 0 37
591 9963 0 37
592 9963 0 37
593 9963 0 37
594 9963 0 37
595 9963 0 37
596 9963 0 37
597 9963 0 37
598 9963 0 37
599 9963 0 37
600 9963 0 37
601 9963 0 37
602 9963 0 37
603 9963 0 37
604 9963 0 37
605 9963 0 37
606 9963 0 37
607 9963 0 37
608 9963 0 37
609 9963 0 37
610 9963 0 37
611 9963 0 37
612 9963 0 37
613 9963 0 37
614 9963 0 37
615 9963 0 37
616 9963 0 37
617 9963 0 37
618 9963 0 37
619 9963 0 37
620 9963 0 37
621 9963 0 37
622 9963 0 37
623 9963 0 37
624 9963 0 37
625 9963 0 37
626 9963 0 37
627 9963 0 37
628 9963 0 37
629 9963 0 37
630 9963 0 37
631 9963 0 37
632 9963 0 37
633 9963 0 37
634 9963 0 37
635 9963 0 37
636 9963 0 37
637 9963 0 37
638 9963 0 37
639 9963 0 37
640 9963 0 37
641 9963 0 37
642 9963 0 37
643 9963 0 37
644 9963 0 37
645 9963 0 37
646 9963 0 37
647 9963 0 37
648 9963 0 37
649 9963 0 37
650 9963 0 37
651 9963 0 37
652 9963 0 37
653 9963 0 37
654 9963 0 37
655 9963 0 37
656 9963 0 37
657 9963 0 37
658 9963 0 37
659 9963 0 37
660 9963 0 37
661 9963 0 37
662 9963 0 37
663 9963 0 37
664 9963 0 37
665 9963 0 37
666 9963 0 37
667 9963 0 37
668 9963 0 37
669 9963 0 37
670 9963 0 37
671 9963 0 37
672 9963 0 37
673 9963 0 37
674 9963 0 37
675 9963 0 37
676 9963 0 37
677 9963 0 37
678 9963 0 37
679 9963 0 37
680 9963 0 37
681 9963 0 37
682 9963 0 37
683 9963 0 37
684 9963 0 37
685 9963 0 37
686 9963 0 37
687 9963 0 37
688 9963 0 37
689 9963 0 37
690 9963 0 37
691 9963 0 37
692 9963 0 37
693 9963 0 37
694 9963 0 37
695 9963 0 37
696 9963 0 37
697 9963 0 37
698 9963 0 37
699 9963 0 37
700 9963 0 37
701 9963 0 37
702 9963 0 37
703 9963 0 37
704 9963 0 37
705 9963 0 37
706 9963 0 37
707 9963 0 37
708 9963 0 37
709 9963 0 37
710 9963 0 37
711 9963 0 37
712 9963 0 37
713 9963 0 37
714 9963 0 37
715 9963 0 37
716 9963 0 37
717 9963 0 37
718 9963 0 37
719 9963 0 37
720 9963 0 37
721 9963 0 37
722 9963 0 37
723 9963 0 37
724 9963 0 37
725 9963 0 37
726 9963 0 37
727 9963 0 37
728 9963 0 37
729 9963 0 37
730 9963 0 37
731 9963 0 37
732 9963 0 37
733 9963 0 37
734 9963 0 37
735 9963 0 37
736 9963 0 37
737 9963 0 37
738 9963 0 37
739 9963 0 37
740 9963 0 37
741 9963 0 37
742 9963 0 37
743 9963 0 37
744 9963 0 37
745 9963 0 37
746 9963 0 37
747 9963 0 37
748 9963 0 37
749 9963 0 37
750 9963 0 37
751 9963 0 37
752 9963 0 37
753 9963 0 37
754 9963 0 37
755 9963 0 37
756 9963 0 37
757 9963 0 37
758 9963 0 37
759 9963 0 37
760 9963 0 37
761 9963 0 37
762 9963 0 37
763 9963 0 37
764 9963 0 37
765 9963 0 37
766 9963 0 37
767 9963 0 37
768 9963 0 37
769 9963 0 37
770 9963 0 37
771 9963 0 37
772 9963 0 37
773 9963 0 37
774 9963 0 37
775 9963 0 37
776 9963 0 37
777 9963 0 37
778 9963 0 37
779 9963 0 37
780 9963 0 37
781 9963 0 37
782 9963 0 37
783 9963 0 37
784 9963 0 37
785 9963 0 37
786 9963 0 37
787 9963 0 37
788 9963 0 37
789 9963 0 37
790 9963 0 37
791 9963 0 37
792 9963 0 37
793 9963 0 37
794 9963 0 37
795 9963 0 37
796 9963 0 37
797 9963 0 37
798 9963 0 37
799 9963 0 37
800 9963 0 37
801 9963 0 37
802 9963 0 37
803 9963 0 37
804 9963 0 37
805 9963 0 37
806 9963 0 37
807 9963 0 37
808 9963 0 37
809 9963 0 37
810 9963 0 37
811 9963 0 37
812 9963 0 37
813 9963 0 37
814 9963 0 37
815 9963 0 37
816 9963 0 37
817 9963 0 37
818 9963 0 37
819 9963 0 37
820 9963 0 37
821 9963 0 37
822 9963 0 37
823 9963 0 37
824 9963 0 37
825 9963 0 37
826 9963 0 37
827 9963 0 37
828 9963 0 37
829 9963 0 37
830 9963 0 37
831 9963 0 37
832 9963 0 37
833 9963 0 37
834 9963 0 37
835 9963 0 37
836 9963 0 37
837 9963 0 37
838 9963 0 37
839 9963 0 37
840 9963 0 37
841 9963 0 37
842 9963 0 37
843 9963 0 37
844 9963 0 37
845 9963 0 37
846 9963 0 37
847 9963 0 37
848 9963 0 37
849 9963 0 37
850 9963 0 37
851 9963 0 37
852 9963 0 37
853 9963 0 37
854 9963 0 37
855 9963 0 37
856 9963 0 37
857 9963 0 37
858 9963 0 37
859 9963 0 37
860 9963 0 37
861 9963 0 37
862 9963 0 37
863 9963 0 37
864 9963 0 37
865 9963 0 37
866 9963 0 37
867 9963 0 37
868 9963 0 37
869 9963 0 37
870 9963 0 37
871 9963 0 37
872 9963 0 37
873 9963 0 37
874 9963 0 37
875 9963 0 37
876 9963 0 37
877 9963 0 37
878 9963 0 37
879 9963 0 37
880 9963 0 37
881 9963 0 37
882 9963 0 37
883 9963 0 37
884 9963 0 37
885 9963 0 37
886 9963 0 37
887 9963 0 37
888 9963 0 37
889 9963 0 37
890 9963 0 37
891 9963 0 37
892 9963 0 37
893 9963 0 37
894 9963 0 37
895 9963 0 37
896 9963 0 37
897 9963 0 37
898 9963 0 37
899 9963 0 37
900 9963 0 37
901 9963 0 37
902 9963 0 37
903 9963 0 37
904 9963 0 37
905 9963 0 37
906 9963 0 37
907 9963 0 37
908 9963 0 37
909 9963 0 37
910 9963 0 37
911 9963 0 37
912 9963 0 37
913 9963 0 37
914 9963 0 37
915 9963 0 37
916 9963 0 37
917 9963 0 37
918 9963 0 37
919 9963 0 37
920 9963 0 37
921 9963 0 37
922 9963 0 37
923 9963 0 37
924 9963 0 37
925 9963 0 37
926 9963 0 37
927 9963 0 37
928 9963 0 37
929 9963 0 37
930 9963 0 37
931 9963 0 37
932 9963 0 37
933 9963 0 37
934 9963 0 37
935 9963 0 37
936 9963 0 37
937 9963 0 37
938 9963 0 37
939 9963 0 37
940 9963 0 37
941 9963 0 37
942 9963 0 37
943 9963 0 37
944 9963 0 37
945 9963 0 37
946 9963 0 37
947 9963 0 37
948 9963 0 37
949 9963 0 37
950 9963 0 37
951 9963 0 37
952 9963 0 37
953 9963 0 37
954 9963 0 37
955 9963 0 37
956 9963 0 37
957 9963 0 37
958 9963 0 37
959 9963 0 37
960 9963 0 37
961 9963 0 37
962 9963 0 37
963 9963 0 37
964 9963 0 37
965 9963 0 37
966 9963 0 37
967 9963 0 37
968 9963 0 37
969 9963 0 37
970 9963 0 37
971 9963 0 37
972 9963 0 37
973 9963 0 37
974 9963 0 37
975 9963 0 37
976 9963 0 37
977 9963 0 37
978 9963 0 37
979 9963 0 37
980 9963 0 37
981 9963 0 37
982 9963 0 37
983 9963 0 37
984 9963 0 37
985 9963 0 37
986 9963 0 37
987 9963 0 37
988 9963 0 37
989 9963 0 37
990 9963 0 37
991 9963 0 37
992 9963 0 37
993 9963 0 37
994 9963 0 37
995 9963 0 37
996 9963 0 37
997 9963 0 37
998 9963 0 37
999 9963 0 37
