0 9999 1 0
1 9998 2 0
2 9998 2 0
3 9997 3 0
4 9995 4 1
5 9992 7 1
6 9986 12 2
7 9983 13 4
8 9974 19 7
9 9968 22 10
10 9961 26 13
11 9960 24 16
12 9954 25 21
13 9946 28 26
14 9939 29 32
15 9930 38 32
16 9916 38 46
17 9911 36 53
18 9904 39 57
19 9900 35 65
20 9891 40 69
21 9886 40 74
22 9885 35 80
23 9877 35 88
24 9866 38 96
25 9850 46 104
26 9843 43 114
27 9825 56 119
28 9815 58 127
29 9802 63 135
30 9789 68 143
31 9772 76 152
32 9761 71 168
33 9747 69 184
34 9732 72 196
35 9719 72 209
36 9708 73 219
37 9692 84 224
38 9676 87 237
39 9662 91 247
40 9645 93 262
41 9630 90 280
42 9616 88 296
43 9595 94 311
44 9574 95 331
45 9556 99 345
46 9544 97 359
47 9523 98 379
48 9513 95 392
49 9503 90 407
50 9484 91 425
51 9471 93 436
52 9462 95 443
53 9436 104 460
54 9412 110 478
55 9388 115 497
56 9372 112 516
57 9345 116 539
58 9329 102 569
59 9309 104 587
60 9289 107 604
61 9274 105 621
62 9246 114 640
63 9217 124 659
64 9190 129 681
65 9167 132 701
66 9145 133 722
67 9116 135 749
68 9103 128 769
69 9085 119 796
70 9072 109 819
71 9052 106 842
72 9032 105 863
73 9014 100 886
74 9000 99 901
75 8984 107 909
76 8964 116 920
77 8945 116 939
78 8924 115 961
79 8908 107 985
80 8887 110 1003
81 8878 99 1023
82 8868 97 1035
83 8846 103 1051
84 8830 98 1072
85 8814 91 1095
86 8791 97 1112
87 8775 97 1128
88 8754 97 1149
89 8741 98 1161
90 8729 90 1181
91 8717 85 1198
92 8708 76 1216
93 8697 74 1229
94 8689 70 1241
95 8682 52 1266
96 8674 49 1277
97 8659 56 1285
98 8648 61 1291
99 8641 58 1301
100 8631 53 1316
101 8619 54 1327
102 8607 62 1331
103 8592 68 1340
104 8579 73 1348
105 8558 76 1366
106 8538 83 1379
107 8532 81 1387
108 8521 77 1402
109 8511 69 1420
110 8500 67 1433
111 8488 68 1444
112 8479 64 1457
113 8472 61 1467
114 8466 58 1476
115 8460 58 1482
116 8445 62 1493
117 8433 60 1507
118 8421 63 1516
119 8409 66 1525
120 8399 57 1544
121 8385 65 1550
122 8374 67 1559
123 8365 64 1571
124 8354 64 1582
125 8348 57 1595
126 8336 56 1608
127 8320 60 1620
128 8306 64 1630
129 8287 72 1641
130 8270 76 1654
131 8263 74 1663
132 8245 87 1668
133 8233 87 1680
134 8215 83 1702
135 8206 79 1715
136 8191 77 1732
137 8180 70 1750
138 8169 67 1764
139 8157 70 1773
140 8145 66 1789
141 8131 66 1803
142 8123 59 1818
143 8115 57 1828
144 8108 52 1840
145 8092 57 1851
146 8074 64 1862
147 8066 61 1873
148 8053 62 1885
149 8047 57 1896
150 8038 56 1906
151 8028 59 1913
152 8015 66 1919
153 8005 65 1930
154 7996 64 1940
155 7988 62 1950
156 7967 75 1958
157 7954 72 1974
158 7936 80 1984
159 7925 79 1996
160 7908 78 2014
161 7901 75 2024
162 7882 81 2037
163 7869 72 2059
164 7862 65 2073
165 7848 70 2082
166 7837 71 2092
167 7824 71 2105
168 7816 65 2119
169 7806 59 2135
170 7790 60 2150
171 7779 57 2164
172 7769 61 2170
173 7756 62 2182
174 7735 63 2202
175 7722 60 2218
176 7706 67 2227
177 7691 71 2238
178 7678 71 2251
179 7667 71 2262
180 7657 70 2273
181 7642 69 2289
182 7629 74 2297
183 7618 71 2311
184 7613 61 2326
185 7601 62 2337
186 7593 61 2346
187 7585 55 2360
188 7575 55 2370
189 7559 60 2381
190 7549 60 2391
191 7533 69 2398
192 7523 65 2412
193 7506 74 2420
194 7494 70 2436
195 7478 74 2448
196 7461 75 2464
197 7443 81 2476
198 7424 87 2489
199 7414 86 2500
200 7395 89 2516
201 7375 93 2532
202 7355 93 2552
203 7335 95 2570
204 7320 94 2586
205 7301 99 2600
206 7286 93 2621
207 7272 83 2645
208 7254 82 2664
209 7244 78 2678
210 7231 72 2697
211 7218 73 2709
212 7205 69 2726
213 7184 74 2742
214 7170 77 2753
215 7158 73 2769
216 7146 73 2781
217 7129 76 2795
218 7114 78 2808
219 7100 73 2827
220 7083 77 2840
221 7071 77 2852
222 7054 78 2868
223 7046 76 2878
224 7033 77 2890
225 7015 80 2905
226 6998 82 2920
227 6977 87 2936
228 6960 87 2953
229 6944 85 2971
230 6934 86 2980
231 6918 93 2989
232 6884 113 3003
233 6859 116 3025
234 6832 123 3045
235 6809 123 3068
236 6783 122 3095
237 6755 131 3114
238 6729 132 3139
239 6700 138 3162
240 6682 133 3185
241 6669 127 3204
242 6655 122 3223
243 6635 116 3249
244 6610 124 3266
245 6592 117 3291
246 6573 116 3311
247 6549 122 3329
248 6539 112 3349
249 6530 96 3374
250 6514 94 3392
251 6500 90 3410
252 6480 99 3421
253 6458 110 3432
254 6442 101 3457
255 6430 91 3479
256 6410 97 3493
257 6393 97 3510
258 6373 104 3523
259 6355 101 3544
260 6337 101 3562
261 6314 106 3580
262 6293 106 3601
263 6263 108 3629
264 6246 104 3650
265 6221 116 3663
266 6193 130 3677
267 6160 142 3698
268 6139 136 3725
269 6123 125 3752
270 6100 127 3773
271 6074 128 3798
272 6060 124 3816
273 6039 128 3833
274 6014 120 3866
275 6003 110 3887
276 5984 106 3910
277 5964 112 3924
278 5946 112 3942
279 5928 118 3954
280 5908 117 3975
281 5881 125 3994
282 5855 134 4011
283 5835 134 4031
284 5814 126 4060
285 5793 128 4079
286 5780 117 4103
287 5761 116 4123
288 5738 121 4141
289 5716 125 4159
290 5688 124 4188
291 5668 121 4211
292 5655 115 4230
293 5639 108 4253
294 5622 102 4276
295 5602 104 4294
296 5586 105 4309
297 5559 120 4321
298 5529 120 4351
299 5509 113 4378
300 5488 116 4396
301 5472 105 4423
302 5451 102 4447
303 5440 90 4470
304 5421 88 4491
305 5407 85 4508
306 5388 91 4521
307 5366 94 4540
308 5350 97 4553
309 5329 102 4569
310 5307 106 4587
311 5284 109 4607
312 5255 117 4628
313 5229 128 4643
314 5198 138 4664
315 5171 145 4684
316 5150 144 4706
317 5127 130 4743
318 5104 134 4762
319 5085 129 4786
320 5057 133 4810
321 5036 140 4824
322 5018 132 4850
323 4998 129 4873
324 4984 124 4892
325 4956 130 4914
326 4940 126 4934
327 4917 124 4959
328 4898 122 4980
329 4881 113 5006
330 4864 110 5026
331 4847 103 5050
332 4827 104 5069
333 4814 97 5089
334 4792 106 5102
335 4764 120 5116
336 4744 119 5137
337 4730 120 5150
338 4719 109 5172
339 4703 104 5193
340 4681 103 5216
341 4657 108 5235
342 4632 105 5263
343 4605 110 5285
344 4588 109 5303
345 4568 116 5316
346 4552 111 5337
347 4538 108 5354
348 4522 110 5368
349 4508 106 5386
350 4490 109 5401
351 4479 91 5430
352 4470 86 5444
353 4455 89 5456
354 4444 87 5469
355 4422 93 5485
356 4405 93 5502
357 4392 90 5518
358 4372 98 5530
359 4355 104 5541
360 4336 106 5558
361 4314 109 5577
362 4278 125 5597
363 4247 132 5621
364 4226 134 5640
365 4202 138 5660
366 4174 144 5682
367 4147 146 5707
368 4119 151 5730
369 4091 153 5756
370 4056 160 5784
371 4031 157 5812
372 4018 149 5833
373 4002 135 5863
374 3989 121 5890
375 3981 110 5909
376 3970 103 5927
377 3959 98 5943
378 3946 92 5962
379 3936 86 5978
380 3931 76 5993
381 3922 80 5998
382 3913 82 6005
383 3911 69 6020
384 3900 68 6032
385 3891 64 6045
386 3884 62 6054
387 3880 56 6064
388 3870 50 6080
389 3860 57 6083
390 3850 60 6090
391 3833 66 6101
392 3824 63 6113
393 3811 62 6127
394 3801 59 6140
395 3794 59 6147
396 3787 58 6155
397 3773 64 6163
398 3763 64 6173
399 3756 61 6183
400 3741 67 6192
401 3731 64 6205
402 3722 60 6218
403 3716 57 6227
404 3711 53 6236
405 3702 49 6249
406 3695 47 6258
407 3686 49 6265
408 3673 57 6270
409 3669 47 6284
410 3661 46 6293
411 3657 46 6297
412 3653 41 6306
413 3648 33 6319
414 3644 34 6322
415 3639 31 6330
416 3635 29 6336
417 3631 30 6339
418 3630 24 6346
419 3630 20 6350
420 3627 19 6354
421 3624 17 6359
422 3622 17 6361
423 3621 17 6362
424 3619 13 6368
425 3619 11 6370
426 3618 12 6370
427 3618 11 6371
428 3618 9 6373
429 3618 8 6374
430 3618 7 6375
431 3618 6 6376
432 3618 5 6377
433 3618 5 6377
434 3618 3 6379
435 3618 2 6380
436 3618 2 6380
437 3618 2 6380
438 3618 2 6380
439 3618 2 6380
440 3618 2 6380
441 3618 1 6381
442 3618 1 6381
443 3618 1 6381
444 3618 1 6381
445 3618 1 6381
446 3618 1 6381
447 3618 1 6381
448 3618 1 6381
449 3618 1 6381
450 3618 0 6382
451 3618 0 6382
452 3618 0 6382
453 3618 0 6382
454 3618 0 6382
455 3618 0 6382
456 3618 0 6382
457 3618 0 6382
458 3618 0 6382
459 3618 0 6382
460 3618 0 6382
461 3618 0 6382
462 3618 0 6382
463 3618 0 6382
464 3618 0 6382
465 3618 0 6382
466 3618 0 6382
467 3618 0 6382
468 3618 0 6382
469 3618 0 6382
470 3618 0 6382
471 3618 0 6382
472 3618 0 6382
473 3618 0 6382
474 3618 0 6382
475 3618 0 6382
476 3618 0 6382
477 3618 0 6382
478 3618 0 6382
479 3618 0 6382
480 3618 0 6382
481 3618 0 6382
482 3618 0 6382
483 3618 0 6382
484 3618 0 6382
485 3618 0 6382
486 3618 0 6382
487 3618 0 6382
488 3618 0 6382
489 3618 0 6382
490 3618 0 6382
491 3618 0 6382
492 3618 0 6382
493 3618 0 6382
494 3618 0 6382
495 3618 0 6382
496 3618 0 6382
497 3618 0 6382
498 3618 0 6382
499 3618 0 6382
500 3618 0 6382
501 3618 0 6382
502 3618 0 6382
503 3618 0 6382
504 3618 0 6382
505 3618 0 6382
506 3618 0 6382
507 3618 0 6382
508 3618 0 6382
509 3618 0 6382
510 3618 0 6382
511 3618 0 6382
512 3618 0 6382
513 3618 0 6382
514 3618 0 6382
515 3618 0 6382
516 3618 0 6382
517 3618 0 6382
518 3618 0 6382
519 3618 0 6382
520 3618 0 6382
521 3618 0 6382
522 3618 0 6382
523 3618 0 6382
524 3618 0 6382
525 3618 0 6382
526 3618 0 6382
527 3618 0 6382
528 3618 0 6382
529 3618 0 6382
530 3618 0 6382
531 3618 0 6382
532 3618 0 6382
533 3618 0 6382
534 3618 0 6382
535 3618 0 6382
536 3618 0 6382
537 3618 0 6382
538 3618 0 6382
539 3618 0 6382
540 3618 0 6382
541 3618 0 6382
542 3618 0 6382
543 3618 0 6382
544 3618 0 6382
545 3618 0 6382
546 3618 0 6382
547 3618 0 6382
548 3618 0 6382
549 3618 0 6382
550 3618 0 6382
551 3618 0 6382
552 3618 0 6382
553 3618 0 6382
554 3618 0 6382
555 3618 0 6382
556 3618 0 6382
557 3618 0 6382
558 3618 0 6382
559 3618 0 6382
560 3618 0 6382
561 3618 0 6382
562 3618 0 6382
563 3618 0 6382
564 3618 0 6382
565 3618 0 6382
566 3618 0 6382
567 3618 0 6382
568 3618 0 6382
569 3618 0 6382
570 3618 0 6382
571 3618 0 6382
572 3618 0 6382
573 3618 0 6382
574 3618 0 6382
575 3618 0 6382
576 3618 0 6382
577 3618 0 6382
578 3618 0 6382
579 3618 0 6382
580 3618 0 6382
581 3618 0 6382
582 3618 0 6382
583 3618 0 6382
584 3618 0 6382
585 3618 0 6382
586 3618 0 6382
587 3618 0 6382
588 3618 0 6382
589 3618 0 6382
590 3618 0 6382
591 3618 0 6382
592 3618 0 6382
593 3618 0 6382
594 3618 0 6382
595 3618 0 6382
596 3618 0 6382
597 3618 0 6382
598 3618 0 6382
599 3618 0 6382
600 3618 0 6382
601 3618 0 6382
602 3618 0 6382
603 3618 0 6382
604 3618 0 6382
605 3618 0 6382
606 3618 0 6382
607 3618 0 6382
608 3618 0 6382
609 3618 0 6382
610 3618 0 6382
611 3618 0 6382
612 3618 0 6382
613 3618 0 6382
614 3618 0 6382
615 3618 0 6382
616 3618 0 6382
617 3618 0 6382
618 3618 0 6382
619 3618 0 6382
620 3618 0 6382
621 3618 0 6382
622 3618 0 6382
623 3618 0 6382
624 3618 0 6382
625 3618 0 6382
626 3618 0 6382
627 3618 0 6382
628 3618 0 6382
629 3618 0 6382
630 3618 0 6382
631 3618 0 6382
632 3618 0 6382
633 3618 0 6382
634 3618 0 6382
635 3618 0 6382
636 3618 0 6382
637 3618 0 6382
638 3618 0 6382
639 3618 0 6382
640 3618 0 6382
641 3618 0 6382
642 3618 0 6382
643 3618 0 6382
644 3618 0 6382
645 3618 0 6382
646 3618 0 6382
647 3618 0 6382
648 3618 0 6382
649 3618 0 6382
650 3618 0 6382
651 3618 0 6382
652 3618 0 6382
653 3618 0 6382
654 3618 0 6382
655 3618 0 6382
656 3618 0 6382
657 3618 0 6382
658 3618 0 6382
659 3618 0 6382
660 3618 0 6382
661 3618 0 6382
662 3618 0 6382
663 3618 0 6382
664 3618 0 6382
665 3618 0 6382
666 3618 0 6382
667 3618 0 6382
668 3618 0 6382
669 3618 0 6382
670 3618 0 6382
671 3618 0 6382
672 3618 0 6382
673 3618 0 6382
674 3618 0 6382
675 3618 0 6382
676 3618 0 6382
677 3618 0 6382
678 3618 0 6382
679 3618 0 6382
680 3618 0 6382
681 3618 0 6382
682 3618 0 6382
683 3618 0 6382
684 3618 0 6382
685 3618 0 6382
686 3618 0 6382
687 3618 0 6382
688 3618 0 6382
689 3618 0 6382
690 3618 0 6382
691 3618 0 6382
692 3618 0 6382
693 3618 0 6382
694 3618 0 6382
695 3618 0 6382
696 3618 0 6382
697 3618 0 6382
698 3618 0 6382
699 3618 0 6382
700 3618 0 6382
701 3618 0 6382
702 3618 0 6382
703 3618 0 6382
704 3618 0 6382
705 3618 0 6382
706 3618 0 6382
707 3618 0 6382
708 3618 0 6382
709 3618 0 6382
710 3618 0 6382
711 3618 0 6382
712 3618 0 6382
713 3618 0 6382
714 3618 0 6382
715 3618 0 6382
716 3618 0 6382
717 3618 0 6382
718 3618 0 6382
719 3618 0 6382
720 3618 0 6382
721 3618 0 6382
722 3618 0 6382
723 3618 0 6382
724 3618 0 6382
725 3618 0 6382
726 3618 0 6382
727 3618 0 6382
728 3618 0 6382
729 3618 0 6382
730 3618 0 6382
731 3618 0 6382
732 3618 0 6382
733 3618 0 6382
734 3618 0 6382
735 3618 0 6382
736 3618 0 6382
737 3618 0 6382
738 3618 0 6382
739 3618 0 6382
740 3618 0 6382
741 3618 0 6382
742 3618 0 6382
743 3618 0 6382
744 3618 0 6382
745 3618 0 6382
746 3618 0 6382
747 3618 0 6382
748 3618 0 6382
749 3618 0 6382
750 3618 0 6382
751 3618 0 6382
752 3618 0 6382
753 3618 0 6382
754 3618 0 6382
755 3618 0 6382
756 3618 0 6382
757 3618 0 6382
758 3618 0 6382
759 3618 0 6382
760 3618 0 6382
761 3618 0 6382
762 3618 0 6382
763 3618 0 6382
764 3618 0 6382
765 3618 0 6382
766 3618 0 6382
767 3618 0 6382
768 3618 0 6382
769 3618 0 6382
770 3618 0 6382
771 3618 0 6382
772 3618 0 6382
773 3618 0 6382
774 3618 0 6382
775 3618 0 6382
776 3618 0 6382
777 3618 0 6382
778 3618 0 6382
779 3618 0 6382
780 3618 0 6382
781 3618 0 6382
782 3618 0 6382
783 3618 0 6382
784 3618 0 6382
785 3618 0 6382
786 3618 0 6382
787 3618 0 6382
788 3618 0 6382
789 3618 0 6382
790 3618 0 6382
791 3618 0 6382
792 3618 0 6382
793 3618 0 6382
794 3618 0 6382
795 3618 0 6382
796 3618 0 6382
797 3618 0 6382
798 3618 0 6382
799 3618 0 6382
800 3618 0 6382
801 3618 0 6382
802 3618 0 6382
803 3618 0 6382
804 3618 0 6382
805 3618 0 6382
806 3618 0 6382
807 3618 0 6382
808 3618 0 6382
809 3618 0 6382
810 3618 0 6382
811 3618 0 6382
812 3618 0 6382
813 3618 0 6382
814 3618 0 6382
815 3618 0 6382
816 3618 0 6382
817 3618 0 6382
818 3618 0 6382
819 3618 0 6382
820 3618 0 6382
821 3618 0 6382
822 3618 0 6382
823 3618 0 6382
824 3618 0 6382
825 3618 0 6382
826 3618 0 6382
827 3618 0 6382
828 3618 0 6382
829 3618 0 6382
830 3618 0 6382
831 3618 0 6382
832 3618 0 6382
833 3618 0 6382
834 3618 0 6382
835 3618 0 6382
836 3618 0 6382
837 3618 0 6382
838 3618 0 6382
839 3618 0 6382
840 3618 0 6382
841 3618 0 6382
842 3618 0 6382
843 3618 0 6382
844 3618 0 6382
845 3618 0 6382
846 3618 0 6382
847 3618 0 6382
848 3618 0 6382
849 3618 0 6382
850 3618 0 6382
851 3618 0 6382
852 3618 0 6382
853 3618 0 6382
854 3618 0 6382
855 3618 0 6382
856 3618 0 6382
857 3618 0 6382
858 3618 0 6382
859 3618 0 6382
860 3618 0 6382
861 3618 0 6382
862 3618 0 6382
863 3618 0 6382
864 3618 0 6382
865 3618 0 6382
866 3618 0 6382
867 3618 0 6382
868 3618 0 6382
869 3618 0 6382
870 3618 0 6382
871 3618 0 6382
872 3618 0 6382
873 3618 0 6382
874 3618 0 6382
875 3618 0 6382
876 3618 0 6382
877 3618 0 6382
878 3618 0 6382
879 3618 0 6382
880 3618 0 6382
881 3618 0 6382
882 3618 0 6382
883 3618 0 6382
884 3618 0 6382
885 3618 0 6382
886 3618 0 6382
887 3618 0 6382
888 3618 0 6382
889 3618 0 6382
890 3618 0 6382
891 3618 0 6382
892 3618 0 6382
893 3618 0 6382
894 3618 0 6382
895 3618 0 6382
896 3618 0 6382
897 3618 0 6382
898 3618 0 6382
899 3618 0 6382
900 3618 0 6382
901 3618 0 6382
902 3618 0 6382
903 3618 0 6382
904 3618 0 6382
905 3618 0 6382
906 3618 0 6382
907 3618 0 6382
908 3618 0 6382
909 3618 0 6382
910 3618 0 6382
911 3618 0 6382
912 3618 0 6382
913 3618 0 6382
914 3618 0 6382
915 3618 0 6382
916 3618 0 6382
917 3618 0 6382
918 3618 0 6382
919 3618 0 6382
920 3618 0 6382
921 3618 0 6382
922 3618 0 6382
923 3618 0 6382
924 3618 0 6382
925 3618 0 6382
926 3618 0 6382
927 3618 0 6382
928 3618 0 6382
929 3618 0 6382
930 3618 0 6382
931 3618 0 6382
932 3618 0 6382
933 3618 0 6382
934 3618 0 6382
935 3618 0 6382
936 3618 0 6382
937 3618 0 6382
938 3618 0 6382
939 3618 0 6382
940 3618 0 6382
941 3618 0 6382
942 3618 0 6382
943 3618 0 6382
944 3618 0 6382
945 3618 0 6382
946 3618 0 6382
947 3618 0 6382
948 3618 0 6382
949 3618 0 6382
950 3618 0 6382
951 3618 0 6382
952 3618 0 6382
953 3618 0 6382
954 3618 0 6382
955 3618 0 6382
956 3618 0 6382
957 3618 0 6382
958 3618 0 6382
959 3618 0 6382
960 3618 0 6382
961 3618 0 6382
962 3618 0 6382
963 3618 0 6382
964 3618 0 6382
965 3618 0 6382
966 3618 0 6382
967 3618 0 6382
968 3618 0 6382
969 3618 0 6382
970 3618 0 6382
971 3618 0 6382
972 3618 0 6382
973 3618 0 6382
974 3618 0 6382
975 3618 0 6382
976 3618 0 6382
977 3618 0 6382
978 3618 0 6382
979 3618 0 6382
980 3618 0 6382
981 3618 0 6382
982 3618 0 6382
983 3618 0 6382
984 3618 0 6382
985 3618 0 6382
986 3618 0 6382
987 3618 0 6382
988 3618 0 6382
989 3618 0 6382
990 3618 0 6382
991 3618 0 6382
992 3618 0 6382
993 3618 0 6382
994 3618 0 6382
995 3618 0 6382
996 3618 0 6382
997 3618 0 6382
998 3618 0 6382
999 3618 0 6382
