0 9999 1 0
1 9998 2 0
2 9998 2 0
3 9996 4 0
4 9995 5 0
5 9993 6 1
6 9993 6 1
7 9991 8 1
8 9991 8 1
9 9989 9 2
10 9981 14 5
11 9976 15 9
12 9970 18 12
13 9968 15 17
14 9963 18 19
15 9961 18 21
16 9958 18 24
17 9954 20 26
18 9946 21 33
19 9942 22 36
20 9942 22 36
21 9935 26 39
22 9927 29 44
23 9922 27 51
24 9916 28 56
25 9907 32 61
26 9904 31 65
27 9899 29 72
28 9889 37 74
29 9875 46 79
30 9860 54 86
31 9848 56 96
32 9832 60 108
33 9818 66 116
34 9805 71 124
35 9793 65 142
36 9779 66 155
37 9770 63 167
38 9760 60 180
39 9746 59 195
40 9732 64 204
41 9721 64 215
42 9709 68 223
43 9691 73 236
44 9683 72 245
45 9671 72 257
46 9661 71 268
47 9647 68 285
48 9632 72 296
49 9618 74 308
50 9606 69 325
51 9600 64 336
52 9596 63 341
53 9590 61 349
54 9577 59 364
55 9576 46 378
56 9567 43 390
57 9563 41 396
58 9562 32 406
59 9553 37 410
60 9549 39 412
61 9543 40 417
62 9527 47 426
63 9519 48 433
64 9514 45 441
65 9503 49 448
66 9489 57 454
67 9480 54 466
68 9474 49 477
69 9467 45 488
70 9458 42 500
71 9449 45 506
72 9432 51 517
73 9424 48 528
74 9413 49 538
75 9403 46 551
76 9393 51 556
77 9384 51 565
78 9365 58 577
79 9356 54 590
80 9348 59 593
81 9345 54 601
82 9342 44 614
83 9331 46 623
84 9321 48 631
85 9311 46 643
86 9298 50 652
87 9289 44 667
88 9275 52 673
89 9268 52 680
90 9250 63 687
91 9236 64 700
92 9222 65 713
93 9212 62 726
94 9194 68 738
95 9183 68 749
96 9165 70 765
97 9153 76 771
98 9140 77 783
99 9124 78 798
100 9110 80 810
101 9087 92 821
102 9065 91 844
103 9048 99 853
104 9026 106 868
105 9010 95 895
106 8992 97 911
107 8965 108 927
108 8956 98 946
109 8935 105 960
110 8917 107 976
111 8897 109 994
112 8874 112 1014
113 8860 108 1032
114 8845 104 1051
115 8834 93 1073
116 8822 87 1091
117 8806 94 1100
118 8791 96 1113
119 8767 108 1125
120 8748 107 1145
121 8735 102 1163
122 8717 100 1183
123 8699 94 1207
124 8679 99 1222
125 8661 92 1247
126 8650 87 1263
127 8629 88 1283
128 8613 90 1297
129 8590 95 1315
130 8569 112 1319
131 8551 114 1335
132 8535 107 1358
133 8507 116 1377
134 8484 118 1398
135 8456 129 1415
136 8434 123 1443
137 8412 120 1468
138 8400 103 1497
139 8381 102 1517
140 8365 100 1535
141 8350 97 1553
142 8336 94 1570
143 8327 84 1589
144 8312 80 1608
145 8301 76 1623
146 8283 76 1641
147 8270 70 1660
148 8258 71 1671
149 8238 79 1683
150 8227 72 1701
151 8216 78 1706
152 8197 87 1716
153 8182 84 1734
154 8169 81 1750
155 8155 83 1762
156 8145 77 1778
157 8136 67 1797
158 8127 64 1809
159 8122 60 1818
160 8117 59 1824
161 8111 49 1840
162 8109 43 1848
163 8104 42 1854
164 8099 41 1860
165 8098 37 1865
166 8096 29 1875
167 8096 23 1881
168 8089 28 1883
169 8086 26 1888
170 8085 19 1896
171 8082 21 1897
172 8077 22 1901
173 8073 20 1907
174 8071 19 1910
175 8064 23 1913
176 8063 19 1918
177 8063 18 1919
178 8056 22 1922
179 8052 22 1926
180 8045 28 1927
181 8038 26 1936
182 8034 25 1941
183 8026 26 1948
184 8023 22 1955
185 8017 24 1959
186 8011 27 1962
187 8007 25 1968
188 8002 25 1973
189 7995 29 1976
190 7992 26 1982
191 7986 26 1988
192 7976 32 1992
193 7966 37 1997
194 7960 35 2005
195 7958 34 2008
196 7951 35 2014
197 7940 36 2024
198 7933 37 2030
199 7925 38 2037
200 7917 40 2043
201 7910 38 2052
202 7905 38 2057
203 7901 36 2063
204 7897 33 2070
205 7895 29 2076
206 7892 25 2083
207 7892 20 2088
208 7890 16 2094
209 7887 14 2099
210 7884 15 2101
211 7882 14 2104
212 7882 12 2106
213 7881 13 2106
214 7874 16 2110
215 7873 17 2110
216 7866 18 2116
217 7862 18 2120
218 7855 19 2126
219 7851 19 2130
220 7849 19 2132
221 7848 16 2136
222 7846 17 2137
223 7842 19 2139
224 7838 21 2141
225 7829 26 2145
226 7827 26 2147
227 7821 30 2149
228 7815 34 2151
229 7807 40 2153
230 7802 39 2159
231 7794 42 2164
232 7788 40 2172
233 7785 34 2181
234 7777 34 2189
235 7772 31 2197
236 7766 32 2202
237 7761 31 2208
238 7753 32 2215
239 7748 32 2220
240 7736 37 2227
241 7726 42 2232
242 7713 45 2242
243 7705 45 2250
244 7695 47 2258
245 7688 43 2269
246 7680 42 2278
247 7673 43 2284
248 7668 40 2292
249 7666 35 2299
250 7663 35 2302
251 7660 32 2308
252 7655 33 2312
253 7652 34 2314
254 7644 34 2322
255 7636 38 2326
256 7627 38 2335
257 7624 33 2343
258 7622 29 2349
259 7616 26 2358
260 7611 25 2364
261 7607 25 2368
262 7603 25 2372
263 7601 24 2375
264 7597 24 2379
265 7594 22 2384
266 7592 21 2387
267 7591 19 2390
268 7587 20 2393
269 7585 19 2396
270 7584 17 2399
271 7584 13 2403
272 7577 17 2406
273 7571 20 2409
274 7564 22 2414
275 7561 19 2420
276 7556 22 2422
277 7555 20 2425
278 7547 26 2427
279 7541 27 2432
280 7538 25 2437
281 7529 29 2442
282 7526 27 2447
283 7518 31 2451
284 7508 33 2459
285 7499 38 2463
286 7485 45 2470
287 7473 53 2474
288 7458 59 2483
289 7451 59 2490
290 7447 47 2506
291 7443 43 2514
292 7436 43 2521
293 7426 49 2525
294 7413 49 2538
295 7402 48 2550
296 7394 52 2554
297 7381 58 2561
298 7363 67 2570
299 7353 64 2583
300 7338 72 2590
301 7316 78 2606
302 7298 83 2619
303 7279 84 2637
304 7264 88 2648
305 7253 87 2660
306 7234 86 2680
307 7209 91 2700
308 7196 82 2722
309 7183 85 2732
310 7169 85 2746
311 7150 90 2760
312 7131 96 2773
313 7119 94 2787
314 7108 89 2803
315 7104 79 2817
316 7098 67 2835
317 7088 62 2850
318 7078 59 2863
319 7066 53 2881
320 7059 49 2892
321 7053 51 2896
322 7047 52 2901
323 7040 48 2912
324 7031 48 2921
325 7026 43 2931
326 7018 44 2938
327 7008 41 2951
328 7002 38 2960
329 6993 39 2968
330 6989 40 2971
331 6981 42 2977
332 6974 48 2978
333 6966 46 2988
334 6957 41 3002
335 6949 44 3007
336 6940 46 3014
337 6925 49 3026
338 6915 49 3036
339 6902 54 3044
340 6891 62 3047
341 6877 66 3057
342 6868 63 3069
343 6860 58 3082
344 6854 54 3092
345 6848 52 3100
346 6834 56 3110
347 6826 55 3119
348 6814 54 3132
349 6797 59 3144
350 6790 55 3155
351 6784 55 3161
352 6774 57 3169
353 6764 58 3178
354 6757 58 3185
355 6749 59 3192
356 6739 62 3199
357 6729 58 3213
358 6717 61 3222
359 6702 68 3230
360 6691 70 3239
361 6682 71 3247
362 6669 75 3256
363 6654 77 3269
364 6648 67 3285
365 6637 69 3294
366 6626 70 3304
367 6615 70 3315
368 6603 70 3327
369 6591 73 3336
370 6575 77 3348
371 6565 71 3364
372 6553 66 3381
373 6544 65 3391
374 6537 58 3405
375 6528 63 3409
376 6512 66 3422
377 6498 71 3431
378 6471 83 3446
379 6459 72 3469
380 6445 78 3477
381 6431 74 3495
382 6412 79 3509
383 6395 85 3520
384 6376 89 3535
385 6354 96 3550
386 6332 98 3570
387 6313 100 3587
388 6291 106 3603
389 6272 108 3620
390 6259 103 3638
391 6242 107 3651
392 6224 99 3677
393 6208 101 3691
394 6192 106 3702
395 6182 93 3725
396 6164 93 3743
397 6145 101 3754
398 6120 110 3770
399 6092 123 3785
400 6077 116 3807
401 6048 125 3827
402 6027 125 3848
403 5999 128 3873
404 5972 139 3889
405 5945 137 3918
406 5927 112 3961
407 5912 102 3986
408 5892 102 4006
409 5880 99 4021
410 5862 105 4033
411 5848 96 4056
412 5839 89 4072
413 5828 91 4081
414 5816 81 4103
415 5799 92 4109
416 5780 97 4123
417 5763 102 4135
418 5744 100 4156
419 5718 104 4178
420 5694 114 4192
421 5675 117 4208
422 5653 121 4226
423 5628 122 4250
424 5601 132 4267
425 5582 125 4293
426 5558 130 4312
427 5543 124 4333
428 5529 120 4351
429 5504 112 4384
430 5484 123 4393
431 5470 118 4412
432 5441 124 4435
433 5428 112 4460
434 5406 120 4474
435 5392 108 4500
436 5372 112 4516
437 5353 115 4532
438 5327 128 4545
439 5313 119 4568
440 5295 113 4592
441 5283 109 4608
442 5269 110 4621
443 5245 120 4635
444 5231 123 4646
445 5217 111 4672
446 5193 119 4688
447 5176 115 4709
448 5151 123 4726
449 5128 124 4748
450 5113 110 4777
451 5092 115 4793
452 5070 121 4809
453 5048 116 4836
454 5032 115 4853
455 5010 117 4873
456 4989 119 4892
457 4969 117 4914
458 4951 115 4934
459 4928 113 4959
460 4904 118 4978
461 4884 115 5001
462 4867 109 5024
463 4852 107 5041
464 4834 99 5067
465 4813 95 5092
466 4792 92 5116
467 4777 92 5131
468 4759 89 5152
469 4735 96 5169
470 4715 87 5198
471 4701 88 5211
472 4677 101 5222
473 4658 102 5240
474 4641 101 5258
475 4619 107 5274
476 4597 113 5290
477 4582 108 5310
478 4572 96 5332
479 4562 89 5349
480 4553 85 5362
481 4537 87 5376
482 4526 81 5393
483 4517 78 5405
484 4506 77 5417
485 4494 82 5424
486 4484 79 5437
487 4471 77 5452
488 4457 83 5460
489 4442 79 5479
490 4427 78 5495
491 4410 84 5506
492 4396 84 5520
493 4383 85 5532
494 4373 87 5540
495 4362 81 5557
496 4351 80 5569
497 4341 73 5586
498 4331 67 5602
499 4318 73 5609
500 4309 70 5621
501 4299 68 5633
502 4289 64 5647
503 4277 67 5656
504 4265 69 5666
505 4251 71 5678
506 4239 75 5686
507 4228 74 5698
508 4209 78 5713
509 4189 81 5730
510 4182 78 5740
511 4160 83 5757
512 4148 80 5772
513 4129 80 5791
514 4117 81 5802
515 4102 84 5814
516 4091 81 5828
517 4076 81 5843
518 4061 83 5856
519 4048 84 5868
520 4030 92 5878
521 4015 91 5894
522 4000 89 5911
523 3989 81 5930
524 3974 81 5945
525 3964 79 5957
526 3953 79 5968
527 3938 84 5978
528 3923 86 5991
529 3907 91 6002
530 3900 86 6014
531 3889 80 6031
532 3887 64 6049
533 3875 58 6067
534 3866 54 6080
535 3864 43 6093
536 3859 38 6103
537 3853 32 6115
538 3850 28 6122
539 3842 32 6126
540 3835 34 6131
541 3834 31 6135
542 3832 26 6142
543 3830 24 6146
544 3828 21 6151
545 3826 22 6152
546 3823 21 6156
547 3819 25 6156
548 3817 25 6158
549 3813 23 6164
550 3811 22 6167
551 3806 24 6170
552 3801 27 6172
553 3795 28 6177
554 3793 27 6180
555 3791 24 6185
556 3787 19 6194
557 3783 18 6199
558 3779 18 6203
559 3775 19 6206
560 3771 20 6209
561 3761 24 6215
562 3757 28 6215
563 3754 27 6219
564 3751 27 6222
565 3745 25 6230
566 3740 27 6233
567 3734 27 6239
568 3731 21 6248
569 3729 22 6249
570 3728 17 6255
571 3723 20 6257
572 3719 21 6260
573 3718 19 6263
574 3717 18 6265
575 3716 13 6271
576 3715 12 6273
577 3711 11 6278
578 3706 14 6280
579 3701 17 6282
580 3698 15 6287
581 3696 14 6290
582 3693 15 6292
583 3690 17 6293
584 3684 17 6299
585 3683 15 6302
586 3680 14 6306
587 3679 14 6307
588 3678 12 6310
589 3676 13 6311
590 3676 12 6312
591 3673 13 6314
592 3671 12 6317
593 3670 12 6318
594 3669 12 6319
595 3665 14 6321
596 3664 11 6325
597 3662 11 6327
598 3662 10 6328
599 3659 12 6329
600 3657 13 6330
601 3655 14 6331
602 3653 12 6335
603 3649 15 6336
604 3647 13 6340
605 3645 15 6340
606 3640 17 6343
607 3638 17 6345
608 3638 16 6346
609 3636 14 6350
610 3636 10 6354
611 3636 9 6355
612 3633 12 6355
613 3632 10 6358
614 3630 10 6360
615 3630 7 6363
616 3629 8 6363
617 3629 5 6366
618 3629 5 6366
619 3629 5 6366
620 3629 4 6367
621 3629 3 6368
622 3629 2 6369
623 3629 1 6370
624 3629 1 6370
625 3629 1 6370
626 3629 1 6370
627 3629 1 6370
628 3629 1 6370
629 3629 1 6370
630 3629 1 6370
631 3629 0 6371
632 3629 0 6371
633 3629 0 6371
634 3629 0 6371
635 3629 0 6371
636 3629 0 6371
637 3629 0 6371
638 3629 0 6371
639 3629 0 6371
640 3629 0 6371
641 3629 0 6371
642 3629 0 6371
643 3629 0 6371
644 3629 0 6371
645 3629 0 6371
646 3629 0 6371
647 3629 0 6371
648 3629 0 6371
649 3629 0 6371
650 3629 0 6371
651 3629 0 6371
652 3629 0 6371
653 3629 0 6371
654 3629 0 6371
655 3629 0 6371
656 3629 0 6371
657 3629 0 6371
658 3629 0 6371
659 3629 0 6371
660 3629 0 6371
661 3629 0 6371
662 3629 0 6371
663 3629 0 6371
664 3629 0 6371
665 3629 0 6371
666 3629 0 6371
667 3629 0 6371
668 3629 0 6371
669 3629 0 6371
670 3629 0 6371
671 3629 0 6371
672 3629 0 6371
673 3629 0 6371
674 3629 0 6371
675 3629 0 6371
676 3629 0 6371
677 3629 0 6371
678 3629 0 6371
679 3629 0 6371
680 3629 0 6371
681 3629 0 6371
682 3629 0 6371
683 3629 0 6371
684 3629 0 6371
685 3629 0 6371
686 3629 0 6371
687 3629 0 6371
688 3629 0 6371
689 3629 0 6371
690 3629 0 6371
691 3629 0 6371
692 3629 0 6371
693 3629 0 6371
694 3629 0 6371
695 3629 0 6371
696 3629 0 6371
697 3629 0 6371
698 3629 0 6371
699 3629 0 6371
700 3629 0 6371
701 3629 0 6371
702 3629 0 6371
703 3629 0 6371
704 3629 0 6371
705 3629 0 6371
706 3629 0 6371
707 3629 0 6371
708 3629 0 6371
709 3629 0 6371
710 3629 0 6371
711 3629 0 6371
712 3629 0 6371
713 3629 0 6371
714 3629 0 6371
715 3629 0 6371
716 3629 0 6371
717 3629 0 6371
718 3629 0 6371
719 3629 0 6371
720 3629 0 6371
721 3629 0 6371
722 3629 0 6371
723 3629 0 6371
724 3629 0 6371
725 3629 0 6371
726 3629 0 6371
727 3629 0 6371
728 3629 0 6371
729 3629 0 6371
730 3629 0 6371
731 3629 0 6371
732 3629 0 6371
733 3629 0 6371
734 3629 0 6371
735 3629 0 6371
736 3629 0 6371
737 3629 0 6371
738 3629 0 6371
739 3629 0 6371
740 3629 0 6371
741 3629 0 6371
742 3629 0 6371
743 3629 0 6371
744 3629 0 6371
745 3629 0 6371
746 3629 0 6371
747 3629 0 6371
748 3629 0 6371
749 3629 0 6371
750 3629 0 6371
751 3629 0 6371
752 3629 0 6371
753 3629 0 6371
754 3629 0 6371
755 3629 0 6371
756 3629 0 6371
757 3629 0 6371
758 3629 0 6371
759 3629 0 6371
760 3629 0 6371
761 3629 0 6371
762 3629 0 6371
763 3629 0 6371
764 3629 0 6371
765 3629 0 6371
766 3629 0 6371
767 3629 0 6371
768 3629 0 6371
769 3629 0 6371
770 3629 0 6371
771 3629 0 6371
772 3629 0 6371
773 3629 0 6371
774 3629 0 6371
775 3629 0 6371
776 3629 0 6371
777 3629 0 6371
778 3629 0 6371
779 3629 0 6371
780 3629 0 6371
781 3629 0 6371
782 3629 0 6371
783 3629 0 6371
784 3629 0 6371
785 3629 0 6371
786 3629 0 6371
787 3629 0 6371
788 3629 0 6371
789 3629 0 6371
790 3629 0 6371
791 3629 0 6371
792 3629 0 6371
793 3629 0 6371
794 3629 0 6371
795 3629 0 6371
796 3629 0 6371
797 3629 0 6371
798 3629 0 6371
799 3629 0 6371
800 3629 0 6371
801 3629 0 6371
802 3629 0 6371
803 3629 0 6371
804 3629 0 6371
805 3629 0 6371
806 3629 0 6371
807 3629 0 6371
808 3629 0 6371
809 3629 0 6371
810 3629 0 6371
811 3629 0 6371
812 3629 0 6371
813 3629 0 6371
814 3629 0 6371
815 3629 0 6371
816 3629 0 6371
817 3629 0 6371
818 3629 0 6371
819 3629 0 6371
820 3629 0 6371
821 3629 0 6371
822 3629 0 6371
823 3629 0 6371
824 3629 0 6371
825 3629 0 6371
826 3629 0 6371
827 3629 0 6371
828 3629 0 6371
829 3629 0 6371
830 3629 0 6371
831 3629 0 6371
832 3629 0 6371
833 3629 0 6371
834 3629 0 6371
835 3629 0 6371
836 3629 0 6371
837 3629 0 6371
838 3629 0 6371
839 3629 0 6371
840 3629 0 6371
841 3629 0 6371
842 3629 0 6371
843 3629 0 6371
844 3629 0 6371
845 3629 0 6371
846 3629 0 6371
847 3629 0 6371
848 3629 0 6371
849 3629 0 6371
850 3629 0 6371
851 3629 0 6371
852 3629 0 6371
853 3629 0 6371
854 3629 0 6371
855 3629 0 6371
856 3629 0 6371
857 3629 0 6371
858 3629 0 6371
859 3629 0 6371
860 3629 0 6371
861 3629 0 6371
862 3629 0 6371
863 3629 0 6371
864 3629 0 6371
865 3629 0 6371
866 3629 0 6371
867 3629 0 6371
868 3629 0 6371
869 3629 0 6371
870 3629 0 6371
871 3629 0 6371
872 3629 0 6371
873 3629 0 6371
874 3629 0 6371
875 3629 0 6371
876 3629 0 6371
877 3629 0 6371
878 3629 0 6371
879 3629 0 6371
880 3629 0 6371
881 3629 0 6371
882 3629 0 6371
883 3629 0 6371
884 3629 0 6371
885 3629 0 6371
886 3629 0 6371
887 3629 0 6371
888 3629 0 6371
889 3629 0 6371
890 3629 0 6371
891 3629 0 6371
892 3629 0 6371
893 3629 0 6371
894 3629 0 6371
895 3629 0 6371
896 3629 0 6371
897 3629 0 6371
898 3629 0 6371
899 3629 0 6371
900 3629 0 6371
901 3629 0 6371
902 3629 0 6371
903 3629 0 6371
904 3629 0 6371
905 3629 0 6371
906 3629 0 6371
907 3629 0 6371
908 3629 0 6371
909 3629 0 6371
910 3629 0 6371
911 3629 0 6371
912 3629 0 6371
913 3629 0 6371
914 3629 0 6371
915 3629 0 6371
916 3629 0 6371
917 3629 0 6371
918 3629 0 6371
919 3629 0 6371
920 3629 0 6371
921 3629 0 6371
922 3629 0 6371
923 3629 0 6371
924 3629 0 6371
925 3629 0 6371
926 3629 0 6371
927 3629 0 6371
928 3629 0 6371
929 3629 0 6371
930 3629 0 6371
931 3629 0 6371
932 3629 0 6371
933 3629 0 6371
934 3629 0 6371
935 3629 0 6371
936 3629 0 6371
937 3629 0 6371
938 3629 0 6371
939 3629 0 6371
940 3629 0 6371
941 3629 0 6371
942 3629 0 6371
943 3629 0 6371
944 3629 0 6371
945 3629 0 6371
946 3629 0 6371
947 3629 0 6371
948 3629 0 6371
949 3629 0 6371
950 3629 0 6371
951 3629 0 6371
952 3629 0 6371
953 3629 0 6371
954 3629 0 6371
955 3629 0 6371
956 3629 0 6371
957 3629 0 6371
958 3629 0 6371
959 3629 0 6371
960 3629 0 6371
961 3629 0 6371
962 3629 0 6371
963 3629 0 6371
964 3629 0 6371
965 3629 0 6371
966 3629 0 6371
967 3629 0 6371
968 3629 0 6371
969 3629 0 6371
970 3629 0 6371
971 3629 0 6371
972 3629 0 6371
973 3629 0 6371
974 3629 0 6371
975 3629 0 6371
976 3629 0 6371
977 3629 0 6371
978 3629 0 6371
979 3629 0 6371
980 3629 0 6371
981 3629 0 6371
982 3629 0 6371
983 3629 0 6371
984 3629 0 6371
985 3629 0 6371
986 3629 0 6371
987 3629 0 6371
988 3629 0 6371
989 3629 0 6371
990 3629 0 6371
991 3629 0 6371
992 3629 0 6371
993 3629 0 6371
994 3629 0 6371
995 3629 0 6371
996 3629 0 6371
997 3629 0 6371
998 3629 0 6371
999 3629 0 6371
