0 9999 1 0
1 9997 3 0
2 9996 2 2
3 9995 3 2
4 9994 4 2
5 9993 4 3
6 9992 4 4
7 9989 6 5
8 9988 7 5
9 9988 5 7
10 9987 4 9
11 9986 3 11
12 9984 5 11
13 9983 6 11
14 9980 8 12
15 9979 7 14
16 9977 7 16
17 9972 10 18
18 9970 10 20
19 9966 14 20
20 9961 17 22
21 9956 17 27
22 9955 16 29
23 9953 13 34
24 9948 18 34
25 9944 16 40
26 9932 24 44
27 9927 25 48
28 9924 25 51
29 9919 23 58
30 9919 19 62
31 9916 18 66
32 9910 20 70
33 9905 23 72
34 9897 25 78
35 9895 22 83
36 9884 28 88
37 9877 34 89
38 9867 35 98
39 9855 39 106
40 9847 45 108
41 9838 51 111
42 9821 59 120
43 9815 55 130
44 9810 47 143
45 9803 49 148
46 9801 43 156
47 9794 45 161
48 9789 42 169
49 9784 41 175
50 9782 35 183
51 9776 37 187
52 9769 37 194
53 9759 38 203
54 9753 36 211
55 9748 31 221
56 9739 37 224
57 9721 48 231
58 9708 52 240
59 9703 48 249
60 9695 47 258
61 9677 58 265
62 9662 67 271
63 9640 80 280
64 9620 88 292
65 9603 92 305
66 9589 91 320
67 9579 83 338
68 9566 78 356
69 9560 73 367
70 9546 74 380
71 9537 66 397
72 9527 62 411
73 9518 57 425
74 9513 52 435
75 9505 54 441
76 9500 48 452
77 9493 44 463
78 9487 44 469
79 9477 45 478
80 9467 44 489
81 9455 51 494
82 9446 50 504
83 9433 54 513
84 9424 47 529
85 9419 41 540
86 9415 36 549
87 9404 41 555
88 9392 41 567
89 9387 38 575
90 9383 29 588
91 9376 31 593
92 9368 33 599
93 9366 27 607
94 9361 25 614
95 9357 25 618
96 9350 29 621
97 9339 34 627
98 9334 32 634
99 9327 35 638
100 9322 34 644
101 9314 34 652
102 9304 40 656
103 9291 45 664
104 9283 42 675
105 9267 48 685
106 9252 56 692
107 9236 63 701
108 9220 64 716
109 9208 64 728
110 9188 74 738
111 9174 78 748
112 9162 78 760
113 9146 79 775
114 9139 77 784
115 9121 86 793
116 9110 82 808
117 9090 89 821
118 9067 94 839
119 9051 95 854
120 9035 89 876
121 9021 87 892
122 9006 86 908
123 8989 94 917
124 8967 92 941
125 8959 82 959
126 8945 75 980
127 8934 72 994
128 8914 80 1006
129 8891 88 1021
130 8870 89 1041
131 8854 88 1058
132 8841 85 1074
133 8827 81 1092
134 8812 87 1101
135 8800 91 1109
136 8784 89 1127
137 8774 87 1139
138 8756 89 1155
139 8745 90 1165
140 8739 83 1178
141 8732 76 1192
142 8726 70 1204
143 8715 70 1215
144 8700 72 1228
145 8695 64 1241
146 8685 61 1254
147 8674 60 1266
148 8661 63 1276
149 8650 60 1290
150 8642 59 1299
151 8626 67 1307
152 8613 62 1325
153 8604 61 1335
154 8600 59 1341
155 8586 58 1356
156 8574 61 1365
157 8563 59 1378
158 8543 70 1387
159 8531 67 1402
160 8513 73 1414
161 8499 73 1428
162 8487 76 1437
163 8472 80 1448
164 8467 78 1455
165 8454 79 1467
166 8441 76 1483
167 8430 73 1497
168 8420 69 1511
169 8411 63 1526
170 8396 68 1536
171 8385 66 1549
172 8371 64 1565
173 8363 64 1573
174 8357 58 1585
175 8352 54 1594
176 8340 57 1603
177 8332 50 1618
178 8317 53 1630
179 8307 53 1640
180 8295 57 1648
181 8287 57 1656
182 8274 59 1667
183 8263 58 1679
184 8247 62 1691
185 8233 66 1701
186 8220 65 1715
187 8196 76 1728
188 8173 84 1743
189 8160 81 1759
190 8145 82 1773
191 8127 91 1782
192 8108 95 1797
193 8089 98 1813
194 8069 103 1828
195 8034 112 1854
196 8014 114 1872
197 7995 106 1899
198 7962 120 1918
199 7941 123 1936
200 7905 140 1955
201 7887 131 1982
202 7862 128 2010
203 7839 127 2034
204 7818 124 2058
205 7781 147 2072
206 7754 153 2093
207 7722 157 2121
208 7693 161 2146
209 7653 172 2175
210 7620 181 2199
211 7585 189 2226
212 7545 194 2261
213 7499 208 2293
214 7465 212 2323
215 7439 194 2367
216 7411 188 2401
217 7386 177 2437
218 7361 164 2475
219 7333 158 2509
220 7310 157 2533
221 7295 146 2559
222 7277 139 2584
223 7247 141 2612
224 7231 134 2635
225 7217 124 2659
226 7198 125 2677
227 7177 124 2699
228 7158 119 2723
229 7129 130 2741
230 7108 126 2766
231 7094 124 2782
232 7072 123 2805
233 7053 122 2825
234 7042 103 2855
235 7023 96 2881
236 7003 103 2894
237 6985 101 2914
238 6976 90 2934
239 6965 73 2962
240 6952 74 2974
241 6944 68 2988
242 6933 68 2999
243 6918 69 3013
244 6909 63 3028
245 6892 67 3041
246 6883 67 3050
247 6874 64 3062
248 6863 65 3072
249 6853 69 3078
250 6834 74 3092
251 6818 75 3107
252 6801 73 3126
253 6787 74 3139
254 6777 77 3146
255 6764 79 3157
256 6754 73 3173
257 6740 71 3189
258 6729 68 3203
259 6721 61 3218
260 6703 68 3229
261 6694 62 3244
262 6679 66 3255
263 6669 68 3263
264 6658 65 3277
265 6644 70 3286
266 6627 67 3306
267 6619 63 3318
268 6608 64 3328
269 6597 66 3337
270 6581 71 3348
271 6568 66 3366
272 6555 70 3375
273 6536 76 3388
274 6522 76 3402
275 6512 73 3415
276 6494 75 3431
277 6482 70 3448
278 6466 74 3460
279 6443 80 3477
280 6431 81 3488
281 6419 77 3504
282 6400 83 3517
283 6388 84 3528
284 6373 88 3539
285 6364 87 3549
286 6353 82 3565
287 6335 86 3579
288 6321 83 3596
289 6307 80 3613
290 6290 87 3623
291 6273 90 3637
292 6259 86 3655
293 6238 87 3675
294 6222 87 3691
295 6200 97 3703
296 6178 110 3712
297 6150 124 3726
298 6129 122 3749
299 6106 121 3773
300 6081 120 3799
301 6070 107 3823
302 6051 111 3838
303 6039 98 3863
304 6016 102 3882
305 5996 104 3900
306 5963 116 3921
307 5940 108 3952
308 5924 104 3972
309 5897 112 3991
310 5870 123 4007
311 5840 127 4033
312 5809 131 4060
313 5787 131 4082
314 5761 133 4106
315 5730 137 4133
316 5688 161 4151
317 5656 162 4182
318 5633 158 4209
319 5611 148 4241
320 5584 149 4267
321 5570 139 4291
322 5549 121 4330
323 5531 116 4353
324 5518 113 4369
325 5498 115 4387
326 5481 119 4400
327 5462 119 4419
328 5452 111 4437
329 5435 106 4459
330 5418 93 4489
331 5398 96 4506
332 5383 97 4520
333 5369 94 4537
334 5353 94 4553
335 5332 100 4568
336 5315 104 4581
337 5299 102 4599
338 5270 115 4615
339 5255 108 4637
340 5239 106 4655
341 5218 101 4681
342 5193 108 4699
343 5173 110 4717
344 5157 97 4746
345 5134 93 4773
346 5124 84 4792
347 5111 80 4809
348 5101 81 4818
349 5086 80 4834
350 5077 69 4854
351 5070 60 4870
352 5061 58 4881
353 5050 56 4894
354 5039 56 4905
355 5031 55 4914
356 5020 61 4919
357 5009 56 4935
358 4995 54 4951
359 4988 52 4960
360 4974 62 4964
361 4954 77 4969
362 4937 82 4981
363 4923 81 4996
364 4913 80 5007
365 4899 82 5019
366 4885 75 5040
367 4875 67 5058
368 4861 67 5072
369 4844 73 5083
370 4831 73 5096
371 4817 77 5106
372 4806 71 5123
373 4794 70 5136
374 4777 76 5147
375 4768 75 5157
376 4758 77 5165
377 4753 73 5174
378 4745 66 5189
379 4734 58 5208
380 4726 50 5224
381 4714 52 5234
382 4711 44 5245
383 4706 47 5247
384 4699 51 5250
385 4690 51 5259
386 4688 48 5264
387 4678 50 5272
388 4672 48 5280
389 4666 46 5288
390 4662 40 5298
391 4652 43 5305
392 4645 43 5312
393 4639 45 5316
394 4633 47 5320
395 4624 50 5326
396 4612 57 5331
397 4609 45 5346
398 4600 46 5354
399 4595 40 5365
400 4587 47 5366
401 4581 47 5372
402 4576 45 5379
403 4567 50 5383
404 4552 56 5392
405 4539 51 5410
406 4524 56 5420
407 4509 61 5430
408 4495 64 5441
409 4483 66 5451
410 4472 67 5461
411 4455 70 5475
412 4445 69 5486
413 4431 69 5500
414 4415 70 5515
415 4403 72 5525
416 4391 70 5539
417 4388 67 5545
418 4370 67 5563
419 4361 66 5573
420 4351 68 5581
421 4339 59 5602
422 4324 66 5610
423 4306 76 5618
424 4296 74 5630
425 4287 72 5641
426 4271 76 5653
427 4257 79 5664
428 4239 87 5674
429 4221 90 5689
430 4210 77 5713
431 4205 71 5724
432 4198 55 5747
433 4196 47 5757
434 4185 52 5763
435 4177 55 5768
436 4172 50 5778
437 4167 50 5783
438 4158 53 5789
439 4152 52 5796
440 4139 60 5801
441 4132 54 5814
442 4132 44 5824
443 4125 43 5832
444 4118 41 5841
445 4110 42 5848
446 4105 40 5855
447 4099 42 5859
448 4089 41 5870
449 4078 44 5878
450 4073 37 5890
451 4067 39 5894
452 4059 40 5901
453 4055 34 5911
454 4046 38 5916
455 4033 44 5923
456 4029 40 5931
457 4019 40 5941
458 4004 45 5951
459 3996 41 5963
460 3988 45 5967
461 3971 54 5975
462 3958 54 5988
463 3949 54 5997
464 3937 56 6007
465 3924 59 6017
466 3911 63 6026
467 3896 68 6036
468 3882 67 6051
469 3875 59 6066
470 3865 57 6078
471 3857 58 6085
472 3842 61 6097
473 3827 62 6111
474 3818 62 6120
475 3799 69 6132
476 3787 70 6143
477 3777 68 6155
478 3762 70 6168
479 3747 72 6181
480 3735 65 6200
481 3718 71 6211
482 3704 73 6223
483 3690 78 6232
484 3676 76 6248
485 3660 82 6258
486 3644 84 6272
487 3616 100 6284
488 3603 95 6302
489 3591 88 6321
490 3582 77 6341
491 3574 67 6359
492 3564 61 6375
493 3557 58 6385
494 3550 56 6394
495 3543 52 6405
496 3537 51 6412
497 3532 44 6424
498 3525 41 6434
499 3518 42 6440
500 3508 41 6451
501 3500 40 6460
502 3496 39 6465
503 3494 36 6470
504 3493 29 6478
505 3491 26 6483
506 3491 23 6486
507 3487 25 6488
508 3487 19 6494
509 3487 12 6501
510 3487 11 6502
511 3487 11 6502
512 3486 11 6503
513 3486 9 6505
514 3486 8 6506
515 3486 6 6508
516 3486 4 6510
517 3483 7 6510
518 3481 6 6513
519 3479 7 6514
520 3478 4 6518
521 3477 5 6518
522 3476 4 6520
523 3475 5 6520
524 3475 4 6521
525 3475 4 6521
526 3472 4 6524
527 3468 7 6525
528 3466 9 6525
529 3466 9 6525
530 3462 10 6528
531 3461 9 6530
532 3460 6 6534
533 3459 7 6534
534 3459 6 6535
535 3459 5 6536
536 3459 4 6537
537 3458 5 6537
538 3458 3 6539
539 3458 2 6540
540 3458 1 6541
541 3458 1 6541
542 3457 2 6541
543 3457 2 6541
544 3456 2 6542
545 3456 2 6542
546 3456 2 6542
547 3456 2 6542
548 3455 3 6542
549 3455 2 6543
550 3455 1 6544
551 3455 1 6544
552 3455 1 6544
553 3455 1 6544
554 3454 2 6544
555 3453 3 6544
556 3451 5 6544
557 3448 8 6544
558 3444 11 6545
559 3443 12 6545
560 3443 9 6548
561 3442 8 6550
562 3442 7 6551
563 3442 6 6552
564 3442 5 6553
565 3441 5 6554
566 3441 5 6554
567 3441 5 6554
568 3441 4 6555
569 3441 2 6557
570 3441 0 6559
571 3441 0 6559
572 3441 0 6559
573 3441 0 6559
574 3441 0 6559
575 3441 0 6559
576 3441 0 6559
577 3441 0 6559
578 3441 0 6559
579 3441 0 6559
580 3441 0 6559
581 3441 0 6559
582 3441 0 6559
583 3441 0 6559
584 3441 0 6559
585 3441 0 6559
586 3441 0 6559
587 3441 0 6559
588 3441 0 6559
589 3441 0 6559
590 3441 0 6559
591 3441 0 6559
592 3441 0 6559
593 3441 0 6559
594 3441 0 6559
595 3441 0 6559
596 3441 0 6559
597 3441 0 6559
598 3441 0 6559
599 3441 0 6559
600 3441 0 6559
601 3441 0 6559
602 3441 0 6559
603 3441 0 6559
604 3441 0 6559
605 3441 0 6559
606 3441 0 6559
607 3441 0 6559
608 3441 0 6559
609 3441 0 6559
610 3441 0 6559
611 3441 0 6559
612 3441 0 6559
613 3441 0 6559
614 3441 0 6559
615 3441 0 6559
616 3441 0 6559
617 3441 0 6559
618 3441 0 6559
619 3441 0 6559
620 3441 0 6559
621 3441 0 6559
622 3441 0 6559
623 3441 0 6559
624 3441 0 6559
625 3441 0 6559
626 3441 0 6559
627 3441 0 6559
628 3441 0 6559
629 3441 0 6559
630 3441 0 6559
631 3441 0 6559
632 3441 0 6559
633 3441 0 6559
634 3441 0 6559
635 3441 0 6559
636 3441 0 6559
637 3441 0 6559
638 3441 0 6559
639 3441 0 6559
640 3441 0 6559
641 3441 0 6559
642 3441 0 6559
643 3441 0 6559
644 3441 0 6559
645 3441 0 6559
646 3441 0 6559
647 3441 0 6559
648 3441 0 6559
649 3441 0 6559
650 3441 0 6559
651 3441 0 6559
652 3441 0 6559
653 3441 0 6559
654 3441 0 6559
655 3441 0 6559
656 3441 0 6559
657 3441 0 6559
658 3441 0 6559
659 3441 0 6559
660 3441 0 6559
661 3441 0 6559
662 3441 0 6559
663 3441 0 6559
664 3441 0 6559
665 3441 0 6559
666 3441 0 6559
667 3441 0 6559
668 3441 0 6559
669 3441 0 6559
670 3441 0 6559
671 3441 0 6559
672 3441 0 6559
673 3441 0 6559
674 3441 0 6559
675 3441 0 6559
676 3441 0 6559
677 3441 0 6559
678 3441 0 6559
679 3441 0 6559
680 3441 0 6559
681 3441 0 6559
682 3441 0 6559
683 3441 0 6559
684 3441 0 6559
685 3441 0 6559
686 3441 0 6559
687 3441 0 6559
688 3441 0 6559
689 3441 0 6559
690 3441 0 6559
691 3441 0 6559
692 3441 0 6559
693 3441 0 6559
694 3441 0 6559
695 3441 0 6559
696 3441 0 6559
697 3441 0 6559
698 3441 0 6559
699 3441 0 6559
700 3441 0 6559
701 3441 0 6559
702 3441 0 6559
703 3441 0 6559
704 3441 0 6559
705 3441 0 6559
706 3441 0 6559
707 3441 0 6559
708 3441 0 6559
709 3441 0 6559
710 3441 0 6559
711 3441 0 6559
712 3441 0 6559
713 3441 0 6559
714 3441 0 6559
715 3441 0 6559
716 3441 0 6559
717 3441 0 6559
718 3441 0 6559
719 3441 0 6559
720 3441 0 6559
721 3441 0 6559
722 3441 0 6559
723 3441 0 6559
724 3441 0 6559
725 3441 0 6559
726 3441 0 6559
727 3441 0 6559
728 3441 0 6559
729 3441 0 6559
730 3441 0 6559
731 3441 0 6559
732 3441 0 6559
733 3441 0 6559
734 3441 0 6559
735 3441 0 6559
736 3441 0 6559
737 3441 0 6559
738 3441 0 6559
739 3441 0 6559
740 3441 0 6559
741 3441 0 6559
742 3441 0 6559
743 3441 0 6559
744 3441 0 6559
745 3441 0 6559
746 3441 0 6559
747 3441 0 6559
748 3441 0 6559
749 3441 0 6559
750 3441 0 6559
751 3441 0 6559
752 3441 0 6559
753 3441 0 6559
754 3441 0 6559
755 3441 0 6559
756 3441 0 6559
757 3441 0 6559
758 3441 0 6559
759 3441 0 6559
760 3441 0 6559
761 3441 0 6559
762 3441 0 6559
763 3441 0 6559
764 3441 0 6559
765 3441 0 6559
766 3441 0 6559
767 3441 0 6559
768 3441 0 6559
769 3441 0 6559
770 3441 0 6559
771 3441 0 6559
772 3441 0 6559
773 3441 0 6559
774 3441 0 6559
775 3441 0 6559
776 3441 0 6559
777 3441 0 6559
778 3441 0 6559
779 3441 0 6559
780 3441 0 6559
781 3441 0 6559
782 3441 0 6559
783 3441 0 6559
784 3441 0 6559
785 3441 0 6559
786 3441 0 6559
787 3441 0 6559
788 3441 0 6559
789 3441 0 6559
790 3441 0 6559
791 3441 0 6559
792 3441 0 6559
793 3441 0 6559
794 3441 0 6559
795 3441 0 6559
796 3441 0 6559
797 3441 0 6559
798 3441 0 6559
799 3441 0 6559
800 3441 0 6559
801 3441 0 6559
802 3441 0 6559
803 3441 0 6559
804 3441 0 6559
805 3441 0 6559
806 3441 0 6559
807 3441 0 6559
808 3441 0 6559
809 3441 0 6559
810 3441 0 6559
811 3441 0 6559
812 3441 0 6559
813 3441 0 6559
814 3441 0 6559
815 3441 0 6559
816 3441 0 6559
817 3441 0 6559
818 3441 0 6559
819 3441 0 6559
820 3441 0 6559
821 3441 0 6559
822 3441 0 6559
823 3441 0 6559
824 3441 0 6559
825 3441 0 6559
826 3441 0 6559
827 3441 0 6559
828 3441 0 6559
829 3441 0 6559
830 3441 0 6559
831 3441 0 6559
832 3441 0 6559
833 3441 0 6559
834 3441 0 6559
835 3441 0 6559
836 3441 0 6559
837 3441 0 6559
838 3441 0 6559
839 3441 0 6559
840 3441 0 6559
841 3441 0 6559
842 3441 0 6559
843 3441 0 6559
844 3441 0 6559
845 3441 0 6559
846 3441 0 6559
847 3441 0 6559
848 3441 0 6559
849 3441 0 6559
850 3441 0 6559
851 3441 0 6559
852 3441 0 6559
853 3441 0 6559
854 3441 0 6559
855 3441 0 6559
856 3441 0 6559
857 3441 0 6559
858 3441 0 6559
859 3441 0 6559
860 3441 0 6559
861 3441 0 6559
862 3441 0 6559
863 3441 0 6559
864 3441 0 6559
865 3441 0 6559
866 3441 0 6559
867 3441 0 6559
868 3441 0 6559
869 3441 0 6559
870 3441 0 6559
871 3441 0 6559
872 3441 0 6559
873 3441 0 6559
874 3441 0 6559
875 3441 0 6559
876 3441 0 6559
877 3441 0 6559
878 3441 0 6559
879 3441 0 6559
880 3441 0 6559
881 3441 0 6559
882 3441 0 6559
883 3441 0 6559
884 3441 0 6559
885 3441 0 6559
886 3441 0 6559
887 3441 0 6559
888 3441 0 6559
889 3441 0 6559
890 3441 0 6559
891 3441 0 6559
892 3441 0 6559
893 3441 0 6559
894 3441 0 6559
895 3441 0 6559
896 3441 0 6559
897 3441 0 6559
898 3441 0 6559
899 3441 0 6559
900 3441 0 6559
901 3441 0 6559
902 3441 0 6559
903 3441 0 6559
904 3441 0 6559
905 3441 0 6559
906 3441 0 6559
907 3441 0 6559
908 3441 0 6559
909 3441 0 6559
910 3441 0 6559
911 3441 0 6559
912 3441 0 6559
913 3441 0 6559
914 3441 0 6559
915 3441 0 6559
916 3441 0 6559
917 3441 0 6559
918 3441 0 6559
919 3441 0 6559
920 3441 0 6559
921 3441 0 6559
922 3441 0 6559
923 3441 0 6559
924 3441 0 6559
925 3441 0 6559
926 3441 0 6559
927 3441 0 6559
928 3441 0 6559
929 3441 0 6559
930 3441 0 6559
931 3441 0 6559
932 3441 0 6559
933 3441 0 6559
934 3441 0 6559
935 3441 0 6559
936 3441 0 6559
937 3441 0 6559
938 3441 0 6559
939 3441 0 6559
940 3441 0 6559
941 3441 0 6559
942 3441 0 6559
943 3441 0 6559
944 3441 0 6559
945 3441 0 6559
946 3441 0 6559
947 3441 0 6559
948 3441 0 6559
949 3441 0 6559
950 3441 0 6559
951 3441 0 6559
952 3441 0 6559
953 3441 0 6559
954 3441 0 6559
955 3441 0 6559
956 3441 0 6559
957 3441 0 6559
958 3441 0 6559
959 3441 0 6559
960 3441 0 6559
961 3441 0 6559
962 3441 0 6559
963 3441 0 6559
964 3441 0 6559
965 3441 0 6559
966 3441 0 6559
967 3441 0 6559
968 3441 0 6559
969 3441 0 6559
970 3441 0 6559
971 3441 0 6559
972 3441 0 6559
973 3441 0 6559
974 3441 0 6559
975 3441 0 6559
976 3441 0 6559
977 3441 0 6559
978 3441 0 6559
979 3441 0 6559
980 3441 0 6559
981 3441 0 6559
982 3441 0 6559
983 3441 0 6559
984 3441 0 6559
985 3441 0 6559
986 3441 0 6559
987 3441 0 6559
988 3441 0 6559
989 3441 0 6559
990 3441 0 6559
991 3441 0 6559
992 3441 0 6559
993 3441 0 6559
994 3441 0 6559
995 3441 0 6559
996 3441 0 6559
997 3441 0 6559
998 3441 0 6559
999 3441 0 6559
