0 9999 1 0
1 9999 1 0
2 9997 2 1
3 9997 2 1
4 9997 2 1
5 9997 1 2
6 9996 2 2
7 9992 6 2
8 9991 7 2
9 9987 11 2
10 9982 13 5
11 9979 12 9
12 9977 14 9
13 9975 14 11
14 9970 19 11
15 9967 22 11
16 9963 23 14
17 9960 22 18
18 9958 16 26
19 9957 16 27
20 9956 16 28
21 9956 11 33
22 9953 11 36
23 9951 10 39
24 9949 9 42
25 9946 11 43
26 9940 17 43
27 9932 21 47
28 9926 21 53
29 9919 27 54
30 9909 32 59
31 9905 32 63
32 9898 31 71
33 9896 27 77
34 9892 25 83
35 9886 25 89
36 9878 26 96
37 9872 22 106
38 9865 27 108
39 9858 31 111
40 9853 25 122
41 9847 26 127
42 9844 27 129
43 9839 27 134
44 9830 31 139
45 9821 29 150
46 9810 37 153
47 9797 43 160
48 9790 42 168
49 9784 41 175
50 9772 44 184
51 9760 48 192
52 9750 48 202
53 9740 50 210
54 9738 41 221
55 9732 39 229
56 9726 40 234
57 9722 36 242
58 9706 47 247
59 9692 53 255
60 9688 48 264
61 9676 55 269
62 9661 63 276
63 9645 67 288
64 9635 62 303
65 9621 66 313
66 9606 70 324
67 9591 72 337
68 9574 84 342
69 9559 91 350
70 9536 103 361
71 9523 94 383
72 9502 95 403
73 9492 85 423
74 9479 88 433
75 9467 85 448
76 9449 90 461
77 9436 89 475
78 9424 87 489
79 9404 93 503
80 9384 98 518
81 9377 91 532
82 9367 86 547
83 9351 86 563
84 9337 87 576
85 9331 86 583
86 9320 82 598
87 9307 83 610
88 9286 96 618
89 9272 93 635
90 9256 91 653
91 9240 91 669
92 9228 89 683
93 9210 93 697
94 9196 90 714
95 9188 84 728
96 9170 88 742
97 9153 89 758
98 9139 83 778
99 9117 89 794
100 9094 96 810
101 9066 111 823
102 9036 120 844
103 9014 122 864
104 8985 130 885
105 8964 136 900
106 8937 135 928
107 8915 129 956
108 8887 129 984
109 8854 139 1007
110 8819 153 1028
111 8782 157 1061
112 8750 157 1093
113 8725 165 1110
114 8702 154 1144
115 8677 148 1175
116 8645 151 1204
117 8614 158 1228
118 8594 156 1250
119 8564 156 1280
120 8538 156 1306
121 8513 149 1338
122 8485 145 1370
123 8457 149 1394
124 8431 154 1415
125 8403 158 1439
126 8377 157 1466
127 8347 152 1501
128 8320 152 1528
129 8283 155 1562
130 8248 164 1588
131 8219 163 1618
132 8183 167 1650
133 8154 171 1675
134 8127 164 1709
135 8097 170 1733
136 8066 171 1763
137 8030 175 1795
138 7998 176 1826
139 7976 164 1860
140 7962 141 1897
141 7938 137 1925
142 7914 131 1955
143 7893 126 1981
144 7865 138 1997
145 7839 141 2020
146 7808 142 2050
147 7796 134 2070
148 7762 147 2091
149 7727 164 2109
150 7688 168 2144
151 7656 175 2169
152 7633 169 2198
153 7612 153 2235
154 7588 159 2253
155 7554 166 2280
156 7536 156 2308
157 7512 153 2335
158 7480 156 2364
159 7463 152 2385
160 7436 152 2412
161 7408 150 2442
162 7388 147 2465
163 7353 156 2491
164 7333 152 2515
165 7294 169 2537
166 7268 167 2565
167 7237 163 2600
168 7209 159 2632
169 7178 158 2664
170 7154 152 2694
171 7124 161 2715
172 7091 168 2741
173 7058 161 2781
174 7028 164 2808
175 6993 177 2830
176 6963 178 2859
177 6924 188 2888
178 6871 208 2921
179 6830 219 2951
180 6787 220 2993
181 6747 207 3046
182 6704 211 3085
183 6662 210 3128
184 6626 206 3168
185 6596 201 3203
186 6566 192 3242
187 6524 204 3272
188 6494 203 3303
189 6466 192 3342
190 6438 184 3378
191 6407 176 3417
192 6379 171 3450
193 6339 181 3480
194 6305 183 3512
195 6272 191 3537
196 6234 194 3572
197 6208 186 3606
198 6176 197 3627
199 6147 186 3667
200 6114 184 3702
201 6085 182 3733
202 6056 176 3768
203 6031 175 3794
204 5994 181 3825
205 5952 194 3854
206 5920 202 3878
207 5891 204 3905
208 5869 187 3944
209 5841 176 3983
210 5813 182 4005
211 5784 182 4034
212 5750 186 4064
213 5725 176 4099
214 5690 180 4130
215 5667 179 4154
216 5636 180 4184
217 5612 182 4206
218 5585 174 4241
219 5568 164 4268
220 5543 160 4297
221 5512 167 4321
222 5486 170 4344
223 5469 157 4374
224 5447 152 4401
225 5416 153 4431
226 5393 152 4455
227 5371 152 4477
228 5347 154 4499
229 5325 144 4531
230 5297 147 4556
231 5270 144 4586
232 5256 125 4619
233 5240 111 4649
234 5208 116 4676
235 5185 110 4705
236 5172 103 4725
237 5153 103 4744
238 5133 109 4758
239 5113 107 4780
240 5102 96 4802
241 5087 88 4825
242 5073 88 4839
243 5052 98 4850
244 5018 109 4873
245 4998 109 4893
246 4978 109 4913
247 4950 119 4931
248 4921 130 4949
249 4905 127 4968
250 4892 119 4989
251 4869 121 5010
252 4842 125 5033
253 4807 136 5057
254 4786 135 5079
255 4764 127 5109
256 4735 133 5132
257 4715 128 5157
258 4691 127 5182
259 4659 128 5213
260 4631 134 5235
261 4612 128 5260
262 4593 130 5277
263 4575 120 5305
264 4544 131 5325
265 4517 138 5345
266 4507 125 5368
267 4485 121 5394
268 4475 108 5417
269 4459 106 5435
270 4447 101 5452
271 4426 102 5472
272 4412 103 5485
273 4394 103 5503
274 4377 100 5523
275 4360 96 5544
276 4344 92 5564
277 4332 86 5582
278 4320 84 5596
279 4305 81 5614
280 4295 76 5629
281 4287 70 5643
282 4276 70 5654
283 4262 78 5660
284 4251 76 5673
285 4237 81 5682
286 4220 80 5700
287 4207 75 5718
288 4193 80 5727
289 4172 83 5745
290 4156 86 5758
291 4139 91 5770
292 4124 89 5787
293 4109 83 5808
294 4098 81 5821
295 4087 79 5834
296 4077 79 5844
297 4063 79 5858
298 4056 74 5870
299 4041 78 5881
300 4034 73 5893
301 4021 68 5911
302 4014 61 5925
303 4006 60 5934
304 3997 64 5939
305 3985 62 5953
306 3977 57 5966
307 3967 59 5974
308 3954 62 5984
309 3948 59 5993
310 3943 54 6003
311 3936 54 6010
312 3930 50 6020
313 3925 49 6026
314 3922 45 6033
315 3918 42 6040
316 3907 41 6052
317 3902 38 6060
318 3898 36 6066
319 3892 37 6071
320 3882 40 6078
321 3878 38 6084
322 3868 43 6089
323 3865 36 6099
324 3856 39 6105
325 3852 36 6112
326 3848 30 6122
327 3838 37 6125
328 3824 44 6132
329 3820 40 6140
330 3808 43 6149
331 3801 43 6156
332 3790 48 6162
333 3784 42 6174
334 3776 41 6183
335 3767 42 6191
336 3756 43 6201
337 3751 46 6203
338 3741 48 6211
339 3726 54 6220
340 3715 57 6228
341 3708 55 6237
342 3695 60 6245
343 3675 69 6256
344 3662 73 6265
345 3653 63 6284
346 3635 77 6288
347 3624 77 6299
348 3616 70 6314
349 3608 64 6328
350 3600 64 6336
351 3590 63 6347
352 3574 67 6359
353 3564 63 6373
354 3547 70 6383
355 3530 80 6390
356 3511 85 6404
357 3499 88 6413
358 3484 87 6429
359 3463 91 6446
360 3453 82 6465
361 3445 79 6476
362 3435 73 6492
363 3422 75 6503
364 3411 70 6519
365 3392 76 6532
366 3367 84 6549
367 3349 87 6564
368 3342 81 6577
369 3316 95 6589
370 3302 98 6600
371 3291 89 6620
372 3279 84 6637
373 3271 77 6652
374 3257 70 6673
375 3248 68 6684
376 3227 79 6694
377 3200 85 6715
378 3190 83 6727
379 3173 85 6742
380 3159 83 6758
381 3149 72 6779
382 3137 72 6791
383 3126 71 6803
384 3112 71 6817
385 3096 79 6825
386 3083 80 6837
387 3075 75 6850
388 3064 76 6860
389 3053 74 6873
390 3032 83 6885
391 3023 81 6896
392 3008 78 6914
393 2997 77 6926
394 2976 83 6941
395 2961 83 6956
396 2952 75 6973
397 2936 74 6990
398 2928 70 7002
399 2912 74 7014
400 2892 81 7027
401 2875 87 7038
402 2858 85 7057
403 2836 84 7080
404 2824 82 7094
405 2817 73 7110
406 2801 76 7123
407 2792 70 7138
408 2778 72 7150
409 2759 79 7162
410 2742 87 7171
411 2729 80 7191
412 2717 81 7202
413 2696 85 7219
414 2679 85 7236
415 2670 83 7247
416 2663 78 7259
417 2655 79 7266
418 2644 74 7282
419 2627 79 7294
420 2614 75 7311
421 2600 79 7321
422 2584 77 7339
423 2572 72 7356
424 2568 67 7365
425 2562 60 7378
426 2554 60 7386
427 2550 51 7399
428 2548 42 7410
429 2545 40 7415
430 2543 37 7420
431 2542 33 7425
432 2539 29 7432
433 2537 30 7433
434 2532 30 7438
435 2528 25 7447
436 2525 24 7451
437 2523 24 7453
438 2521 24 7455
439 2520 21 7459
440 2519 18 7463
441 2517 16 7467
442 2515 17 7468
443 2511 16 7473
444 2503 21 7476
445 2499 24 7477
446 2486 30 7484
447 2477 34 7489
448 2468 39 7493
449 2463 34 7503
450 2460 30 7510
451 2450 33 7517
452 2447 32 7521
453 2441 35 7524
454 2436 31 7533
455 2434 27 7539
456 2428 28 7544
457 2421 27 7552
458 2418 29 7553
459 2415 24 7561
460 2411 22 7567
461 2406 26 7568
462 2400 25 7575
463 2389 31 7580
464 2382 33 7585
465 2378 26 7596
466 2369 32 7599
467 2362 34 7604
468 2358 34 7608
469 2351 35 7614
470 2345 33 7622
471 2341 30 7629
472 2334 32 7634
473 2328 34 7638
474 2322 36 7642
475 2316 33 7651
476 2310 35 7655
477 2308 33 7659
478 2306 33 7661
479 2305 29 7666
480 2302 25 7673
481 2296 29 7675
482 2290 28 7682
483 2283 30 7687
484 2278 29 7693
485 2276 28 7696
486 2270 30 7700
487 2266 23 7711
488 2261 25 7714
489 2254 29 7717
490 2246 35 7719
491 2239 35 7726
492 2232 39 7729
493 2221 41 7738
494 2217 36 7747
495 2205 45 7750
496 2195 49 7756
497 2186 49 7765
498 2182 45 7773
499 2175 45 7780
500 2175 38 7787
501 2174 36 7790
502 2168 34 7798
503 2166 30 7804
504 2166 25 7809
505 2163 27 7810
506 2161 24 7815
507 2159 24 7817
508 2156 27 7817
509 2154 27 7819
510 2152 28 7820
511 2148 29 7823
512 2144 30 7826
513 2139 33 7828
514 2136 31 7833
515 2132 26 7842
516 2125 27 7848
517 2122 29 7849
518 2119 29 7852
519 2115 27 7858
520 2108 28 7864
521 2104 27 7869
522 2098 30 7872
523 2094 30 7876
524 2090 28 7882
525 2085 28 7887
526 2081 26 7893
527 2070 34 7896
528 2062 36 7902
529 2058 34 7908
530 2048 41 7911
531 2041 42 7917
532 2036 38 7926
533 2031 41 7928
534 2026 40 7934
535 2021 40 7939
536 2016 41 7943
537 2011 39 7950
538 2009 36 7955
539 2009 31 7960
540 2006 29 7965
541 2006 27 7967
542 2001 25 7974
543 1998 24 7978
544 1996 19 7985
545 1996 14 7990
546 1996 12 7992
547 1996 12 7992
548 1996 8 7996
549 1996 8 7996
550 1996 8 7996
551 1996 7 7997
552 1996 5 7999
553 1996 5 7999
554 1996 4 8000
555 1996 4 8000
556 1996 2 8002
557 1996 1 8003
558 1996 1 8003
559 1996 1 8003
560 1996 1 8003
561 1996 1 8003
562 1996 1 8003
563 1996 1 8003
564 1996 1 8003
565 1996 1 8003
566 1996 0 8004
567 1996 0 8004
568 1996 0 8004
569 1996 0 8004
570 1996 0 8004
571 1996 0 8004
572 1996 0 8004
573 1996 0 8004
574 1996 0 8004
575 1996 0 8004
576 1996 0 8004
577 1996 0 8004
578 1996 0 8004
579 1996 0 8004
580 1996 0 8004
581 1996 0 8004
582 1996 0 8004
583 1996 0 8004
584 1996 0 8004
585 1996 0 8004
586 1996 0 8004
587 1996 0 8004
588 1996 0 8004
589 1996 0 8004
590 1996 0 8004
591 1996 0 8004
592 1996 0 8004
593 1996 0 8004
594 1996 0 8004
595 1996 0 8004
596 1996 0 8004
597 1996 0 8004
598 1996 0 8004
599 1996 0 8004
600 1996 0 8004
601 1996 0 8004
602 1996 0 8004
603 1996 0 8004
604 1996 0 8004
605 1996 0 8004
606 1996 0 8004
607 1996 0 8004
608 1996 0 8004
609 1996 0 8004
610 1996 0 8004
611 1996 0 8004
612 1996 0 8004
613 1996 0 8004
614 1996 0 8004
615 1996 0 8004
616 1996 0 8004
617 1996 0 8004
618 1996 0 8004
619 1996 0 8004
620 1996 0 8004
621 1996 0 8004
622 1996 0 8004
623 1996 0 8004
624 1996 0 8004
625 1996 0 8004
626 1996 0 8004
627 1996 0 8004
628 1996 0 8004
629 1996 0 8004
630 1996 0 8004
631 1996 0 8004
632 1996 0 8004
633 1996 0 8004
634 1996 0 8004
635 1996 0 8004
636 1996 0 8004
637 1996 0 8004
638 1996 0 8004
639 1996 0 8004
640 1996 0 8004
641 1996 0 8004
642 1996 0 8004
643 1996 0 8004
644 1996 0 8004
645 1996 0 8004
646 1996 0 8004
647 1996 0 8004
648 1996 0 8004
649 1996 0 8004
650 1996 0 8004
651 1996 0 8004
652 1996 0 8004
653 1996 0 8004
654 1996 0 8004
655 1996 0 8004
656 1996 0 8004
657 1996 0 8004
658 1996 0 8004
659 1996 0 8004
660 1996 0 8004
661 1996 0 8004
662 1996 0 8004
663 1996 0 8004
664 1996 0 8004
665 1996 0 8004
666 1996 0 8004
667 1996 0 8004
668 1996 0 8004
669 1996 0 8004
670 1996 0 8004
671 1996 0 8004
672 1996 0 8004
673 1996 0 8004
674 1996 0 8004
675 1996 0 8004
676 1996 0 8004
677 1996 0 8004
678 1996 0 8004
679 1996 0 8004
680 1996 0 8004
681 1996 0 8004
682 1996 0 8004
683 1996 0 8004
684 1996 0 8004
685 1996 0 8004
686 1996 0 8004
687 1996 0 8004
688 1996 0 8004
689 1996 0 8004
690 1996 0 8004
691 1996 0 8004
692 1996 0 8004
693 1996 0 8004
694 1996 0 8004
695 1996 0 8004
696 1996 0 8004
697 1996 0 8004
698 1996 0 8004
699 1996 0 8004
700 1996 0 8004
701 1996 0 8004
702 1996 0 8004
703 1996 0 8004
704 1996 0 8004
705 1996 0 8004
706 1996 0 8004
707 1996 0 8004
708 1996 0 8004
709 1996 0 8004
710 1996 0 8004
711 1996 0 8004
712 1996 0 8004
713 1996 0 8004
714 1996 0 8004
715 1996 0 8004
716 1996 0 8004
717 1996 0 8004
718 1996 0 8004
719 1996 0 8004
720 1996 0 8004
721 1996 0 8004
722 1996 0 8004
723 1996 0 8004
724 1996 0 8004
725 1996 0 8004
726 1996 0 8004
727 1996 0 8004
728 1996 0 8004
729 1996 0 8004
730 1996 0 8004
731 1996 0 8004
732 1996 0 8004
733 1996 0 8004
734 1996 0 8004
735 1996 0 8004
736 1996 0 8004
737 1996 0 8004
738 1996 0 8004
739 1996 0 8004
740 1996 0 8004
741 1996 0 8004
742 1996 0 8004
743 1996 0 8004
744 1996 0 8004
745 1996 0 8004
746 1996 0 8004
747 1996 0 8004
748 1996 0 8004
749 1996 0 8004
750 1996 0 8004
751 1996 0 8004
752 1996 0 8004
753 1996 0 8004
754 1996 0 8004
755 1996 0 8004
756 1996 0 8004
757 1996 0 8004
758 1996 0 8004
759 1996 0 8004
760 1996 0 8004
761 1996 0 8004
762 1996 0 8004
763 1996 0 8004
764 1996 0 8004
765 1996 0 8004
766 1996 0 8004
767 1996 0 8004
768 1996 0 8004
769 1996 0 8004
770 1996 0 8004
771 1996 0 8004
772 1996 0 8004
773 1996 0 8004
774 1996 0 8004
775 1996 0 8004
776 1996 0 8004
777 1996 0 8004
778 1996 0 8004
779 1996 0 8004
780 1996 0 8004
781 1996 0 8004
782 1996 0 8004
783 1996 0 8004
784 1996 0 8004
785 1996 0 8004
786 1996 0 8004
787 1996 0 8004
788 1996 0 8004
789 1996 0 8004
790 1996 0 8004
791 1996 0 8004
792 1996 0 8004
793 1996 0 8004
794 1996 0 8004
795 1996 0 8004
796 1996 0 8004
797 1996 0 8004
798 1996 0 8004
799 1996 0 8004
800 1996 0 8004
801 1996 0 8004
802 1996 0 8004
803 1996 0 8004
804 1996 0 8004
805 1996 0 8004
806 1996 0 8004
807 1996 0 8004
808 1996 0 8004
809 1996 0 8004
810 1996 0 8004
811 1996 0 8004
812 1996 0 8004
813 1996 0 8004
814 1996 0 8004
815 1996 0 8004
816 1996 0 8004
817 1996 0 8004
818 1996 0 8004
819 1996 0 8004
820 1996 0 8004
821 1996 0 8004
822 1996 0 8004
823 1996 0 8004
824 1996 0 8004
825 1996 0 8004
826 1996 0 8004
827 1996 0 8004
828 1996 0 8004
829 1996 0 8004
830 1996 0 8004
831 1996 0 8004
832 1996 0 8004
833 1996 0 8004
834 1996 0 8004
835 1996 0 8004
836 1996 0 8004
837 1996 0 8004
838 1996 0 8004
839 1996 0 8004
840 1996 0 8004
841 1996 0 8004
842 1996 0 8004
843 1996 0 8004
844 1996 0 8004
845 1996 0 8004
846 1996 0 8004
847 1996 0 8004
848 1996 0 8004
849 1996 0 8004
850 1996 0 8004
851 1996 0 8004
852 1996 0 8004
853 1996 0 8004
854 1996 0 8004
855 1996 0 8004
856 1996 0 8004
857 1996 0 8004
858 1996 0 8004
859 1996 0 8004
860 1996 0 8004
861 1996 0 8004
862 1996 0 8004
863 1996 0 8004
864 1996 0 8004
865 1996 0 8004
866 1996 0 8004
867 1996 0 8004
868 1996 0 8004
869 1996 0 8004
870 1996 0 8004
871 1996 0 8004
872 1996 0 8004
873 1996 0 8004
874 1996 0 8004
875 1996 0 8004
876 1996 0 8004
877 1996 0 8004
878 1996 0 8004
879 1996 0 8004
880 1996 0 8004
881 1996 0 8004
882 1996 0 8004
883 1996 0 8004
884 1996 0 8004
885 1996 0 8004
886 1996 0 8004
887 1996 0 8004
888 1996 0 8004
889 1996 0 8004
890 1996 0 8004
891 1996 0 8004
892 1996 0 8004
893 1996 0 8004
894 1996 0 8004
895 1996 0 8004
896 1996 0 8004
897 1996 0 8004
898 1996 0 8004
899 1996 0 8004
900 1996 0 8004
901 1996 0 8004
902 1996 0 8004
903 1996 0 8004
904 1996 0 8004
905 1996 0 8004
906 1996 0 8004
907 1996 0 8004
908 1996 0 8004
909 1996 0 8004
910 1996 0 8004
911 1996 0 8004
912 1996 0 8004
913 1996 0 8004
914 1996 0 8004
915 1996 0 8004
916 1996 0 8004
917 1996 0 8004
918 1996 0 8004
919 1996 0 8004
920 1996 0 8004
921 1996 0 8004
922 1996 0 8004
923 1996 0 8004
924 1996 0 8004
925 1996 0 8004
926 1996 0 8004
927 1996 0 8004
928 1996 0 8004
929 1996 0 8004
930 1996 0 8004
931 1996 0 8004
932 1996 0 8004
933 1996 0 8004
934 1996 0 8004
935 1996 0 8004
936 1996 0 8004
937 1996 0 8004
938 1996 0 8004
939 1996 0 8004
940 1996 0 8004
941 1996 0 8004
942 1996 0 8004
943 1996 0 8004
944 1996 0 8004
945 1996 0 8004
946 1996 0 8004
947 1996 0 8004
948 1996 0 8004
949 1996 0 8004
950 1996 0 8004
951 1996 0 8004
952 1996 0 8004
953 1996 0 8004
954 1996 0 8004
955 1996 0 8004
956 1996 0 8004
957 1996 0 8004
958 1996 0 8004
959 1996 0 8004
960 1996 0 8004
961 1996 0 8004
962 1996 0 8004
963 1996 0 8004
964 1996 0 8004
965 1996 0 8004
966 1996 0 8004
967 1996 0 8004
968 1996 0 8004
969 1996 0 8004
970 1996 0 8004
971 1996 0 8004
972 1996 0 8004
973 1996 0 8004
974 1996 0 8004
975 1996 0 8004
976 1996 0 8004
977 1996 0 8004
978 1996 0 8004
979 1996 0 8004
980 1996 0 8004
981 1996 0 8004
982 1996 0 8004
983 1996 0 8004
984 1996 0 8004
985 1996 0 8004
986 1996 0 8004
987 1996 0 8004
988 1996 0 8004
989 1996 0 8004
990 1996 0 8004
991 1996 0 8004
992 1996 0 8004
993 1996 0 8004
994 1996 0 8004
995 1996 0 8004
996 1996 0 8004
997 1996 0 8004
998 1996 0 8004
999 1996 0 8004
