0 9999 1 0
1 9997 3 0
2 9997 3 0
3 9997 3 0
4 9996 4 0
5 9994 6 0
6 9991 6 3
7 9987 10 3
8 9982 12 6
9 9980 9 11
10 9976 11 13
11 9970 14 16
12 9963 21 16
13 9956 26 18
14 9950 27 23
15 9946 27 27
16 9938 29 33
17 9935 24 41
18 9931 24 45
19 9925 24 51
20 9915 29 56
21 9903 37 60
22 9894 38 68
23 9886 37 77
24 9874 46 80
25 9859 49 92
26 9844 59 97
27 9827 68 105
28 9817 63 120
29 9803 66 131
30 9801 64 135
31 9786 63 151
32 9770 70 160
33 9761 66 173
34 9747 68 185
35 9735 68 197
36 9724 66 210
37 9710 65 225
38 9699 63 238
39 9695 55 250
40 9690 45 265
41 9682 47 271
42 9675 49 276
43 9666 50 284
44 9654 55 291
45 9639 61 300
46 9630 61 309
47 9620 57 323
48 9615 51 334
49 9609 49 342
50 9599 53 348
51 9582 62 356
52 9569 65 366
53 9559 67 374
54 9547 67 386
55 9542 58 400
56 9531 58 411
57 9522 59 419
58 9510 59 431
59 9496 63 441
60 9474 77 449
61 9461 76 463
62 9449 79 472
63 9433 76 491
64 9420 79 501
65 9409 72 519
66 9398 73 529
67 9390 68 542
68 9383 71 546
69 9376 61 563
70 9369 62 569
71 9366 53 581
72 9356 58 586
73 9342 65 593
74 9331 62 607
75 9319 63 618
76 9310 63 627
77 9304 57 639
78 9298 52 650
79 9290 49 661
80 9281 53 666
81 9274 53 673
82 9267 53 680
83 9259 46 695
84 9241 56 703
85 9232 58 710
86 9225 54 721
87 9218 53 729
88 9202 59 739
89 9192 62 746
90 9183 65 752
91 9166 70 764
92 9158 70 772
93 9139 74 787
94 9130 71 799
95 9121 65 814
96 9119 54 827
97 9114 48 838
98 9107 43 850
99 9102 44 854
100 9093 40 867
101 9084 43 873
102 9075 45 880
103 9060 53 887
104 9036 61 903
105 9019 64 917
106 9008 63 929
107 8988 73 939
108 8979 73 948
109 8969 68 963
110 8963 62 975
111 8951 63 986
112 8934 62 1004
113 8925 63 1012
114 8909 69 1022
115 8887 79 1034
116 8871 85 1044
117 8853 83 1064
118 8839 82 1079
119 8827 78 1095
120 8815 79 1106
121 8801 81 1118
122 8785 86 1129
123 8762 91 1147
124 8733 100 1167
125 8715 102 1183
126 8696 98 1206
127 8678 99 1223
128 8660 97 1243
129 8652 91 1257
130 8638 85 1277
131 8632 69 1299
132 8624 68 1308
133 8613 62 1325
134 8605 60 1335
135 8597 56 1347
136 8588 55 1357
137 8581 48 1371
138 8570 54 1376
139 8563 51 1386
140 8554 51 1395
141 8541 48 1411
142 8536 43 1421
143 8529 41 1430
144 8522 37 1441
145 8512 41 1447
146 8507 38 1455
147 8499 39 1462
148 8495 39 1466
149 8484 44 1472
150 8470 51 1479
151 8461 51 1488
152 8450 49 1501
153 8441 48 1511
154 8431 49 1520
155 8424 44 1532
156 8421 36 1543
157 8413 37 1550
158 8407 33 1560
159 8401 38 1561
160 8393 42 1565
161 8389 41 1570
162 8387 39 1574
163 8382 37 1581
164 8378 40 1582
165 8371 43 1586
166 8366 39 1595
167 8363 35 1602
168 8355 39 1606
169 8347 45 1608
170 8337 43 1620
171 8332 40 1628
172 8326 38 1636
173 8322 37 1641
174 8318 35 1647
175 8312 36 1652
176 8306 37 1657
177 8305 30 1665
178 8302 25 1673
179 8300 26 1674
180 8295 29 1676
181 8288 34 1678
182 8282 35 1683
183 8276 36 1688
184 8263 43 1694
185 8258 39 1703
186 8250 39 1711
187 8243 39 1718
188 8237 38 1725
189 8236 30 1734
190 8231 31 1738
191 8227 30 1743
192 8220 32 1748
193 8214 34 1752
194 8208 36 1756
195 8202 33 1765
196 8198 30 1772
197 8190 29 1781
198 8181 34 1785
199 8172 38 1790
200 8162 46 1792
201 8150 53 1797
202 8137 58 1805
203 8130 53 1817
204 8123 50 1827
205 8117 47 1836
206 8113 41 1846
207 8106 41 1853
208 8100 34 1866
209 8092 36 1872
210 8077 43 1880
211 8067 45 1888
212 8058 46 1896
213 8050 45 1905
214 8041 48 1911
215 8028 51 1921
216 8019 56 1925
217 8008 60 1932
218 8001 63 1936
219 7986 70 1944
220 7976 67 1957
221 7956 76 1968
222 7939 68 1993
223 7922 71 2007
224 7904 73 2023
225 7889 71 2040
226 7880 67 2053
227 7865 73 2062
228 7850 78 2072
229 7836 76 2088
230 7821 81 2098
231 7797 91 2112
232 7778 94 2128
233 7765 91 2144
234 7750 88 2162
235 7736 89 2175
236 7726 84 2190
237 7698 99 2203
238 7684 94 2222
239 7679 82 2239
240 7675 74 2251
241 7658 82 2260
242 7644 85 2271
243 7633 86 2281
244 7611 100 2289
245 7592 107 2301
246 7572 107 2321
247 7555 105 2340
248 7539 108 2353
249 7516 110 2374
250 7499 112 2389
251 7479 113 2408
252 7470 94 2436
253 7458 86 2456
254 7435 96 2469
255 7422 97 2481
256 7414 87 2499
257 7406 81 2513
258 7394 80 2526
259 7382 84 2534
260 7367 80 2553
261 7358 77 2565
262 7342 80 2578
263 7327 83 2590
264 7314 79 2607
265 7300 77 2623
266 7290 75 2635
267 7273 71 2656
268 7264 63 2673
269 7256 59 2685
270 7253 54 2693
271 7239 55 2706
272 7223 63 2714
273 7214 57 2729
274 7199 62 2739
275 7184 71 2745
276 7158 89 2753
277 7142 86 2772
278 7128 81 2791
279 7112 80 2808
280 7102 73 2825
281 7089 75 2836
282 7080 71 2849
283 7070 69 2861
284 7046 81 2873
285 7030 88 2882
286 7013 94 2893
287 7007 84 2909
288 6990 84 2926
289 6971 85 2944
290 6950 84 2966
291 6932 82 2986
292 6909 97 2994
293 6900 95 3005
294 6882 100 3018
295 6865 104 3031
296 6860 95 3045
297 6838 103 3059
298 6819 109 3072
299 6798 114 3088
300 6774 118 3108
301 6758 117 3125
302 6735 122 3143
303 6714 125 3161
304 6702 120 3178
305 6665 138 3197
306 6649 132 3219
307 6625 131 3244
308 6604 136 3260
309 6591 120 3289
310 6575 115 3310
311 6557 115 3328
312 6535 109 3356
313 6514 115 3371
314 6495 116 3389
315 6477 107 3416
316 6451 101 3448
317 6433 106 3461
318 6406 115 3479
319 6383 120 3497
320 6374 111 3515
321 6354 113 3533
322 6341 105 3554
323 6315 111 3574
324 6296 104 3600
325 6284 103 3613
326 6276 95 3629
327 6264 92 3644
328 6251 84 3665
329 6247 71 3682
330 6235 69 3696
331 6224 69 3707
332 6214 76 3710
333 6208 69 3723
334 6194 71 3735
335 6187 71 3742
336 6177 72 3751
337 6165 69 3766
338 6153 75 3772
339 6130 90 3780
340 6113 96 3791
341 6096 93 3811
342 6079 91 3830
343 6061 94 3845
344 6048 87 3865
345 6030 87 3883
346 6013 95 3892
347 5998 95 3907
348 5979 96 3925
349 5967 86 3947
350 5955 84 3961
351 5939 84 3977
352 5925 79 3996
353 5910 79 4011
354 5896 81 4023
355 5889 72 4039
356 5876 75 4049
357 5867 74 4059
358 5854 77 4069
359 5837 83 4080
360 5817 88 4095
361 5800 86 4114
362 5784 90 4126
363 5768 88 4144
364 5747 96 4157
365 5735 87 4178
366 5721 83 4196
367 5704 87 4209
368 5689 89 4222
369 5670 93 4237
370 5657 95 4248
371 5648 85 4267
372 5631 89 4280
373 5624 86 4290
374 5615 79 4306
375 5602 74 4324
376 5593 71 4336
377 5587 67 4346
378 5577 62 4361
379 5567 59 4374
380 5554 63 4383
381 5548 45 4407
382 5547 36 4417
383 5543 36 4421
384 5540 29 4431
385 5537 28 4435
386 5531 30 4439
387 5525 36 4439
388 5512 45 4443
389 5504 44 4452
390 5492 51 4457
391 5485 43 4472
392 5480 36 4484
393 5473 36 4491
394 5466 32 4502
395 5463 28 4509
396 5457 30 4513
397 5456 24 4520
398 5453 24 4523
399 5451 18 4531
400 5448 20 4532
401 5446 16 4538
402 5442 15 4543
403 5436 18 4546
404 5429 22 4549
405 5421 29 4550
406 5413 32 4555
407 5401 37 4562
408 5386 45 4569
409 5372 52 4576
410 5365 48 4587
411 5361 44 4595
412 5356 42 4602
413 5351 38 4611
414 5351 31 4618
415 5350 27 4623
416 5346 29 4625
417 5343 28 4629
418 5341 22 4637
419 5341 17 4642
420 5341 12 4647
421 5340 11 4649
422 5339 9 4652
423 5337 10 4653
424 5335 10 4655
425 5329 14 4657
426 5325 16 4659
427 5319 18 4663
428 5314 19 4667
429 5311 21 4668
430 5309 20 4671
431 5305 18 4677
432 5298 22 4680
433 5293 22 4685
434 5292 18 4690
435 5289 19 4692
436 5284 17 4699
437 5281 18 4701
438 5280 16 4704
439 5278 14 4708
440 5276 12 4712
441 5275 12 4713
442 5274 11 4715
443 5273 10 4717
444 5269 13 4718
445 5266 14 4720
446 5265 11 4724
447 5265 8 4727
448 5263 9 4728
449 5262 7 4731
450 5261 7 4732
451 5261 6 4733
452 5261 5 4734
453 5261 3 4736
454 5261 2 4737
455 5261 2 4737
456 5260 3 4737
457 5260 3 4737
458 5260 2 4738
459 5260 2 4738
460 5260 2 4738
461 5260 2 4738
462 5260 2 4738
463 5260 0 4740
464 5260 0 4740
465 5260 0 4740
466 5260 0 4740
467 5260 0 4740
468 5260 0 4740
469 5260 0 4740
470 5260 0 4740
471 5260 0 4740
472 5260 0 4740
473 5260 0 4740
474 5260 0 4740
475 5260 0 4740
476 5260 0 4740
477 5260 0 4740
478 5260 0 4740
479 5260 0 4740
480 5260 0 4740
481 5260 0 4740
482 5260 0 4740
483 5260 0 4740
484 5260 0 4740
485 5260 0 4740
486 5260 0 4740
487 5260 0 4740
488 5260 0 4740
489 5260 0 4740
490 5260 0 4740
491 5260 0 4740
492 5260 0 4740
493 5260 0 4740
494 5260 0 4740
495 5260 0 4740
496 5260 0 4740
497 5260 0 4740
498 5260 0 4740
499 5260 0 4740
500 5260 0 4740
501 5260 0 4740
502 5260 0 4740
503 5260 0 4740
504 5260 0 4740
505 5260 0 4740
506 5260 0 4740
507 5260 0 4740
508 5260 0 4740
509 5260 0 4740
510 5260 0 4740
511 5260 0 4740
512 5260 0 4740
513 5260 0 4740
514 5260 0 4740
515 5260 0 4740
516 5260 0 4740
517 5260 0 4740
518 5260 0 4740
519 5260 0 4740
520 5260 0 4740
521 5260 0 4740
522 5260 0 4740
523 5260 0 4740
524 5260 0 4740
525 5260 0 4740
526 5260 0 4740
527 5260 0 4740
528 5260 0 4740
529 5260 0 4740
530 5260 0 4740
531 5260 0 4740
532 5260 0 4740
533 5260 0 4740
534 5260 0 4740
535 5260 0 4740
536 5260 0 4740
537 5260 0 4740
538 5260 0 4740
539 5260 0 4740
540 5260 0 4740
541 5260 0 4740
542 5260 0 4740
543 5260 0 4740
544 5260 0 4740
545 5260 0 4740
546 5260 0 4740
547 5260 0 4740
548 5260 0 4740
549 5260 0 4740
550 5260 0 4740
551 5260 0 4740
552 5260 0 4740
553 5260 0 4740
554 5260 0 4740
555 5260 0 4740
556 5260 0 4740
557 5260 0 4740
558 5260 0 4740
559 5260 0 4740
560 5260 0 4740
561 5260 0 4740
562 5260 0 4740
563 5260 0 4740
564 5260 0 4740
565 5260 0 4740
566 5260 0 4740
567 5260 0 4740
568 5260 0 4740
569 5260 0 4740
570 5260 0 4740
571 5260 0 4740
572 5260 0 4740
573 5260 0 4740
574 5260 0 4740
575 5260 0 4740
576 5260 0 4740
577 5260 0 4740
578 5260 0 4740
579 5260 0 4740
580 5260 0 4740
581 5260 0 4740
582 5260 0 4740
583 5260 0 4740
584 5260 0 4740
585 5260 0 4740
586 5260 0 4740
587 5260 0 4740
588 5260 0 4740
589 5260 0 4740
590 5260 0 4740
591 5260 0 4740
592 5260 0 4740
593 5260 0 4740
594 5260 0 4740
595 5260 0 4740
596 5260 0 4740
597 5260 0 4740
598 5260 0 4740
599 5260 0 4740
600 5260 0 4740
601 5260 0 4740
602 5260 0 4740
603 5260 0 4740
604 5260 0 4740
605 5260 0 4740
606 5260 0 4740
607 5260 0 4740
608 5260 0 4740
609 5260 0 4740
610 5260 0 4740
611 5260 0 4740
612 5260 0 4740
613 5260 0 4740
614 5260 0 4740
615 5260 0 4740
616 5260 0 4740
617 5260 0 4740
618 5260 0 4740
619 5260 0 4740
620 5260 0 4740
621 5260 0 4740
622 5260 0 4740
623 5260 0 4740
624 5260 0 4740
625 5260 0 4740
626 5260 0 4740
627 5260 0 4740
628 5260 0 4740
629 5260 0 4740
630 5260 0 4740
631 5260 0 4740
632 5260 0 4740
633 5260 0 4740
634 5260 0 4740
635 5260 0 4740
636 5260 0 4740
637 5260 0 4740
638 5260 0 4740
639 5260 0 4740
640 5260 0 4740
641 5260 0 4740
642 5260 0 4740
643 5260 0 4740
644 5260 0 4740
645 5260 0 4740
646 5260 0 4740
647 5260 0 4740
648 5260 0 4740
649 5260 0 4740
650 5260 0 4740
651 5260 0 4740
652 5260 0 4740
653 5260 0 4740
654 5260 0 4740
655 5260 0 4740
656 5260 0 4740
657 5260 0 4740
658 5260 0 4740
659 5260 0 4740
660 5260 0 4740
661 5260 0 4740
662 5260 0 4740
663 5260 0 4740
664 5260 0 4740
665 5260 0 4740
666 5260 0 4740
667 5260 0 4740
668 5260 0 4740
669 5260 0 4740
670 5260 0 4740
671 5260 0 4740
672 5260 0 4740
673 5260 0 4740
674 5260 0 4740
675 5260 0 4740
676 5260 0 4740
677 5260 0 4740
678 5260 0 4740
679 5260 0 4740
680 5260 0 4740
681 5260 0 4740
682 5260 0 4740
683 5260 0 4740
684 5260 0 4740
685 5260 0 4740
686 5260 0 4740
687 5260 0 4740
688 5260 0 4740
689 5260 0 4740
690 5260 0 4740
691 5260 0 4740
692 5260 0 4740
693 5260 0 4740
694 5260 0 4740
695 5260 0 4740
696 5260 0 4740
697 5260 0 4740
698 5260 0 4740
699 5260 0 4740
700 5260 0 4740
701 5260 0 4740
702 5260 0 4740
703 5260 0 4740
704 5260 0 4740
705 5260 0 4740
706 5260 0 4740
707 5260 0 4740
708 5260 0 4740
709 5260 0 4740
710 5260 0 4740
711 5260 0 4740
712 5260 0 4740
713 5260 0 4740
714 5260 0 4740
715 5260 0 4740
716 5260 0 4740
717 5260 0 4740
718 5260 0 4740
719 5260 0 4740
720 5260 0 4740
721 5260 0 4740
722 5260 0 4740
723 5260 0 4740
724 5260 0 4740
725 5260 0 4740
726 5260 0 4740
727 5260 0 4740
728 5260 0 4740
729 5260 0 4740
730 5260 0 4740
731 5260 0 4740
732 5260 0 4740
733 5260 0 4740
734 5260 0 4740
735 5260 0 4740
736 5260 0 4740
737 5260 0 4740
738 5260 0 4740
739 5260 0 4740
740 5260 0 4740
741 5260 0 4740
742 5260 0 4740
743 5260 0 4740
744 5260 0 4740
745 5260 0 4740
746 5260 0 4740
747 5260 0 4740
748 5260 0 4740
749 5260 0 4740
750 5260 0 4740
751 5260 0 4740
752 5260 0 4740
753 5260 0 4740
754 5260 0 4740
755 5260 0 4740
756 5260 0 4740
757 5260 0 4740
758 5260 0 4740
759 5260 0 4740
760 5260 0 4740
761 5260 0 4740
762 5260 0 4740
763 5260 0 4740
764 5260 0 4740
765 5260 0 4740
766 5260 0 4740
767 5260 0 4740
768 5260 0 4740
769 5260 0 4740
770 5260 0 4740
771 5260 0 4740
772 5260 0 4740
773 5260 0 4740
774 5260 0 4740
775 5260 0 4740
776 5260 0 4740
777 5260 0 4740
778 5260 0 4740
779 5260 0 4740
780 5260 0 4740
781 5260 0 4740
782 5260 0 4740
783 5260 0 4740
784 5260 0 4740
785 5260 0 4740
786 5260 0 4740
787 5260 0 4740
788 5260 0 4740
789 5260 0 4740
790 5260 0 4740
791 5260 0 4740
792 5260 0 4740
793 5260 0 4740
794 5260 0 4740
795 5260 0 4740
796 5260 0 4740
797 5260 0 4740
798 5260 0 4740
799 5260 0 4740
800 5260 0 4740
801 5260 0 4740
802 5260 0 4740
803 5260 0 4740
804 5260 0 4740
805 5260 0 4740
806 5260 0 4740
807 5260 0 4740
808 5260 0 4740
809 5260 0 4740
810 5260 0 4740
811 5260 0 4740
812 5260 0 4740
813 5260 0 4740
814 5260 0 4740
815 5260 0 4740
816 5260 0 4740
817 5260 0 4740
818 5260 0 4740
819 5260 0 4740
820 5260 0 4740
821 5260 0 4740
822 5260 0 4740
823 5260 0 4740
824 5260 0 4740
825 5260 0 4740
826 5260 0 4740
827 5260 0 4740
828 5260 0 4740
829 5260 0 4740
830 5260 0 4740
831 5260 0 4740
832 5260 0 4740
833 5260 0 4740
834 5260 0 4740
835 5260 0 4740
836 5260 0 4740
837 5260 0 4740
838 5260 0 4740
839 5260 0 4740
840 5260 0 4740
841 5260 0 4740
842 5260 0 4740
843 5260 0 4740
844 5260 0 4740
845 5260 0 4740
846 5260 0 4740
847 5260 0 4740
848 5260 0 4740
849 5260 0 4740
850 5260 0 4740
851 5260 0 4740
852 5260 0 4740
853 5260 0 4740
854 5260 0 4740
855 5260 0 4740
856 5260 0 4740
857 5260 0 4740
858 5260 0 4740
859 5260 0 4740
860 5260 0 4740
861 5260 0 4740
862 5260 0 4740
863 5260 0 4740
864 5260 0 4740
865 5260 0 4740
866 5260 0 4740
867 5260 0 4740
868 5260 0 4740
869 5260 0 4740
870 5260 0 4740
871 5260 0 4740
872 5260 0 4740
873 5260 0 4740
874 5260 0 4740
875 5260 0 4740
876 5260 0 4740
877 5260 0 4740
878 5260 0 4740
879 5260 0 4740
880 5260 0 4740
881 5260 0 4740
882 5260 0 4740
883 5260 0 4740
884 5260 0 4740
885 5260 0 4740
886 5260 0 4740
887 5260 0 4740
888 5260 0 4740
889 5260 0 4740
890 5260 0 4740
891 5260 0 4740
892 5260 0 4740
893 5260 0 4740
894 5260 0 4740
895 5260 0 4740
896 5260 0 4740
897 5260 0 4740
898 5260 0 4740
899 5260 0 4740
900 5260 0 4740
901 5260 0 4740
902 5260 0 4740
903 5260 0 4740
904 5260 0 4740
905 5260 0 4740
906 5260 0 4740
907 5260 0 4740
908 5260 0 4740
909 5260 0 4740
910 5260 0 4740
911 5260 0 4740
912 5260 0 4740
913 5260 0 4740
914 5260 0 4740
915 5260 0 4740
916 5260 0 4740
917 5260 0 4740
918 5260 0 4740
919 5260 0 4740
920 5260 0 4740
921 5260 0 4740
922 5260 0 4740
923 5260 0 4740
924 5260 0 4740
925 5260 0 4740
926 5260 0 4740
927 5260 0 4740
928 5260 0 4740
929 5260 0 4740
930 5260 0 4740
931 5260 0 4740
932 5260 0 4740
933 5260 0 4740
934 5260 0 4740
935 5260 0 4740
936 5260 0 4740
937 5260 0 4740
938 5260 0 4740
939 5260 0 4740
940 5260 0 4740
941 5260 0 4740
942 5260 0 4740
943 5260 0 4740
944 5260 0 4740
945 5260 0 4740
946 5260 0 4740
947 5260 0 4740
948 5260 0 4740
949 5260 0 4740
950 5260 0 4740
951 5260 0 4740
952 5260 0 4740
953 5260 0 4740
954 5260 0 4740
955 5260 0 4740
956 5260 0 4740
957 5260 0 4740
958 5260 0 4740
959 5260 0 4740
960 5260 0 4740
961 5260 0 4740
962 5260 0 4740
963 5260 0 4740
964 5260 0 4740
965 5260 0 4740
966 5260 0 4740
967 5260 0 4740
968 5260 0 4740
969 5260 0 4740
970 5260 0 4740
971 5260 0 4740
972 5260 0 4740
973 5260 0 4740
974 5260 0 4740
975 5260 0 4740
976 5260 0 4740
977 5260 0 4740
978 5260 0 4740
979 5260 0 4740
980 5260 0 4740
981 5260 0 4740
982 5260 0 4740
983 5260 0 4740
984 5260 0 4740
985 5260 0 4740
986 5260 0 4740
987 5260 0 4740
988 5260 0 4740
989 5260 0 4740
990 5260 0 4740
991 5260 0 4740
992 5260 0 4740
993 5260 0 4740
994 5260 0 4740
995 5260 0 4740
996 5260 0 4740
997 5260 0 4740
998 5260 0 4740
999 5260 0 4740
