0 9999 1 0
1 9999 1 0
2 9999 1 0
3 9998 2 0
4 9997 2 1
5 9991 8 1
6 9988 11 1
7 9985 13 2
8 9984 11 5
9 9980 14 6
10 9977 16 7
11 9975 16 9
12 9970 19 11
13 9965 19 16
14 9962 17 21
15 9956 19 25
16 9954 19 27
17 9951 20 29
18 9949 15 36
19 9943 20 37
20 9937 22 41
21 9931 22 47
22 9925 25 50
23 9914 33 53
24 9906 38 56
25 9896 41 63
26 9889 37 74
27 9885 30 85
28 9879 31 90
29 9872 31 97
30 9860 34 106
31 9851 38 111
32 9834 44 122
33 9821 50 129
34 9811 51 138
35 9798 57 145
36 9792 52 156
37 9785 49 166
38 9775 51 174
39 9762 53 185
40 9745 60 195
41 9735 59 206
42 9721 61 218
43 9704 67 229
44 9680 83 237
45 9662 83 255
46 9639 89 272
47 9624 85 291
48 9613 82 305
49 9603 72 325
50 9587 76 337
51 9571 83 346
52 9560 76 364
53 9548 72 380
54 9532 78 390
55 9521 74 405
56 9505 76 419
57 9493 75 432
58 9482 73 445
59 9464 71 465
60 9451 66 483
61 9439 69 492
62 9422 72 506
63 9401 80 519
64 9388 81 531
65 9367 85 548
66 9356 78 566
67 9339 86 575
68 9323 86 591
69 9311 89 600
70 9285 102 613
71 9266 104 630
72 9248 110 642
73 9223 119 658
74 9192 129 679
75 9160 128 712
76 9140 127 733
77 9121 119 760
78 9107 110 783
79 9091 111 798
80 9071 114 815
81 9054 109 837
82 9040 97 863
83 9016 108 876
84 8998 116 886
85 8981 112 907
86 8947 133 920
87 8920 139 941
88 8895 126 979
89 8881 121 998
90 8854 126 1020
91 8836 122 1042
92 8805 124 1071
93 8784 127 1089
94 8760 130 1110
95 8742 126 1132
96 8719 131 1150
97 8703 124 1173
98 8684 120 1196
99 8666 113 1221
100 8643 117 1240
101 8628 112 1260
102 8607 121 1272
103 8584 122 1294
104 8571 117 1312
105 8546 121 1333
106 8527 117 1356
107 8511 104 1385
108 8490 103 1407
109 8472 101 1427
110 8461 93 1446
111 8439 103 1458
112 8422 95 1483
113 8407 97 1496
114 8384 99 1517
115 8371 93 1536
116 8357 92 1551
117 8343 92 1565
118 8330 91 1579
119 8308 96 1596
120 8294 98 1608
121 8271 101 1628
122 8245 109 1646
123 8219 109 1672
124 8193 109 1698
125 8175 108 1717
126 8143 122 1735
127 8114 121 1765
128 8086 130 1784
129 8060 134 1806
130 8030 132 1838
131 8004 141 1855
132 7976 149 1875
133 7955 144 1901
134 7930 144 1926
135 7905 151 1944
136 7881 152 1967
137 7848 163 1989
138 7827 164 2009
139 7804 167 2029
140 7777 162 2061
141 7750 157 2093
142 7721 150 2129
143 7696 148 2156
144 7674 146 2180
145 7647 150 2203
146 7608 161 2231
147 7579 156 2265
148 7557 147 2296
149 7526 157 2317
150 7497 164 2339
151 7468 159 2373
152 7441 163 2396
153 7416 158 2426
154 7385 164 2451
155 7359 151 2490
156 7328 161 2511
157 7287 175 2538
158 7244 185 2571
159 7198 194 2608
160 7156 203 2641
161 7125 192 2683
162 7098 190 2712
163 7053 192 2755
164 7025 192 2783
165 6990 183 2827
166 6951 182 2867
167 6918 181 2901
168 6881 191 2928
169 6836 200 2964
170 6794 201 3005
171 6761 199 3040
172 6735 192 3073
173 6699 199 3102
174 6665 201 3134
175 6624 203 3173
176 6597 188 3215
177 6567 187 3246
178 6545 183 3272
179 6515 183 3302
180 6489 166 3345
181 6447 178 3375
182 6419 181 3400
183 6393 175 3432
184 6354 182 3464
185 6314 185 3501
186 6274 196 3530
187 6248 179 3573
188 6222 174 3604
189 6194 174 3632
190 6167 162 3671
191 6136 166 3698
192 6103 167 3730
193 6066 171 3763
194 6036 172 3792
195 6009 169 3822
196 5976 168 3856
197 5944 161 3895
198 5918 162 3920
199 5893 161 3946
200 5862 161 3977
201 5827 168 4005
202 5796 174 4030
203 5766 170 4064
204 5742 163 4095
205 5709 172 4119
206 5681 166 4153
207 5652 160 4188
208 5620 155 4225
209 5601 143 4256
210 5579 141 4280
211 5554 150 4296
212 5528 150 4322
213 5498 163 4339
214 5468 165 4367
215 5440 177 4383
216 5409 177 4414
217 5378 172 4450
218 5343 174 4483
219 5313 172 4515
220 5275 178 4547
221 5241 179 4580
222 5203 184 4613
223 5175 174 4651
224 5148 166 4686
225 5129 156 4715
226 5108 155 4737
227 5084 156 4760
228 5052 158 4790
229 5030 155 4815
230 5021 136 4843
231 5003 139 4858
232 4978 151 4871
233 4957 151 4892
234 4939 142 4919
235 4915 142 4943
236 4885 149 4966
237 4864 151 4985
238 4845 149 5006
239 4818 159 5023
240 4797 152 5051
241 4772 155 5073
242 4743 157 5100
243 4711 163 5126
244 4682 161 5157
245 4658 153 5189
246 4631 167 5202
247 4597 168 5235
248 4567 163 5270
249 4524 177 5299
250 4493 178 5329
251 4461 178 5361
252 4441 164 5395
253 4403 169 5428
254 4377 167 5456
255 4346 168 5486
256 4320 172 5508
257 4291 175 5534
258 4253 183 5564
259 4222 182 5596
260 4193 170 5637
261 4150 180 5670
262 4125 169 5706
263 4091 178 5731
264 4045 201 5754
265 3994 215 5791
266 3960 210 5830
267 3922 211 5867
268 3885 214 5901
269 3858 206 5936
270 3830 199 5971
271 3791 205 6004
272 3766 195 6039
273 3734 185 6081
274 3710 168 6122
275 3682 160 6158
276 3668 150 6182
277 3649 141 6210
278 3629 133 6238
279 3608 131 6261
280 3576 140 6284
281 3546 145 6309
282 3517 144 6339
283 3494 141 6365
284 3466 140 6394
285 3443 135 6422
286 3426 133 6441
287 3403 133 6464
288 3385 127 6488
289 3369 123 6508
290 3343 130 6527
291 3325 128 6547
292 3305 123 6572
293 3287 121 6592
294 3262 132 6606
295 3239 139 6622
296 3220 126 6654
297 3192 132 6676
298 3173 127 6700
299 3156 120 6724
300 3136 123 6741
301 3118 118 6764
302 3098 112 6790
303 3080 114 6806
304 3053 127 6820
305 3039 122 6839
306 3019 112 6869
307 3000 114 6886
308 2980 114 6906
309 2955 120 6925
310 2941 116 6943
311 2928 99 6973
312 2907 98 6995
313 2897 92 7011
314 2891 89 7020
315 2878 92 7030
316 2860 95 7045
317 2853 88 7059
318 2842 81 7077
319 2839 70 7091
320 2827 70 7103
321 2820 64 7116
322 2812 57 7131
323 2804 56 7140
324 2794 55 7151
325 2783 61 7156
326 2775 59 7166
327 2765 64 7171
328 2752 66 7182
329 2740 64 7196
330 2734 56 7210
331 2730 47 7223
332 2725 44 7231
333 2721 42 7237
334 2716 42 7242
335 2710 42 7248
336 2708 36 7256
337 2702 33 7265
338 2698 32 7270
339 2693 35 7272
340 2690 32 7278
341 2689 31 7280
342 2689 23 7288
343 2688 20 7292
344 2686 20 7294
345 2681 20 7299
346 2680 18 7302
347 2680 18 7302
348 2680 16 7304
349 2680 14 7306
350 2679 12 7309
351 2678 12 7310
352 2677 11 7312
353 2676 9 7315
354 2676 8 7316
355 2676 7 7317
356 2676 6 7318
357 2676 5 7319
358 2675 2 7323
359 2675 2 7323
360 2675 2 7323
361 2675 2 7323
362 2675 2 7323
363 2675 2 7323
364 2675 2 7323
365 2675 2 7323
366 2675 2 7323
367 2675 2 7323
368 2675 1 7324
369 2675 1 7324
370 2675 1 7324
371 2675 1 7324
372 2675 1 7324
373 2675 1 7324
374 2675 1 7324
375 2675 1 7324
376 2675 0 7325
377 2675 0 7325
378 2675 0 7325
379 2675 0 7325
380 2675 0 7325
381 2675 0 7325
382 2675 0 7325
383 2675 0 7325
384 2675 0 7325
385 2675 0 7325
386 2675 0 7325
387 2675 0 7325
388 2675 0 7325
389 2675 0 7325
390 2675 0 7325
391 2675 0 7325
392 2675 0 7325
393 2675 0 7325
394 2675 0 7325
395 2675 0 7325
396 2675 0 7325
397 2675 0 7325
398 2675 0 7325
399 2675 0 7325
400 2675 0 7325
401 2675 0 7325
402 2675 0 7325
403 2675 0 7325
404 2675 0 7325
405 2675 0 7325
406 2675 0 7325
407 2675 0 7325
408 2675 0 7325
409 2675 0 7325
410 2675 0 7325
411 2675 0 7325
412 2675 0 7325
413 2675 0 7325
414 2675 0 7325
415 2675 0 7325
416 2675 0 7325
417 2675 0 7325
418 2675 0 7325
419 2675 0 7325
420 2675 0 7325
421 2675 0 7325
422 2675 0 7325
423 2675 0 7325
424 2675 0 7325
425 2675 0 7325
426 2675 0 7325
427 2675 0 7325
428 2675 0 7325
429 2675 0 7325
430 2675 0 7325
431 2675 0 7325
432 2675 0 7325
433 2675 0 7325
434 2675 0 7325
435 2675 0 7325
436 2675 0 7325
437 2675 0 7325
438 2675 0 7325
439 2675 0 7325
440 2675 0 7325
441 2675 0 7325
442 2675 0 7325
443 2675 0 7325
444 2675 0 7325
445 2675 0 7325
446 2675 0 7325
447 2675 0 7325
448 2675 0 7325
449 2675 0 7325
450 2675 0 7325
451 2675 0 7325
452 2675 0 7325
453 2675 0 7325
454 2675 0 7325
455 2675 0 7325
456 2675 0 7325
457 2675 0 7325
458 2675 0 7325
459 2675 0 7325
460 2675 0 7325
461 2675 0 7325
462 2675 0 7325
463 2675 0 7325
464 2675 0 7325
465 2675 0 7325
466 2675 0 7325
467 2675 0 7325
468 2675 0 7325
469 2675 0 7325
470 2675 0 7325
471 2675 0 7325
472 2675 0 7325
473 2675 0 7325
474 2675 0 7325
475 2675 0 7325
476 2675 0 7325
477 2675 0 7325
478 2675 0 7325
479 2675 0 7325
480 2675 0 7325
481 2675 0 7325
482 2675 0 7325
483 2675 0 7325
484 2675 0 7325
485 2675 0 7325
486 2675 0 7325
487 2675 0 7325
488 2675 0 7325
489 2675 0 7325
490 2675 0 7325
491 2675 0 7325
492 2675 0 7325
493 2675 0 7325
494 2675 0 7325
495 2675 0 7325
496 2675 0 7325
497 2675 0 7325
498 2675 0 7325
499 2675 0 7325
500 2675 0 7325
501 2675 0 7325
502 2675 0 7325
503 2675 0 7325
504 2675 0 7325
505 2675 0 7325
506 2675 0 7325
507 2675 0 7325
508 2675 0 7325
509 2675 0 7325
510 2675 0 7325
511 2675 0 7325
512 2675 0 7325
513 2675 0 7325
514 2675 0 7325
515 2675 0 7325
516 2675 0 7325
517 2675 0 7325
518 2675 0 7325
519 2675 0 7325
520 2675 0 7325
521 2675 0 7325
522 2675 0 7325
523 2675 0 7325
524 2675 0 7325
525 2675 0 7325
526 2675 0 7325
527 2675 0 7325
528 2675 0 7325
529 2675 0 7325
530 2675 0 7325
531 2675 0 7325
532 2675 0 7325
533 2675 0 7325
534 2675 0 7325
535 2675 0 7325
536 2675 0 7325
537 2675 0 7325
538 2675 0 7325
539 2675 0 7325
540 2675 0 7325
541 2675 0 7325
542 2675 0 7325
543 2675 0 7325
544 2675 0 7325
545 2675 0 7325
546 2675 0 7325
547 2675 0 7325
548 2675 0 7325
549 2675 0 7325
550 2675 0 7325
551 2675 0 7325
552 2675 0 7325
553 2675 0 7325
554 2675 0 7325
555 2675 0 7325
556 2675 0 7325
557 2675 0 7325
558 2675 0 7325
559 2675 0 7325
560 2675 0 7325
561 2675 0 7325
562 2675 0 7325
563 2675 0 7325
564 2675 0 7325
565 2675 0 7325
566 2675 0 7325
567 2675 0 7325
568 2675 0 7325
569 2675 0 7325
570 2675 0 7325
571 2675 0 7325
572 2675 0 7325
573 2675 0 7325
574 2675 0 7325
575 2675 0 7325
576 2675 0 7325
577 2675 0 7325
578 2675 0 7325
579 2675 0 7325
580 2675 0 7325
581 2675 0 7325
582 2675 0 7325
583 2675 0 7325
584 2675 0 7325
585 2675 0 7325
586 2675 0 7325
587 2675 0 7325
588 2675 0 7325
589 2675 0 7325
590 2675 0 7325
591 2675 0 7325
592 2675 0 7325
593 2675 0 7325
594 2675 0 7325
595 2675 0 7325
596 2675 0 7325
597 2675 0 7325
598 2675 0 7325
599 2675 0 7325
600 2675 0 7325
601 2675 0 7325
602 2675 0 7325
603 2675 0 7325
604 2675 0 7325
605 2675 0 7325
606 2675 0 7325
607 2675 0 7325
608 2675 0 7325
609 2675 0 7325
610 2675 0 7325
611 2675 0 7325
612 2675 0 7325
613 2675 0 7325
614 2675 0 7325
615 2675 0 7325
616 2675 0 7325
617 2675 0 7325
618 2675 0 7325
619 2675 0 7325
620 2675 0 7325
621 2675 0 7325
622 2675 0 7325
623 2675 0 7325
624 2675 0 7325
625 2675 0 7325
626 2675 0 7325
627 2675 0 7325
628 2675 0 7325
629 2675 0 7325
630 2675 0 7325
631 2675 0 7325
632 2675 0 7325
633 2675 0 7325
634 2675 0 7325
635 2675 0 7325
636 2675 0 7325
637 2675 0 7325
638 2675 0 7325
639 2675 0 7325
640 2675 0 7325
641 2675 0 7325
642 2675 0 7325
643 2675 0 7325
644 2675 0 7325
645 2675 0 7325
646 2675 0 7325
647 2675 0 7325
648 2675 0 7325
649 2675 0 7325
650 2675 0 7325
651 2675 0 7325
652 2675 0 7325
653 2675 0 7325
654 2675 0 7325
655 2675 0 7325
656 2675 0 7325
657 2675 0 7325
658 2675 0 7325
659 2675 0 7325
660 2675 0 7325
661 2675 0 7325
662 2675 0 7325
663 2675 0 7325
664 2675 0 7325
665 2675 0 7325
666 2675 0 7325
667 2675 0 7325
668 2675 0 7325
669 2675 0 7325
670 2675 0 7325
671 2675 0 7325
672 2675 0 7325
673 2675 0 7325
674 2675 0 7325
675 2675 0 7325
676 2675 0 7325
677 2675 0 7325
678 2675 0 7325
679 2675 0 7325
680 2675 0 7325
681 2675 0 7325
682 2675 0 7325
683 2675 0 7325
684 2675 0 7325
685 2675 0 7325
686 2675 0 7325
687 2675 0 7325
688 2675 0 7325
689 2675 0 7325
690 2675 0 7325
691 2675 0 7325
692 2675 0 7325
693 2675 0 7325
694 2675 0 7325
695 2675 0 7325
696 2675 0 7325
697 2675 0 7325
698 2675 0 7325
699 2675 0 7325
700 2675 0 7325
701 2675 0 7325
702 2675 0 7325
703 2675 0 7325
704 2675 0 7325
705 2675 0 7325
706 2675 0 7325
707 2675 0 7325
708 2675 0 7325
709 2675 0 7325
710 2675 0 7325
711 2675 0 7325
712 2675 0 7325
713 2675 0 7325
714 2675 0 7325
715 2675 0 7325
716 2675 0 7325
717 2675 0 7325
718 2675 0 7325
719 2675 0 7325
720 2675 0 7325
721 2675 0 7325
722 2675 0 7325
723 2675 0 7325
724 2675 0 7325
725 2675 0 7325
726 2675 0 7325
727 2675 0 7325
728 2675 0 7325
729 2675 0 7325
730 2675 0 7325
731 2675 0 7325
732 2675 0 7325
733 2675 0 7325
734 2675 0 7325
735 2675 0 7325
736 2675 0 7325
737 2675 0 7325
738 2675 0 7325
739 2675 0 7325
740 2675 0 7325
741 2675 0 7325
742 2675 0 7325
743 2675 0 7325
744 2675 0 7325
745 2675 0 7325
746 2675 0 7325
747 2675 0 7325
748 2675 0 7325
749 2675 0 7325
750 2675 0 7325
751 2675 0 7325
752 2675 0 7325
753 2675 0 7325
754 2675 0 7325
755 2675 0 7325
756 2675 0 7325
757 2675 0 7325
758 2675 0 7325
759 2675 0 7325
760 2675 0 7325
761 2675 0 7325
762 2675 0 7325
763 2675 0 7325
764 2675 0 7325
765 2675 0 7325
766 2675 0 7325
767 2675 0 7325
768 2675 0 7325
769 2675 0 7325
770 2675 0 7325
771 2675 0 7325
772 2675 0 7325
773 2675 0 7325
774 2675 0 7325
775 2675 0 7325
776 2675 0 7325
777 2675 0 7325
778 2675 0 7325
779 2675 0 7325
780 2675 0 7325
781 2675 0 7325
782 2675 0 7325
783 2675 0 7325
784 2675 0 7325
785 2675 0 7325
786 2675 0 7325
787 2675 0 7325
788 2675 0 7325
789 2675 0 7325
790 2675 0 7325
791 2675 0 7325
792 2675 0 7325
793 2675 0 7325
794 2675 0 7325
795 2675 0 7325
796 2675 0 7325
797 2675 0 7325
798 2675 0 7325
799 2675 0 7325
800 2675 0 7325
801 2675 0 7325
802 2675 0 7325
803 2675 0 7325
804 2675 0 7325
805 2675 0 7325
806 2675 0 7325
807 2675 0 7325
808 2675 0 7325
809 2675 0 7325
810 2675 0 7325
811 2675 0 7325
812 2675 0 7325
813 2675 0 7325
814 2675 0 7325
815 2675 0 7325
816 2675 0 7325
817 2675 0 7325
818 2675 0 7325
819 2675 0 7325
820 2675 0 7325
821 2675 0 7325
822 2675 0 7325
823 2675 0 7325
824 2675 0 7325
825 2675 0 7325
826 2675 0 7325
827 2675 0 7325
828 2675 0 7325
829 2675 0 7325
830 2675 0 7325
831 2675 0 7325
832 2675 0 7325
833 2675 0 7325
834 2675 0 7325
835 2675 0 7325
836 2675 0 7325
837 2675 0 7325
838 2675 0 7325
839 2675 0 7325
840 2675 0 7325
841 2675 0 7325
842 2675 0 7325
843 2675 0 7325
844 2675 0 7325
845 2675 0 7325
846 2675 0 7325
847 2675 0 7325
848 2675 0 7325
849 2675 0 7325
850 2675 0 7325
851 2675 0 7325
852 2675 0 7325
853 2675 0 7325
854 2675 0 7325
855 2675 0 7325
856 2675 0 7325
857 2675 0 7325
858 2675 0 7325
859 2675 0 7325
860 2675 0 7325
861 2675 0 7325
862 2675 0 7325
863 2675 0 7325
864 2675 0 7325
865 2675 0 7325
866 2675 0 7325
867 2675 0 7325
868 2675 0 7325
869 2675 0 7325
870 2675 0 7325
871 2675 0 7325
872 2675 0 7325
873 2675 0 7325
874 2675 0 7325
875 2675 0 7325
876 2675 0 7325
877 2675 0 7325
878 2675 0 7325
879 2675 0 7325
880 2675 0 7325
881 2675 0 7325
882 2675 0 7325
883 2675 0 7325
884 2675 0 7325
885 2675 0 7325
886 2675 0 7325
887 2675 0 7325
888 2675 0 7325
889 2675 0 7325
890 2675 0 7325
891 2675 0 7325
892 2675 0 7325
893 2675 0 7325
894 2675 0 7325
895 2675 0 7325
896 2675 0 7325
897 2675 0 7325
898 2675 0 7325
899 2675 0 7325
900 2675 0 7325
901 2675 0 7325
902 2675 0 7325
903 2675 0 7325
904 2675 0 7325
905 2675 0 7325
906 2675 0 7325
907 2675 0 7325
908 2675 0 7325
909 2675 0 7325
910 2675 0 7325
911 2675 0 7325
912 2675 0 7325
913 2675 0 7325
914 2675 0 7325
915 2675 0 7325
916 2675 0 7325
917 2675 0 7325
918 2675 0 7325
919 2675 0 7325
920 2675 0 7325
921 2675 0 7325
922 2675 0 7325
923 2675 0 7325
924 2675 0 7325
925 2675 0 7325
926 2675 0 7325
927 2675 0 7325
928 2675 0 7325
929 2675 0 7325
930 2675 0 7325
931 2675 0 7325
932 2675 0 7325
933 2675 0 7325
934 2675 0 7325
935 2675 0 7325
936 2675 0 7325
937 2675 0 7325
938 2675 0 7325
939 2675 0 7325
940 2675 0 7325
941 2675 0 7325
942 2675 0 7325
943 2675 0 7325
944 2675 0 7325
945 2675 0 7325
946 2675 0 7325
947 2675 0 7325
948 2675 0 7325
949 2675 0 7325
950 2675 0 7325
951 2675 0 7325
952 2675 0 7325
953 2675 0 7325
954 2675 0 7325
955 2675 0 7325
956 2675 0 7325
957 2675 0 7325
958 2675 0 7325
959 2675 0 7325
960 2675 0 7325
961 2675 0 7325
962 2675 0 7325
963 2675 0 7325
964 2675 0 7325
965 2675 0 7325
966 2675 0 7325
967 2675 0 7325
968 2675 0 7325
969 2675 0 7325
970 2675 0 7325
971 2675 0 7325
972 2675 0 7325
973 2675 0 7325
974 2675 0 7325
975 2675 0 7325
976 2675 0 7325
977 2675 0 7325
978 2675 0 7325
979 2675 0 7325
980 2675 0 7325
981 2675 0 7325
982 2675 0 7325
983 2675 0 7325
984 2675 0 7325
985 2675 0 7325
986 2675 0 7325
987 2675 0 7325
988 2675 0 7325
989 2675 0 7325
990 2675 0 7325
991 2675 0 7325
992 2675 0 7325
993 2675 0 7325
994 2675 0 7325
995 2675 0 7325
996 2675 0 7325
997 2675 0 7325
998 2675 0 7325
999 2675 0 7325
