0 9999 1 0
1 9998 2 0
2 9996 4 0
3 9995 4 1
4 9994 5 1
5 9991 8 1
6 9987 12 1
7 9985 12 3
8 9981 14 5
9 9977 15 8
10 9973 16 11
11 9972 12 16
12 9972 10 18
13 9968 12 20
14 9962 18 20
15 9961 16 23
16 9957 19 24
17 9954 20 26
18 9949 21 30
19 9947 20 33
20 9942 22 36
21 9940 18 42
22 9938 16 46
23 9935 17 48
24 9931 18 51
25 9926 18 56
26 9919 23 58
27 9907 33 60
28 9900 32 68
29 9891 31 78
30 9885 32 83
31 9873 37 90
32 9867 37 96
33 9858 37 105
34 9852 36 112
35 9848 31 121
36 9843 29 128
37 9838 25 137
38 9833 24 143
39 9830 22 148
40 9824 26 150
41 9817 26 157
42 9814 26 160
43 9807 30 163
44 9805 26 169
45 9800 24 176
46 9794 28 178
47 9786 32 182
48 9779 30 191
49 9772 33 195
50 9764 38 198
51 9758 40 202
52 9749 42 209
53 9741 39 220
54 9739 34 227
55 9735 34 231
56 9733 29 238
57 9730 26 244
58 9729 23 248
59 9725 23 252
60 9720 21 259
61 9715 22 263
62 9710 23 267
63 9709 18 273
64 9704 18 278
65 9701 19 280
66 9696 16 288
67 9691 19 290
68 9688 15 297
69 9682 20 298
70 9677 18 305
71 9674 13 313
72 9671 14 315
73 9669 12 319
74 9664 14 322
75 9658 17 325
76 9653 16 331
77 9649 18 333
78 9645 19 336
79 9639 22 339
80 9634 23 343
81 9630 22 348
82 9621 29 350
83 9614 31 355
84 9609 30 361
85 9605 28 367
86 9601 27 372
87 9596 23 381
88 9592 23 385
89 9588 24 388
90 9584 26 390
91 9577 25 398
92 9569 30 401
93 9564 28 408
94 9560 27 413
95 9556 29 415
96 9544 34 422
97 9536 40 424
98 9533 39 428
99 9529 35 436
100 9525 36 439
101 9518 39 443
102 9507 40 453
103 9500 39 461
104 9491 42 467
105 9488 41 471
106 9480 44 476
107 9474 45 481
108 9460 52 488
109 9454 49 497
110 9445 50 505
111 9435 45 520
112 9428 47 525
113 9421 44 535
114 9412 44 544
115 9404 46 550
116 9392 48 560
117 9385 45 570
118 9378 42 580
119 9369 44 587
120 9364 44 592
121 9354 42 604
122 9345 45 610
123 9337 41 622
124 9331 40 629
125 9329 33 638
126 9327 29 644
127 9324 22 654
128 9324 16 660
129 9323 15 662
130 9322 13 665
131 9321 12 667
132 9316 12 672
133 9316 10 674
134 9316 10 674
135 9315 9 676
136 9313 10 677
137 9311 9 680
138 9311 5 684
139 9311 3 686
140 9311 3 686
141 9311 3 686
142 9311 3 686
143 9311 2 687
144 9311 2 687
145 9311 2 687
146 9311 1 688
147 9311 1 688
148 9311 1 688
149 9311 1 688
150 9311 1 688
151 9311 0 689
152 9311 0 689
153 9311 0 689
154 9311 0 689
155 9311 0 689
156 9311 0 689
157 9311 0 689
158 9311 0 689
159 9311 0 689
160 9311 0 689
161 9311 0 689
162 9311 0 689
163 9311 0 689
164 9311 0 689
165 9311 0 689
166 9311 0 689
167 9311 0 689
168 9311 0 689
169 9311 0 689
170 9311 0 689
171 9311 0 689
172 9311 0 689
173 9311 0 689
174 9311 0 689
175 9311 0 689
176 9311 0 689
177 9311 0 689
178 9311 0 689
179 9311 0 689
180 9311 0 689
181 9311 0 689
182 9311 0 689
183 9311 0 689
184 9311 0 689
185 9311 0 689
186 9311 0 689
187 9311 0 689
188 9311 0 689
189 9311 0 689
190 9311 0 689
191 9311 0 689
192 9311 0 689
193 9311 0 689
194 9311 0 689
195 9311 0 689
196 9311 0 689
197 9311 0 689
198 9311 0 689
199 9311 0 689
200 9311 0 689
201 9311 0 689
202 9311 0 689
203 9311 0 689
204 9311 0 689
205 9311 0 689
206 9311 0 689
207 9311 0 689
208 9311 0 689
209 9311 0 689
210 9311 0 689
211 9311 0 689
212 9311 0 689
213 9311 0 689
214 9311 0 689
215 9311 0 689
216 9311 0 689
217 9311 0 689
218 9311 0 689
219 9311 0 689
220 9311 0 689
221 9311 0 689
222 9311 0 689
223 9311 0 689
224 9311 0 689
225 9311 0 689
226 9311 0 689
227 9311 0 689
228 9311 0 689
229 9311 0 689
230 9311 0 689
231 9311 0 689
232 9311 0 689
233 9311 0 689
234 9311 0 689
235 9311 0 689
236 9311 0 689
237 9311 0 689
238 9311 0 689
239 9311 0 689
240 9311 0 689
241 9311 0 689
242 9311 0 689
243 9311 0 689
244 9311 0 689
245 9311 0 689
246 9311 0 689
247 9311 0 689
248 9311 0 689
249 9311 0 689
250 9311 0 689
251 9311 0 689
252 9311 0 689
253 9311 0 689
254 9311 0 689
255 9311 0 689
256 9311 0 689
257 9311 0 689
258 9311 0 689
259 9311 0 689
260 9311 0 689
261 9311 0 689
262 9311 0 689
263 9311 0 689
264 9311 0 689
265 9311 0 689
266 9311 0 689
267 9311 0 689
268 9311 0 689
269 9311 0 689
270 9311 0 689
271 9311 0 689
272 9311 0 689
273 9311 0 689
274 9311 0 689
275 9311 0 689
276 9311 0 689
277 9311 0 689
278 9311 0 689
279 9311 0 689
280 9311 0 689
281 9311 0 689
282 9311 0 689
283 9311 0 689
284 9311 0 689
285 9311 0 689
286 9311 0 689
287 9311 0 689
288 9311 0 689
289 9311 0 689
290 9311 0 689
291 9311 0 689
292 9311 0 689
293 9311 0 689
294 9311 0 689
295 9311 0 689
296 9311 0 689
297 9311 0 689
298 9311 0 689
299 9311 0 689
300 9311 0 689
301 9311 0 689
302 9311 0 689
303 9311 0 689
304 9311 0 689
305 9311 0 689
306 9311 0 689
307 9311 0 689
308 9311 0 689
309 9311 0 689
310 9311 0 689
311 9311 0 689
312 9311 0 689
313 9311 0 689
314 9311 0 689
315 9311 0 689
316 9311 0 689
317 9311 0 689
318 9311 0 689
319 9311 0 689
320 9311 0 689
321 9311 0 689
322 9311 0 689
323 9311 0 689
324 9311 0 689
325 9311 0 689
326 9311 0 689
327 9311 0 689
328 9311 0 689
329 9311 0 689
330 9311 0 689
331 9311 0 689
332 9311 0 689
333 9311 0 689
334 9311 0 689
335 9311 0 689
336 9311 0 689
337 9311 0 689
338 9311 0 689
339 9311 0 689
340 9311 0 689
341 9311 0 689
342 9311 0 689
343 9311 0 689
344 9311 0 689
345 9311 0 689
346 9311 0 689
347 9311 0 689
348 9311 0 689
349 9311 0 689
350 9311 0 689
351 9311 0 689
352 9311 0 689
353 9311 0 689
354 9311 0 689
355 9311 0 689
356 9311 0 689
357 9311 0 689
358 9311 0 689
359 9311 0 689
360 9311 0 689
361 9311 0 689
362 9311 0 689
363 9311 0 689
364 9311 0 689
365 9311 0 689
366 9311 0 689
367 9311 0 689
368 9311 0 689
369 9311 0 689
370 9311 0 689
371 9311 0 689
372 9311 0 689
373 9311 0 689
374 9311 0 689
375 9311 0 689
376 9311 0 689
377 9311 0 689
378 9311 0 689
379 9311 0 689
380 9311 0 689
381 9311 0 689
382 9311 0 689
383 9311 0 689
384 9311 0 689
385 9311 0 689
386 9311 0 689
387 9311 0 689
388 9311 0 689
389 9311 0 689
390 9311 0 689
391 9311 0 689
392 9311 0 689
393 9311 0 689
394 9311 0 689
395 9311 0 689
396 9311 0 689
397 9311 0 689
398 9311 0 689
399 9311 0 689
400 9311 0 689
401 9311 0 689
402 9311 0 689
403 9311 0 689
404 9311 0 689
405 9311 0 689
406 9311 0 689
407 9311 0 689
408 9311 0 689
409 9311 0 689
410 9311 0 689
411 9311 0 689
412 9311 0 689
413 9311 0 689
414 9311 0 689
415 9311 0 689
416 9311 0 689
417 9311 0 689
418 9311 0 689
419 9311 0 689
420 9311 0 689
421 9311 0 689
422 9311 0 689
423 9311 0 689
424 9311 0 689
425 9311 0 689
426 9311 0 689
427 9311 0 689
428 9311 0 689
429 9311 0 689
430 9311 0 689
431 9311 0 689
432 9311 0 689
433 9311 0 689
434 9311 0 689
435 9311 0 689
436 9311 0 689
437 9311 0 689
438 9311 0 689
439 9311 0 689
440 9311 0 689
441 9311 0 689
442 9311 0 689
443 9311 0 689
444 9311 0 689
445 9311 0 689
446 9311 0 689
447 9311 0 689
448 9311 0 689
449 9311 0 689
450 9311 0 689
451 9311 0 689
452 9311 0 689
453 9311 0 689
454 9311 0 689
455 9311 0 689
456 9311 0 689
457 9311 0 689
458 9311 0 689
459 9311 0 689
460 9311 0 689
461 9311 0 689
462 9311 0 689
463 9311 0 689
464 9311 0 689
465 9311 0 689
466 9311 0 689
467 9311 0 689
468 9311 0 689
469 9311 0 689
470 9311 0 689
471 9311 0 689
472 9311 0 689
473 9311 0 689
474 9311 0 689
475 9311 0 689
476 9311 0 689
477 9311 0 689
478 9311 0 689
479 9311 0 689
480 9311 0 689
481 9311 0 689
482 9311 0 689
483 9311 0 689
484 9311 0 689
485 9311 0 689
486 9311 0 689
487 9311 0 689
488 9311 0 689
489 9311 0 689
490 9311 0 689
491 9311 0 689
492 9311 0 689
493 9311 0 689
494 9311 0 689
495 9311 0 689
496 9311 0 689
497 9311 0 689
498 9311 0 689
499 9311 0 689
500 9311 0 689
501 9311 0 689
502 9311 0 689
503 9311 0 689
504 9311 0 689
505 9311 0 689
506 9311 0 689
507 9311 0 689
508 9311 0 689
509 9311 0 689
510 9311 0 689
511 9311 0 689
512 9311 0 689
513 9311 0 689
514 9311 0 689
515 9311 0 689
516 9311 0 689
517 9311 0 689
518 9311 0 689
519 9311 0 689
520 9311 0 689
521 9311 0 689
522 9311 0 689
523 9311 0 689
524 9311 0 689
525 9311 0 689
526 9311 0 689
527 9311 0 689
528 9311 0 689
529 9311 0 689
530 9311 0 689
531 9311 0 689
532 9311 0 689
533 9311 0 689
534 9311 0 689
535 9311 0 689
536 9311 0 689
537 9311 0 689
538 9311 0 689
539 9311 0 689
540 9311 0 689
541 9311 0 689
542 9311 0 689
543 9311 0 689
544 9311 0 689
545 9311 0 689
546 9311 0 689
547 9311 0 689
548 9311 0 689
549 9311 0 689
550 9311 0 689
551 9311 0 689
552 9311 0 689
553 9311 0 689
554 9311 0 689
555 9311 0 689
556 9311 0 689
557 9311 0 689
558 9311 0 689
559 9311 0 689
560 9311 0 689
561 9311 0 689
562 9311 0 689
563 9311 0 689
564 9311 0 689
565 9311 0 689
566 9311 0 689
567 9311 0 689
568 9311 0 689
569 9311 0 689
570 9311 0 689
571 9311 0 689
572 9311 0 689
573 9311 0 689
574 9311 0 689
575 9311 0 689
576 9311 0 689
577 9311 0 689
578 9311 0 689
579 9311 0 689
580 9311 0 689
581 9311 0 689
582 9311 0 689
583 9311 0 689
584 9311 0 689
585 9311 0 689
586 9311 0 689
587 9311 0 689
588 9311 0 689
589 9311 0 689
590 9311 0 689
591 9311 0 689
592 9311 0 689
593 9311 0 689
594 9311 0 689
595 9311 0 689
596 9311 0 689
597 9311 0 689
598 9311 0 689
599 9311 0 689
600 9311 0 689
601 9311 0 689
602 9311 0 689
603 9311 0 689
604 9311 0 689
605 9311 0 689
606 9311 0 689
607 9311 0 689
608 9311 0 689
609 9311 0 689
610 9311 0 689
611 9311 0 689
612 9311 0 689
613 9311 0 689
614 9311 0 689
615 9311 0 689
616 9311 0 689
617 9311 0 689
618 9311 0 689
619 9311 0 689
620 9311 0 689
621 9311 0 689
622 9311 0 689
623 9311 0 689
624 9311 0 689
625 9311 0 689
626 9311 0 689
627 9311 0 689
628 9311 0 689
629 9311 0 689
630 9311 0 689
631 9311 0 689
632 9311 0 689
633 9311 0 689
634 9311 0 689
635 9311 0 689
636 9311 0 689
637 9311 0 689
638 9311 0 689
639 9311 0 689
640 9311 0 689
641 9311 0 689
642 9311 0 689
643 9311 0 689
644 9311 0 689
645 9311 0 689
646 9311 0 689
647 9311 0 689
648 9311 0 689
649 9311 0 689
650 9311 0 689
651 9311 0 689
652 9311 0 689
653 9311 0 689
654 9311 0 689
655 9311 0 689
656 9311 0 689
657 9311 0 689
658 9311 0 689
659 9311 0 689
660 9311 0 689
661 9311 0 689
662 9311 0 689
663 9311 0 689
664 9311 0 689
665 9311 0 689
666 9311 0 689
667 9311 0 689
668 9311 0 689
669 9311 0 689
670 9311 0 689
671 9311 0 689
672 9311 0 689
673 9311 0 689
674 9311 0 689
675 9311 0 689
676 9311 0 689
677 9311 0 689
678 9311 0 689
679 9311 0 689
680 9311 0 689
681 9311 0 689
682 9311 0 689
683 9311 0 689
684 9311 0 689
685 9311 0 689
686 9311 0 689
687 9311 0 689
688 9311 0 689
689 9311 0 689
690 9311 0 689
691 9311 0 689
692 9311 0 689
693 9311 0 689
694 9311 0 689
695 9311 0 689
696 9311 0 689
697 9311 0 689
698 9311 0 689
699 9311 0 689
700 9311 0 689
701 9311 0 689
702 9311 0 689
703 9311 0 689
704 9311 0 689
705 9311 0 689
706 9311 0 689
707 9311 0 689
708 9311 0 689
709 9311 0 689
710 9311 0 689
711 9311 0 689
712 9311 0 689
713 9311 0 689
714 9311 0 689
715 9311 0 689
716 9311 0 689
717 9311 0 689
718 9311 0 689
719 9311 0 689
720 9311 0 689
721 9311 0 689
722 9311 0 689
723 9311 0 689
724 9311 0 689
725 9311 0 689
726 9311 0 689
727 9311 0 689
728 9311 0 689
729 9311 0 689
730 9311 0 689
731 9311 0 689
732 9311 0 689
733 9311 0 689
734 9311 0 689
735 9311 0 689
736 9311 0 689
737 9311 0 689
738 9311 0 689
739 9311 0 689
740 9311 0 689
741 9311 0 689
742 9311 0 689
743 9311 0 689
744 9311 0 689
745 9311 0 689
746 9311 0 689
747 9311 0 689
748 9311 0 689
749 9311 0 689
750 9311 0 689
751 9311 0 689
752 9311 0 689
753 9311 0 689
754 9311 0 689
755 9311 0 689
756 9311 0 689
757 9311 0 689
758 9311 0 689
759 9311 0 689
760 9311 0 689
761 9311 0 689
762 9311 0 689
763 9311 0 689
764 9311 0 689
765 9311 0 689
766 9311 0 689
767 9311 0 689
768 9311 0 689
769 9311 0 689
770 9311 0 689
771 9311 0 689
772 9311 0 689
773 9311 0 689
774 9311 0 689
775 9311 0 689
776 9311 0 689
777 9311 0 689
778 9311 0 689
779 9311 0 689
780 9311 0 689
781 9311 0 689
782 9311 0 689
783 9311 0 689
784 9311 0 689
785 9311 0 689
786 9311 0 689
787 9311 0 689
788 9311 0 689
789 9311 0 689
790 9311 0 689
791 9311 0 689
792 9311 0 689
793 9311 0 689
794 9311 0 689
795 9311 0 689
796 9311 0 689
797 9311 0 689
798 9311 0 689
799 9311 0 689
800 9311 0 689
801 9311 0 689
802 9311 0 689
803 9311 0 689
804 9311 0 689
805 9311 0 689
806 9311 0 689
807 9311 0 689
808 9311 0 689
809 9311 0 689
810 9311 0 689
811 9311 0 689
812 9311 0 689
813 9311 0 689
814 9311 0 689
815 9311 0 689
816 9311 0 689
817 9311 0 689
818 9311 0 689
819 9311 0 689
820 9311 0 689
821 9311 0 689
822 9311 0 689
823 9311 0 689
824 9311 0 689
825 9311 0 689
826 9311 0 689
827 9311 0 689
828 9311 0 689
829 9311 0 689
830 9311 0 689
831 9311 0 689
832 9311 0 689
833 9311 0 689
834 9311 0 689
835 9311 0 689
836 9311 0 689
837 9311 0 689
838 9311 0 689
839 9311 0 689
840 9311 0 689
841 9311 0 689
842 9311 0 689
843 9311 0 689
844 9311 0 689
845 9311 0 689
846 9311 0 689
847 9311 0 689
848 9311 0 689
849 9311 0 689
850 9311 0 689
851 9311 0 689
852 9311 0 689
853 9311 0 689
854 9311 0 689
855 9311 0 689
856 9311 0 689
857 9311 0 689
858 9311 0 689
859 9311 0 689
860 9311 0 689
861 9311 0 689
862 9311 0 689
863 9311 0 689
864 9311 0 689
865 9311 0 689
866 9311 0 689
867 9311 0 689
868 9311 0 689
869 9311 0 689
870 9311 0 689
871 9311 0 689
872 9311 0 689
873 9311 0 689
874 9311 0 689
875 9311 0 689
876 9311 0 689
877 9311 0 689
878 9311 0 689
879 9311 0 689
880 9311 0 689
881 9311 0 689
882 9311 0 689
883 9311 0 689
884 9311 0 689
885 9311 0 689
886 9311 0 689
887 9311 0 689
888 9311 0 689
889 9311 0 689
890 9311 0 689
891 9311 0 689
892 9311 0 689
893 9311 0 689
894 9311 0 689
895 9311 0 689
896 9311 0 689
897 9311 0 689
898 9311 0 689
899 9311 0 689
900 9311 0 689
901 9311 0 689
902 9311 0 689
903 9311 0 689
904 9311 0 689
905 9311 0 689
906 9311 0 689
907 9311 0 689
908 9311 0 689
909 9311 0 689
910 9311 0 689
911 9311 0 689
912 9311 0 689
913 9311 0 689
914 9311 0 689
915 9311 0 689
916 9311 0 689
917 9311 0 689
918 9311 0 689
919 9311 0 689
920 9311 0 689
921 9311 0 689
922 9311 0 689
923 9311 0 689
924 9311 0 689
925 9311 0 689
926 9311 0 689
927 9311 0 689
928 9311 0 689
929 9311 0 689
930 9311 0 689
931 9311 0 689
932 9311 0 689
933 9311 0 689
934 9311 0 689
935 9311 0 689
936 9311 0 689
937 9311 0 689
938 9311 0 689
939 9311 0 689
940 9311 0 689
941 9311 0 689
942 9311 0 689
943 9311 0 689
944 9311 0 689
945 9311 0 689
946 9311 0 689
947 9311 0 689
948 9311 0 689
949 9311 0 689
950 9311 0 689
951 9311 0 689
952 9311 0 689
953 9311 0 689
954 9311 0 689
955 9311 0 689
956 9311 0 689
957 9311 0 689
958 9311 0 689
959 9311 0 689
960 9311 0 689
961 9311 0 689
962 9311 0 689
963 9311 0 689
964 9311 0 689
965 9311 0 689
966 9311 0 689
967 9311 0 689
968 9311 0 689
969 9311 0 689
970 9311 0 689
971 9311 0 689
972 9311 0 689
973 9311 0 689
974 9311 0 689
975 9311 0 689
976 9311 0 689
977 9311 0 689
978 9311 0 689
979 9311 0 689
980 9311 0 689
981 9311 0 689
982 9311 0 689
983 9311 0 689
984 9311 0 689
985 9311 0 689
986 9311 0 689
987 9311 0 689
988 9311 0 689
989 9311 0 689
990 9311 0 689
991 9311 0 689
992 9311 0 689
993 9311 0 689
994 9311 0 689
995 9311 0 689
996 9311 0 689
997 9311 0 689
998 9311 0 689
999 9311 0 689
