0 9999 1 0
1 9999 1 0
2 9999 1 0
3 9998 2 0
4 9996 3 1
5 9993 5 2
6 9991 6 3
7 9988 8 4
8 9987 6 7
9 9987 4 9
10 9984 6 10
11 9982 7 11
12 9982 7 11
13 9982 5 13
14 9979 6 15
15 9978 7 15
16 9976 8 16
17 9972 11 17
18 9969 13 18
19 9968 12 20
20 9964 11 25
21 9962 12 26
22 9961 11 28
23 9955 14 31
24 9955 12 33
25 9951 14 35
26 9951 13 36
27 9947 16 37
28 9940 19 41
29 9934 22 44
30 9931 19 50
31 9929 18 53
32 9926 17 57
33 9924 16 60
34 9919 18 63
35 9916 19 65
36 9913 16 71
37 9911 17 72
38 9903 22 75
39 9897 26 77
40 9891 26 83
41 9880 34 86
42 9871 33 96
43 9868 27 105
44 9865 22 113
45 9859 23 118
46 9853 27 120
47 9849 27 124
48 9839 30 131
49 9831 31 138
50 9823 33 144
51 9818 29 153
52 9813 28 159
53 9809 26 165
54 9806 22 172
55 9804 20 176
56 9801 22 177
57 9798 22 180
58 9793 24 183
59 9785 28 187
60 9780 24 196
61 9776 27 197
62 9771 25 204
63 9767 27 206
64 9764 26 210
65 9758 27 215
66 9752 28 220
67 9746 30 224
68 9740 26 234
69 9737 28 235
70 9728 31 241
71 9723 28 249
72 9719 23 258
73 9715 26 259
74 9713 20 267
75 9709 21 270
76 9701 25 274
77 9699 21 280
78 9694 24 282
79 9690 24 286
80 9683 27 290
81 9676 33 291
82 9671 31 298
83 9663 32 305
84 9659 29 312
85 9655 30 315
86 9650 26 324
87 9643 27 330
88 9635 32 333
89 9626 35 339
90 9618 35 347
91 9614 37 349
92 9611 34 355
93 9602 37 361
94 9593 38 369
95 9586 38 376
96 9577 40 383
97 9568 42 390
98 9561 41 398
99 9554 45 401
100 9546 45 409
101 9542 43 415
102 9537 41 422
103 9533 36 431
104 9528 33 439
105 9517 35 448
106 9514 32 454
107 9505 36 459
108 9497 38 465
109 9489 37 474
110 9475 41 484
111 9468 41 491
112 9461 39 500
113 9454 41 505
114 9448 39 513
115 9438 45 517
116 9424 52 524
117 9415 51 534
118 9399 59 542
119 9388 60 552
120 9377 61 562
121 9361 62 577
122 9348 64 588
123 9337 66 597
124 9324 66 610
125 9315 63 622
126 9301 67 632
127 9282 72 646
128 9267 74 659
129 9258 66 676
130 9245 70 685
131 9228 74 698
132 9217 74 709
133 9207 71 722
134 9195 73 732
135 9179 69 752
136 9167 65 768
137 9154 66 780
138 9140 73 787
139 9128 74 798
140 9117 71 812
141 9100 65 835
142 9092 58 850
143 9083 65 852
144 9071 63 866
145 9066 50 884
146 9061 47 892
147 9048 49 903
148 9039 45 916
149 9029 43 928
150 9018 46 936
151 9009 46 945
152 9001 46 953
153 8994 43 963
154 8980 51 969
155 8974 49 977
156 8968 45 987
157 8961 39 1000
158 8951 40 1009
159 8939 46 1015
160 8925 49 1026
161 8912 55 1033
162 8909 46 1045
163 8900 43 1057
164 8891 50 1059
165 8881 48 1071
166 8872 47 1081
167 8864 49 1087
168 8856 47 1097
169 8848 46 1106
170 8840 50 1110
171 8832 46 1122
172 8826 47 1127
173 8812 50 1138
174 8806 48 1146
175 8796 50 1154
176 8783 56 1161
177 8770 62 1168
178 8757 65 1178
179 8747 62 1191
180 8729 75 1196
181 8714 80 1206
182 8693 88 1219
183 8671 95 1234
184 8657 88 1255
185 8646 86 1268
186 8631 87 1282
187 8615 89 1296
188 8600 92 1308
189 8576 104 1320
190 8566 91 1343
191 8539 102 1359
192 8518 109 1373
193 8503 104 1393
194 8486 100 1414
195 8475 92 1433
196 8463 91 1446
197 8447 92 1461
198 8430 91 1479
199 8418 85 1497
200 8407 79 1514
201 8389 85 1526
202 8375 87 1538
203 8364 84 1552
204 8341 95 1564
205 8329 88 1583
206 8307 92 1601
207 8293 87 1620
208 8275 94 1631
209 8261 97 1642
210 8243 98 1659
211 8229 97 1674
212 8215 97 1688
213 8205 89 1706
214 8194 90 1716
215 8181 89 1730
216 8167 83 1750
217 8156 81 1763
218 8139 85 1776
219 8125 88 1787
220 8109 84 1807
221 8086 94 1820
222 8072 90 1838
223 8052 98 1850
224 8023 111 1866
225 7999 118 1883
226 7968 124 1908
227 7947 120 1933
228 7927 125 1948
229 7906 130 1964
230 7881 130 1989
231 7864 121 2015
232 7843 121 2036
233 7830 111 2059
234 7807 111 2082
235 7777 128 2095
236 7759 125 2116
237 7743 120 2137
238 7722 119 2159
239 7698 123 2179
240 7681 120 2199
241 7662 122 2216
242 7654 107 2239
243 7640 102 2258
244 7623 103 2274
245 7606 106 2288
246 7588 100 2312
247 7571 93 2336
248 7558 90 2352
249 7549 81 2370
250 7539 72 2389
251 7525 72 2403
252 7516 65 2419
253 7509 60 2431
254 7503 60 2437
255 7496 48 2456
256 7484 52 2464
257 7474 48 2478
258 7461 43 2496
259 7454 43 2503
260 7442 49 2509
261 7432 55 2513
262 7421 56 2523
263 7414 51 2535
264 7406 51 2543
265 7399 47 2554
266 7389 45 2566
267 7378 48 2574
268 7365 53 2582
269 7349 61 2590
270 7339 61 2600
271 7324 59 2617
272 7318 60 2622
273 7313 49 2638
274 7306 45 2649
275 7303 36 2661
276 7293 42 2665
277 7277 51 2672
278 7264 50 2686
279 7249 59 2692
280 7243 53 2704
281 7233 55 2712
282 7212 63 2725
283 7197 67 2736
284 7184 67 2749
285 7169 69 2762
286 7153 72 2775
287 7136 76 2788
288 7125 71 2804
289 7111 69 2820
290 7105 64 2831
291 7090 67 2843
292 7084 58 2858
293 7077 55 2868
294 7068 55 2877
295 7057 53 2890
296 7045 53 2902
297 7039 44 2917
298 7028 47 2925
299 7017 50 2933
300 7007 53 2940
301 6998 53 2949
302 6987 56 2957
303 6978 55 2967
304 6962 57 2981
305 6952 54 2994
306 6929 70 3001
307 6912 74 3014
308 6894 83 3023
309 6877 85 3038
310 6860 88 3052
311 6848 84 3068
312 6838 80 3082
313 6825 82 3093
314 6810 89 3101
315 6793 82 3125
316 6784 72 3144
317 6772 72 3156
318 6762 69 3169
319 6753 67 3180
320 6747 61 3192
321 6736 62 3202
322 6729 58 3213
323 6720 60 3220
324 6710 55 3235
325 6705 51 3244
326 6693 54 3253
327 6681 58 3261
328 6672 57 3271
329 6659 66 3275
330 6647 61 3292
331 6637 58 3305
332 6624 60 3316
333 6618 54 3328
334 6610 58 3332
335 6599 55 3346
336 6593 52 3355
337 6584 51 3365
338 6576 53 3371
339 6566 56 3378
340 6558 59 3383
341 6548 63 3389
342 6541 63 3396
343 6527 65 3408
344 6512 65 3423
345 6507 56 3437
346 6497 59 3444
347 6487 60 3453
348 6474 67 3459
349 6468 60 3472
350 6458 64 3478
351 6444 65 3491
352 6433 64 3503
353 6425 60 3515
354 6414 62 3524
355 6402 61 3537
356 6389 62 3549
357 6378 58 3564
358 6366 58 3576
359 6353 56 3591
360 6346 49 3605
361 6337 54 3609
362 6329 54 3617
363 6313 62 3625
364 6300 65 3635
365 6290 61 3649
366 6276 61 3663
367 6267 58 3675
368 6257 58 3685
369 6245 53 3702
370 6236 53 3711
371 6221 57 3722
372 6210 59 3731
373 6198 58 3744
374 6178 68 3754
375 6165 68 3767
376 6155 65 3780
377 6147 57 3796
378 6140 55 3805
379 6127 53 3820
380 6123 49 3828
381 6111 50 3839
382 6103 52 3845
383 6095 54 3851
384 6090 51 3859
385 6080 46 3874
386 6073 49 3878
387 6062 57 3881
388 6052 55 3893
389 6037 56 3907
390 6022 66 3912
391 6010 66 3924
392 5994 68 3938
393 5987 61 3952
394 5984 57 3959
395 5977 50 3973
396 5968 52 3980
397 5963 46 3991
398 5948 55 3997
399 5940 53 4007
400 5932 50 4018
401 5914 58 4028
402 5899 67 4034
403 5885 71 4044
404 5871 76 4053
405 5856 78 4066
406 5842 84 4074
407 5832 80 4088
408 5820 71 4109
409 5815 57 4128
410 5806 59 4135
411 5795 66 4139
412 5779 72 4149
413 5767 67 4166
414 5760 65 4175
415 5748 63 4189
416 5738 69 4193
417 5727 67 4206
418 5716 65 4219
419 5708 64 4228
420 5700 62 4238
421 5690 62 4248
422 5680 65 4255
423 5671 58 4271
424 5657 60 4283
425 5644 61 4295
426 5637 59 4304
427 5632 55 4313
428 5623 49 4328
429 5614 48 4338
430 5609 47 4344
431 5599 45 4356
432 5590 48 4362
433 5585 38 4377
434 5577 40 4383
435 5566 48 4386
436 5556 45 4399
437 5552 38 4410
438 5541 39 4420
439 5531 38 4431
440 5525 38 4437
441 5518 40 4442
442 5511 42 4447
443 5506 35 4459
444 5500 36 4464
445 5496 37 4467
446 5491 38 4471
447 5487 37 4476
448 5476 41 4483
449 5465 45 4490
450 5459 45 4496
451 5454 43 4503
452 5448 41 4511
453 5437 45 4518
454 5432 47 4521
455 5422 49 4529
456 5419 42 4539
457 5410 44 4546
458 5403 45 4552
459 5395 42 4563
460 5385 49 4566
461 5380 47 4573
462 5371 48 4581
463 5358 56 4586
464 5346 62 4592
465 5337 65 4598
466 5315 71 4614
467 5301 80 4619
468 5294 76 4630
469 5287 71 4642
470 5277 72 4651
471 5266 70 4664
472 5253 72 4675
473 5243 70 4687
474 5232 67 4701
475 5219 71 4710
476 5210 65 4725
477 5202 57 4741
478 5195 56 4749
479 5189 53 4758
480 5182 50 4768
481 5173 46 4781
482 5163 47 4790
483 5160 40 4800
484 5155 35 4810
485 5148 36 4816
486 5140 38 4822
487 5135 37 4828
488 5131 35 4834
489 5125 33 4842
490 5118 35 4847
491 5110 36 4854
492 5102 38 4860
493 5089 48 4863
494 5077 54 4869
495 5067 50 4883
496 5051 56 4893
497 5030 68 4902
498 5018 68 4914
499 5005 68 4927
500 4992 73 4935
501 4981 79 4940
502 4965 79 4956
503 4952 77 4971
504 4940 81 4979
505 4916 96 4988
506 4893 96 5011
507 4875 94 5031
508 4856 93 5051
509 4837 91 5072
510 4822 91 5087
511 4812 85 5103
512 4799 86 5115
513 4784 85 5131
514 4768 85 5147
515 4754 83 5163
516 4730 90 5180
517 4714 88 5198
518 4701 84 5215
519 4683 89 5228
520 4667 87 5246
521 4651 88 5261
522 4635 91 5274
523 4617 91 5292
524 4597 91 5312
525 4587 83 5330
526 4574 80 5346
527 4566 79 5355
528 4557 72 5371
529 4548 68 5384
530 4539 64 5397
531 4531 58 5411
532 4520 59 5421
533 4507 55 5438
534 4497 55 5448
535 4491 51 5458
536 4485 53 5462
537 4476 55 5469
538 4471 56 5473
539 4458 61 5481
540 4447 61 5492
541 4433 67 5500
542 4425 63 5512
543 4408 74 5518
544 4399 66 5535
545 4391 61 5548
546 4379 65 5556
547 4367 64 5569
548 4352 68 5580
549 4347 60 5593
550 4334 61 5605
551 4321 65 5614
552 4310 66 5624
553 4290 67 5643
554 4277 70 5653
555 4265 67 5668
556 4248 70 5682
557 4232 73 5695
558 4224 69 5707
559 4213 70 5717
560 4200 74 5726
561 4197 59 5744
562 4187 61 5752
563 4171 65 5764
564 4161 65 5774
565 4148 71 5781
566 4136 77 5787
567 4121 82 5797
568 4103 85 5812
569 4089 81 5830
570 4073 79 5848
571 4058 78 5864
572 4048 75 5877
573 4040 71 5889
574 4023 72 5905
575 4016 68 5916
576 4008 69 5923
577 3994 70 5936
578 3986 68 5946
579 3974 66 5960
580 3968 60 5972
581 3958 63 5979
582 3940 67 5993
583 3929 64 6007
584 3920 64 6016
585 3905 67 6028
586 3892 68 6040
587 3883 66 6051
588 3863 72 6065
589 3851 76 6073
590 3829 87 6084
591 3817 85 6098
592 3810 79 6111
593 3798 83 6119
594 3790 74 6136
595 3779 73 6148
596 3764 76 6160
597 3753 69 6178
598 3742 64 6194
599 3733 58 6209
600 3723 54 6223
601 3720 50 6230
602 3717 48 6235
603 3704 51 6245
604 3701 49 6250
605 3693 49 6258
606 3687 47 6266
607 3680 49 6271
608 3661 58 6281
609 3645 56 6299
610 3625 58 6317
611 3614 58 6328
612 3601 60 6339
613 3591 59 6350
614 3579 62 6359
615 3567 62 6371
616 3560 58 6382
617 3544 66 6390
618 3537 66 6397
619 3527 66 6407
620 3511 71 6418
621 3496 77 6427
622 3488 75 6437
623 3471 78 6451
624 3457 75 6468
625 3449 73 6478
626 3434 74 6492
627 3418 78 6504
628 3407 72 6521
629 3396 68 6536
630 3380 70 6550
631 3366 72 6562
632 3357 66 6577
633 3346 66 6588
634 3339 61 6600
635 3330 61 6609
636 3322 61 6617
637 3316 53 6631
638 3312 46 6642
639 3304 45 6651
640 3299 37 6664
641 3295 36 6669
642 3286 39 6675
643 3280 39 6681
644 3272 41 6687
645 3258 46 6696
646 3243 49 6708
647 3235 53 6712
648 3224 56 6720
649 3214 56 6730
650 3204 58 6738
651 3192 59 6749
652 3182 58 6760
653 3176 53 6771
654 3168 49 6783
655 3158 48 6794
656 3156 40 6804
657 3151 38 6811
658 3141 43 6816
659 3135 40 6825
660 3131 41 6828
661 3128 38 6834
662 3124 38 6838
663 3120 38 6842
664 3109 37 6854
665 3107 29 6864
666 3101 35 6864
667 3098 34 6868
668 3091 39 6870
669 3081 41 6878
670 3074 43 6883
671 3069 37 6894
672 3057 42 6901
673 3054 39 6907
674 3053 34 6913
675 3043 35 6922
676 3038 37 6925
677 3032 37 6931
678 3028 33 6939
679 3024 31 6945
680 3018 30 6952
681 3011 29 6960
682 3005 27 6968
683 2999 30 6971
684 2995 27 6978
685 2993 27 6980
686 2991 26 6983
687 2984 28 6988
688 2980 25 6995
689 2977 25 6998
690 2966 34 7000
691 2959 36 7005
692 2949 42 7009
693 2942 40 7018
694 2935 42 7023
695 2932 37 7031
696 2923 36 7041
697 2906 46 7048
698 2894 49 7057
699 2884 50 7066
700 2879 48 7073
701 2868 46 7086
702 2863 43 7094
703 2854 45 7101
704 2853 39 7108
705 2847 39 7114
706 2843 38 7119
707 2840 31 7129
708 2837 27 7136
709 2832 28 7140
710 2830 23 7147
711 2826 24 7150
712 2824 23 7153
713 2820 25 7155
714 2814 27 7159
715 2808 28 7164
716 2798 36 7166
717 2794 37 7169
718 2790 29 7181
719 2779 36 7185
720 2773 38 7189
721 2762 43 7195
722 2751 48 7201
723 2745 45 7210
724 2742 45 7213
725 2728 50 7222
726 2725 46 7229
727 2719 47 7234
728 2714 44 7242
729 2702 49 7249
730 2693 47 7260
731 2692 37 7271
732 2689 32 7279
733 2688 30 7282
734 2687 26 7287
735 2682 29 7289
736 2678 28 7294
737 2672 32 7296
738 2668 32 7300
739 2665 33 7302
740 2663 33 7304
741 2657 34 7309
742 2653 33 7314
743 2648 30 7322
744 2645 28 7327
745 2643 24 7333
746 2640 19 7341
747 2637 19 7344
748 2634 19 7347
749 2631 19 7350
750 2630 19 7351
751 2628 16 7356
752 2628 15 7357
753 2628 7 7365
754 2628 5 7367
755 2627 6 7367
756 2627 6 7367
757 2626 7 7367
758 2625 7 7368
759 2625 5 7370
760 2621 8 7371
761 2620 6 7374
762 2620 6 7374
763 2620 6 7374
764 2619 7 7374
765 2619 4 7377
766 2619 4 7377
767 2619 4 7377
768 2618 4 7378
769 2618 1 7381
770 2618 1 7381
771 2618 0 7382
772 2618 0 7382
773 2618 0 7382
774 2618 0 7382
775 2618 0 7382
776 2618 0 7382
777 2618 0 7382
778 2618 0 7382
779 2618 0 7382
780 2618 0 7382
781 2618 0 7382
782 2618 0 7382
783 2618 0 7382
784 2618 0 7382
785 2618 0 7382
786 2618 0 7382
787 2618 0 7382
788 2618 0 7382
789 2618 0 7382
790 2618 0 7382
791 2618 0 7382
792 2618 0 7382
793 2618 0 7382
794 2618 0 7382
795 2618 0 7382
796 2618 0 7382
797 2618 0 7382
798 2618 0 7382
799 2618 0 7382
800 2618 0 7382
801 2618 0 7382
802 2618 0 7382
803 2618 0 7382
804 2618 0 7382
805 2618 0 7382
806 2618 0 7382
807 2618 0 7382
808 2618 0 7382
809 2618 0 7382
810 2618 0 7382
811 2618 0 7382
812 2618 0 7382
813 2618 0 7382
814 2618 0 7382
815 2618 0 7382
816 2618 0 7382
817 2618 0 7382
818 2618 0 7382
819 2618 0 7382
820 2618 0 7382
821 2618 0 7382
822 2618 0 7382
823 2618 0 7382
824 2618 0 7382
825 2618 0 7382
826 2618 0 7382
827 2618 0 7382
828 2618 0 7382
829 2618 0 7382
830 2618 0 7382
831 2618 0 7382
832 2618 0 7382
833 2618 0 7382
834 2618 0 7382
835 2618 0 7382
836 2618 0 7382
837 2618 0 7382
838 2618 0 7382
839 2618 0 7382
840 2618 0 7382
841 2618 0 7382
842 2618 0 7382
843 2618 0 7382
844 2618 0 7382
845 2618 0 7382
846 2618 0 7382
847 2618 0 7382
848 2618 0 7382
849 2618 0 7382
850 2618 0 7382
851 2618 0 7382
852 2618 0 7382
853 2618 0 7382
854 2618 0 7382
855 2618 0 7382
856 2618 0 7382
857 2618 0 7382
858 2618 0 7382
859 2618 0 7382
860 2618 0 7382
861 2618 0 7382
862 2618 0 7382
863 2618 0 7382
864 2618 0 7382
865 2618 0 7382
866 2618 0 7382
867 2618 0 7382
868 2618 0 7382
869 2618 0 7382
870 2618 0 7382
871 2618 0 7382
872 2618 0 7382
873 2618 0 7382
874 2618 0 7382
875 2618 0 7382
876 2618 0 7382
877 2618 0 7382
878 2618 0 7382
879 2618 0 7382
880 2618 0 7382
881 2618 0 7382
882 2618 0 7382
883 2618 0 7382
884 2618 0 7382
885 2618 0 7382
886 2618 0 7382
887 2618 0 7382
888 2618 0 7382
889 2618 0 7382
890 2618 0 7382
891 2618 0 7382
892 2618 0 7382
893 2618 0 7382
894 2618 0 7382
895 2618 0 7382
896 2618 0 7382
897 2618 0 7382
898 2618 0 7382
899 2618 0 7382
900 2618 0 7382
901 2618 0 7382
902 2618 0 7382
903 2618 0 7382
904 2618 0 7382
905 2618 0 7382
906 2618 0 7382
907 2618 0 7382
908 2618 0 7382
909 2618 0 7382
910 2618 0 7382
911 2618 0 7382
912 2618 0 7382
913 2618 0 7382
914 2618 0 7382
915 2618 0 7382
916 2618 0 7382
917 2618 0 7382
918 2618 0 7382
919 2618 0 7382
920 2618 0 7382
921 2618 0 7382
922 2618 0 7382
923 2618 0 7382
924 2618 0 7382
925 2618 0 7382
926 2618 0 7382
927 2618 0 7382
928 2618 0 7382
929 2618 0 7382
930 2618 0 7382
931 2618 0 7382
932 2618 0 7382
933 2618 0 7382
934 2618 0 7382
935 2618 0 7382
936 2618 0 7382
937 2618 0 7382
938 2618 0 7382
939 2618 0 7382
940 2618 0 7382
941 2618 0 7382
942 2618 0 7382
943 2618 0 7382
944 2618 0 7382
945 2618 0 7382
946 2618 0 7382
947 2618 0 7382
948 2618 0 7382
949 2618 0 7382
950 2618 0 7382
951 2618 0 7382
952 2618 0 7382
953 2618 0 7382
954 2618 0 7382
955 2618 0 7382
956 2618 0 7382
957 2618 0 7382
958 2618 0 7382
959 2618 0 7382
960 2618 0 7382
961 2618 0 7382
962 2618 0 7382
963 2618 0 7382
964 2618 0 7382
965 2618 0 7382
966 2618 0 7382
967 2618 0 7382
968 2618 0 7382
969 2618 0 7382
970 2618 0 7382
971 2618 0 7382
972 2618 0 7382
973 2618 0 7382
974 2618 0 7382
975 2618 0 7382
976 2618 0 7382
977 2618 0 7382
978 2618 0 7382
979 2618 0 7382
980 2618 0 7382
981 2618 0 7382
982 2618 0 7382
983 2618 0 7382
984 2618 0 7382
985 2618 0 7382
986 2618 0 7382
987 2618 0 7382
988 2618 0 7382
989 2618 0 7382
990 2618 0 7382
991 2618 0 7382
992 2618 0 7382
993 2618 0 7382
994 2618 0 7382
995 2618 0 7382
996 2618 0 7382
997 2618 0 7382
998 2618 0 7382
999 2618 0 7382
