0 9999 1 0
1 9995 4 1
2 9994 5 1
3 9992 5 3
4 9989 7 4
5 9987 5 8
6 9984 8 8
7 9983 9 8
8 9980 11 9
9 9978 12 10
10 9973 15 12
11 9966 16 18
12 9960 20 20
13 9956 21 23
14 9954 18 28
15 9948 16 36
16 9948 13 39
17 9945 16 39
18 9941 15 44
19 9935 20 45
20 9931 22 47
21 9926 23 51
22 9914 32 54
23 9908 34 58
24 9900 37 63
25 9890 39 71
26 9885 39 76
27 9880 43 77
28 9874 45 81
29 9864 48 88
30 9854 47 99
31 9848 46 106
32 9840 45 115
33 9831 40 129
34 9827 40 133
35 9822 40 138
36 9812 43 145
37 9801 44 155
38 9792 44 164
39 9783 50 167
40 9770 51 179
41 9759 52 189
42 9742 62 196
43 9730 62 208
44 9717 63 220
45 9711 53 236
46 9697 62 241
47 9686 63 251
48 9673 66 261
49 9662 68 270
50 9655 70 275
51 9645 61 294
52 9637 58 305
53 9623 59 318
54 9607 61 332
55 9593 60 347
56 9585 60 355
57 9574 63 363
58 9562 62 376
59 9548 68 384
60 9528 75 397
61 9508 82 410
62 9489 91 420
63 9472 93 435
64 9451 101 448
65 9429 107 464
66 9398 123 479
67 9372 127 501
68 9355 116 529
69 9333 117 550
70 9305 123 572
71 9279 126 595
72 9262 120 618
73 9239 123 638
74 9213 126 661
75 9185 130 685
76 9159 131 710
77 9140 127 733
78 9107 141 752
79 9080 142 778
80 9050 151 799
81 9008 164 828
82 8971 175 854
83 8947 160 893
84 8915 156 929
85 8883 159 958
86 8850 166 984
87 8822 163 1015
88 8798 155 1047
89 8761 164 1075
90 8728 165 1107
91 8703 152 1145
92 8678 150 1172
93 8656 148 1196
94 8631 141 1228
95 8608 136 1256
96 8599 117 1284
97 8580 115 1305
98 8561 117 1322
99 8543 108 1349
100 8526 98 1376
101 8504 108 1388
102 8488 104 1408
103 8464 117 1419
104 8434 126 1440
105 8408 132 1460
106 8375 143 1482
107 8347 146 1507
108 8316 145 1539
109 8295 133 1572
110 8274 131 1595
111 8257 128 1615
112 8244 114 1642
113 8227 110 1663
114 8203 112 1685
115 8188 104 1708
116 8174 103 1723
117 8158 99 1743
118 8145 99 1756
119 8125 95 1780
120 8113 95 1792
121 8089 100 1811
122 8058 109 1833
123 8028 116 1856
124 8009 114 1877
125 7988 120 1892
126 7956 129 1915
127 7922 141 1937
128 7901 135 1964
129 7877 132 1991
130 7856 124 2020
131 7836 126 2038
132 7823 117 2060
133 7808 118 2074
134 7780 125 2095
135 7759 123 2118
136 7727 127 2146
137 7708 124 2168
138 7685 129 2186
139 7662 125 2213
140 7638 123 2239
141 7617 125 2258
142 7601 125 2274
143 7572 138 2290
144 7545 144 2311
145 7525 143 2332
146 7500 142 2358
147 7473 141 2386
148 7454 139 2407
149 7436 129 2435
150 7406 137 2457
151 7381 147 2472
152 7355 146 2499
153 7322 157 2521
154 7291 159 2550
155 7269 157 2574
156 7247 154 2599
157 7222 150 2628
158 7197 152 2651
159 7171 156 2673
160 7142 157 2701
161 7110 162 2728
162 7079 166 2755
163 7045 174 2781
164 7014 176 2810
165 6991 166 2843
166 6960 170 2870
167 6932 170 2898
168 6902 172 2926
169 6878 168 2954
170 6847 172 2981
171 6803 181 3016
172 6765 183 3052
173 6725 201 3074
174 6689 204 3107
175 6651 210 3139
176 6609 213 3178
177 6573 215 3212
178 6533 211 3256
179 6509 200 3291
180 6469 209 3322
181 6423 219 3358
182 6394 211 3395
183 6358 212 3430
184 6326 211 3463
185 6302 200 3498
186 6275 187 3538
187 6252 188 3560
188 6231 164 3605
189 6208 152 3640
190 6187 149 3664
191 6172 142 3686
192 6155 134 3711
193 6139 126 3735
194 6122 126 3752
195 6106 117 3777
196 6080 126 3794
197 6051 128 3821
198 6028 129 3843
199 5994 138 3868
200 5965 139 3896
201 5943 129 3928
202 5915 134 3951
203 5894 129 3977
204 5859 139 4002
205 5830 145 4025
206 5802 141 4057
207 5778 141 4081
208 5752 147 4101
209 5712 159 4129
210 5692 144 4164
211 5667 140 4193
212 5649 135 4216
213 5622 135 4243
214 5605 131 4264
215 5576 137 4287
216 5550 135 4315
217 5533 128 4339
218 5504 139 4357
219 5481 140 4379
220 5452 144 4404
221 5418 149 4433
222 5382 152 4466
223 5350 152 4498
224 5328 147 4525
225 5303 143 4554
226 5283 146 4571
227 5256 142 4602
228 5227 152 4621
229 5197 163 4640
230 5165 169 4666
231 5134 168 4698
232 5112 156 4732
233 5094 150 4756
234 5063 146 4791
235 5048 141 4811
236 5040 120 4840
237 5033 106 4861
238 5018 97 4885
239 5006 86 4908
240 4993 78 4929
241 4979 84 4937
242 4963 83 4954
243 4945 83 4972
244 4934 78 4988
245 4925 73 5002
246 4910 72 5018
247 4888 84 5028
248 4872 87 5041
249 4854 86 5060
250 4829 95 5076
251 4804 101 5095
252 4785 101 5114
253 4762 111 5127
254 4734 121 5145
255 4709 122 5169
256 4695 117 5188
257 4672 118 5210
258 4654 107 5239
259 4631 112 5257
260 4605 116 5279
261 4591 107 5302
262 4571 113 5316
263 4553 110 5337
264 4539 102 5359
265 4526 101 5373
266 4510 106 5384
267 4495 108 5397
268 4485 100 5415
269 4471 93 5436
270 4457 90 5453
271 4443 93 5464
272 4429 94 5477
273 4411 105 5484
274 4399 97 5504
275 4390 90 5520
276 4381 81 5538
277 4368 83 5549
278 4359 75 5566
279 4343 81 5576
280 4329 79 5592
281 4316 78 5606
282 4296 84 5620
283 4284 78 5638
284 4274 80 5646
285 4263 74 5663
286 4259 70 5671
287 4255 61 5684
288 4251 55 5694
289 4249 47 5704
290 4242 43 5715
291 4239 38 5723
292 4230 42 5728
293 4223 41 5736
294 4221 39 5740
295 4219 33 5748
296 4215 33 5752
297 4210 31 5759
298 4210 25 5765
299 4207 22 5771
300 4204 21 5775
301 4203 18 5779
302 4198 22 5780
303 4198 16 5786
304 4196 18 5786
305 4195 17 5788
306 4194 15 5791
307 4193 14 5793
308 4193 11 5796
309 4193 11 5796
310 4192 12 5796
311 4188 14 5798
312 4187 13 5800
313 4186 12 5802
314 4186 10 5804
315 4186 9 5805
316 4185 9 5806
317 4185 7 5808
318 4184 7 5809
319 4184 6 5810
320 4182 7 5811
321 4181 6 5813
322 4180 5 5815
323 4180 3 5817
324 4180 2 5818
325 4180 2 5818
326 4180 2 5818
327 4180 2 5818
328 4180 1 5819
329 4180 1 5819
330 4179 1 5820
331 4179 1 5820
332 4179 1 5820
333 4179 1 5820
334 4179 0 5821
335 4179 0 5821
336 4179 0 5821
337 4179 0 5821
338 4179 0 5821
339 4179 0 5821
340 4179 0 5821
341 4179 0 5821
342 4179 0 5821
343 4179 0 5821
344 4179 0 5821
345 4179 0 5821
346 4179 0 5821
347 4179 0 5821
348 4179 0 5821
349 4179 0 5821
350 4179 0 5821
351 4179 0 5821
352 4179 0 5821
353 4179 0 5821
354 4179 0 5821
355 4179 0 5821
356 4179 0 5821
357 4179 0 5821
358 4179 0 5821
359 4179 0 5821
360 4179 0 5821
361 4179 0 5821
362 4179 0 5821
363 4179 0 5821
364 4179 0 5821
365 4179 0 5821
366 4179 0 5821
367 4179 0 5821
368 4179 0 5821
369 4179 0 5821
370 4179 0 5821
371 4179 0 5821
372 4179 0 5821
373 4179 0 5821
374 4179 0 5821
375 4179 0 5821
376 4179 0 5821
377 4179 0 5821
378 4179 0 5821
379 4179 0 5821
380 4179 0 5821
381 4179 0 5821
382 4179 0 5821
383 4179 0 5821
384 4179 0 5821
385 4179 0 5821
386 4179 0 5821
387 4179 0 5821
388 4179 0 5821
389 4179 0 5821
390 4179 0 5821
391 4179 0 5821
392 4179 0 5821
393 4179 0 5821
394 4179 0 5821
395 4179 0 5821
396 4179 0 5821
397 4179 0 5821
398 4179 0 5821
399 4179 0 5821
400 4179 0 5821
401 4179 0 5821
402 4179 0 5821
403 4179 0 5821
404 4179 0 5821
405 4179 0 5821
406 4179 0 5821
407 4179 0 5821
408 4179 0 5821
409 4179 0 5821
410 4179 0 5821
411 4179 0 5821
412 4179 0 5821
413 4179 0 5821
414 4179 0 5821
415 4179 0 5821
416 4179 0 5821
417 4179 0 5821
418 4179 0 5821
419 4179 0 5821
420 4179 0 5821
421 4179 0 5821
422 4179 0 5821
423 4179 0 5821
424 4179 0 5821
425 4179 0 5821
426 4179 0 5821
427 4179 0 5821
428 4179 0 5821
429 4179 0 5821
430 4179 0 5821
431 4179 0 5821
432 4179 0 5821
433 4179 0 5821
434 4179 0 5821
435 4179 0 5821
436 4179 0 5821
437 4179 0 5821
438 4179 0 5821
439 4179 0 5821
440 4179 0 5821
441 4179 0 5821
442 4179 0 5821
443 4179 0 5821
444 4179 0 5821
445 4179 0 5821
446 4179 0 5821
447 4179 0 5821
448 4179 0 5821
449 4179 0 5821
450 4179 0 5821
451 4179 0 5821
452 4179 0 5821
453 4179 0 5821
454 4179 0 5821
455 4179 0 5821
456 4179 0 5821
457 4179 0 5821
458 4179 0 5821
459 4179 0 5821
460 4179 0 5821
461 4179 0 5821
462 4179 0 5821
463 4179 0 5821
464 4179 0 5821
465 4179 0 5821
466 4179 0 5821
467 4179 0 5821
468 4179 0 5821
469 4179 0 5821
470 4179 0 5821
471 4179 0 5821
472 4179 0 5821
473 4179 0 5821
474 4179 0 5821
475 4179 0 5821
476 4179 0 5821
477 4179 0 5821
478 4179 0 5821
479 4179 0 5821
480 4179 0 5821
481 4179 0 5821
482 4179 0 5821
483 4179 0 5821
484 4179 0 5821
485 4179 0 5821
486 4179 0 5821
487 4179 0 5821
488 4179 0 5821
489 4179 0 5821
490 4179 0 5821
491 4179 0 5821
492 4179 0 5821
493 4179 0 5821
494 4179 0 5821
495 4179 0 5821
496 4179 0 5821
497 4179 0 5821
498 4179 0 5821
499 4179 0 5821
500 4179 0 5821
501 4179 0 5821
502 4179 0 5821
503 4179 0 5821
504 4179 0 5821
505 4179 0 5821
506 4179 0 5821
507 4179 0 5821
508 4179 0 5821
509 4179 0 5821
510 4179 0 5821
511 4179 0 5821
512 4179 0 5821
513 4179 0 5821
514 4179 0 5821
515 4179 0 5821
516 4179 0 5821
517 4179 0 5821
518 4179 0 5821
519 4179 0 5821
520 4179 0 5821
521 4179 0 5821
522 4179 0 5821
523 4179 0 5821
524 4179 0 5821
525 4179 0 5821
526 4179 0 5821
527 4179 0 5821
528 4179 0 5821
529 4179 0 5821
530 4179 0 5821
531 4179 0 5821
532 4179 0 5821
533 4179 0 5821
534 4179 0 5821
535 4179 0 5821
536 4179 0 5821
537 4179 0 5821
538 4179 0 5821
539 4179 0 5821
540 4179 0 5821
541 4179 0 5821
542 4179 0 5821
543 4179 0 5821
544 4179 0 5821
545 4179 0 5821
546 4179 0 5821
547 4179 0 5821
548 4179 0 5821
549 4179 0 5821
550 4179 0 5821
551 4179 0 5821
552 4179 0 5821
553 4179 0 5821
554 4179 0 5821
555 4179 0 5821
556 4179 0 5821
557 4179 0 5821
558 4179 0 5821
559 4179 0 5821
560 4179 0 5821
561 4179 0 5821
562 4179 0 5821
563 4179 0 5821
564 4179 0 5821
565 4179 0 5821
566 4179 0 5821
567 4179 0 5821
568 4179 0 5821
569 4179 0 5821
570 4179 0 5821
571 4179 0 5821
572 4179 0 5821
573 4179 0 5821
574 4179 0 5821
575 4179 0 5821
576 4179 0 5821
577 4179 0 5821
578 4179 0 5821
579 4179 0 5821
580 4179 0 5821
581 4179 0 5821
582 4179 0 5821
583 4179 0 5821
584 4179 0 5821
585 4179 0 5821
586 4179 0 5821
587 4179 0 5821
588 4179 0 5821
589 4179 0 5821
590 4179 0 5821
591 4179 0 5821
592 4179 0 5821
593 4179 0 5821
594 4179 0 5821
595 4179 0 5821
596 4179 0 5821
597 4179 0 5821
598 4179 0 5821
599 4179 0 5821
600 4179 0 5821
601 4179 0 5821
602 4179 0 5821
603 4179 0 5821
604 4179 0 5821
605 4179 0 5821
606 4179 0 5821
607 4179 0 5821
608 4179 0 5821
609 4179 0 5821
610 4179 0 5821
611 4179 0 5821
612 4179 0 5821
613 4179 0 5821
614 4179 0 5821
615 4179 0 5821
616 4179 0 5821
617 4179 0 5821
618 4179 0 5821
619 4179 0 5821
620 4179 0 5821
621 4179 0 5821
622 4179 0 5821
623 4179 0 5821
624 4179 0 5821
625 4179 0 5821
626 4179 0 5821
627 4179 0 5821
628 4179 0 5821
629 4179 0 5821
630 4179 0 5821
631 4179 0 5821
632 4179 0 5821
633 4179 0 5821
634 4179 0 5821
635 4179 0 5821
636 4179 0 5821
637 4179 0 5821
638 4179 0 5821
639 4179 0 5821
640 4179 0 5821
641 4179 0 5821
642 4179 0 5821
643 4179 0 5821
644 4179 0 5821
645 4179 0 5821
646 4179 0 5821
647 4179 0 5821
648 4179 0 5821
649 4179 0 5821
650 4179 0 5821
651 4179 0 5821
652 4179 0 5821
653 4179 0 5821
654 4179 0 5821
655 4179 0 5821
656 4179 0 5821
657 4179 0 5821
658 4179 0 5821
659 4179 0 5821
660 4179 0 5821
661 4179 0 5821
662 4179 0 5821
663 4179 0 5821
664 4179 0 5821
665 4179 0 5821
666 4179 0 5821
667 4179 0 5821
668 4179 0 5821
669 4179 0 5821
670 4179 0 5821
671 4179 0 5821
672 4179 0 5821
673 4179 0 5821
674 4179 0 5821
675 4179 0 5821
676 4179 0 5821
677 4179 0 5821
678 4179 0 5821
679 4179 0 5821
680 4179 0 5821
681 4179 0 5821
682 4179 0 5821
683 4179 0 5821
684 4179 0 5821
685 4179 0 5821
686 4179 0 5821
687 4179 0 5821
688 4179 0 5821
689 4179 0 5821
690 4179 0 5821
691 4179 0 5821
692 4179 0 5821
693 4179 0 5821
694 4179 0 5821
695 4179 0 5821
696 4179 0 5821
697 4179 0 5821
698 4179 0 5821
699 4179 0 5821
700 4179 0 5821
701 4179 0 5821
702 4179 0 5821
703 4179 0 5821
704 4179 0 5821
705 4179 0 5821
706 4179 0 5821
707 4179 0 5821
708 4179 0 5821
709 4179 0 5821
710 4179 0 5821
711 4179 0 5821
712 4179 0 5821
713 4179 0 5821
714 4179 0 5821
715 4179 0 5821
716 4179 0 5821
717 4179 0 5821
718 4179 0 5821
719 4179 0 5821
720 4179 0 5821
721 4179 0 5821
722 4179 0 5821
723 4179 0 5821
724 4179 0 5821
725 4179 0 5821
726 4179 0 5821
727 4179 0 5821
728 4179 0 5821
729 4179 0 5821
730 4179 0 5821
731 4179 0 5821
732 4179 0 5821
733 4179 0 5821
734 4179 0 5821
735 4179 0 5821
736 4179 0 5821
737 4179 0 5821
738 4179 0 5821
739 4179 0 5821
740 4179 0 5821
741 4179 0 5821
742 4179 0 5821
743 4179 0 5821
744 4179 0 5821
745 4179 0 5821
746 4179 0 5821
747 4179 0 5821
748 4179 0 5821
749 4179 0 5821
750 4179 0 5821
751 4179 0 5821
752 4179 0 5821
753 4179 0 5821
754 4179 0 5821
755 4179 0 5821
756 4179 0 5821
757 4179 0 5821
758 4179 0 5821
759 4179 0 5821
760 4179 0 5821
761 4179 0 5821
762 4179 0 5821
763 4179 0 5821
764 4179 0 5821
765 4179 0 5821
766 4179 0 5821
767 4179 0 5821
768 4179 0 5821
769 4179 0 5821
770 4179 0 5821
771 4179 0 5821
772 4179 0 5821
773 4179 0 5821
774 4179 0 5821
775 4179 0 5821
776 4179 0 5821
777 4179 0 5821
778 4179 0 5821
779 4179 0 5821
780 4179 0 5821
781 4179 0 5821
782 4179 0 5821
783 4179 0 5821
784 4179 0 5821
785 4179 0 5821
786 4179 0 5821
787 4179 0 5821
788 4179 0 5821
789 4179 0 5821
790 4179 0 5821
791 4179 0 5821
792 4179 0 5821
793 4179 0 5821
794 4179 0 5821
795 4179 0 5821
796 4179 0 5821
797 4179 0 5821
798 4179 0 5821
799 4179 0 5821
800 4179 0 5821
801 4179 0 5821
802 4179 0 5821
803 4179 0 5821
804 4179 0 5821
805 4179 0 5821
806 4179 0 5821
807 4179 0 5821
808 4179 0 5821
809 4179 0 5821
810 4179 0 5821
811 4179 0 5821
812 4179 0 5821
813 4179 0 5821
814 4179 0 5821
815 4179 0 5821
816 4179 0 5821
817 4179 0 5821
818 4179 0 5821
819 4179 0 5821
820 4179 0 5821
821 4179 0 5821
822 4179 0 5821
823 4179 0 5821
824 4179 0 5821
825 4179 0 5821
826 4179 0 5821
827 4179 0 5821
828 4179 0 5821
829 4179 0 5821
830 4179 0 5821
831 4179 0 5821
832 4179 0 5821
833 4179 0 5821
834 4179 0 5821
835 4179 0 5821
836 4179 0 5821
837 4179 0 5821
838 4179 0 5821
839 4179 0 5821
840 4179 0 5821
841 4179 0 5821
842 4179 0 5821
843 4179 0 5821
844 4179 0 5821
845 4179 0 5821
846 4179 0 5821
847 4179 0 5821
848 4179 0 5821
849 4179 0 5821
850 4179 0 5821
851 4179 0 5821
852 4179 0 5821
853 4179 0 5821
854 4179 0 5821
855 4179 0 5821
856 4179 0 5821
857 4179 0 5821
858 4179 0 5821
859 4179 0 5821
860 4179 0 5821
861 4179 0 5821
862 4179 0 5821
863 4179 0 5821
864 4179 0 5821
865 4179 0 5821
866 4179 0 5821
867 4179 0 5821
868 4179 0 5821
869 4179 0 5821
870 4179 0 5821
871 4179 0 5821
872 4179 0 5821
873 4179 0 5821
874 4179 0 5821
875 4179 0 5821
876 4179 0 5821
877 4179 0 5821
878 4179 0 5821
879 4179 0 5821
880 4179 0 5821
881 4179 0 5821
882 4179 0 5821
883 4179 0 5821
884 4179 0 5821
885 4179 0 5821
886 4179 0 5821
887 4179 0 5821
888 4179 0 5821
889 4179 0 5821
890 4179 0 5821
891 4179 0 5821
892 4179 0 5821
893 4179 0 5821
894 4179 0 5821
895 4179 0 5821
896 4179 0 5821
897 4179 0 5821
898 4179 0 5821
899 4179 0 5821
900 4179 0 5821
901 4179 0 5821
902 4179 0 5821
903 4179 0 5821
904 4179 0 5821
905 4179 0 5821
906 4179 0 5821
907 4179 0 5821
908 4179 0 5821
909 4179 0 5821
910 4179 0 5821
911 4179 0 5821
912 4179 0 5821
913 4179 0 5821
914 4179 0 5821
915 4179 0 5821
916 4179 0 5821
917 4179 0 5821
918 4179 0 5821
919 4179 0 5821
920 4179 0 5821
921 4179 0 5821
922 4179 0 5821
923 4179 0 5821
924 4179 0 5821
925 4179 0 5821
926 4179 0 5821
927 4179 0 5821
928 4179 0 5821
929 4179 0 5821
930 4179 0 5821
931 4179 0 5821
932 4179 0 5821
933 4179 0 5821
934 4179 0 5821
935 4179 0 5821
936 4179 0 5821
937 4179 0 5821
938 4179 0 5821
939 4179 0 5821
940 4179 0 5821
941 4179 0 5821
942 4179 0 5821
943 4179 0 5821
944 4179 0 5821
945 4179 0 5821
946 4179 0 5821
947 4179 0 5821
948 4179 0 5821
949 4179 0 5821
950 4179 0 5821
951 4179 0 5821
952 4179 0 5821
953 4179 0 5821
954 4179 0 5821
955 4179 0 5821
956 4179 0 5821
957 4179 0 5821
958 4179 0 5821
959 4179 0 5821
960 4179 0 5821
961 4179 0 5821
962 4179 0 5821
963 4179 0 5821
964 4179 0 5821
965 4179 0 5821
966 4179 0 5821
967 4179 0 5821
968 4179 0 5821
969 4179 0 5821
970 4179 0 5821
971 4179 0 5821
972 4179 0 5821
973 4179 0 5821
974 4179 0 5821
975 4179 0 5821
976 4179 0 5821
977 4179 0 5821
978 4179 0 5821
979 4179 0 5821
980 4179 0 5821
981 4179 0 5821
982 4179 0 5821
983 4179 0 5821
984 4179 0 5821
985 4179 0 5821
986 4179 0 5821
987 4179 0 5821
988 4179 0 5821
989 4179 0 5821
990 4179 0 5821
991 4179 0 5821
992 4179 0 5821
993 4179 0 5821
994 4179 0 5821
995 4179 0 5821
996 4179 0 5821
997 4179 0 5821
998 4179 0 5821
999 4179 0 5821
