0 9999 1 0
1 9999 1 0
2 9999 1 0
3 9999 1 0
4 9999 1 0
5 9998 2 0
6 9996 3 1
7 9996 2 2
8 9996 2 2
9 9995 2 3
10 9995 2 3
11 9995 2 3
12 9991 5 4
13 9991 5 4
14 9988 6 6
15 9984 10 6
16 9983 11 6
17 9980 12 8
18 9980 11 9
19 9976 14 10
20 9973 14 13
21 9973 12 15
22 9971 11 18
23 9967 13 20
24 9966 11 23
25 9961 15 24
26 9957 15 28
27 9955 14 31
28 9950 16 34
29 9950 15 35
30 9946 18 36
31 9944 17 39
32 9943 17 40
33 9938 18 44
34 9935 19 46
35 9933 19 48
36 9929 20 51
37 9925 19 56
38 9921 20 59
39 9912 25 63
40 9908 25 67
41 9902 24 74
42 9897 27 76
43 9890 28 82
44 9879 35 86
45 9870 37 93
46 9864 39 97
47 9850 47 103
48 9833 51 116
49 9823 51 126
50 9817 44 139
51 9811 41 148
52 9809 35 156
53 9804 27 169
54 9799 25 176
55 9791 26 183
56 9787 24 189
57 9779 24 197
58 9773 26 201
59 9768 29 203
60 9762 30 208
61 9755 30 215
62 9748 31 221
63 9737 32 231
64 9731 35 234
65 9726 35 239
66 9718 34 248
67 9716 29 255
68 9711 29 260
69 9702 34 264
70 9699 30 271
71 9688 34 278
72 9680 37 283
73 9669 41 290
74 9662 33 305
75 9658 30 312
76 9650 28 322
77 9644 25 331
78 9639 21 340
79 9632 26 342
80 9626 30 344
81 9616 35 349
82 9605 40 355
83 9599 39 362
84 9594 38 368
85 9584 42 374
86 9575 43 382
87 9570 40 390
88 9563 41 396
89 9555 42 403
90 9541 48 411
91 9525 56 419
92 9516 53 431
93 9505 54 441
94 9493 59 448
95 9488 52 460
96 9479 51 470
97 9467 51 482
98 9457 50 493
99 9450 47 503
100 9438 48 514
101 9424 52 524
102 9410 54 536
103 9394 55 551
104 9376 58 566
105 9370 57 573
106 9356 62 582
107 9349 64 587
108 9339 64 597
109 9326 61 613
110 9316 57 627
111 9307 57 636
112 9299 57 644
113 9293 54 653
114 9287 52 661
115 9283 49 668
116 9269 54 677
117 9259 55 686
118 9237 65 698
119 9227 67 706
120 9210 70 720
121 9204 64 732
122 9183 75 742
123 9170 79 751
124 9163 70 767
125 9150 75 775
126 9139 71 790
127 9129 66 805
128 9109 75 816
129 9098 77 825
130 9078 71 851
131 9063 72 865
132 9052 70 878
133 9035 76 889
134 9023 80 897
135 9007 83 910
136 8985 95 920
137 8958 108 934
138 8933 115 952
139 8910 115 975
140 8891 117 992
141 8873 107 1020
142 8853 113 1034
143 8835 113 1052
144 8817 106 1077
145 8798 109 1093
146 8775 115 1110
147 8758 112 1130
148 8739 113 1148
149 8714 117 1169
150 8692 120 1188
151 8675 114 1211
152 8651 120 1229
153 8629 118 1253
154 8604 119 1277
155 8582 127 1291
156 8547 135 1318
157 8526 133 1341
158 8509 128 1363
159 8491 120 1389
160 8463 128 1409
161 8441 124 1435
162 8417 122 1461
163 8397 124 1479
164 8371 120 1509
165 8346 130 1524
166 8330 120 1550
167 8304 126 1570
168 8277 126 1597
169 8248 134 1618
170 8228 137 1635
171 8206 132 1662
172 8182 136 1682
173 8153 139 1708
174 8128 141 1731
175 8103 139 1758
176 8075 143 1782
177 8045 151 1804
178 8012 161 1827
179 7971 180 1849
180 7938 187 1875
181 7902 182 1916
182 7870 176 1954
183 7838 175 1987
184 7815 166 2019
185 7790 161 2049
186 7753 165 2082
187 7728 166 2106
188 7690 171 2139
189 7663 170 2167
190 7641 158 2201
191 7610 156 2234
192 7579 159 2262
193 7549 157 2294
194 7509 171 2320
195 7487 161 2352
196 7465 148 2387
197 7435 150 2415
198 7398 155 2447
199 7373 150 2477
200 7340 156 2504
201 7317 151 2532
202 7279 168 2553
203 7244 172 2584
204 7223 166 2611
205 7199 166 2635
206 7162 167 2671
207 7132 172 2696
208 7097 175 2728
209 7080 162 2758
210 7061 151 2788
211 7036 151 2813
212 7003 160 2837
213 6969 161 2870
214 6937 158 2905
215 6910 158 2932
216 6870 173 2957
217 6843 169 2988
218 6803 172 3025
219 6772 156 3072
220 6733 167 3100
221 6696 172 3132
222 6662 176 3162
223 6628 173 3199
224 6595 178 3227
225 6564 177 3259
226 6535 181 3284
227 6497 184 3319
228 6455 189 3356
229 6420 200 3380
230 6380 205 3415
231 6334 221 3445
232 6291 214 3495
233 6248 223 3529
234 6203 233 3564
235 6160 240 3600
236 6114 238 3648
237 6072 237 3691
238 6013 252 3735
239 5957 257 3786
240 5912 250 3838
241 5867 252 3881
242 5836 247 3917
243 5788 248 3964
244 5734 248 4018
245 5688 248 4064
246 5643 255 4102
247 5596 261 4143
248 5552 265 4183
249 5489 291 4220
250 5434 287 4279
251 5391 269 4340
252 5346 262 4392
253 5306 271 4423
254 5258 266 4476
255 5225 246 4529
256 5175 247 4578
257 5138 246 4616
258 5098 240 4662
259 5053 242 4705
260 5000 243 4757
261 4962 235 4803
262 4917 243 4840
263 4865 255 4880
264 4825 262 4913
265 4771 271 4958
266 4731 261 5008
267 4691 261 5048
268 4648 249 5103
269 4618 244 5138
270 4570 250 5180
271 4526 237 5237
272 4478 245 5277
273 4446 225 5329
274 4409 230 5361
275 4378 216 5406
276 4338 220 5442
277 4306 204 5490
278 4279 198 5523
279 4249 193 5558
280 4219 185 5596
281 4182 201 5617
282 4145 203 5652
283 4114 187 5699
284 4077 196 5727
285 4056 180 5764
286 4030 171 5799
287 3996 164 5840
288 3971 168 5861
289 3946 159 5895
290 3921 160 5919
291 3893 161 5946
292 3871 155 5974
293 3852 148 6000
294 3829 146 6025
295 3794 158 6048
296 3778 154 6068
297 3755 141 6104
298 3726 146 6128
299 3706 142 6152
300 3689 134 6177
301 3668 134 6198
302 3641 136 6223
303 3618 136 6246
304 3599 131 6270
305 3580 125 6295
306 3556 125 6319
307 3534 129 6337
308 3509 124 6367
309 3487 126 6387
310 3466 125 6409
311 3436 135 6429
312 3421 124 6455
313 3401 129 6470
314 3382 124 6494
315 3366 120 6514
316 3349 121 6530
317 3329 120 6551
318 3311 119 6570
319 3294 109 6597
320 3272 110 6618
321 3254 110 6636
322 3234 117 6649
323 3216 112 6672
324 3207 104 6689
325 3191 101 6708
326 3172 96 6732
327 3159 92 6749
328 3146 90 6764
329 3135 85 6780
330 3124 76 6800
331 3110 81 6809
332 3091 89 6820
333 3080 82 6838
334 3065 84 6851
335 3058 76 6866
336 3048 70 6882
337 3040 63 6897
338 3028 64 6908
339 3014 67 6919
340 3005 59 6936
341 3000 55 6945
342 2989 60 6951
343 2985 54 6961
344 2980 52 6968
345 2977 47 6976
346 2974 44 6982
347 2969 42 6989
348 2958 42 7000
349 2948 48 7004
350 2934 53 7013
351 2927 50 7023
352 2908 59 7033
353 2896 61 7043
354 2886 59 7055
355 2873 61 7066
356 2858 64 7078
357 2845 68 7087
358 2837 69 7094
359 2826 66 7108
360 2817 63 7120
361 2806 68 7126
362 2796 61 7143
363 2791 55 7154
364 2787 45 7168
365 2784 39 7177
366 2781 38 7181
367 2775 39 7186
368 2763 46 7191
369 2753 48 7199
370 2743 50 7207
371 2737 44 7219
372 2731 44 7225
373 2725 44 7231
374 2720 42 7238
375 2716 39 7245
376 2710 42 7248
377 2705 37 7258
378 2703 32 7265
379 2699 31 7270
380 2693 29 7278
381 2691 27 7282
382 2684 29 7287
383 2681 26 7293
384 2676 26 7298
385 2673 23 7304
386 2670 23 7307
387 2668 21 7311
388 2661 27 7312
389 2657 23 7320
390 2651 26 7323
391 2650 21 7329
392 2643 25 7332
393 2642 24 7334
394 2641 21 7338
395 2638 19 7343
396 2633 18 7349
397 2633 16 7351
398 2633 14 7353
399 2632 15 7353
400 2632 12 7356
401 2632 11 7357
402 2632 8 7360
403 2631 7 7362
404 2631 7 7362
405 2631 6 7363
406 2630 6 7364
407 2630 4 7366
408 2630 4 7366
409 2630 4 7366
410 2630 4 7366
411 2630 3 7367
412 2630 2 7368
413 2630 2 7368
414 2630 1 7369
415 2630 1 7369
416 2630 0 7370
417 2630 0 7370
418 2630 0 7370
419 2630 0 7370
420 2630 0 7370
421 2630 0 7370
422 2630 0 7370
423 2630 0 7370
424 2630 0 7370
425 2630 0 7370
426 2630 0 7370
427 2630 0 7370
428 2630 0 7370
429 2630 0 7370
430 2630 0 7370
431 2630 0 7370
432 2630 0 7370
433 2630 0 7370
434 2630 0 7370
435 2630 0 7370
436 2630 0 7370
437 2630 0 7370
438 2630 0 7370
439 2630 0 7370
440 2630 0 7370
441 2630 0 7370
442 2630 0 7370
443 2630 0 7370
444 2630 0 7370
445 2630 0 7370
446 2630 0 7370
447 2630 0 7370
448 2630 0 7370
449 2630 0 7370
450 2630 0 7370
451 2630 0 7370
452 2630 0 7370
453 2630 0 7370
454 2630 0 7370
455 2630 0 7370
456 2630 0 7370
457 2630 0 7370
458 2630 0 7370
459 2630 0 7370
460 2630 0 7370
461 2630 0 7370
462 2630 0 7370
463 2630 0 7370
464 2630 0 7370
465 2630 0 7370
466 2630 0 7370
467 2630 0 7370
468 2630 0 7370
469 2630 0 7370
470 2630 0 7370
471 2630 0 7370
472 2630 0 7370
473 2630 0 7370
474 2630 0 7370
475 2630 0 7370
476 2630 0 7370
477 2630 0 7370
478 2630 0 7370
479 2630 0 7370
480 2630 0 7370
481 2630 0 7370
482 2630 0 7370
483 2630 0 7370
484 2630 0 7370
485 2630 0 7370
486 2630 0 7370
487 2630 0 7370
488 2630 0 7370
489 2630 0 7370
490 2630 0 7370
491 2630 0 7370
492 2630 0 7370
493 2630 0 7370
494 2630 0 7370
495 2630 0 7370
496 2630 0 7370
497 2630 0 7370
498 2630 0 7370
499 2630 0 7370
500 2630 0 7370
501 2630 0 7370
502 2630 0 7370
503 2630 0 7370
504 2630 0 7370
505 2630 0 7370
506 2630 0 7370
507 2630 0 7370
508 2630 0 7370
509 2630 0 7370
510 2630 0 7370
511 2630 0 7370
512 2630 0 7370
513 2630 0 7370
514 2630 0 7370
515 2630 0 7370
516 2630 0 7370
517 2630 0 7370
518 2630 0 7370
519 2630 0 7370
520 2630 0 7370
521 2630 0 7370
522 2630 0 7370
523 2630 0 7370
524 2630 0 7370
525 2630 0 7370
526 2630 0 7370
527 2630 0 7370
528 2630 0 7370
529 2630 0 7370
530 2630 0 7370
531 2630 0 7370
532 2630 0 7370
533 2630 0 7370
534 2630 0 7370
535 2630 0 7370
536 2630 0 7370
537 2630 0 7370
538 2630 0 7370
539 2630 0 7370
540 2630 0 7370
541 2630 0 7370
542 2630 0 7370
543 2630 0 7370
544 2630 0 7370
545 2630 0 7370
546 2630 0 7370
547 2630 0 7370
548 2630 0 7370
549 2630 0 7370
550 2630 0 7370
551 2630 0 7370
552 2630 0 7370
553 2630 0 7370
554 2630 0 7370
555 2630 0 7370
556 2630 0 7370
557 2630 0 7370
558 2630 0 7370
559 2630 0 7370
560 2630 0 7370
561 2630 0 7370
562 2630 0 7370
563 2630 0 7370
564 2630 0 7370
565 2630 0 7370
566 2630 0 7370
567 2630 0 7370
568 2630 0 7370
569 2630 0 7370
570 2630 0 7370
571 2630 0 7370
572 2630 0 7370
573 2630 0 7370
574 2630 0 7370
575 2630 0 7370
576 2630 0 7370
577 2630 0 7370
578 2630 0 7370
579 2630 0 7370
580 2630 0 7370
581 2630 0 7370
582 2630 0 7370
583 2630 0 7370
584 2630 0 7370
585 2630 0 7370
586 2630 0 7370
587 2630 0 7370
588 2630 0 7370
589 2630 0 7370
590 2630 0 7370
591 2630 0 7370
592 2630 0 7370
593 2630 0 7370
594 2630 0 7370
595 2630 0 7370
596 2630 0 7370
597 2630 0 7370
598 2630 0 7370
599 2630 0 7370
600 2630 0 7370
601 2630 0 7370
602 2630 0 7370
603 2630 0 7370
604 2630 0 7370
605 2630 0 7370
606 2630 0 7370
607 2630 0 7370
608 2630 0 7370
609 2630 0 7370
610 2630 0 7370
611 2630 0 7370
612 2630 0 7370
613 2630 0 7370
614 2630 0 7370
615 2630 0 7370
616 2630 0 7370
617 2630 0 7370
618 2630 0 7370
619 2630 0 7370
620 2630 0 7370
621 2630 0 7370
622 2630 0 7370
623 2630 0 7370
624 2630 0 7370
625 2630 0 7370
626 2630 0 7370
627 2630 0 7370
628 2630 0 7370
629 2630 0 7370
630 2630 0 7370
631 2630 0 7370
632 2630 0 7370
633 2630 0 7370
634 2630 0 7370
635 2630 0 7370
636 2630 0 7370
637 2630 0 7370
638 2630 0 7370
639 2630 0 7370
640 2630 0 7370
641 2630 0 7370
642 2630 0 7370
643 2630 0 7370
644 2630 0 7370
645 2630 0 7370
646 2630 0 7370
647 2630 0 7370
648 2630 0 7370
649 2630 0 7370
650 2630 0 7370
651 2630 0 7370
652 2630 0 7370
653 2630 0 7370
654 2630 0 7370
655 2630 0 7370
656 2630 0 7370
657 2630 0 7370
658 2630 0 7370
659 2630 0 7370
660 2630 0 7370
661 2630 0 7370
662 2630 0 7370
663 2630 0 7370
664 2630 0 7370
665 2630 0 7370
666 2630 0 7370
667 2630 0 7370
668 2630 0 7370
669 2630 0 7370
670 2630 0 7370
671 2630 0 7370
672 2630 0 7370
673 2630 0 7370
674 2630 0 7370
675 2630 0 7370
676 2630 0 7370
677 2630 0 7370
678 2630 0 7370
679 2630 0 7370
680 2630 0 7370
681 2630 0 7370
682 2630 0 7370
683 2630 0 7370
684 2630 0 7370
685 2630 0 7370
686 2630 0 7370
687 2630 0 7370
688 2630 0 7370
689 2630 0 7370
690 2630 0 7370
691 2630 0 7370
692 2630 0 7370
693 2630 0 7370
694 2630 0 7370
695 2630 0 7370
696 2630 0 7370
697 2630 0 7370
698 2630 0 7370
699 2630 0 7370
700 2630 0 7370
701 2630 0 7370
702 2630 0 7370
703 2630 0 7370
704 2630 0 7370
705 2630 0 7370
706 2630 0 7370
707 2630 0 7370
708 2630 0 7370
709 2630 0 7370
710 2630 0 7370
711 2630 0 7370
712 2630 0 7370
713 2630 0 7370
714 2630 0 7370
715 2630 0 7370
716 2630 0 7370
717 2630 0 7370
718 2630 0 7370
719 2630 0 7370
720 2630 0 7370
721 2630 0 7370
722 2630 0 7370
723 2630 0 7370
724 2630 0 7370
725 2630 0 7370
726 2630 0 7370
727 2630 0 7370
728 2630 0 7370
729 2630 0 7370
730 2630 0 7370
731 2630 0 7370
732 2630 0 7370
733 2630 0 7370
734 2630 0 7370
735 2630 0 7370
736 2630 0 7370
737 2630 0 7370
738 2630 0 7370
739 2630 0 7370
740 2630 0 7370
741 2630 0 7370
742 2630 0 7370
743 2630 0 7370
744 2630 0 7370
745 2630 0 7370
746 2630 0 7370
747 2630 0 7370
748 2630 0 7370
749 2630 0 7370
750 2630 0 7370
751 2630 0 7370
752 2630 0 7370
753 2630 0 7370
754 2630 0 7370
755 2630 0 7370
756 2630 0 7370
757 2630 0 7370
758 2630 0 7370
759 2630 0 7370
760 2630 0 7370
761 2630 0 7370
762 2630 0 7370
763 2630 0 7370
764 2630 0 7370
765 2630 0 7370
766 2630 0 7370
767 2630 0 7370
768 2630 0 7370
769 2630 0 7370
770 2630 0 7370
771 2630 0 7370
772 2630 0 7370
773 2630 0 7370
774 2630 0 7370
775 2630 0 7370
776 2630 0 7370
777 2630 0 7370
778 2630 0 7370
779 2630 0 7370
780 2630 0 7370
781 2630 0 7370
782 2630 0 7370
783 2630 0 7370
784 2630 0 7370
785 2630 0 7370
786 2630 0 7370
787 2630 0 7370
788 2630 0 7370
789 2630 0 7370
790 2630 0 7370
791 2630 0 7370
792 2630 0 7370
793 2630 0 7370
794 2630 0 7370
795 2630 0 7370
796 2630 0 7370
797 2630 0 7370
798 2630 0 7370
799 2630 0 7370
800 2630 0 7370
801 2630 0 7370
802 2630 0 7370
803 2630 0 7370
804 2630 0 7370
805 2630 0 7370
806 2630 0 7370
807 2630 0 7370
808 2630 0 7370
809 2630 0 7370
810 2630 0 7370
811 2630 0 7370
812 2630 0 7370
813 2630 0 7370
814 2630 0 7370
815 2630 0 7370
816 2630 0 7370
817 2630 0 7370
818 2630 0 7370
819 2630 0 7370
820 2630 0 7370
821 2630 0 7370
822 2630 0 7370
823 2630 0 7370
824 2630 0 7370
825 2630 0 7370
826 2630 0 7370
827 2630 0 7370
828 2630 0 7370
829 2630 0 7370
830 2630 0 7370
831 2630 0 7370
832 2630 0 7370
833 2630 0 7370
834 2630 0 7370
835 2630 0 7370
836 2630 0 7370
837 2630 0 7370
838 2630 0 7370
839 2630 0 7370
840 2630 0 7370
841 2630 0 7370
842 2630 0 7370
843 2630 0 7370
844 2630 0 7370
845 2630 0 7370
846 2630 0 7370
847 2630 0 7370
848 2630 0 7370
849 2630 0 7370
850 2630 0 7370
851 2630 0 7370
852 2630 0 7370
853 2630 0 7370
854 2630 0 7370
855 2630 0 7370
856 2630 0 7370
857 2630 0 7370
858 2630 0 7370
859 2630 0 7370
860 2630 0 7370
861 2630 0 7370
862 2630 0 7370
863 2630 0 7370
864 2630 0 7370
865 2630 0 7370
866 2630 0 7370
867 2630 0 7370
868 2630 0 7370
869 2630 0 7370
870 2630 0 7370
871 2630 0 7370
872 2630 0 7370
873 2630 0 7370
874 2630 0 7370
875 2630 0 7370
876 2630 0 7370
877 2630 0 7370
878 2630 0 7370
879 2630 0 7370
880 2630 0 7370
881 2630 0 7370
882 2630 0 7370
883 2630 0 7370
884 2630 0 7370
885 2630 0 7370
886 2630 0 7370
887 2630 0 7370
888 2630 0 7370
889 2630 0 7370
890 2630 0 7370
891 2630 0 7370
892 2630 0 7370
893 2630 0 7370
894 2630 0 7370
895 2630 0 7370
896 2630 0 7370
897 2630 0 7370
898 2630 0 7370
899 2630 0 7370
900 2630 0 7370
901 2630 0 7370
902 2630 0 7370
903 2630 0 7370
904 2630 0 7370
905 2630 0 7370
906 2630 0 7370
907 2630 0 7370
908 2630 0 7370
909 2630 0 7370
910 2630 0 7370
911 2630 0 7370
912 2630 0 7370
913 2630 0 7370
914 2630 0 7370
915 2630 0 7370
916 2630 0 7370
917 2630 0 7370
918 2630 0 7370
919 2630 0 7370
920 2630 0 7370
921 2630 0 7370
922 2630 0 7370
923 2630 0 7370
924 2630 0 7370
925 2630 0 7370
926 2630 0 7370
927 2630 0 7370
928 2630 0 7370
929 2630 0 7370
930 2630 0 7370
931 2630 0 7370
932 2630 0 7370
933 2630 0 7370
934 2630 0 7370
935 2630 0 7370
936 2630 0 7370
937 2630 0 7370
938 2630 0 7370
939 2630 0 7370
940 2630 0 7370
941 2630 0 7370
942 2630 0 7370
943 2630 0 7370
944 2630 0 7370
945 2630 0 7370
946 2630 0 7370
947 2630 0 7370
948 2630 0 7370
949 2630 0 7370
950 2630 0 7370
951 2630 0 7370
952 2630 0 7370
953 2630 0 7370
954 2630 0 7370
955 2630 0 7370
956 2630 0 7370
957 2630 0 7370
958 2630 0 7370
959 2630 0 7370
960 2630 0 7370
961 2630 0 7370
962 2630 0 7370
963 2630 0 7370
964 2630 0 7370
965 2630 0 7370
966 2630 0 7370
967 2630 0 7370
968 2630 0 7370
969 2630 0 7370
970 2630 0 7370
971 2630 0 7370
972 2630 0 7370
973 2630 0 7370
974 2630 0 7370
975 2630 0 7370
976 2630 0 7370
977 2630 0 7370
978 2630 0 7370
979 2630 0 7370
980 2630 0 7370
981 2630 0 7370
982 2630 0 7370
983 2630 0 7370
984 2630 0 7370
985 2630 0 7370
986 2630 0 7370
987 2630 0 7370
988 2630 0 7370
989 2630 0 7370
990 2630 0 7370
991 2630 0 7370
992 2630 0 7370
993 2630 0 7370
994 2630 0 7370
995 2630 0 7370
996 2630 0 7370
997 2630 0 7370
998 2630 0 7370
999 2630 0 7370
