0 9999 1 0
1 9999 1 0
2 9998 1 1
3 9995 3 2
4 9992 6 2
5 9985 13 2
6 9985 10 5
7 9983 9 8
8 9981 8 11
9 9981 8 11
10 9978 10 12
11 9977 9 14
12 9975 10 15
13 9974 10 16
14 9971 11 18
15 9970 9 21
16 9969 9 22
17 9967 10 23
18 9965 11 24
19 9962 13 25
20 9961 11 28
21 9960 12 28
22 9958 11 31
23 9951 16 33
24 9948 16 36
25 9946 17 37
26 9942 15 43
27 9939 14 47
28 9932 20 48
29 9929 21 50
30 9926 18 56
31 9918 23 59
32 9916 22 62
33 9912 24 64
34 9907 22 71
35 9900 25 75
36 9897 23 80
37 9895 21 84
38 9888 21 91
39 9886 18 96
40 9883 19 98
41 9882 15 103
42 9880 14 106
43 9876 15 109
44 9868 20 112
45 9865 22 113
46 9860 20 120
47 9857 20 123
48 9852 23 125
49 9847 23 130
50 9846 22 132
51 9841 22 137
52 9836 23 141
53 9834 21 145
54 9829 25 146
55 9826 25 149
56 9819 28 153
57 9816 28 156
58 9815 24 161
59 9806 27 167
60 9795 34 171
61 9783 41 176
62 9780 38 182
63 9771 42 187
64 9766 39 195
65 9759 39 202
66 9743 47 210
67 9728 52 220
68 9721 49 230
69 9717 46 237
70 9714 41 245
71 9709 35 256
72 9704 35 261
73 9694 43 263
74 9689 44 267
75 9674 50 276
76 9664 53 283
77 9658 50 292
78 9652 49 299
79 9646 46 308
80 9636 51 313
81 9624 53 323
82 9616 52 332
83 9596 60 344
84 9584 62 354
85 9564 71 365
86 9546 73 381
87 9537 70 393
88 9528 70 402
89 9509 72 419
90 9496 74 430
91 9480 77 443
92 9466 84 450
93 9451 85 464
94 9438 83 479
95 9430 80 490
96 9419 76 505
97 9412 71 517
98 9399 75 526
99 9387 75 538
100 9377 74 549
101 9367 70 563
102 9354 70 576
103 9335 77 588
104 9320 79 601
105 9311 78 611
106 9303 70 627
107 9289 72 639
108 9277 79 644
109 9265 74 661
110 9257 73 670
111 9243 79 678
112 9234 72 694
113 9216 77 707
114 9202 80 718
115 9190 73 737
116 9182 70 748
117 9170 74 756
118 9153 77 770
119 9140 78 782
120 9124 87 789
121 9114 78 808
122 9105 77 818
123 9092 73 835
124 9080 68 852
125 9068 68 864
126 9056 71 873
127 9044 72 884
128 9031 79 890
129 9011 84 905
130 9001 77 922
131 8991 77 932
132 8983 65 952
133 8975 62 963
134 8961 57 982
135 8950 60 990
136 8938 60 1002
137 8928 60 1012
138 8917 57 1026
139 8907 54 1039
140 8890 60 1050
141 8880 62 1058
142 8867 65 1068
143 8861 61 1078
144 8842 70 1088
145 8830 67 1103
146 8825 58 1117
147 8812 59 1129
148 8804 58 1138
149 8788 58 1154
150 8775 65 1160
151 8758 73 1169
152 8746 66 1188
153 8729 73 1198
154 8720 69 1211
155 8709 65 1226
156 8693 74 1233
157 8687 65 1248
158 8679 67 1254
159 8667 66 1267
160 8652 73 1275
161 8640 74 1286
162 8629 75 1296
163 8622 71 1307
164 8615 67 1318
165 8608 57 1335
166 8595 63 1342
167 8589 57 1354
168 8585 50 1365
169 8580 46 1374
170 8574 46 1380
171 8570 39 1391
172 8569 33 1398
173 8565 34 1401
174 8559 34 1407
175 8554 36 1410
176 8550 33 1417
177 8543 33 1424
178 8534 39 1427
179 8529 38 1433
180 8525 38 1437
181 8517 40 1443
182 8507 42 1451
183 8502 44 1454
184 8494 43 1463
185 8484 48 1468
186 8479 46 1475
187 8475 42 1483
188 8469 43 1488
189 8463 42 1495
190 8453 40 1507
191 8447 41 1512
192 8438 41 1521
193 8432 40 1528
194 8421 43 1536
195 8412 46 1542
196 8403 49 1548
197 8392 53 1555
198 8375 61 1564
199 8365 63 1572
200 8352 62 1586
201 8336 64 1600
202 8321 67 1612
203 8304 75 1621
204 8295 65 1640
205 8280 70 1650
206 8269 75 1656
207 8265 69 1666
208 8258 66 1676
209 8234 74 1692
210 8220 68 1712
211 8202 71 1727
212 8191 69 1740
213 8185 65 1750
214 8169 67 1764
215 8161 58 1781
216 8152 58 1790
217 8142 55 1803
218 8130 55 1815
219 8118 48 1834
220 8108 48 1844
221 8100 47 1853
222 8091 50 1859
223 8086 44 1870
224 8072 48 1880
225 8065 43 1892
226 8059 41 1900
227 8053 38 1909
228 8043 41 1916
229 8039 38 1923
230 8031 39 1930
231 8027 38 1935
232 8024 35 1941
233 8019 35 1946
234 8014 32 1954
235 7994 44 1962
236 7976 51 1973
237 7965 51 1984
238 7954 56 1990
239 7938 66 1996
240 7918 74 2008
241 7895 84 2021
242 7878 86 2036
243 7862 83 2055
244 7852 80 2068
245 7835 78 2087
246 7825 76 2099
247 7814 75 2111
248 7795 80 2125
249 7778 83 2139
250 7769 80 2151
251 7751 84 2165
252 7738 86 2176
253 7723 80 2197
254 7696 95 2209
255 7678 96 2226
256 7660 95 2245
257 7647 91 2262
258 7629 92 2279
259 7610 92 2298
260 7593 96 2311
261 7578 91 2331
262 7562 97 2341
263 7547 97 2356
264 7526 103 2371
265 7515 99 2386
266 7504 87 2409
267 7496 74 2430
268 7479 67 2454
269 7465 65 2470
270 7450 66 2484
271 7435 71 2494
272 7424 70 2506
273 7415 66 2519
274 7408 63 2529
275 7401 61 2538
276 7385 66 2549
277 7376 61 2563
278 7366 59 2575
279 7359 58 2583
280 7352 53 2595
281 7341 56 2603
282 7334 52 2614
283 7325 53 2622
284 7315 54 2631
285 7303 51 2646
286 7298 49 2653
287 7286 54 2660
288 7279 52 2669
289 7262 58 2680
290 7244 66 2690
291 7215 83 2702
292 7191 94 2715
293 7174 98 2728
294 7154 104 2742
295 7128 115 2757
296 7110 115 2775
297 7089 109 2802
298 7072 108 2820
299 7055 111 2834
300 7035 105 2860
301 7016 105 2879
302 7002 98 2900
303 6978 98 2924
304 6954 102 2944
305 6932 110 2958
306 6910 117 2973
307 6886 120 2994
308 6860 128 3012
309 6838 124 3038
310 6822 116 3062
311 6792 127 3081
312 6771 120 3109
313 6749 119 3132
314 6732 108 3160
315 6710 114 3176
316 6692 113 3195
317 6671 110 3219
318 6658 101 3241
319 6637 99 3264
320 6623 92 3285
321 6603 95 3302
322 6581 107 3312
323 6556 115 3329
324 6533 112 3355
325 6508 117 3375
326 6482 119 3399
327 6463 112 3425
328 6444 112 3444
329 6424 104 3472
330 6403 111 3486
331 6380 111 3509
332 6364 105 3531
333 6349 95 3556
334 6330 97 3573
335 6310 104 3586
336 6286 111 3603
337 6266 107 3627
338 6249 101 3650
339 6229 106 3665
340 6207 108 3685
341 6194 106 3700
342 6171 113 3716
343 6136 133 3731
344 6103 144 3753
345 6065 151 3784
346 6036 154 3810
347 6013 151 3836
348 5986 152 3862
349 5964 146 3890
350 5929 155 3916
351 5900 161 3939
352 5858 175 3967
353 5825 176 3999
354 5790 172 4038
355 5758 174 4068
356 5730 173 4097
357 5697 172 4131
358 5659 177 4164
359 5633 167 4200
360 5600 173 4227
361 5580 168 4252
362 5554 159 4287
363 5533 155 4312
364 5505 146 4349
365 5484 140 4376
366 5455 141 4404
367 5431 141 4428
368 5411 134 4455
369 5399 126 4475
370 5375 125 4500
371 5355 119 4526
372 5334 119 4547
373 5317 116 4567
374 5298 116 4586
375 5283 117 4600
376 5264 117 4619
377 5236 121 4643
378 5198 133 4669
379 5169 132 4699
380 5149 128 4723
381 5124 134 4742
382 5110 127 4763
383 5079 136 4785
384 5067 119 4814
385 5043 123 4834
386 5017 126 4857
387 4997 121 4882
388 4980 115 4905
389 4965 106 4929
390 4951 103 4946
391 4931 104 4965
392 4915 97 4988
393 4899 105 4996
394 4877 111 5012
395 4850 122 5028
396 4833 117 5050
397 4820 111 5069
398 4796 114 5090
399 4774 123 5103
400 4755 113 5132
401 4737 116 5147
402 4718 110 5172
403 4692 110 5198
404 4677 107 5216
405 4656 110 5234
406 4636 116 5248
407 4610 117 5273
408 4590 113 5297
409 4557 117 5326
410 4536 120 5344
411 4518 122 5360
412 4502 116 5382
413 4472 124 5404
414 4447 125 5428
415 4417 133 5450
416 4392 142 5466
417 4371 138 5491
418 4347 137 5516
419 4320 137 5543
420 4292 138 5570
421 4263 137 5600
422 4236 139 5625
423 4217 133 5650
424 4200 125 5675
425 4182 122 5696
426 4159 124 5717
427 4130 126 5744
428 4108 127 5765
429 4076 136 5788
430 4042 145 5813
431 4003 158 5839
432 3976 157 5867
433 3948 159 5893
434 3916 161 5923
435 3877 170 5953
436 3853 159 5988
437 3834 145 6021
438 3823 132 6045
439 3803 131 6066
440 3785 124 6091
441 3765 130 6105
442 3756 117 6127
443 3738 119 6143
444 3717 123 6160
445 3699 123 6178
446 3667 138 6195
447 3642 135 6223
448 3623 121 6256
449 3604 116 6280
450 3576 119 6305
451 3560 115 6325
452 3546 108 6346
453 3531 100 6369
454 3510 99 6391
455 3500 88 6412
456 3496 77 6427
457 3494 66 6440
458 3482 66 6452
459 3473 66 6461
460 3465 67 6468
461 3461 59 6480
462 3446 64 6490
463 3439 55 6506
464 3434 54 6512
465 3430 48 6522
466 3420 50 6530
467 3414 44 6542
468 3405 45 6550
469 3403 37 6560
470 3394 42 6564
471 3384 43 6573
472 3378 39 6583
473 3372 37 6591
474 3367 32 6601
475 3360 34 6606
476 3354 31 6615
477 3343 37 6620
478 3338 37 6625
479 3333 34 6633
480 3323 39 6638
481 3315 37 6648
482 3305 41 6654
483 3294 40 6666
484 3283 43 6674
485 3275 45 6680
486 3264 51 6685
487 3250 58 6692
488 3235 62 6703
489 3207 83 6710
490 3193 90 6717
491 3178 91 6731
492 3166 87 6747
493 3150 89 6761
494 3136 76 6788
495 3129 75 6796
496 3114 75 6811
497 3102 72 6826
498 3093 67 6840
499 3083 65 6852
500 3069 62 6869
501 3058 61 6881
502 3044 64 6892
503 3036 62 6902
504 3027 61 6912
505 3017 61 6922
506 3012 55 6933
507 3008 48 6944
508 3006 37 6957
509 3002 36 6962
510 2996 35 6969
511 2992 33 6975
512 2986 33 6981
513 2978 34 6988
514 2977 27 6996
515 2972 27 7001
516 2967 29 7004
517 2966 25 7009
518 2963 26 7011
519 2954 29 7017
520 2947 30 7023
521 2942 30 7028
522 2931 33 7036
523 2924 32 7044
524 2919 31 7050
525 2915 28 7057
526 2910 26 7064
527 2908 22 7070
528 2907 20 7073
529 2906 18 7076
530 2905 16 7079
531 2900 19 7081
532 2894 21 7085
533 2884 27 7089
534 2881 25 7094
535 2877 26 7097
536 2873 24 7103
537 2871 21 7108
538 2869 20 7111
539 2863 21 7116
540 2861 21 7118
541 2854 26 7120
542 2847 29 7124
543 2844 27 7129
544 2839 28 7133
545 2832 30 7138
546 2828 31 7141
547 2822 31 7147
548 2817 30 7153
549 2814 28 7158
550 2809 26 7165
551 2807 22 7171
552 2807 17 7176
553 2807 16 7177
554 2805 18 7177
555 2801 21 7178
556 2797 23 7180
557 2793 24 7183
558 2788 27 7185
559 2786 27 7187
560 2779 27 7194
561 2777 26 7197
562 2772 30 7198
563 2763 35 7202
564 2756 40 7204
565 2750 38 7212
566 2738 36 7226
567 2731 34 7235
568 2726 35 7239
569 2722 35 7243
570 2716 36 7248
571 2708 38 7254
572 2703 36 7261
573 2695 39 7266
574 2690 38 7272
575 2682 37 7281
576 2674 35 7291
577 2669 36 7295
578 2662 35 7303
579 2655 37 7308
580 2646 37 7317
581 2644 36 7320
582 2643 29 7328
583 2637 29 7334
584 2636 28 7336
585 2631 28 7341
586 2627 28 7345
587 2623 28 7349
588 2620 23 7357
589 2619 18 7363
590 2614 16 7370
591 2612 15 7373
592 2612 13 7375
593 2612 11 7377
594 2612 9 7379
595 2612 7 7381
596 2612 7 7381
597 2612 7 7381
598 2611 8 7381
599 2611 8 7381
600 2610 8 7382
601 2609 9 7382
602 2608 8 7384
603 2608 7 7385
604 2608 6 7386
605 2608 3 7389
606 2608 2 7390
607 2608 2 7390
608 2607 2 7391
609 2607 2 7391
610 2607 1 7392
611 2607 1 7392
612 2607 1 7392
613 2607 1 7392
614 2607 1 7392
615 2607 1 7392
616 2607 1 7392
617 2607 1 7392
618 2607 1 7392
619 2607 1 7392
620 2607 1 7392
621 2607 1 7392
622 2607 1 7392
623 2607 0 7393
624 2607 0 7393
625 2607 0 7393
626 2607 0 7393
627 2607 0 7393
628 2607 0 7393
629 2607 0 7393
630 2607 0 7393
631 2607 0 7393
632 2607 0 7393
633 2607 0 7393
634 2607 0 7393
635 2607 0 7393
636 2607 0 7393
637 2607 0 7393
638 2607 0 7393
639 2607 0 7393
640 2607 0 7393
641 2607 0 7393
642 2607 0 7393
643 2607 0 7393
644 2607 0 7393
645 2607 0 7393
646 2607 0 7393
647 2607 0 7393
648 2607 0 7393
649 2607 0 7393
650 2607 0 7393
651 2607 0 7393
652 2607 0 7393
653 2607 0 7393
654 2607 0 7393
655 2607 0 7393
656 2607 0 7393
657 2607 0 7393
658 2607 0 7393
659 2607 0 7393
660 2607 0 7393
661 2607 0 7393
662 2607 0 7393
663 2607 0 7393
664 2607 0 7393
665 2607 0 7393
666 2607 0 7393
667 2607 0 7393
668 2607 0 7393
669 2607 0 7393
670 2607 0 7393
671 2607 0 7393
672 2607 0 7393
673 2607 0 7393
674 2607 0 7393
675 2607 0 7393
676 2607 0 7393
677 2607 0 7393
678 2607 0 7393
679 2607 0 7393
680 2607 0 7393
681 2607 0 7393
682 2607 0 7393
683 2607 0 7393
684 2607 0 7393
685 2607 0 7393
686 2607 0 7393
687 2607 0 7393
688 2607 0 7393
689 2607 0 7393
690 2607 0 7393
691 2607 0 7393
692 2607 0 7393
693 2607 0 7393
694 2607 0 7393
695 2607 0 7393
696 2607 0 7393
697 2607 0 7393
698 2607 0 7393
699 2607 0 7393
700 2607 0 7393
701 2607 0 7393
702 2607 0 7393
703 2607 0 7393
704 2607 0 7393
705 2607 0 7393
706 2607 0 7393
707 2607 0 7393
708 2607 0 7393
709 2607 0 7393
710 2607 0 7393
711 2607 0 7393
712 2607 0 7393
713 2607 0 7393
714 2607 0 7393
715 2607 0 7393
716 2607 0 7393
717 2607 0 7393
718 2607 0 7393
719 2607 0 7393
720 2607 0 7393
721 2607 0 7393
722 2607 0 7393
723 2607 0 7393
724 2607 0 7393
725 2607 0 7393
726 2607 0 7393
727 2607 0 7393
728 2607 0 7393
729 2607 0 7393
730 2607 0 7393
731 2607 0 7393
732 2607 0 7393
733 2607 0 7393
734 2607 0 7393
735 2607 0 7393
736 2607 0 7393
737 2607 0 7393
738 2607 0 7393
739 2607 0 7393
740 2607 0 7393
741 2607 0 7393
742 2607 0 7393
743 2607 0 7393
744 2607 0 7393
745 2607 0 7393
746 2607 0 7393
747 2607 0 7393
748 2607 0 7393
749 2607 0 7393
750 2607 0 7393
751 2607 0 7393
752 2607 0 7393
753 2607 0 7393
754 2607 0 7393
755 2607 0 7393
756 2607 0 7393
757 2607 0 7393
758 2607 0 7393
759 2607 0 7393
760 2607 0 7393
761 2607 0 7393
762 2607 0 7393
763 2607 0 7393
764 2607 0 7393
765 2607 0 7393
766 2607 0 7393
767 2607 0 7393
768 2607 0 7393
769 2607 0 7393
770 2607 0 7393
771 2607 0 7393
772 2607 0 7393
773 2607 0 7393
774 2607 0 7393
775 2607 0 7393
776 2607 0 7393
777 2607 0 7393
778 2607 0 7393
779 2607 0 7393
780 2607 0 7393
781 2607 0 7393
782 2607 0 7393
783 2607 0 7393
784 2607 0 7393
785 2607 0 7393
786 2607 0 7393
787 2607 0 7393
788 2607 0 7393
789 2607 0 7393
790 2607 0 7393
791 2607 0 7393
792 2607 0 7393
793 2607 0 7393
794 2607 0 7393
795 2607 0 7393
796 2607 0 7393
797 2607 0 7393
798 2607 0 7393
799 2607 0 7393
800 2607 0 7393
801 2607 0 7393
802 2607 0 7393
803 2607 0 7393
804 2607 0 7393
805 2607 0 7393
806 2607 0 7393
807 2607 0 7393
808 2607 0 7393
809 2607 0 7393
810 2607 0 7393
811 2607 0 7393
812 2607 0 7393
813 2607 0 7393
814 2607 0 7393
815 2607 0 7393
816 2607 0 7393
817 2607 0 7393
818 2607 0 7393
819 2607 0 7393
820 2607 0 7393
821 2607 0 7393
822 2607 0 7393
823 2607 0 7393
824 2607 0 7393
825 2607 0 7393
826 2607 0 7393
827 2607 0 7393
828 2607 0 7393
829 2607 0 7393
830 2607 0 7393
831 2607 0 7393
832 2607 0 7393
833 2607 0 7393
834 2607 0 7393
835 2607 0 7393
836 2607 0 7393
837 2607 0 7393
838 2607 0 7393
839 2607 0 7393
840 2607 0 7393
841 2607 0 7393
842 2607 0 7393
843 2607 0 7393
844 2607 0 7393
845 2607 0 7393
846 2607 0 7393
847 2607 0 7393
848 2607 0 7393
849 2607 0 7393
850 2607 0 7393
851 2607 0 7393
852 2607 0 7393
853 2607 0 7393
854 2607 0 7393
855 2607 0 7393
856 2607 0 7393
857 2607 0 7393
858 2607 0 7393
859 2607 0 7393
860 2607 0 7393
861 2607 0 7393
862 2607 0 7393
863 2607 0 7393
864 2607 0 7393
865 2607 0 7393
866 2607 0 7393
867 2607 0 7393
868 2607 0 7393
869 2607 0 7393
870 2607 0 7393
871 2607 0 7393
872 2607 0 7393
873 2607 0 7393
874 2607 0 7393
875 2607 0 7393
876 2607 0 7393
877 2607 0 7393
878 2607 0 7393
879 2607 0 7393
880 2607 0 7393
881 2607 0 7393
882 2607 0 7393
883 2607 0 7393
884 2607 0 7393
885 2607 0 7393
886 2607 0 7393
887 2607 0 7393
888 2607 0 7393
889 2607 0 7393
890 2607 0 7393
891 2607 0 7393
892 2607 0 7393
893 2607 0 7393
894 2607 0 7393
895 2607 0 7393
896 2607 0 7393
897 2607 0 7393
898 2607 0 7393
899 2607 0 7393
900 2607 0 7393
901 2607 0 7393
902 2607 0 7393
903 2607 0 7393
904 2607 0 7393
905 2607 0 7393
906 2607 0 7393
907 2607 0 7393
908 2607 0 7393
909 2607 0 7393
910 2607 0 7393
911 2607 0 7393
912 2607 0 7393
913 2607 0 7393
914 2607 0 7393
915 2607 0 7393
916 2607 0 7393
917 2607 0 7393
918 2607 0 7393
919 2607 0 7393
920 2607 0 7393
921 2607 0 7393
922 2607 0 7393
923 2607 0 7393
924 2607 0 7393
925 2607 0 7393
926 2607 0 7393
927 2607 0 7393
928 2607 0 7393
929 2607 0 7393
930 2607 0 7393
931 2607 0 7393
932 2607 0 7393
933 2607 0 7393
934 2607 0 7393
935 2607 0 7393
936 2607 0 7393
937 2607 0 7393
938 2607 0 7393
939 2607 0 7393
940 2607 0 7393
941 2607 0 7393
942 2607 0 7393
943 2607 0 7393
944 2607 0 7393
945 2607 0 7393
946 2607 0 7393
947 2607 0 7393
948 2607 0 7393
949 2607 0 7393
950 2607 0 7393
951 2607 0 7393
952 2607 0 7393
953 2607 0 7393
954 2607 0 7393
955 2607 0 7393
956 2607 0 7393
957 2607 0 7393
958 2607 0 7393
959 2607 0 7393
960 2607 0 7393
961 2607 0 7393
962 2607 0 7393
963 2607 0 7393
964 2607 0 7393
965 2607 0 7393
966 2607 0 7393
967 2607 0 7393
968 2607 0 7393
969 2607 0 7393
970 2607 0 7393
971 2607 0 7393
972 2607 0 7393
973 2607 0 7393
974 2607 0 7393
975 2607 0 7393
976 2607 0 7393
977 2607 0 7393
978 2607 0 7393
979 2607 0 7393
980 2607 0 7393
981 2607 0 7393
982 2607 0 7393
983 2607 0 7393
984 2607 0 7393
985 2607 0 7393
986 2607 0 7393
987 2607 0 7393
988 2607 0 7393
989 2607 0 7393
990 2607 0 7393
991 2607 0 7393
992 2607 0 7393
993 2607 0 7393
994 2607 0 7393
995 2607 0 7393
996 2607 0 7393
997 2607 0 7393
998 2607 0 7393
999 2607 0 7393
