0 9999 1 0
1 9999 1 0
2 9999 1 0
3 9999 1 0
4 9999 1 0
5 9997 2 1
6 9997 2 1
7 9996 3 1
8 9996 2 2
9 9995 2 3
10 9995 2 3
11 9995 1 4
12 9993 3 4
13 9991 5 4
14 9988 8 4
15 9985 11 4
16 9983 9 8
17 9981 9 10
18 9978 12 10
19 9977 10 13
20 9977 9 14
21 9975 10 15
22 9968 17 15
23 9963 20 17
24 9961 19 20
25 9959 18 23
26 9957 19 24
27 9956 18 26
28 9951 17 32
29 9949 15 36
30 9945 19 36
31 9942 17 41
32 9938 17 45
33 9932 17 51
34 9927 20 53
35 9922 22 56
36 9920 18 62
37 9909 25 66
38 9906 22 72
39 9899 26 75
40 9896 22 82
41 9886 26 88
42 9880 28 92
43 9875 25 100
44 9866 34 100
45 9860 35 105
46 9856 32 112
47 9853 29 118
48 9842 35 123
49 9835 33 132
50 9828 36 136
51 9824 38 138
52 9817 40 143
53 9808 43 149
54 9801 43 156
55 9798 38 164
56 9791 39 170
57 9781 44 175
58 9775 42 183
59 9772 39 189
60 9761 45 194
61 9752 45 203
62 9747 42 211
63 9741 35 224
64 9731 39 230
65 9729 33 238
66 9725 32 243
67 9719 35 246
68 9708 44 248
69 9700 46 254
70 9694 43 263
71 9686 39 275
72 9677 40 283
73 9660 47 293
74 9646 49 305
75 9637 47 316
76 9619 57 324
77 9608 59 333
78 9598 62 340
79 9578 65 357
80 9567 67 366
81 9553 73 374
82 9546 71 383
83 9535 73 392
84 9523 72 405
85 9513 68 419
86 9501 72 427
87 9481 81 438
88 9463 89 448
89 9450 91 459
90 9431 99 470
91 9417 99 484
92 9398 97 505
93 9377 97 526
94 9365 89 546
95 9348 87 565
96 9332 81 587
97 9307 90 603
98 9280 99 621
99 9264 100 636
100 9242 109 649
101 9224 110 666
102 9205 105 690
103 9184 110 706
104 9167 111 722
105 9151 110 739
106 9129 108 763
107 9113 101 786
108 9099 94 807
109 9086 89 825
110 9073 90 837
111 9050 100 850
112 9035 100 865
113 9012 103 885
114 8995 101 904
115 8982 95 923
116 8956 106 938
117 8930 116 954
118 8912 120 968
119 8897 117 986
120 8875 114 1011
121 8856 109 1035
122 8841 107 1052
123 8819 116 1065
124 8807 107 1086
125 8789 101 1110
126 8773 96 1131
127 8752 101 1147
128 8732 104 1164
129 8703 110 1187
130 8681 111 1208
131 8662 114 1224
132 8645 114 1241
133 8634 107 1259
134 8616 116 1268
135 8591 116 1293
136 8572 105 1323
137 8551 108 1341
138 8530 107 1363
139 8515 103 1382
140 8495 108 1397
141 8475 113 1412
142 8462 101 1437
143 8445 102 1453
144 8424 103 1473
145 8403 109 1488
146 8388 108 1504
147 8365 108 1527
148 8348 109 1543
149 8324 117 1559
150 8306 111 1583
151 8280 118 1602
152 8259 118 1623
153 8234 125 1641
154 8213 119 1668
155 8190 118 1692
156 8169 125 1706
157 8148 120 1732
158 8125 118 1757
159 8114 112 1774
160 8099 101 1800
161 8077 107 1816
162 8060 107 1833
163 8049 96 1855
164 8038 91 1871
165 8019 87 1894
166 8011 82 1907
167 8000 83 1917
168 7985 81 1934
169 7966 84 1950
170 7948 90 1962
171 7929 93 1978
172 7911 94 1995
173 7891 99 2010
174 7879 90 2031
175 7864 89 2047
176 7851 88 2061
177 7844 82 2074
178 7821 86 2093
179 7812 78 2110
180 7799 76 2125
181 7784 75 2141
182 7772 67 2161
183 7763 67 2170
184 7744 71 2185
185 7722 80 2198
186 7713 80 2207
187 7696 83 2221
188 7687 81 2232
189 7670 80 2250
190 7650 88 2262
191 7634 86 2280
192 7615 87 2298
193 7597 93 2310
194 7586 84 2330
195 7573 84 2343
196 7553 91 2356
197 7531 96 2373
198 7516 90 2394
199 7504 92 2404
200 7482 97 2421
201 7460 103 2437
202 7445 100 2455
203 7420 110 2470
204 7404 107 2489
205 7385 110 2505
206 7369 110 2521
207 7355 102 2543
208 7333 101 2566
209 7312 113 2575
210 7299 112 2589
211 7277 120 2603
212 7257 124 2619
213 7235 124 2641
214 7205 134 2661
215 7182 135 2683
216 7167 129 2704
217 7147 128 2725
218 7127 130 2743
219 7107 125 2768
220 7084 130 2786
221 7068 122 2810
222 7050 114 2836
223 7032 114 2854
224 7011 117 2872
225 6990 117 2893
226 6957 124 2919
227 6934 134 2932
228 6905 139 2956
229 6875 145 2980
230 6851 146 3003
231 6823 135 3042
232 6800 133 3067
233 6775 132 3093
234 6749 136 3115
235 6723 138 3139
236 6706 131 3163
237 6683 132 3185
238 6651 131 3218
239 6630 140 3230
240 6604 146 3250
241 6587 130 3283
242 6567 132 3301
243 6543 136 3321
244 6527 120 3353
245 6511 104 3385
246 6489 114 3397
247 6463 117 3420
248 6445 111 3444
249 6426 112 3462
250 6404 114 3482
251 6390 102 3508
252 6372 102 3526
253 6353 101 3546
254 6336 104 3560
255 6319 102 3579
256 6294 111 3595
257 6276 113 3611
258 6255 118 3627
259 6243 108 3649
260 6230 103 3667
261 6218 98 3684
262 6208 94 3698
263 6196 88 3716
264 6189 80 3731
265 6180 79 3741
266 6168 76 3756
267 6157 71 3772
268 6148 69 3783
269 6136 71 3793
270 6125 67 3808
271 6115 65 3820
272 6098 67 3835
273 6072 74 3854
274 6044 95 3861
275 6028 85 3887
276 6016 81 3903
277 5995 93 3912
278 5974 95 3931
279 5954 94 3952
280 5928 105 3967
281 5905 103 3992
282 5891 102 4007
283 5872 108 4020
284 5836 125 4039
285 5807 139 4054
286 5777 144 4079
287 5742 159 4099
288 5709 165 4126
289 5659 187 4154
290 5638 176 4186
291 5614 168 4218
292 5571 178 4251
293 5534 188 4278
294 5506 184 4310
295 5482 172 4346
296 5452 175 4373
297 5423 174 4403
298 5399 174 4427
299 5372 159 4469
300 5351 165 4484
301 5331 159 4510
302 5303 163 4534
303 5278 153 4569
304 5253 149 4598
305 5224 153 4623
306 5207 144 4649
307 5183 152 4665
308 5162 143 4695
309 5144 140 4716
310 5128 126 4746
311 5112 120 4768
312 5093 129 4778
313 5066 133 4801
314 5045 123 4832
315 5022 131 4847
316 5003 127 4870
317 4980 132 4888
318 4954 136 4910
319 4939 132 4929
320 4926 126 4948
321 4906 124 4970
322 4883 124 4993
323 4867 121 5012
324 4855 110 5035
325 4842 101 5057
326 4827 101 5072
327 4811 99 5090
328 4801 95 5104
329 4785 93 5122
330 4760 99 5141
331 4742 102 5156
332 4718 108 5174
333 4702 108 5190
334 4684 110 5206
335 4663 109 5228
336 4644 108 5248
337 4619 108 5273
338 4601 109 5290
339 4570 120 5310
340 4532 134 5334
341 4499 148 5353
342 4463 164 5373
343 4439 157 5404
344 4414 146 5440
345 4387 154 5459
346 4356 156 5488
347 4335 154 5511
348 4319 148 5533
349 4297 145 5558
350 4276 140 5584
351 4255 143 5602
352 4236 135 5629
353 4210 142 5648
354 4188 135 5677
355 4163 135 5702
356 4134 140 5726
357 4112 135 5753
358 4090 137 5773
359 4066 147 5787
360 4033 151 5816
361 4009 142 5849
362 3979 145 5876
363 3954 146 5900
364 3939 133 5928
365 3921 125 5954
366 3895 119 5986
367 3872 124 6004
368 3855 123 6022
369 3836 111 6053
370 3817 116 6067
371 3796 123 6081
372 3770 125 6105
373 3751 121 6128
374 3717 132 6151
375 3694 125 6181
376 3667 129 6204
377 3641 130 6229
378 3608 141 6251
379 3591 139 6270
380 3563 147 6290
381 3545 140 6315
382 3516 148 6336
383 3483 153 6364
384 3461 149 6390
385 3442 142 6416
386 3423 136 6441
387 3402 140 6458
388 3384 127 6489
389 3363 127 6510
390 3343 131 6526
391 3320 133 6547
392 3306 117 6577
393 3284 119 6597
394 3269 112 6619
395 3254 113 6633
396 3233 117 6650
397 3211 113 6676
398 3192 120 6688
399 3178 107 6715
400 3165 105 6730
401 3144 109 6747
402 3135 100 6765
403 3114 104 6782
404 3098 102 6800
405 3082 103 6815
406 3058 110 6832
407 3042 111 6847
408 3036 103 6861
409 3023 100 6877
410 2998 110 6892
411 2978 110 6912
412 2957 110 6933
413 2943 97 6960
414 2932 90 6978
415 2917 88 6995
416 2899 87 7014
417 2890 78 7032
418 2878 74 7048
419 2865 72 7063
420 2855 69 7076
421 2841 67 7092
422 2837 65 7098
423 2829 62 7109
424 2820 60 7120
425 2810 61 7129
426 2805 54 7141
427 2796 53 7151
428 2789 51 7160
429 2781 54 7165
430 2771 52 7177
431 2758 55 7187
432 2749 52 7199
433 2744 47 7209
434 2735 49 7216
435 2727 51 7222
436 2720 48 7232
437 2716 42 7242
438 2713 38 7249
439 2707 37 7256
440 2703 33 7264
441 2698 31 7271
442 2693 31 7276
443 2690 30 7280
444 2683 30 7287
445 2682 26 7292
446 2678 26 7296
447 2676 21 7303
448 2673 21 7306
449 2667 24 7309
450 2664 25 7311
451 2658 30 7312
452 2652 33 7315
453 2649 32 7319
454 2644 28 7328
455 2641 26 7333
456 2636 26 7338
457 2631 22 7347
458 2628 22 7350
459 2625 20 7355
460 2620 20 7360
461 2619 19 7362
462 2612 25 7363
463 2607 29 7364
464 2601 28 7371
465 2598 28 7374
466 2596 27 7377
467 2593 25 7382
468 2588 24 7388
469 2578 27 7395
470 2575 27 7398
471 2571 27 7402
472 2568 24 7408
473 2561 28 7411
474 2556 26 7418
475 2547 30 7423
476 2536 33 7431
477 2528 38 7434
478 2521 37 7442
479 2519 32 7449
480 2514 34 7452
481 2512 28 7460
482 2507 29 7464
483 2502 31 7467
484 2502 27 7471
485 2501 25 7474
486 2499 23 7478
487 2496 25 7479
488 2494 21 7485
489 2490 23 7487
490 2486 22 7492
491 2481 24 7495
492 2477 21 7502
493 2473 19 7508
494 2467 21 7512
495 2465 18 7517
496 2463 19 7518
497 2460 17 7523
498 2456 20 7524
499 2453 20 7527
500 2448 22 7530
501 2445 22 7533
502 2440 24 7536
503 2432 29 7539
504 2428 29 7543
505 2425 32 7543
506 2424 26 7550
507 2416 32 7552
508 2409 32 7559
509 2396 40 7564
510 2387 38 7575
511 2378 41 7581
512 2371 40 7589
513 2367 38 7595
514 2363 34 7603
515 2358 33 7609
516 2356 25 7619
517 2350 28 7622
518 2344 29 7627
519 2340 29 7631
520 2335 26 7639
521 2329 27 7644
522 2324 29 7647
523 2319 26 7655
524 2313 30 7657
525 2311 30 7659
526 2309 26 7665
527 2305 28 7667
528 2304 24 7672
529 2302 22 7676
530 2298 23 7679
531 2292 23 7685
532 2290 22 7688
533 2287 23 7690
534 2282 24 7694
535 2277 28 7695
536 2271 26 7703
537 2258 35 7707
538 2253 34 7713
539 2250 29 7721
540 2246 27 7727
541 2241 27 7732
542 2237 28 7735
543 2236 25 7739
544 2234 24 7742
545 2230 28 7742
546 2225 27 7748
547 2218 27 7755
548 2213 22 7765
549 2211 20 7769
550 2210 16 7774
551 2209 14 7777
552 2208 11 7781
553 2206 11 7783
554 2206 10 7784
555 2206 8 7786
556 2206 8 7786
557 2206 7 7787
558 2206 7 7787
559 2206 7 7787
560 2206 5 7789
561 2206 4 7790
562 2206 4 7790
563 2206 4 7790
564 2206 4 7790
565 2206 2 7792
566 2206 2 7792
567 2206 2 7792
568 2206 2 7792
569 2206 2 7792
570 2206 2 7792
571 2206 2 7792
572 2206 2 7792
573 2206 2 7792
574 2206 1 7793
575 2206 1 7793
576 2206 1 7793
577 2206 1 7793
578 2206 1 7793
579 2206 1 7793
580 2206 1 7793
581 2206 1 7793
582 2206 0 7794
583 2206 0 7794
584 2206 0 7794
585 2206 0 7794
586 2206 0 7794
587 2206 0 7794
588 2206 0 7794
589 2206 0 7794
590 2206 0 7794
591 2206 0 7794
592 2206 0 7794
593 2206 0 7794
594 2206 0 7794
595 2206 0 7794
596 2206 0 7794
597 2206 0 7794
598 2206 0 7794
599 2206 0 7794
600 2206 0 7794
601 2206 0 7794
602 2206 0 7794
603 2206 0 7794
604 2206 0 7794
605 2206 0 7794
606 2206 0 7794
607 2206 0 7794
608 2206 0 7794
609 2206 0 7794
610 2206 0 7794
611 2206 0 7794
612 2206 0 7794
613 2206 0 7794
614 2206 0 7794
615 2206 0 7794
616 2206 0 7794
617 2206 0 7794
618 2206 0 7794
619 2206 0 7794
620 2206 0 7794
621 2206 0 7794
622 2206 0 7794
623 2206 0 7794
624 2206 0 7794
625 2206 0 7794
626 2206 0 7794
627 2206 0 7794
628 2206 0 7794
629 2206 0 7794
630 2206 0 7794
631 2206 0 7794
632 2206 0 7794
633 2206 0 7794
634 2206 0 7794
635 2206 0 7794
636 2206 0 7794
637 2206 0 7794
638 2206 0 7794
639 2206 0 7794
640 2206 0 7794
641 2206 0 7794
642 2206 0 7794
643 2206 0 7794
644 2206 0 7794
645 2206 0 7794
646 2206 0 7794
647 2206 0 7794
648 2206 0 7794
649 2206 0 7794
650 2206 0 7794
651 2206 0 7794
652 2206 0 7794
653 2206 0 7794
654 2206 0 7794
655 2206 0 7794
656 2206 0 7794
657 2206 0 7794
658 2206 0 7794
659 2206 0 7794
660 2206 0 7794
661 2206 0 7794
662 2206 0 7794
663 2206 0 7794
664 2206 0 7794
665 2206 0 7794
666 2206 0 7794
667 2206 0 7794
668 2206 0 7794
669 2206 0 7794
670 2206 0 7794
671 2206 0 7794
672 2206 0 7794
673 2206 0 7794
674 2206 0 7794
675 2206 0 7794
676 2206 0 7794
677 2206 0 7794
678 2206 0 7794
679 2206 0 7794
680 2206 0 7794
681 2206 0 7794
682 2206 0 7794
683 2206 0 7794
684 2206 0 7794
685 2206 0 7794
686 2206 0 7794
687 2206 0 7794
688 2206 0 7794
689 2206 0 7794
690 2206 0 7794
691 2206 0 7794
692 2206 0 7794
693 2206 0 7794
694 2206 0 7794
695 2206 0 7794
696 2206 0 7794
697 2206 0 7794
698 2206 0 7794
699 2206 0 7794
700 2206 0 7794
701 2206 0 7794
702 2206 0 7794
703 2206 0 7794
704 2206 0 7794
705 2206 0 7794
706 2206 0 7794
707 2206 0 7794
708 2206 0 7794
709 2206 0 7794
710 2206 0 7794
711 2206 0 7794
712 2206 0 7794
713 2206 0 7794
714 2206 0 7794
715 2206 0 7794
716 2206 0 7794
717 2206 0 7794
718 2206 0 7794
719 2206 0 7794
720 2206 0 7794
721 2206 0 7794
722 2206 0 7794
723 2206 0 7794
724 2206 0 7794
725 2206 0 7794
726 2206 0 7794
727 2206 0 7794
728 2206 0 7794
729 2206 0 7794
730 2206 0 7794
731 2206 0 7794
732 2206 0 7794
733 2206 0 7794
734 2206 0 7794
735 2206 0 7794
736 2206 0 7794
737 2206 0 7794
738 2206 0 7794
739 2206 0 7794
740 2206 0 7794
741 2206 0 7794
742 2206 0 7794
743 2206 0 7794
744 2206 0 7794
745 2206 0 7794
746 2206 0 7794
747 2206 0 7794
748 2206 0 7794
749 2206 0 7794
750 2206 0 7794
751 2206 0 7794
752 2206 0 7794
753 2206 0 7794
754 2206 0 7794
755 2206 0 7794
756 2206 0 7794
757 2206 0 7794
758 2206 0 7794
759 2206 0 7794
760 2206 0 7794
761 2206 0 7794
762 2206 0 7794
763 2206 0 7794
764 2206 0 7794
765 2206 0 7794
766 2206 0 7794
767 2206 0 7794
768 2206 0 7794
769 2206 0 7794
770 2206 0 7794
771 2206 0 7794
772 2206 0 7794
773 2206 0 7794
774 2206 0 7794
775 2206 0 7794
776 2206 0 7794
777 2206 0 7794
778 2206 0 7794
779 2206 0 7794
780 2206 0 7794
781 2206 0 7794
782 2206 0 7794
783 2206 0 7794
784 2206 0 7794
785 2206 0 7794
786 2206 0 7794
787 2206 0 7794
788 2206 0 7794
789 2206 0 7794
790 2206 0 7794
791 2206 0 7794
792 2206 0 7794
793 2206 0 7794
794 2206 0 7794
795 2206 0 7794
796 2206 0 7794
797 2206 0 7794
798 2206 0 7794
799 2206 0 7794
800 2206 0 7794
801 2206 0 7794
802 2206 0 7794
803 2206 0 7794
804 2206 0 7794
805 2206 0 7794
806 2206 0 7794
807 2206 0 7794
808 2206 0 7794
809 2206 0 7794
810 2206 0 7794
811 2206 0 7794
812 2206 0 7794
813 2206 0 7794
814 2206 0 7794
815 2206 0 7794
816 2206 0 7794
817 2206 0 7794
818 2206 0 7794
819 2206 0 7794
820 2206 0 7794
821 2206 0 7794
822 2206 0 7794
823 2206 0 7794
824 2206 0 7794
825 2206 0 7794
826 2206 0 7794
827 2206 0 7794
828 2206 0 7794
829 2206 0 7794
830 2206 0 7794
831 2206 0 7794
832 2206 0 7794
833 2206 0 7794
834 2206 0 7794
835 2206 0 7794
836 2206 0 7794
837 2206 0 7794
838 2206 0 7794
839 2206 0 7794
840 2206 0 7794
841 2206 0 7794
842 2206 0 7794
843 2206 0 7794
844 2206 0 7794
845 2206 0 7794
846 2206 0 7794
847 2206 0 7794
848 2206 0 7794
849 2206 0 7794
850 2206 0 7794
851 2206 0 7794
852 2206 0 7794
853 2206 0 7794
854 2206 0 7794
855 2206 0 7794
856 2206 0 7794
857 2206 0 7794
858 2206 0 7794
859 2206 0 7794
860 2206 0 7794
861 2206 0 7794
862 2206 0 7794
863 2206 0 7794
864 2206 0 7794
865 2206 0 7794
866 2206 0 7794
867 2206 0 7794
868 2206 0 7794
869 2206 0 7794
870 2206 0 7794
871 2206 0 7794
872 2206 0 7794
873 2206 0 7794
874 2206 0 7794
875 2206 0 7794
876 2206 0 7794
877 2206 0 7794
878 2206 0 7794
879 2206 0 7794
880 2206 0 7794
881 2206 0 7794
882 2206 0 7794
883 2206 0 7794
884 2206 0 7794
885 2206 0 7794
886 2206 0 7794
887 2206 0 7794
888 2206 0 7794
889 2206 0 7794
890 2206 0 7794
891 2206 0 7794
892 2206 0 7794
893 2206 0 7794
894 2206 0 7794
895 2206 0 7794
896 2206 0 7794
897 2206 0 7794
898 2206 0 7794
899 2206 0 7794
900 2206 0 7794
901 2206 0 7794
902 2206 0 7794
903 2206 0 7794
904 2206 0 7794
905 2206 0 7794
906 2206 0 7794
907 2206 0 7794
908 2206 0 7794
909 2206 0 7794
910 2206 0 7794
911 2206 0 7794
912 2206 0 7794
913 2206 0 7794
914 2206 0 7794
915 2206 0 7794
916 2206 0 7794
917 2206 0 7794
918 2206 0 7794
919 2206 0 7794
920 2206 0 7794
921 2206 0 7794
922 2206 0 7794
923 2206 0 7794
924 2206 0 7794
925 2206 0 7794
926 2206 0 7794
927 2206 0 7794
928 2206 0 7794
929 2206 0 7794
930 2206 0 7794
931 2206 0 7794
932 2206 0 7794
933 2206 0 7794
934 2206 0 7794
935 2206 0 7794
936 2206 0 7794
937 2206 0 7794
938 2206 0 7794
939 2206 0 7794
940 2206 0 7794
941 2206 0 7794
942 2206 0 7794
943 2206 0 7794
944 2206 0 7794
945 2206 0 7794
946 2206 0 7794
947 2206 0 7794
948 2206 0 7794
949 2206 0 7794
950 2206 0 7794
951 2206 0 7794
952 2206 0 7794
953 2206 0 7794
954 2206 0 7794
955 2206 0 7794
956 2206 0 7794
957 2206 0 7794
958 2206 0 7794
959 2206 0 7794
960 2206 0 7794
961 2206 0 7794
962 2206 0 7794
963 2206 0 7794
964 2206 0 7794
965 2206 0 7794
966 2206 0 7794
967 2206 0 7794
968 2206 0 7794
969 2206 0 7794
970 2206 0 7794
971 2206 0 7794
972 2206 0 7794
973 2206 0 7794
974 2206 0 7794
975 2206 0 7794
976 2206 0 7794
977 2206 0 7794
978 2206 0 7794
979 2206 0 7794
980 2206 0 7794
981 2206 0 7794
982 2206 0 7794
983 2206 0 7794
984 2206 0 7794
985 2206 0 7794
986 2206 0 7794
987 2206 0 7794
988 2206 0 7794
989 2206 0 7794
990 2206 0 7794
991 2206 0 7794
992 2206 0 7794
993 2206 0 7794
994 2206 0 7794
995 2206 0 7794
996 2206 0 7794
997 2206 0 7794
998 2206 0 7794
999 2206 0 7794
