0 9999 1 0
1 9999 1 0
2 9999 1 0
3 9996 4 0
4 9993 5 2
5 9988 8 4
6 9984 12 4
7 9983 11 6
8 9983 11 6
9 9980 12 8
10 9975 16 9
11 9972 16 12
12 9970 15 15
13 9970 11 19
14 9969 9 22
15 9968 8 24
16 9966 9 25
17 9965 8 27
18 9963 9 28
19 9961 6 33
20 9960 4 36
21 9959 4 37
22 9959 3 38
23 9959 3 38
24 9957 5 38
25 9955 7 38
26 9950 9 41
27 9949 7 44
28 9948 7 45
29 9948 6 46
30 9946 6 48
31 9945 7 48
32 9945 6 49
33 9944 4 52
34 9943 4 53
35 9940 6 54
36 9938 8 54
37 9938 8 54
38 9937 7 56
39 9937 5 58
40 9933 6 61
41 9932 7 61
42 9931 7 62
43 9928 10 62
44 9925 10 65
45 9924 10 66
46 9923 10 67
47 9921 11 68
48 9920 10 70
49 9918 11 71
50 9916 10 74
51 9915 11 74
52 9915 10 75
53 9913 9 78
54 9911 11 78
55 9910 10 80
56 9908 9 83
57 9908 5 87
58 9907 3 90
59 9905 4 91
60 9905 3 92
61 9905 2 93
62 9905 2 93
63 9905 2 93
64 9905 2 93
65 9905 2 93
66 9904 3 93
67 9904 2 94
68 9904 2 94
69 9904 2 94
70 9904 2 94
71 9904 2 94
72 9904 2 94
73 9904 2 94
74 9903 2 95
75 9903 1 96
76 9903 1 96
77 9903 1 96
78 9903 1 96
79 9903 0 97
80 9903 0 97
81 9903 0 97
82 9903 0 97
83 9903 0 97
84 9903 0 97
85 9903 0 97
86 9903 0 97
87 9903 0 97
88 9903 0 97
89 9903 0 97
90 9903 0 97
91 9903 0 97
92 9903 0 97
93 9903 0 97
94 9903 0 97
95 9903 0 97
96 9903 0 97
97 9903 0 97
98 9903 0 97
99 9903 0 97
100 9903 0 97
101 9903 0 97
102 9903 0 97
103 9903 0 97
104 9903 0 97
105 9903 0 97
106 9903 0 97
107 9903 0 97
108 9903 0 97
109 9903 0 97
110 9903 0 97
111 9903 0 97
112 9903 0 97
113 9903 0 97
114 9903 0 97
115 9903 0 97
116 9903 0 97
117 9903 0 97
118 9903 0 97
119 9903 0 97
120 9903 0 97
121 9903 0 97
122 9903 0 97
123 9903 0 97
124 9903 0 97
125 9903 0 97
126 9903 0 97
127 9903 0 97
128 9903 0 97
129 9903 0 97
130 9903 0 97
131 9903 0 97
132 9903 0 97
133 9903 0 97
134 9903 0 97
135 9903 0 97
136 9903 0 97
137 9903 0 97
138 9903 0 97
139 9903 0 97
140 9903 0 97
141 9903 0 97
142 9903 0 97
143 9903 0 97
144 9903 0 97
145 9903 0 97
146 9903 0 97
147 9903 0 97
148 9903 0 97
149 9903 0 97
150 9903 0 97
151 9903 0 97
152 9903 0 97
153 9903 0 97
154 9903 0 97
155 9903 0 97
156 9903 0 97
157 9903 0 97
158 9903 0 97
159 9903 0 97
160 9903 0 97
161 9903 0 97
162 9903 0 97
163 9903 0 97
164 9903 0 97
165 9903 0 97
166 9903 0 97
167 9903 0 97
168 9903 0 97
169 9903 0 97
170 9903 0 97
171 9903 0 97
172 9903 0 97
173 9903 0 97
174 9903 0 97
175 9903 0 97
176 9903 0 97
177 9903 0 97
178 9903 0 97
179 9903 0 97
180 9903 0 97
181 9903 0 97
182 9903 0 97
183 9903 0 97
184 9903 0 97
185 9903 0 97
186 9903 0 97
187 9903 0 97
188 9903 0 97
189 9903 0 97
190 9903 0 97
191 9903 0 97
192 9903 0 97
193 9903 0 97
194 9903 0 97
195 9903 0 97
196 9903 0 97
197 9903 0 97
198 9903 0 97
199 9903 0 97
200 9903 0 97
201 9903 0 97
202 9903 0 97
203 9903 0 97
204 9903 0 97
205 9903 0 97
206 9903 0 97
207 9903 0 97
208 9903 0 97
209 9903 0 97
210 9903 0 97
211 9903 0 97
212 9903 0 97
213 9903 0 97
214 9903 0 97
215 9903 0 97
216 9903 0 97
217 9903 0 97
218 9903 0 97
219 9903 0 97
220 9903 0 97
221 9903 0 97
222 9903 0 97
223 9903 0 97
224 9903 0 97
225 9903 0 97
226 9903 0 97
227 9903 0 97
228 9903 0 97
229 9903 0 97
230 9903 0 97
231 9903 0 97
232 9903 0 97
233 9903 0 97
234 9903 0 97
235 9903 0 97
236 9903 0 97
237 9903 0 97
238 9903 0 97
239 9903 0 97
240 9903 0 97
241 9903 0 97
242 9903 0 97
243 9903 0 97
244 9903 0 97
245 9903 0 97
246 9903 0 97
247 9903 0 97
248 9903 0 97
249 9903 0 97
250 9903 0 97
251 9903 0 97
252 9903 0 97
253 9903 0 97
254 9903 0 97
255 9903 0 97
256 9903 0 97
257 9903 0 97
258 9903 0 97
259 9903 0 97
260 9903 0 97
261 9903 0 97
262 9903 0 97
263 9903 0 97
264 9903 0 97
265 9903 0 97
266 9903 0 97
267 9903 0 97
268 9903 0 97
269 9903 0 97
270 9903 0 97
271 9903 0 97
272 9903 0 97
273 9903 0 97
274 9903 0 97
275 9903 0 97
276 9903 0 97
277 9903 0 97
278 9903 0 97
279 9903 0 97
280 9903 0 97
281 9903 0 97
282 9903 0 97
283 9903 0 97
284 9903 0 97
285 9903 0 97
286 9903 0 97
287 9903 0 97
288 9903 0 97
289 9903 0 97
290 9903 0 97
291 9903 0 97
292 9903 0 97
293 9903 0 97
294 9903 0 97
295 9903 0 97
296 9903 0 97
297 9903 0 97
298 9903 0 97
299 9903 0 97
300 9903 0 97
301 9903 0 97
302 9903 0 97
303 9903 0 97
304 9903 0 97
305 9903 0 97
306 9903 0 97
307 9903 0 97
308 9903 0 97
309 9903 0 97
310 9903 0 97
311 9903 0 97
312 9903 0 97
313 9903 0 97
314 9903 0 97
315 9903 0 97
316 9903 0 97
317 9903 0 97
318 9903 0 97
319 9903 0 97
320 9903 0 97
321 9903 0 97
322 9903 0 97
323 9903 0 97
324 9903 0 97
325 9903 0 97
326 9903 0 97
327 9903 0 97
328 9903 0 97
329 9903 0 97
330 9903 0 97
331 9903 0 97
332 9903 0 97
333 9903 0 97
334 9903 0 97
335 9903 0 97
336 9903 0 97
337 9903 0 97
338 9903 0 97
339 9903 0 97
340 9903 0 97
341 9903 0 97
342 9903 0 97
343 9903 0 97
344 9903 0 97
345 9903 0 97
346 9903 0 97
347 9903 0 97
348 9903 0 97
349 9903 0 97
350 9903 0 97
351 9903 0 97
352 9903 0 97
353 9903 0 97
354 9903 0 97
355 9903 0 97
356 9903 0 97
357 9903 0 97
358 9903 0 97
359 9903 0 97
360 9903 0 97
361 9903 0 97
362 9903 0 97
363 9903 0 97
364 9903 0 97
365 9903 0 97
366 9903 0 97
367 9903 0 97
368 9903 0 97
369 9903 0 97
370 9903 0 97
371 9903 0 97
372 9903 0 97
373 9903 0 97
374 9903 0 97
375 9903 0 97
376 9903 0 97
377 9903 0 97
378 9903 0 97
379 9903 0 97
380 9903 0 97
381 9903 0 97
382 9903 0 97
383 9903 0 97
384 9903 0 97
385 9903 0 97
386 9903 0 97
387 9903 0 97
388 9903 0 97
389 9903 0 97
390 9903 0 97
391 9903 0 97
392 9903 0 97
393 9903 0 97
394 9903 0 97
395 9903 0 97
396 9903 0 97
397 9903 0 97
398 9903 0 97
399 9903 0 97
400 9903 0 97
401 9903 0 97
402 9903 0 97
403 9903 0 97
404 9903 0 97
405 9903 0 97
406 9903 0 97
407 9903 0 97
408 9903 0 97
409 9903 0 97
410 9903 0 97
411 9903 0 97
412 9903 0 97
413 9903 0 97
414 9903 0 97
415 9903 0 97
416 9903 0 97
417 9903 0 97
418 9903 0 97
419 9903 0 97
420 9903 0 97
421 9903 0 97
422 9903 0 97
423 9903 0 97
424 9903 0 97
425 9903 0 97
426 9903 0 97
427 9903 0 97
428 9903 0 97
429 9903 0 97
430 9903 0 97
431 9903 0 97
432 9903 0 97
433 9903 0 97
434 9903 0 97
435 9903 0 97
436 9903 0 97
437 9903 0 97
438 9903 0 97
439 9903 0 97
440 9903 0 97
441 9903 0 97
442 9903 0 97
443 9903 0 97
444 9903 0 97
445 9903 0 97
446 9903 0 97
447 9903 0 97
448 9903 0 97
449 9903 0 97
450 9903 0 97
451 9903 0 97
452 9903 0 97
453 9903 0 97
454 9903 0 97
455 9903 0 97
456 9903 0 97
457 9903 0 97
458 9903 0 97
459 9903 0 97
460 9903 0 97
461 9903 0 97
462 9903 0 97
463 9903 0 97
464 9903 0 97
465 9903 0 97
466 9903 0 97
467 9903 0 97
468 9903 0 97
469 9903 0 97
470 9903 0 97
471 9903 0 97
472 9903 0 97
473 9903 0 97
474 9903 0 97
475 9903 0 97
476 9903 0 97
477 9903 0 97
478 9903 0 97
479 9903 0 97
480 9903 0 97
481 9903 0 97
482 9903 0 97
483 9903 0 97
484 9903 0 97
485 9903 0 97
486 9903 0 97
487 9903 0 97
488 9903 0 97
489 9903 0 97
490 9903 0 97
491 9903 0 97
492 9903 0 97
493 9903 0 97
494 9903 0 97
495 9903 0 97
496 9903 0 97
497 9903 0 97
498 9903 0 97
499 9903 0 97
500 9903 0 97
501 9903 0 97
502 9903 0 97
503 9903 0 97
504 9903 0 97
505 9903 0 97
506 9903 0 97
507 9903 0 97
508 9903 0 97
509 9903 0 97
510 9903 0 97
511 9903 0 97
512 9903 0 97
513 9903 0 97
514 9903 0 97
515 9903 0 97
516 9903 0 97
517 9903 0 97
518 9903 0 97
519 9903 0 97
520 9903 0 97
521 9903 0 97
522 9903 0 97
523 9903 0 97
524 9903 0 97
525 9903 0 97
526 9903 0 97
527 9903 0 97
528 9903 0 97
529 9903 0 97
530 9903 0 97
531 9903 0 97
532 9903 0 97
533 9903 0 97
534 9903 0 97
535 9903 0 97
536 9903 0 97
537 9903 0 97
538 9903 0 97
539 9903 0 97
540 9903 0 97
541 9903 0 97
542 9903 0 97
543 9903 0 97
544 9903 0 97
545 9903 0 97
546 9903 0 97
547 9903 0 97
548 9903 0 97
549 9903 0 97
550 9903 0 97
551 9903 0 97
552 9903 0 97
553 9903 0 97
554 9903 0 97
555 9903 0 97
556 9903 0 97
557 9903 0 97
558 9903 0 97
559 9903 0 97
560 9903 0 97
561 9903 0 97
562 9903 0 97
563 9903 0 97
564 9903 0 97
565 9903 0 97
566 9903 0 97
567 9903 0 97
568 9903 0 97
569 9903 0 97
570 9903 0 97
571 9903 0 97
572 9903 0 97
573 9903 0 97
574 9903 0 97
575 9903 0 97
576 9903 0 97
577 9903 0 97
578 9903 0 97
579 9903 0 97
580 9903 0 97
581 9903 0 97
582 9903 0 97
583 9903 0 97
584 9903 0 97
585 9903 0 97
586 9903 0 97
587 9903 0 97
588 9903 0 97
589 9903 0 97
590 9903 0 97
591 9903 0 97
592 9903 0 97
593 9903 0 97
594 9903 0 97
595 9903 0 97
596 9903 0 97
597 9903 0 97
598 9903 0 97
599 9903 0 97
600 9903 0 97
601 9903 0 97
602 9903 0 97
603 9903 0 97
604 9903 0 97
605 9903 0 97
606 9903 0 97
607 9903 0 97
608 9903 0 97
609 9903 0 97
610 9903 0 97
611 9903 0 97
612 9903 0 97
613 9903 0 97
614 9903 0 97
615 9903 0 97
616 9903 0 97
617 9903 0 97
618 9903 0 97
619 9903 0 97
620 9903 0 97
621 9903 0 97
622 9903 0 97
623 9903 0 97
624 9903 0 97
625 9903 0 97
626 9903 0 97
627 9903 0 97
628 9903 0 97
629 9903 0 97
630 9903 0 97
631 9903 0 97
632 9903 0 97
633 9903 0 97
634 9903 0 97
635 9903 0 97
636 9903 0 97
637 9903 0 97
638 9903 0 97
639 9903 0 97
640 9903 0 97
641 9903 0 97
642 9903 0 97
643 9903 0 97
644 9903 0 97
645 9903 0 97
646 9903 0 97
647 9903 0 97
648 9903 0 97
649 9903 0 97
650 9903 0 97
651 9903 0 97
652 9903 0 97
653 9903 0 97
654 9903 0 97
655 9903 0 97
656 9903 0 97
657 9903 0 97
658 9903 0 97
659 9903 0 97
660 9903 0 97
661 9903 0 97
662 9903 0 97
663 9903 0 97
664 9903 0 97
665 9903 0 97
666 9903 0 97
667 9903 0 97
668 9903 0 97
669 9903 0 97
670 9903 0 97
671 9903 0 97
672 9903 0 97
673 9903 0 97
674 9903 0 97
675 9903 0 97
676 9903 0 97
677 9903 0 97
678 9903 0 97
679 9903 0 97
680 9903 0 97
681 9903 0 97
682 9903 0 97
683 9903 0 97
684 9903 0 97
685 9903 0 97
686 9903 0 97
687 9903 0 97
688 9903 0 97
689 9903 0 97
690 9903 0 97
691 9903 0 97
692 9903 0 97
693 9903 0 97
694 9903 0 97
695 9903 0 97
696 9903 0 97
697 9903 0 97
698 9903 0 97
699 9903 0 97
700 9903 0 97
701 9903 0 97
702 9903 0 97
703 9903 0 97
704 9903 0 97
705 9903 0 97
706 9903 0 97
707 9903 0 97
708 9903 0 97
709 9903 0 97
710 9903 0 97
711 9903 0 97
712 9903 0 97
713 9903 0 97
714 9903 0 97
715 9903 0 97
716 9903 0 97
717 9903 0 97
718 9903 0 97
719 9903 0 97
720 9903 0 97
721 9903 0 97
722 9903 0 97
723 9903 0 97
724 9903 0 97
725 9903 0 97
726 9903 0 97
727 9903 0 97
728 9903 0 97
729 9903 0 97
730 9903 0 97
731 9903 0 97
732 9903 0 97
733 9903 0 97
734 9903 0 97
735 9903 0 97
736 9903 0 97
737 9903 0 97
738 9903 0 97
739 9903 0 97
740 9903 0 97
741 9903 0 97
742 9903 0 97
743 9903 0 97
744 9903 0 97
745 9903 0 97
746 9903 0 97
747 9903 0 97
748 9903 0 97
749 9903 0 97
750 9903 0 97
751 9903 0 97
752 9903 0 97
753 9903 0 97
754 9903 0 97
755 9903 0 97
756 9903 0 97
757 9903 0 97
758 9903 0 97
759 9903 0 97
760 9903 0 97
761 9903 0 97
762 9903 0 97
763 9903 0 97
764 9903 0 97
765 9903 0 97
766 9903 0 97
767 9903 0 97
768 9903 0 97
769 9903 0 97
770 9903 0 97
771 9903 0 97
772 9903 0 97
773 9903 0 97
774 9903 0 97
775 9903 0 97
776 9903 0 97
777 9903 0 97
778 9903 0 97
779 9903 0 97
780 9903 0 97
781 9903 0 97
782 9903 0 97
783 9903 0 97
784 9903 0 97
785 9903 0 97
786 9903 0 97
787 9903 0 97
788 9903 0 97
789 9903 0 97
790 9903 0 97
791 9903 0 97
792 9903 0 97
793 9903 0 97
794 9903 0 97
795 9903 0 97
796 9903 0 97
797 9903 0 97
798 9903 0 97
799 9903 0 97
800 9903 0 97
801 9903 0 97
802 9903 0 97
803 9903 0 97
804 9903 0 97
805 9903 0 97
806 9903 0 97
807 9903 0 97
808 9903 0 97
809 9903 0 97
810 9903 0 97
811 9903 0 97
812 9903 0 97
813 9903 0 97
814 9903 0 97
815 9903 0 97
816 9903 0 97
817 9903 0 97
818 9903 0 97
819 9903 0 97
820 9903 0 97
821 9903 0 97
822 9903 0 97
823 9903 0 97
824 9903 0 97
825 9903 0 97
826 9903 0 97
827 9903 0 97
828 9903 0 97
829 9903 0 97
830 9903 0 97
831 9903 0 97
832 9903 0 97
833 9903 0 97
834 9903 0 97
835 9903 0 97
836 9903 0 97
837 9903 0 97
838 9903 0 97
839 9903 0 97
840 9903 0 97
841 9903 0 97
842 9903 0 97
843 9903 0 97
844 9903 0 97
845 9903 0 97
846 9903 0 97
847 9903 0 97
848 9903 0 97
849 9903 0 97
850 9903 0 97
851 9903 0 97
852 9903 0 97
853 9903 0 97
854 9903 0 97
855 9903 0 97
856 9903 0 97
857 9903 0 97
858 9903 0 97
859 9903 0 97
860 9903 0 97
861 9903 0 97
862 9903 0 97
863 9903 0 97
864 9903 0 97
865 9903 0 97
866 9903 0 97
867 9903 0 97
868 9903 0 97
869 9903 0 97
870 9903 0 97
871 9903 0 97
872 9903 0 97
873 9903 0 97
874 9903 0 97
875 9903 0 97
876 9903 0 97
877 9903 0 97
878 9903 0 97
879 9903 0 97
880 9903 0 97
881 9903 0 97
882 9903 0 97
883 9903 0 97
884 9903 0 97
885 9903 0 97
886 9903 0 97
887 9903 0 97
888 9903 0 97
889 9903 0 97
890 9903 0 97
891 9903 0 97
892 9903 0 97
893 9903 0 97
894 9903 0 97
895 9903 0 97
896 9903 0 97
897 9903 0 97
898 9903 0 97
899 9903 0 97
900 9903 0 97
901 9903 0 97
902 9903 0 97
903 9903 0 97
904 9903 0 97
905 9903 0 97
906 9903 0 97
907 9903 0 97
908 9903 0 97
909 9903 0 97
910 9903 0 97
911 9903 0 97
912 9903 0 97
913 9903 0 97
914 9903 0 97
915 9903 0 97
916 9903 0 97
917 9903 0 97
918 9903 0 97
919 9903 0 97
920 9903 0 97
921 9903 0 97
922 9903 0 97
923 9903 0 97
924 9903 0 97
925 9903 0 97
926 9903 0 97
927 9903 0 97
928 9903 0 97
929 9903 0 97
930 9903 0 97
931 9903 0 97
932 9903 0 97
933 9903 0 97
934 9903 0 97
935 9903 0 97
936 9903 0 97
937 9903 0 97
938 9903 0 97
939 9903 0 97
940 9903 0 97
941 9903 0 97
942 9903 0 97
943 9903 0 97
944 9903 0 97
945 9903 0 97
946 9903 0 97
947 9903 0 97
948 9903 0 97
949 9903 0 97
950 9903 0 97
951 9903 0 97
952 9903 0 97
953 9903 0 97
954 9903 0 97
955 9903 0 97
956 9903 0 97
957 9903 0 97
958 9903 0 97
959 9903 0 97
960 9903 0 97
961 9903 0 97
962 9903 0 97
963 9903 0 97
964 9903 0 97
965 9903 0 97
966 9903 0 97
967 9903 0 97
968 9903 0 97
969 9903 0 97
970 9903 0 97
971 9903 0 97
972 9903 0 97
973 9903 0 97
974 9903 0 97
975 9903 0 97
976 9903 0 97
977 9903 0 97
978 9903 0 97
979 9903 0 97
980 9903 0 97
981 9903 0 97
982 9903 0 97
983 9903 0 97
984 9903 0 97
985 9903 0 97
986 9903 0 97
987 9903 0 97
988 9903 0 97
989 9903 0 97
990 9903 0 97
991 9903 0 97
992 9903 0 97
993 9903 0 97
994 9903 0 97
995 9903 0 97
996 9903 0 97
997 9903 0 97
998 9903 0 97
999 9903 0 97
