0 9999 1 0
1 9997 2 1
2 9997 2 1
3 9996 3 1
4 9995 3 2
5 9994 3 3
6 9992 4 4
7 9991 5 4
8 9991 3 6
9 9986 8 6
10 9985 8 7
11 9984 6 10
12 9983 7 10
13 9982 6 12
14 9980 6 14
15 9978 6 16
16 9978 4 18
17 9977 5 18
18 9977 4 19
19 9977 4 19
20 9976 5 19
21 9974 7 19
22 9974 7 19
23 9971 10 19
24 9969 11 20
25 9966 11 23
26 9964 11 25
27 9963 9 28
28 9963 9 28
29 9959 10 31
30 9955 13 32
31 9951 16 33
32 9946 17 37
33 9941 20 39
34 9935 21 44
35 9927 24 49
36 9924 22 54
37 9923 18 59
38 9921 18 61
39 9920 19 61
40 9918 14 68
41 9917 12 71
42 9913 13 74
43 9911 12 77
44 9910 10 80
45 9908 10 82
46 9908 9 83
47 9905 11 84
48 9899 16 85
49 9891 21 88
50 9884 26 90
51 9879 28 93
52 9874 30 96
53 9865 33 102
54 9861 30 109
55 9856 28 116
56 9853 29 118
57 9850 30 120
58 9847 27 126
59 9844 25 131
60 9840 25 135
61 9832 30 138
62 9829 28 143
63 9827 23 150
64 9824 24 152
65 9821 22 157
66 9820 16 164
67 9817 16 167
68 9814 16 170
69 9808 18 174
70 9795 28 177
71 9791 25 184
72 9789 22 189
73 9785 22 193
74 9778 24 198
75 9774 22 204
76 9765 28 207
77 9752 35 213
78 9745 34 221
79 9737 38 225
80 9727 41 232
81 9719 44 237
82 9714 40 246
83 9703 47 250
84 9693 45 262
85 9688 43 269
86 9686 41 273
87 9674 45 281
88 9669 46 285
89 9658 45 297
90 9654 42 304
91 9647 45 308
92 9641 43 316
93 9634 46 320
94 9626 48 326
95 9615 54 331
96 9601 57 342
97 9596 54 350
98 9588 51 361
99 9585 43 372
100 9579 43 378
101 9569 48 383
102 9551 56 393
103 9541 54 405
104 9531 62 407
105 9518 62 420
106 9505 67 428
107 9495 60 445
108 9483 58 459
109 9469 64 467
110 9453 71 476
111 9440 70 490
112 9438 56 506
113 9434 53 513
114 9426 54 520
115 9415 53 532
116 9401 62 537
117 9387 68 545
118 9370 73 557
119 9359 71 570
120 9338 74 588
121 9324 67 609
122 9310 69 621
123 9296 68 636
124 9286 60 654
125 9277 59 664
126 9269 57 674
127 9260 51 689
128 9255 42 703
129 9245 46 709
130 9237 49 714
131 9228 52 720
132 9211 64 725
133 9194 66 740
134 9181 71 748
135 9158 80 762
136 9139 83 778
137 9116 86 798
138 9098 94 808
139 9081 93 826
140 9053 110 837
141 9029 117 854
142 9003 121 876
143 8974 127 899
144 8959 118 923
145 8937 121 942
146 8918 119 963
147 8899 113 988
148 8887 100 1013
149 8869 101 1030
150 8858 90 1052
151 8839 91 1070
152 8824 90 1086
153 8818 83 1099
154 8800 88 1112
155 8785 90 1125
156 8775 84 1141
157 8756 90 1154
158 8735 93 1172
159 8713 89 1198
160 8695 90 1215
161 8678 94 1228
162 8666 86 1248
163 8649 84 1267
164 8637 77 1286
165 8625 75 1300
166 8611 73 1316
167 8600 75 1325
168 8581 85 1334
169 8561 91 1348
170 8540 87 1373
171 8524 85 1391
172 8506 88 1406
173 8484 92 1424
174 8465 88 1447
175 8453 89 1458
176 8441 88 1471
177 8416 98 1486
178 8393 106 1501
179 8377 97 1526
180 8360 93 1547
181 8340 100 1560
182 8320 105 1575
183 8290 115 1595
184 8265 106 1629
185 8244 109 1647
186 8223 114 1663
187 8192 121 1687
188 8170 120 1710
189 8140 129 1731
190 8121 129 1750
191 8092 137 1771
192 8066 136 1798
193 8044 139 1817
194 8018 144 1838
195 7988 141 1871
196 7971 124 1905
197 7943 134 1923
198 7917 140 1943
199 7885 149 1966
200 7864 142 1994
201 7833 145 2022
202 7794 164 2042
203 7768 157 2075
204 7735 164 2101
205 7700 172 2128
206 7655 183 2162
207 7627 182 2191
208 7581 186 2233
209 7548 190 2262
210 7521 188 2291
211 7486 190 2324
212 7462 184 2354
213 7434 183 2383
214 7408 178 2414
215 7385 173 2442
216 7350 177 2473
217 7312 179 2509
218 7270 191 2539
219 7234 202 2564
220 7212 193 2595
221 7167 198 2635
222 7128 204 2668
223 7085 218 2697
224 7043 229 2728
225 7012 219 2769
226 6981 206 2813
227 6943 209 2848
228 6911 193 2896
229 6884 183 2933
230 6864 167 2969
231 6838 171 2991
232 6821 163 3016
233 6799 150 3051
234 6773 153 3074
235 6747 160 3093
236 6723 159 3118
237 6693 159 3148
238 6670 150 3180
239 6643 159 3198
240 6614 158 3228
241 6582 163 3255
242 6548 167 3285
243 6518 164 3318
244 6490 168 3342
245 6453 175 3372
246 6419 179 3402
247 6388 187 3425
248 6356 173 3471
249 6321 180 3499
250 6294 183 3523
251 6261 182 3557
252 6233 183 3584
253 6206 176 3618
254 6165 190 3645
255 6127 188 3685
256 6088 196 3716
257 6057 192 3751
258 6021 177 3802
259 5992 169 3839
260 5954 173 3873
261 5929 159 3912
262 5896 166 3938
263 5854 189 3957
264 5816 198 3986
265 5779 205 4016
266 5747 208 4045
267 5712 207 4081
268 5664 211 4125
269 5616 227 4157
270 5572 239 4189
271 5535 220 4245
272 5505 217 4278
273 5474 214 4312
274 5446 208 4346
275 5418 201 4381
276 5386 208 4406
277 5357 194 4449
278 5320 211 4469
279 5278 211 4511
280 5246 205 4549
281 5214 196 4590
282 5191 185 4624
283 5164 184 4652
284 5121 196 4683
285 5094 197 4709
286 5057 203 4740
287 5027 196 4777
288 4994 197 4809
289 4951 200 4849
290 4917 201 4882
291 4879 198 4923
292 4847 199 4954
293 4811 189 5000
294 4775 201 5024
295 4734 207 5059
296 4707 201 5092
297 4676 199 5125
298 4649 184 5167
299 4628 169 5203
300 4607 158 5235
301 4586 157 5257
302 4559 147 5294
303 4540 138 5322
304 4514 146 5340
305 4498 138 5364
306 4479 132 5389
307 4460 131 5409
308 4447 123 5430
309 4420 130 5450
310 4389 143 5468
311 4356 143 5501
312 4334 145 5521
313 4317 133 5550
314 4291 129 5580
315 4265 140 5595
316 4241 144 5615
317 4209 148 5643
318 4182 146 5672
319 4167 133 5700
320 4152 124 5724
321 4135 115 5750
322 4112 115 5773
323 4087 114 5799
324 4073 112 5815
325 4060 99 5841
326 4037 105 5858
327 4019 98 5883
328 4000 107 5893
329 3980 108 5912
330 3957 110 5933
331 3931 114 5955
332 3917 102 5981
333 3898 102 6000
334 3882 98 6020
335 3875 91 6034
336 3864 87 6049
337 3854 83 6063
338 3848 77 6075
339 3831 73 6096
340 3817 77 6106
341 3806 69 6125
342 3796 70 6134
343 3783 70 6147
344 3775 68 6157
345 3761 69 6170
346 3743 73 6184
347 3726 77 6197
348 3716 76 6208
349 3696 78 6226
350 3680 79 6241
351 3663 84 6253
352 3645 86 6269
353 3626 86 6288
354 3612 88 6300
355 3590 98 6312
356 3569 99 6332
357 3549 104 6347
358 3532 93 6375
359 3510 101 6389
360 3494 98 6408
361 3488 85 6427
362 3482 76 6442
363 3470 77 6453
364 3456 75 6469
365 3440 76 6484
366 3424 77 6499
367 3404 81 6515
368 3399 72 6529
369 3386 76 6538
370 3382 66 6552
371 3372 63 6565
372 3355 68 6577
373 3346 64 6590
374 3333 62 6605
375 3327 54 6619
376 3309 61 6630
377 3294 61 6645
378 3284 60 6656
379 3279 56 6665
380 3272 49 6679
381 3270 44 6686
382 3263 46 6691
383 3259 42 6699
384 3255 42 6703
385 3250 34 6716
386 3247 29 6724
387 3244 26 6730
388 3242 24 6734
389 3239 23 6738
390 3236 24 6740
391 3234 22 6744
392 3234 19 6747
393 3231 20 6749
394 3230 17 6753
395 3227 19 6754
396 3225 15 6760
397 3225 14 6761
398 3220 19 6761
399 3218 21 6761
400 3216 18 6766
401 3211 22 6767
402 3205 24 6771
403 3204 24 6772
404 3203 19 6778
405 3199 17 6784
406 3198 16 6786
407 3198 12 6790
408 3197 11 6792
409 3193 14 6793
410 3191 14 6795
411 3189 10 6801
412 3189 8 6803
413 3188 8 6804
414 3187 9 6804
415 3184 9 6807
416 3180 12 6808
417 3173 16 6811
418 3167 18 6815
419 3164 14 6822
420 3161 15 6824
421 3159 13 6828
422 3159 11 6830
423 3158 10 6832
424 3156 10 6834
425 3154 10 6836
426 3154 9 6837
427 3152 10 6838
428 3150 11 6839
429 3150 8 6842
430 3149 8 6843
431 3149 8 6843
432 3147 9 6844
433 3146 8 6846
434 3145 8 6847
435 3145 8 6847
436 3145 8 6847
437 3145 8 6847
438 3142 11 6847
439 3141 11 6848
440 3141 10 6849
441 3141 8 6851
442 3141 7 6852
443 3141 6 6853
444 3141 6 6853
445 3141 5 6854
446 3141 5 6854
447 3141 2 6857
448 3141 2 6857
449 3141 2 6857
450 3141 1 6858
451 3141 1 6858
452 3141 1 6858
453 3141 1 6858
454 3141 1 6858
455 3141 1 6858
456 3141 1 6858
457 3141 1 6858
458 3141 1 6858
459 3141 1 6858
460 3141 0 6859
461 3141 0 6859
462 3141 0 6859
463 3141 0 6859
464 3141 0 6859
465 3141 0 6859
466 3141 0 6859
467 3141 0 6859
468 3141 0 6859
469 3141 0 6859
470 3141 0 6859
471 3141 0 6859
472 3141 0 6859
473 3141 0 6859
474 3141 0 6859
475 3141 0 6859
476 3141 0 6859
477 3141 0 6859
478 3141 0 6859
479 3141 0 6859
480 3141 0 6859
481 3141 0 6859
482 3141 0 6859
483 3141 0 6859
484 3141 0 6859
485 3141 0 6859
486 3141 0 6859
487 3141 0 6859
488 3141 0 6859
489 3141 0 6859
490 3141 0 6859
491 3141 0 6859
492 3141 0 6859
493 3141 0 6859
494 3141 0 6859
495 3141 0 6859
496 3141 0 6859
497 3141 0 6859
498 3141 0 6859
499 3141 0 6859
500 3141 0 6859
501 3141 0 6859
502 3141 0 6859
503 3141 0 6859
504 3141 0 6859
505 3141 0 6859
506 3141 0 6859
507 3141 0 6859
508 3141 0 6859
509 3141 0 6859
510 3141 0 6859
511 3141 0 6859
512 3141 0 6859
513 3141 0 6859
514 3141 0 6859
515 3141 0 6859
516 3141 0 6859
517 3141 0 6859
518 3141 0 6859
519 3141 0 6859
520 3141 0 6859
521 3141 0 6859
522 3141 0 6859
523 3141 0 6859
524 3141 0 6859
525 3141 0 6859
526 3141 0 6859
527 3141 0 6859
528 3141 0 6859
529 3141 0 6859
530 3141 0 6859
531 3141 0 6859
532 3141 0 6859
533 3141 0 6859
534 3141 0 6859
535 3141 0 6859
536 3141 0 6859
537 3141 0 6859
538 3141 0 6859
539 3141 0 6859
540 3141 0 6859
541 3141 0 6859
542 3141 0 6859
543 3141 0 6859
544 3141 0 6859
545 3141 0 6859
546 3141 0 6859
547 3141 0 6859
548 3141 0 6859
549 3141 0 6859
550 3141 0 6859
551 3141 0 6859
552 3141 0 6859
553 3141 0 6859
554 3141 0 6859
555 3141 0 6859
556 3141 0 6859
557 3141 0 6859
558 3141 0 6859
559 3141 0 6859
560 3141 0 6859
561 3141 0 6859
562 3141 0 6859
563 3141 0 6859
564 3141 0 6859
565 3141 0 6859
566 3141 0 6859
567 3141 0 6859
568 3141 0 6859
569 3141 0 6859
570 3141 0 6859
571 3141 0 6859
572 3141 0 6859
573 3141 0 6859
574 3141 0 6859
575 3141 0 6859
576 3141 0 6859
577 3141 0 6859
578 3141 0 6859
579 3141 0 6859
580 3141 0 6859
581 3141 0 6859
582 3141 0 6859
583 3141 0 6859
584 3141 0 6859
585 3141 0 6859
586 3141 0 6859
587 3141 0 6859
588 3141 0 6859
589 3141 0 6859
590 3141 0 6859
591 3141 0 6859
592 3141 0 6859
593 3141 0 6859
594 3141 0 6859
595 3141 0 6859
596 3141 0 6859
597 3141 0 6859
598 3141 0 6859
599 3141 0 6859
600 3141 0 6859
601 3141 0 6859
602 3141 0 6859
603 3141 0 6859
604 3141 0 6859
605 3141 0 6859
606 3141 0 6859
607 3141 0 6859
608 3141 0 6859
609 3141 0 6859
610 3141 0 6859
611 3141 0 6859
612 3141 0 6859
613 3141 0 6859
614 3141 0 6859
615 3141 0 6859
616 3141 0 6859
617 3141 0 6859
618 3141 0 6859
619 3141 0 6859
620 3141 0 6859
621 3141 0 6859
622 3141 0 6859
623 3141 0 6859
624 3141 0 6859
625 3141 0 6859
626 3141 0 6859
627 3141 0 6859
628 3141 0 6859
629 3141 0 6859
630 3141 0 6859
631 3141 0 6859
632 3141 0 6859
633 3141 0 6859
634 3141 0 6859
635 3141 0 6859
636 3141 0 6859
637 3141 0 6859
638 3141 0 6859
639 3141 0 6859
640 3141 0 6859
641 3141 0 6859
642 3141 0 6859
643 3141 0 6859
644 3141 0 6859
645 3141 0 6859
646 3141 0 6859
647 3141 0 6859
648 3141 0 6859
649 3141 0 6859
650 3141 0 6859
651 3141 0 6859
652 3141 0 6859
653 3141 0 6859
654 3141 0 6859
655 3141 0 6859
656 3141 0 6859
657 3141 0 6859
658 3141 0 6859
659 3141 0 6859
660 3141 0 6859
661 3141 0 6859
662 3141 0 6859
663 3141 0 6859
664 3141 0 6859
665 3141 0 6859
666 3141 0 6859
667 3141 0 6859
668 3141 0 6859
669 3141 0 6859
670 3141 0 6859
671 3141 0 6859
672 3141 0 6859
673 3141 0 6859
674 3141 0 6859
675 3141 0 6859
676 3141 0 6859
677 3141 0 6859
678 3141 0 6859
679 3141 0 6859
680 3141 0 6859
681 3141 0 6859
682 3141 0 6859
683 3141 0 6859
684 3141 0 6859
685 3141 0 6859
686 3141 0 6859
687 3141 0 6859
688 3141 0 6859
689 3141 0 6859
690 3141 0 6859
691 3141 0 6859
692 3141 0 6859
693 3141 0 6859
694 3141 0 6859
695 3141 0 6859
696 3141 0 6859
697 3141 0 6859
698 3141 0 6859
699 3141 0 6859
700 3141 0 6859
701 3141 0 6859
702 3141 0 6859
703 3141 0 6859
704 3141 0 6859
705 3141 0 6859
706 3141 0 6859
707 3141 0 6859
708 3141 0 6859
709 3141 0 6859
710 3141 0 6859
711 3141 0 6859
712 3141 0 6859
713 3141 0 6859
714 3141 0 6859
715 3141 0 6859
716 3141 0 6859
717 3141 0 6859
718 3141 0 6859
719 3141 0 6859
720 3141 0 6859
721 3141 0 6859
722 3141 0 6859
723 3141 0 6859
724 3141 0 6859
725 3141 0 6859
726 3141 0 6859
727 3141 0 6859
728 3141 0 6859
729 3141 0 6859
730 3141 0 6859
731 3141 0 6859
732 3141 0 6859
733 3141 0 6859
734 3141 0 6859
735 3141 0 6859
736 3141 0 6859
737 3141 0 6859
738 3141 0 6859
739 3141 0 6859
740 3141 0 6859
741 3141 0 6859
742 3141 0 6859
743 3141 0 6859
744 3141 0 6859
745 3141 0 6859
746 3141 0 6859
747 3141 0 6859
748 3141 0 6859
749 3141 0 6859
750 3141 0 6859
751 3141 0 6859
752 3141 0 6859
753 3141 0 6859
754 3141 0 6859
755 3141 0 6859
756 3141 0 6859
757 3141 0 6859
758 3141 0 6859
759 3141 0 6859
760 3141 0 6859
761 3141 0 6859
762 3141 0 6859
763 3141 0 6859
764 3141 0 6859
765 3141 0 6859
766 3141 0 6859
767 3141 0 6859
768 3141 0 6859
769 3141 0 6859
770 3141 0 6859
771 3141 0 6859
772 3141 0 6859
773 3141 0 6859
774 3141 0 6859
775 3141 0 6859
776 3141 0 6859
777 3141 0 6859
778 3141 0 6859
779 3141 0 6859
780 3141 0 6859
781 3141 0 6859
782 3141 0 6859
783 3141 0 6859
784 3141 0 6859
785 3141 0 6859
786 3141 0 6859
787 3141 0 6859
788 3141 0 6859
789 3141 0 6859
790 3141 0 6859
791 3141 0 6859
792 3141 0 6859
793 3141 0 6859
794 3141 0 6859
795 3141 0 6859
796 3141 0 6859
797 3141 0 6859
798 3141 0 6859
799 3141 0 6859
800 3141 0 6859
801 3141 0 6859
802 3141 0 6859
803 3141 0 6859
804 3141 0 6859
805 3141 0 6859
806 3141 0 6859
807 3141 0 6859
808 3141 0 6859
809 3141 0 6859
810 3141 0 6859
811 3141 0 6859
812 3141 0 6859
813 3141 0 6859
814 3141 0 6859
815 3141 0 6859
816 3141 0 6859
817 3141 0 6859
818 3141 0 6859
819 3141 0 6859
820 3141 0 6859
821 3141 0 6859
822 3141 0 6859
823 3141 0 6859
824 3141 0 6859
825 3141 0 6859
826 3141 0 6859
827 3141 0 6859
828 3141 0 6859
829 3141 0 6859
830 3141 0 6859
831 3141 0 6859
832 3141 0 6859
833 3141 0 6859
834 3141 0 6859
835 3141 0 6859
836 3141 0 6859
837 3141 0 6859
838 3141 0 6859
839 3141 0 6859
840 3141 0 6859
841 3141 0 6859
842 3141 0 6859
843 3141 0 6859
844 3141 0 6859
845 3141 0 6859
846 3141 0 6859
847 3141 0 6859
848 3141 0 6859
849 3141 0 6859
850 3141 0 6859
851 3141 0 6859
852 3141 0 6859
853 3141 0 6859
854 3141 0 6859
855 3141 0 6859
856 3141 0 6859
857 3141 0 6859
858 3141 0 6859
859 3141 0 6859
860 3141 0 6859
861 3141 0 6859
862 3141 0 6859
863 3141 0 6859
864 3141 0 6859
865 3141 0 6859
866 3141 0 6859
867 3141 0 6859
868 3141 0 6859
869 3141 0 6859
870 3141 0 6859
871 3141 0 6859
872 3141 0 6859
873 3141 0 6859
874 3141 0 6859
875 3141 0 6859
876 3141 0 6859
877 3141 0 6859
878 3141 0 6859
879 3141 0 6859
880 3141 0 6859
881 3141 0 6859
882 3141 0 6859
883 3141 0 6859
884 3141 0 6859
885 3141 0 6859
886 3141 0 6859
887 3141 0 6859
888 3141 0 6859
889 3141 0 6859
890 3141 0 6859
891 3141 0 6859
892 3141 0 6859
893 3141 0 6859
894 3141 0 6859
895 3141 0 6859
896 3141 0 6859
897 3141 0 6859
898 3141 0 6859
899 3141 0 6859
900 3141 0 6859
901 3141 0 6859
902 3141 0 6859
903 3141 0 6859
904 3141 0 6859
905 3141 0 6859
906 3141 0 6859
907 3141 0 6859
908 3141 0 6859
909 3141 0 6859
910 3141 0 6859
911 3141 0 6859
912 3141 0 6859
913 3141 0 6859
914 3141 0 6859
915 3141 0 6859
916 3141 0 6859
917 3141 0 6859
918 3141 0 6859
919 3141 0 6859
920 3141 0 6859
921 3141 0 6859
922 3141 0 6859
923 3141 0 6859
924 3141 0 6859
925 3141 0 6859
926 3141 0 6859
927 3141 0 6859
928 3141 0 6859
929 3141 0 6859
930 3141 0 6859
931 3141 0 6859
932 3141 0 6859
933 3141 0 6859
934 3141 0 6859
935 3141 0 6859
936 3141 0 6859
937 3141 0 6859
938 3141 0 6859
939 3141 0 6859
940 3141 0 6859
941 3141 0 6859
942 3141 0 6859
943 3141 0 6859
944 3141 0 6859
945 3141 0 6859
946 3141 0 6859
947 3141 0 6859
948 3141 0 6859
949 3141 0 6859
950 3141 0 6859
951 3141 0 6859
952 3141 0 6859
953 3141 0 6859
954 3141 0 6859
955 3141 0 6859
956 3141 0 6859
957 3141 0 6859
958 3141 0 6859
959 3141 0 6859
960 3141 0 6859
961 3141 0 6859
962 3141 0 6859
963 3141 0 6859
964 3141 0 6859
965 3141 0 6859
966 3141 0 6859
967 3141 0 6859
968 3141 0 6859
969 3141 0 6859
970 3141 0 6859
971 3141 0 6859
972 3141 0 6859
973 3141 0 6859
974 3141 0 6859
975 3141 0 6859
976 3141 0 6859
977 3141 0 6859
978 3141 0 6859
979 3141 0 6859
980 3141 0 6859
981 3141 0 6859
982 3141 0 6859
983 3141 0 6859
984 3141 0 6859
985 3141 0 6859
986 3141 0 6859
987 3141 0 6859
988 3141 0 6859
989 3141 0 6859
990 3141 0 6859
991 3141 0 6859
992 3141 0 6859
993 3141 0 6859
994 3141 0 6859
995 3141 0 6859
996 3141 0 6859
997 3141 0 6859
998 3141 0 6859
999 3141 0 6859
