0 9999 1 0
1 9998 1 1
2 9998 1 1
3 9997 2 1
4 9997 2 1
5 9996 3 1
6 9993 4 3
7 9993 4 3
8 9993 3 4
9 9993 3 4
10 9991 5 4
11 9989 7 4
12 9987 9 4
13 9984 10 6
14 9982 10 8
15 9982 8 10
16 9978 10 12
17 9972 15 13
18 9967 17 16
19 9960 18 22
20 9958 20 22
21 9952 23 25
22 9945 26 29
23 9942 23 35
24 9935 27 38
25 9927 33 40
26 9920 31 49
27 9915 28 57
28 9905 34 61
29 9903 34 63
30 9897 31 72
31 9895 24 81
32 9891 22 87
33 9890 21 89
34 9884 22 94
35 9880 22 98
36 9877 21 102
37 9876 18 106
38 9870 21 109
39 9867 22 111
40 9860 26 114
41 9854 29 117
42 9848 29 123
43 9841 27 132
44 9829 35 136
45 9822 34 144
46 9817 32 151
47 9810 30 160
48 9805 29 166
49 9790 37 173
50 9779 42 179
51 9765 48 187
52 9760 46 194
53 9751 43 206
54 9749 40 211
55 9733 53 214
56 9717 59 224
57 9706 61 233
58 9693 61 246
59 9679 64 257
60 9660 76 264
61 9641 77 282
62 9621 84 295
63 9604 85 311
64 9595 80 325
65 9580 79 341
66 9572 75 353
67 9565 70 365
68 9557 68 375
69 9544 74 382
70 9532 73 395
71 9520 70 410
72 9506 72 422
73 9504 62 434
74 9490 62 448
75 9480 62 458
76 9475 58 467
77 9466 55 479
78 9466 48 486
79 9456 53 491
80 9450 49 501
81 9442 52 506
82 9431 58 511
83 9417 59 524
84 9402 68 530
85 9384 75 541
86 9372 78 550
87 9354 77 569
88 9337 79 584
89 9319 75 606
90 9308 72 620
91 9300 71 629
92 9290 72 638
93 9279 70 651
94 9271 69 660
95 9265 61 674
96 9251 63 686
97 9244 57 699
98 9231 53 716
99 9220 56 724
100 9209 56 735
101 9200 54 746
102 9191 56 753
103 9175 59 766
104 9166 60 774
105 9152 58 790
106 9148 58 794
107 9141 54 805
108 9134 53 813
109 9119 61 820
110 9113 52 835
111 9105 52 843
112 9100 50 850
113 9085 58 857
114 9072 64 864
115 9054 69 877
116 9042 71 887
117 9026 72 902
118 9010 75 915
119 8995 71 934
120 8976 74 950
121 8964 72 964
122 8951 68 981
123 8937 67 996
124 8926 65 1009
125 8913 59 1028
126 8900 68 1032
127 8881 75 1044
128 8872 74 1054
129 8858 76 1066
130 8845 79 1076
131 8834 83 1083
132 8821 85 1094
133 8812 71 1117
134 8797 68 1135
135 8787 66 1147
136 8776 65 1159
137 8758 71 1171
138 8747 65 1188
139 8746 55 1199
140 8732 60 1208
141 8727 56 1217
142 8722 45 1233
143 8714 46 1240
144 8712 40 1248
145 8706 37 1257
146 8696 45 1259
147 8692 45 1263
148 8685 45 1270
149 8675 48 1277
150 8660 51 1289
151 8654 49 1297
152 8641 57 1302
153 8633 58 1309
154 8624 56 1320
155 8612 56 1332
156 8593 67 1340
157 8579 71 1350
158 8570 67 1363
159 8559 72 1369
160 8549 66 1385
161 8539 66 1395
162 8530 64 1406
163 8517 67 1416
164 8505 65 1430
165 8487 74 1439
166 8478 76 1446
167 8462 85 1453
168 8441 87 1472
169 8416 100 1484
170 8397 99 1504
171 8377 101 1522
172 8357 107 1536
173 8334 104 1562
174 8312 109 1579
175 8299 102 1599
176 8273 115 1612
177 8255 106 1639
178 8236 103 1661
179 8213 100 1687
180 8196 93 1711
181 8166 115 1719
182 8148 115 1737
183 8131 113 1756
184 8105 116 1779
185 8085 119 1796
186 8071 116 1813
187 8048 119 1833
188 8027 125 1848
189 8003 131 1866
190 7984 131 1885
191 7965 129 1906
192 7935 140 1925
193 7914 140 1946
194 7884 147 1969
195 7859 148 1993
196 7826 158 2016
197 7804 154 2042
198 7788 145 2067
199 7765 146 2089
200 7744 137 2119
201 7723 135 2142
202 7700 125 2175
203 7683 118 2199
204 7673 102 2225
205 7655 104 2241
206 7637 111 2252
207 7623 108 2269
208 7599 106 2295
209 7579 106 2315
210 7562 106 2332
211 7553 104 2343
212 7536 106 2358
213 7528 94 2378
214 7518 87 2395
215 7502 93 2405
216 7488 94 2418
217 7465 96 2439
218 7438 105 2457
219 7420 95 2485
220 7406 91 2503
221 7391 93 2516
222 7369 102 2529
223 7343 115 2542
224 7333 106 2561
225 7317 107 2576
226 7308 97 2595
227 7294 92 2614
228 7282 89 2629
229 7270 82 2648
230 7255 85 2660
231 7236 81 2683
232 7227 82 2691
233 7213 85 2702
234 7202 81 2717
235 7194 75 2731
236 7182 72 2746
237 7169 75 2756
238 7156 79 2765
239 7139 85 2776
240 7126 81 2793
241 7117 71 2812
242 7104 67 2829
243 7086 74 2840
244 7080 65 2855
245 7069 63 2868
246 7056 68 2876
247 7049 66 2885
248 7039 63 2898
249 7026 69 2905
250 7018 69 2913
251 7003 69 2928
252 6988 69 2943
253 6974 67 2959
254 6958 74 2968
255 6943 77 2980
256 6921 85 2994
257 6901 93 3006
258 6879 94 3027
259 6865 91 3044
260 6849 94 3057
261 6822 105 3073
262 6798 107 3095
263 6781 94 3125
264 6765 94 3141
265 6750 94 3156
266 6740 92 3168
267 6735 84 3181
268 6723 80 3197
269 6707 83 3210
270 6693 87 3220
271 6682 83 3235
272 6674 78 3248
273 6667 71 3262
274 6656 70 3274
275 6645 71 3284
276 6639 64 3297
277 6634 50 3316
278 6622 47 3331
279 6614 42 3344
280 6608 40 3352
281 6602 40 3358
282 6589 49 3362
283 6582 47 3371
284 6572 50 3378
285 6561 49 3390
286 6552 52 3396
287 6543 52 3405
288 6535 49 3416
289 6525 51 3424
290 6518 50 3432
291 6509 46 3445
292 6502 39 3459
293 6492 39 3469
294 6479 44 3477
295 6470 48 3482
296 6455 58 3487
297 6443 57 3500
298 6433 59 3508
299 6418 67 3515
300 6406 67 3527
301 6390 70 3540
302 6377 68 3555
303 6361 72 3567
304 6338 80 3582
305 6318 86 3596
306 6302 90 3608
307 6274 99 3627
308 6238 113 3649
309 6205 131 3664
310 6185 131 3684
311 6158 140 3702
312 6128 144 3728
313 6096 152 3752
314 6062 162 3776
315 6043 145 3812
316 6024 137 3839
317 6009 136 3855
318 5985 133 3882
319 5965 124 3911
320 5949 112 3939
321 5929 105 3966
322 5912 98 3990
323 5894 91 4015
324 5878 88 4034
325 5868 90 4042
326 5857 82 4061
327 5841 80 4079
328 5824 86 4090
329 5815 85 4100
330 5800 88 4112
331 5781 97 4122
332 5763 104 4133
333 5741 107 4152
334 5725 104 4171
335 5701 114 4185
336 5674 120 4206
337 5651 121 4228
338 5630 121 4249
339 5602 125 4273
340 5579 124 4297
341 5563 117 4320
342 5543 111 4346
343 5527 108 4365
344 5507 111 4382
345 5485 119 4396
346 5473 113 4414
347 5448 118 4434
348 5430 108 4462
349 5407 116 4477
350 5389 117 4494
351 5381 104 4515
352 5372 98 4530
353 5356 93 4551
354 5341 92 4567
355 5327 89 4584
356 5318 82 4600
357 5297 91 4612
358 5280 95 4625
359 5260 94 4646
360 5237 97 4666
361 5229 87 4684
362 5211 88 4701
363 5193 85 4722
364 5177 88 4735
365 5158 90 4752
366 5145 87 4768
367 5133 82 4785
368 5112 87 4801
369 5096 86 4818
370 5075 94 4831
371 5060 99 4841
372 5042 95 4863
373 5027 97 4876
374 5010 95 4895
375 4986 97 4917
376 4973 92 4935
377 4962 86 4952
378 4951 80 4969
379 4939 77 4984
380 4927 72 5001
381 4912 75 5013
382 4903 70 5027
383 4885 76 5039
384 4872 75 5053
385 4863 70 5067
386 4853 63 5084
387 4844 57 5099
388 4836 49 5115
389 4831 49 5120
390 4822 50 5128
391 4810 48 5142
392 4804 48 5148
393 4796 49 5155
394 4794 47 5159
395 4790 37 5173
396 4781 38 5181
397 4777 34 5189
398 4775 27 5198
399 4772 24 5204
400 4770 21 5209
401 4766 20 5214
402 4762 22 5216
403 4759 22 5219
404 4755 22 5223
405 4751 19 5230
406 4743 23 5234
407 4738 25 5237
408 4733 25 5242
409 4730 26 5244
410 4725 29 5246
411 4720 28 5252
412 4710 31 5259
413 4702 32 5266
414 4694 36 5270
415 4687 35 5278
416 4674 45 5281
417 4658 54 5288
418 4652 54 5294
419 4644 57 5299
420 4637 55 5308
421 4628 56 5316
422 4624 49 5327
423 4616 50 5334
424 4612 48 5340
425 4602 51 5347
426 4595 50 5355
427 4588 49 5363
428 4581 52 5367
429 4574 51 5375
430 4568 48 5384
431 4562 40 5398
432 4559 36 5405
433 4554 34 5412
434 4550 30 5420
435 4546 29 5425
436 4537 31 5432
437 4533 31 5436
438 4527 31 5442
439 4523 35 5442
440 4518 34 5448
441 4511 36 5453
442 4507 35 5458
443 4502 36 5462
444 4494 40 5466
445 4484 45 5471
446 4480 40 5480
447 4477 36 5487
448 4474 34 5492
449 4465 38 5497
450 4460 36 5504
451 4457 34 5509
452 4454 29 5517
453 4452 24 5524
454 4445 25 5530
455 4443 22 5535
456 4439 21 5540
457 4436 16 5548
458 4431 16 5553
459 4429 16 5555
460 4428 16 5556
461 4426 17 5557
462 4422 18 5560
463 4421 16 5563
464 4418 15 5567
465 4412 17 5571
466 4410 17 5573
467 4402 23 5575
468 4393 27 5580
469 4388 25 5587
470 4378 30 5592
471 4375 27 5598
472 4367 31 5602
473 4361 34 5605
474 4355 33 5612
475 4352 28 5620
476 4346 29 5625
477 4340 28 5632
478 4335 30 5635
479 4330 30 5640
480 4325 27 5648
481 4322 27 5651
482 4318 25 5657
483 4316 20 5664
484 4315 19 5666
485 4313 17 5670
486 4309 20 5671
487 4308 18 5674
488 4304 20 5676
489 4301 21 5678
490 4298 14 5688
491 4298 9 5693
492 4298 7 5695
493 4297 8 5695
494 4297 7 5696
495 4293 9 5698
496 4292 10 5698
497 4292 8 5700
498 4292 5 5703
499 4292 3 5705
500 4292 1 5707
501 4292 1 5707
502 4292 1 5707
503 4292 1 5707
504 4292 1 5707
505 4292 1 5707
506 4292 1 5707
507 4292 1 5707
508 4292 1 5707
509 4292 1 5707
510 4292 1 5707
511 4292 1 5707
512 4292 1 5707
513 4292 1 5707
514 4292 1 5707
515 4292 0 5708
516 4292 0 5708
517 4292 0 5708
518 4292 0 5708
519 4292 0 5708
520 4292 0 5708
521 4292 0 5708
522 4292 0 5708
523 4292 0 5708
524 4292 0 5708
525 4292 0 5708
526 4292 0 5708
527 4292 0 5708
528 4292 0 5708
529 4292 0 5708
530 4292 0 5708
531 4292 0 5708
532 4292 0 5708
533 4292 0 5708
534 4292 0 5708
535 4292 0 5708
536 4292 0 5708
537 4292 0 5708
538 4292 0 5708
539 4292 0 5708
540 4292 0 5708
541 4292 0 5708
542 4292 0 5708
543 4292 0 5708
544 4292 0 5708
545 4292 0 5708
546 4292 0 5708
547 4292 0 5708
548 4292 0 5708
549 4292 0 5708
550 4292 0 5708
551 4292 0 5708
552 4292 0 5708
553 4292 0 5708
554 4292 0 5708
555 4292 0 5708
556 4292 0 5708
557 4292 0 5708
558 4292 0 5708
559 4292 0 5708
560 4292 0 5708
561 4292 0 5708
562 4292 0 5708
563 4292 0 5708
564 4292 0 5708
565 4292 0 5708
566 4292 0 5708
567 4292 0 5708
568 4292 0 5708
569 4292 0 5708
570 4292 0 5708
571 4292 0 5708
572 4292 0 5708
573 4292 0 5708
574 4292 0 5708
575 4292 0 5708
576 4292 0 5708
577 4292 0 5708
578 4292 0 5708
579 4292 0 5708
580 4292 0 5708
581 4292 0 5708
582 4292 0 5708
583 4292 0 5708
584 4292 0 5708
585 4292 0 5708
586 4292 0 5708
587 4292 0 5708
588 4292 0 5708
589 4292 0 5708
590 4292 0 5708
591 4292 0 5708
592 4292 0 5708
593 4292 0 5708
594 4292 0 5708
595 4292 0 5708
596 4292 0 5708
597 4292 0 5708
598 4292 0 5708
599 4292 0 5708
600 4292 0 5708
601 4292 0 5708
602 4292 0 5708
603 4292 0 5708
604 4292 0 5708
605 4292 0 5708
606 4292 0 5708
607 4292 0 5708
608 4292 0 5708
609 4292 0 5708
610 4292 0 5708
611 4292 0 5708
612 4292 0 5708
613 4292 0 5708
614 4292 0 5708
615 4292 0 5708
616 4292 0 5708
617 4292 0 5708
618 4292 0 5708
619 4292 0 5708
620 4292 0 5708
621 4292 0 5708
622 4292 0 5708
623 4292 0 5708
624 4292 0 5708
625 4292 0 5708
626 4292 0 5708
627 4292 0 5708
628 4292 0 5708
629 4292 0 5708
630 4292 0 5708
631 4292 0 5708
632 4292 0 5708
633 4292 0 5708
634 4292 0 5708
635 4292 0 5708
636 4292 0 5708
637 4292 0 5708
638 4292 0 5708
639 4292 0 5708
640 4292 0 5708
641 4292 0 5708
642 4292 0 5708
643 4292 0 5708
644 4292 0 5708
645 4292 0 5708
646 4292 0 5708
647 4292 0 5708
648 4292 0 5708
649 4292 0 5708
650 4292 0 5708
651 4292 0 5708
652 4292 0 5708
653 4292 0 5708
654 4292 0 5708
655 4292 0 5708
656 4292 0 5708
657 4292 0 5708
658 4292 0 5708
659 4292 0 5708
660 4292 0 5708
661 4292 0 5708
662 4292 0 5708
663 4292 0 5708
664 4292 0 5708
665 4292 0 5708
666 4292 0 5708
667 4292 0 5708
668 4292 0 5708
669 4292 0 5708
670 4292 0 5708
671 4292 0 5708
672 4292 0 5708
673 4292 0 5708
674 4292 0 5708
675 4292 0 5708
676 4292 0 5708
677 4292 0 5708
678 4292 0 5708
679 4292 0 5708
680 4292 0 5708
681 4292 0 5708
682 4292 0 5708
683 4292 0 5708
684 4292 0 5708
685 4292 0 5708
686 4292 0 5708
687 4292 0 5708
688 4292 0 5708
689 4292 0 5708
690 4292 0 5708
691 4292 0 5708
692 4292 0 5708
693 4292 0 5708
694 4292 0 5708
695 4292 0 5708
696 4292 0 5708
697 4292 0 5708
698 4292 0 5708
699 4292 0 5708
700 4292 0 5708
701 4292 0 5708
702 4292 0 5708
703 4292 0 5708
704 4292 0 5708
705 4292 0 5708
706 4292 0 5708
707 4292 0 5708
708 4292 0 5708
709 4292 0 5708
710 4292 0 5708
711 4292 0 5708
712 4292 0 5708
713 4292 0 5708
714 4292 0 5708
715 4292 0 5708
716 4292 0 5708
717 4292 0 5708
718 4292 0 5708
719 4292 0 5708
720 4292 0 5708
721 4292 0 5708
722 4292 0 5708
723 4292 0 5708
724 4292 0 5708
725 4292 0 5708
726 4292 0 5708
727 4292 0 5708
728 4292 0 5708
729 4292 0 5708
730 4292 0 5708
731 4292 0 5708
732 4292 0 5708
733 4292 0 5708
734 4292 0 5708
735 4292 0 5708
736 4292 0 5708
737 4292 0 5708
738 4292 0 5708
739 4292 0 5708
740 4292 0 5708
741 4292 0 5708
742 4292 0 5708
743 4292 0 5708
744 4292 0 5708
745 4292 0 5708
746 4292 0 5708
747 4292 0 5708
748 4292 0 5708
749 4292 0 5708
750 4292 0 5708
751 4292 0 5708
752 4292 0 5708
753 4292 0 5708
754 4292 0 5708
755 4292 0 5708
756 4292 0 5708
757 4292 0 5708
758 4292 0 5708
759 4292 0 5708
760 4292 0 5708
761 4292 0 5708
762 4292 0 5708
763 4292 0 5708
764 4292 0 5708
765 4292 0 5708
766 4292 0 5708
767 4292 0 5708
768 4292 0 5708
769 4292 0 5708
770 4292 0 5708
771 4292 0 5708
772 4292 0 5708
773 4292 0 5708
774 4292 0 5708
775 4292 0 5708
776 4292 0 5708
777 4292 0 5708
778 4292 0 5708
779 4292 0 5708
780 4292 0 5708
781 4292 0 5708
782 4292 0 5708
783 4292 0 5708
784 4292 0 5708
785 4292 0 5708
786 4292 0 5708
787 4292 0 5708
788 4292 0 5708
789 4292 0 5708
790 4292 0 5708
791 4292 0 5708
792 4292 0 5708
793 4292 0 5708
794 4292 0 5708
795 4292 0 5708
796 4292 0 5708
797 4292 0 5708
798 4292 0 5708
799 4292 0 5708
800 4292 0 5708
801 4292 0 5708
802 4292 0 5708
803 4292 0 5708
804 4292 0 5708
805 4292 0 5708
806 4292 0 5708
807 4292 0 5708
808 4292 0 5708
809 4292 0 5708
810 4292 0 5708
811 4292 0 5708
812 4292 0 5708
813 4292 0 5708
814 4292 0 5708
815 4292 0 5708
816 4292 0 5708
817 4292 0 5708
818 4292 0 5708
819 4292 0 5708
820 4292 0 5708
821 4292 0 5708
822 4292 0 5708
823 4292 0 5708
824 4292 0 5708
825 4292 0 5708
826 4292 0 5708
827 4292 0 5708
828 4292 0 5708
829 4292 0 5708
830 4292 0 5708
831 4292 0 5708
832 4292 0 5708
833 4292 0 5708
834 4292 0 5708
835 4292 0 5708
836 4292 0 5708
837 4292 0 5708
838 4292 0 5708
839 4292 0 5708
840 4292 0 5708
841 4292 0 5708
842 4292 0 5708
843 4292 0 5708
844 4292 0 5708
845 4292 0 5708
846 4292 0 5708
847 4292 0 5708
848 4292 0 5708
849 4292 0 5708
850 4292 0 5708
851 4292 0 5708
852 4292 0 5708
853 4292 0 5708
854 4292 0 5708
855 4292 0 5708
856 4292 0 5708
857 4292 0 5708
858 4292 0 5708
859 4292 0 5708
860 4292 0 5708
861 4292 0 5708
862 4292 0 5708
863 4292 0 5708
864 4292 0 5708
865 4292 0 5708
866 4292 0 5708
867 4292 0 5708
868 4292 0 5708
869 4292 0 5708
870 4292 0 5708
871 4292 0 5708
872 4292 0 5708
873 4292 0 5708
874 4292 0 5708
875 4292 0 5708
876 4292 0 5708
877 4292 0 5708
878 4292 0 5708
879 4292 0 5708
880 4292 0 5708
881 4292 0 5708
882 4292 0 5708
883 4292 0 5708
884 4292 0 5708
885 4292 0 5708
886 4292 0 5708
887 4292 0 5708
888 4292 0 5708
889 4292 0 5708
890 4292 0 5708
891 4292 0 5708
892 4292 0 5708
893 4292 0 5708
894 4292 0 5708
895 4292 0 5708
896 4292 0 5708
897 4292 0 5708
898 4292 0 5708
899 4292 0 5708
900 4292 0 5708
901 4292 0 5708
902 4292 0 5708
903 4292 0 5708
904 4292 0 5708
905 4292 0 5708
906 4292 0 5708
907 4292 0 5708
908 4292 0 5708
909 4292 0 5708
910 4292 0 5708
911 4292 0 5708
912 4292 0 5708
913 4292 0 5708
914 4292 0 5708
915 4292 0 5708
916 4292 0 5708
917 4292 0 5708
918 4292 0 5708
919 4292 0 5708
920 4292 0 5708
921 4292 0 5708
922 4292 0 5708
923 4292 0 5708
924 4292 0 5708
925 4292 0 5708
926 4292 0 5708
927 4292 0 5708
928 4292 0 5708
929 4292 0 5708
930 4292 0 5708
931 4292 0 5708
932 4292 0 5708
933 4292 0 5708
934 4292 0 5708
935 4292 0 5708
936 4292 0 5708
937 4292 0 5708
938 4292 0 5708
939 4292 0 5708
940 4292 0 5708
941 4292 0 5708
942 4292 0 5708
943 4292 0 5708
944 4292 0 5708
945 4292 0 5708
946 4292 0 5708
947 4292 0 5708
948 4292 0 5708
949 4292 0 5708
950 4292 0 5708
951 4292 0 5708
952 4292 0 5708
953 4292 0 5708
954 4292 0 5708
955 4292 0 5708
956 4292 0 5708
957 4292 0 5708
958 4292 0 5708
959 4292 0 5708
960 4292 0 5708
961 4292 0 5708
962 4292 0 5708
963 4292 0 5708
964 4292 0 5708
965 4292 0 5708
966 4292 0 5708
967 4292 0 5708
968 4292 0 5708
969 4292 0 5708
970 4292 0 5708
971 4292 0 5708
972 4292 0 5708
973 4292 0 5708
974 4292 0 5708
975 4292 0 5708
976 4292 0 5708
977 4292 0 5708
978 4292 0 5708
979 4292 0 5708
980 4292 0 5708
981 4292 0 5708
982 4292 0 5708
983 4292 0 5708
984 4292 0 5708
985 4292 0 5708
986 4292 0 5708
987 4292 0 5708
988 4292 0 5708
989 4292 0 5708
990 4292 0 5708
991 4292 0 5708
992 4292 0 5708
993 4292 0 5708
994 4292 0 5708
995 4292 0 5708
996 4292 0 5708
997 4292 0 5708
998 4292 0 5708
999 4292 0 5708
