0 9999 1 0
1 9998 2 0
2 9997 2 1
3 9995 4 1
4 9986 12 2
5 9982 14 4
6 9973 21 6
7 9963 24 13
8 9955 24 21
9 9948 27 25
10 9939 31 30
11 9930 33 37
12 9921 39 40
13 9916 41 43
14 9908 36 56
15 9904 33 63
16 9896 37 67
17 9887 43 70
18 9873 52 75
19 9867 44 89
20 9863 44 93
21 9856 45 99
22 9850 43 107
23 9841 45 114
24 9832 49 119
25 9824 41 135
26 9816 43 141
27 9806 43 151
28 9792 53 155
29 9782 53 165
30 9772 53 175
31 9766 50 184
32 9752 56 192
33 9744 56 200
34 9733 54 213
35 9722 57 221
36 9711 62 227
37 9697 64 239
38 9687 58 255
39 9675 56 269
40 9661 59 280
41 9653 50 297
42 9647 47 306
43 9639 45 316
44 9634 45 321
45 9620 55 325
46 9611 54 335
47 9603 57 340
48 9595 53 352
49 9585 47 368
50 9576 48 376
51 9564 51 385
52 9555 53 392
53 9544 54 402
54 9535 55 410
55 9527 58 415
56 9516 62 422
57 9505 64 431
58 9484 71 445
59 9475 67 458
60 9461 72 467
61 9444 82 474
62 9417 99 484
63 9394 106 500
64 9368 112 520
65 9344 118 538
66 9318 119 563
67 9304 108 588
68 9286 100 614
69 9274 89 637
70 9250 98 652
71 9221 109 670
72 9187 122 691
73 9159 127 714
74 9140 120 740
75 9118 123 759
76 9088 129 783
77 9067 125 808
78 9050 128 822
79 9023 133 844
80 9001 130 869
81 8975 137 888
82 8952 137 911
83 8931 141 928
84 8900 153 947
85 8874 152 974
86 8857 143 1000
87 8829 148 1023
88 8797 157 1046
89 8777 153 1070
90 8742 167 1091
91 8713 164 1123
92 8686 167 1147
93 8652 173 1175
94 8622 180 1198
95 8590 177 1233
96 8565 170 1265
97 8538 167 1295
98 8498 176 1326
99 8466 182 1352
100 8422 199 1379
101 8373 226 1401
102 8350 212 1438
103 8314 213 1473
104 8288 203 1509
105 8254 207 1539
106 8231 199 1570
107 8202 193 1605
108 8173 198 1629
109 8144 190 1666
110 8112 192 1696
111 8082 179 1739
112 8044 186 1770
113 8016 187 1797
114 7985 181 1834
115 7958 172 1870
116 7931 160 1909
117 7905 152 1943
118 7872 161 1967
119 7845 156 1999
120 7824 148 2028
121 7803 149 2048
122 7767 159 2074
123 7749 151 2100
124 7723 155 2122
125 7693 156 2151
126 7651 173 2176
127 7623 174 2203
128 7588 176 2236
129 7558 163 2279
130 7533 164 2303
131 7505 167 2328
132 7465 183 2352
133 7420 192 2388
134 7389 179 2432
135 7343 193 2464
136 7299 200 2501
137 7251 205 2544
138 7205 207 2588
139 7158 213 2629
140 7120 214 2666
141 7067 233 2700
142 7020 242 2738
143 6963 259 2778
144 6912 256 2832
145 6864 255 2881
146 6813 261 2926
147 6764 275 2961
148 6727 256 3017
149 6689 246 3065
150 6633 267 3100
151 6569 293 3138
152 6515 298 3187
153 6457 302 3241
154 6388 317 3295
155 6334 304 3362
156 6274 317 3409
157 6217 317 3466
158 6164 304 3532
159 6113 311 3576
160 6060 306 3634
161 6012 291 3697
162 5959 296 3745
163 5902 310 3788
164 5842 309 3849
165 5795 294 3911
166 5740 304 3956
167 5680 293 4027
168 5617 301 4082
169 5563 304 4133
170 5508 319 4173
171 5451 331 4218
172 5381 334 4285
173 5322 338 4340
174 5260 352 4388
175 5198 356 4446
176 5126 360 4514
177 5089 330 4581
178 5048 314 4638
179 5007 291 4702
180 4979 269 4752
181 4943 259 4798
182 4899 263 4838
183 4867 253 4880
184 4833 241 4926
185 4816 219 4965
186 4787 212 5001
187 4756 214 5030
188 4720 217 5063
189 4692 214 5094
190 4671 195 5134
191 4636 204 5160
192 4597 201 5202
193 4560 214 5226
194 4507 227 5266
195 4466 227 5307
196 4417 240 5343
197 4369 254 5377
198 4324 254 5422
199 4292 240 5468
200 4266 214 5520
201 4246 191 5563
202 4203 210 5587
203 4175 201 5624
204 4141 202 5657
205 4114 193 5693
206 4082 187 5731
207 4063 176 5761
208 4036 185 5779
209 4011 181 5808
210 3982 191 5827
211 3957 186 5857
212 3925 188 5887
213 3888 199 5913
214 3857 201 5942
215 3831 190 5979
216 3800 185 6015
217 3771 179 6050
218 3735 186 6079
219 3716 158 6126
220 3689 154 6157
221 3670 143 6187
222 3643 149 6208
223 3612 152 6236
224 3588 147 6265
225 3559 151 6290
226 3530 151 6319
227 3513 140 6347
228 3481 153 6366
229 3452 155 6393
230 3431 153 6416
231 3405 151 6444
232 3388 136 6476
233 3371 130 6499
234 3345 129 6526
235 3312 142 6546
236 3295 142 6563
237 3268 141 6591
238 3243 142 6615
239 3206 152 6642
240 3178 160 6662
241 3142 160 6698
242 3120 157 6723
243 3095 159 6746
244 3065 157 6778
245 3039 154 6807
246 3021 154 6825
247 3003 144 6853
248 2983 133 6884
249 2968 119 6913
250 2943 124 6933
251 2923 128 6949
252 2893 124 6983
253 2877 113 7010
254 2849 123 7028
255 2830 126 7044
256 2812 115 7073
257 2788 117 7095
258 2768 114 7118
259 2753 104 7143
260 2735 114 7151
261 2716 119 7165
262 2702 112 7186
263 2677 115 7208
264 2665 103 7232
265 2656 91 7253
266 2637 89 7274
267 2619 91 7290
268 2603 95 7302
269 2581 97 7322
270 2568 91 7341
271 2547 94 7359
272 2529 95 7376
273 2515 95 7390
274 2496 100 7404
275 2477 108 7415
276 2457 109 7434
277 2444 101 7455
278 2433 96 7471
279 2420 93 7487
280 2405 92 7503
281 2389 89 7522
282 2383 82 7535
283 2373 78 7549
284 2355 82 7563
285 2339 89 7572
286 2325 84 7591
287 2310 86 7604
288 2296 88 7616
289 2291 83 7626
290 2278 79 7643
291 2274 69 7657
292 2268 65 7667
293 2259 65 7676
294 2252 62 7686
295 2242 61 7697
296 2234 56 7710
297 2226 56 7718
298 2219 55 7726
299 2205 60 7735
300 2198 54 7748
301 2190 53 7757
302 2181 58 7761
303 2175 58 7767
304 2170 56 7774
305 2167 51 7782
306 2161 51 7788
307 2155 42 7803
308 2152 40 7808
309 2150 34 7816
310 2145 35 7820
311 2139 34 7827
312 2136 31 7833
313 2132 32 7836
314 2125 33 7842
315 2122 33 7845
316 2116 31 7853
317 2113 25 7862
318 2105 31 7864
319 2102 29 7869
320 2098 25 7877
321 2090 28 7882
322 2089 22 7889
323 2088 16 7896
324 2085 14 7901
325 2080 16 7904
326 2075 20 7905
327 2074 16 7910
328 2072 14 7914
329 2068 15 7917
330 2066 14 7920
331 2062 13 7925
332 2062 12 7926
333 2060 10 7930
334 2059 10 7931
335 2057 10 7933
336 2055 11 7934
337 2054 9 7937
338 2052 11 7937
339 2048 13 7939
340 2045 15 7940
341 2044 12 7944
342 2041 15 7944
343 2038 15 7947
344 2034 15 7951
345 2034 13 7953
346 2032 15 7953
347 2029 14 7957
348 2029 12 7959
349 2029 10 7961
350 2027 11 7962
351 2023 15 7962
352 2020 15 7965
353 2019 15 7966
354 2015 18 7967
355 2013 17 7970
356 2013 16 7971
357 2013 15 7972
358 2010 15 7975
359 2008 15 7977
360 2008 11 7981
361 2005 9 7986
362 2005 7 7988
363 2005 7 7988
364 2003 9 7988
365 2002 9 7989
366 2000 9 7991
367 1999 9 7992
368 1998 8 7994
369 1997 9 7994
370 1997 9 7994
371 1997 7 7996
372 1997 7 7996
373 1996 4 8000
374 1996 3 8001
375 1996 3 8001
376 1995 4 8001
377 1995 4 8001
378 1995 4 8001
379 1995 3 8002
380 1995 3 8002
381 1995 2 8003
382 1995 2 8003
383 1995 2 8003
384 1995 2 8003
385 1995 2 8003
386 1995 1 8004
387 1995 0 8005
388 1995 0 8005
389 1995 0 8005
390 1995 0 8005
391 1995 0 8005
392 1995 0 8005
393 1995 0 8005
394 1995 0 8005
395 1995 0 8005
396 1995 0 8005
397 1995 0 8005
398 1995 0 8005
399 1995 0 8005
400 1995 0 8005
401 1995 0 8005
402 1995 0 8005
403 1995 0 8005
404 1995 0 8005
405 1995 0 8005
406 1995 0 8005
407 1995 0 8005
408 1995 0 8005
409 1995 0 8005
410 1995 0 8005
411 1995 0 8005
412 1995 0 8005
413 1995 0 8005
414 1995 0 8005
415 1995 0 8005
416 1995 0 8005
417 1995 0 8005
418 1995 0 8005
419 1995 0 8005
420 1995 0 8005
421 1995 0 8005
422 1995 0 8005
423 1995 0 8005
424 1995 0 8005
425 1995 0 8005
426 1995 0 8005
427 1995 0 8005
428 1995 0 8005
429 1995 0 8005
430 1995 0 8005
431 1995 0 8005
432 1995 0 8005
433 1995 0 8005
434 1995 0 8005
435 1995 0 8005
436 1995 0 8005
437 1995 0 8005
438 1995 0 8005
439 1995 0 8005
440 1995 0 8005
441 1995 0 8005
442 1995 0 8005
443 1995 0 8005
444 1995 0 8005
445 1995 0 8005
446 1995 0 8005
447 1995 0 8005
448 1995 0 8005
449 1995 0 8005
450 1995 0 8005
451 1995 0 8005
452 1995 0 8005
453 1995 0 8005
454 1995 0 8005
455 1995 0 8005
456 1995 0 8005
457 1995 0 8005
458 1995 0 8005
459 1995 0 8005
460 1995 0 8005
461 1995 0 8005
462 1995 0 8005
463 1995 0 8005
464 1995 0 8005
465 1995 0 8005
466 1995 0 8005
467 1995 0 8005
468 1995 0 8005
469 1995 0 8005
470 1995 0 8005
471 1995 0 8005
472 1995 0 8005
473 1995 0 8005
474 1995 0 8005
475 1995 0 8005
476 1995 0 8005
477 1995 0 8005
478 1995 0 8005
479 1995 0 8005
480 1995 0 8005
481 1995 0 8005
482 1995 0 8005
483 1995 0 8005
484 1995 0 8005
485 1995 0 8005
486 1995 0 8005
487 1995 0 8005
488 1995 0 8005
489 1995 0 8005
490 1995 0 8005
491 1995 0 8005
492 1995 0 8005
493 1995 0 8005
494 1995 0 8005
495 1995 0 8005
496 1995 0 8005
497 1995 0 8005
498 1995 0 8005
499 1995 0 8005
500 1995 0 8005
501 1995 0 8005
502 1995 0 8005
503 1995 0 8005
504 1995 0 8005
505 1995 0 8005
506 1995 0 8005
507 1995 0 8005
508 1995 0 8005
509 1995 0 8005
510 1995 0 8005
511 1995 0 8005
512 1995 0 8005
513 1995 0 8005
514 1995 0 8005
515 1995 0 8005
516 1995 0 8005
517 1995 0 8005
518 1995 0 8005
519 1995 0 8005
520 1995 0 8005
521 1995 0 8005
522 1995 0 8005
523 1995 0 8005
524 1995 0 8005
525 1995 0 8005
526 1995 0 8005
527 1995 0 8005
528 1995 0 8005
529 1995 0 8005
530 1995 0 8005
531 1995 0 8005
532 1995 0 8005
533 1995 0 8005
534 1995 0 8005
535 1995 0 8005
536 1995 0 8005
537 1995 0 8005
538 1995 0 8005
539 1995 0 8005
540 1995 0 8005
541 1995 0 8005
542 1995 0 8005
543 1995 0 8005
544 1995 0 8005
545 1995 0 8005
546 1995 0 8005
547 1995 0 8005
548 1995 0 8005
549 1995 0 8005
550 1995 0 8005
551 1995 0 8005
552 1995 0 8005
553 1995 0 8005
554 1995 0 8005
555 1995 0 8005
556 1995 0 8005
557 1995 0 8005
558 1995 0 8005
559 1995 0 8005
560 1995 0 8005
561 1995 0 8005
562 1995 0 8005
563 1995 0 8005
564 1995 0 8005
565 1995 0 8005
566 1995 0 8005
567 1995 0 8005
568 1995 0 8005
569 1995 0 8005
570 1995 0 8005
571 1995 0 8005
572 1995 0 8005
573 1995 0 8005
574 1995 0 8005
575 1995 0 8005
576 1995 0 8005
577 1995 0 8005
578 1995 0 8005
579 1995 0 8005
580 1995 0 8005
581 1995 0 8005
582 1995 0 8005
583 1995 0 8005
584 1995 0 8005
585 1995 0 8005
586 1995 0 8005
587 1995 0 8005
588 1995 0 8005
589 1995 0 8005
590 1995 0 8005
591 1995 0 8005
592 1995 0 8005
593 1995 0 8005
594 1995 0 8005
595 1995 0 8005
596 1995 0 8005
597 1995 0 8005
598 1995 0 8005
599 1995 0 8005
600 1995 0 8005
601 1995 0 8005
602 1995 0 8005
603 1995 0 8005
604 1995 0 8005
605 1995 0 8005
606 1995 0 8005
607 1995 0 8005
608 1995 0 8005
609 1995 0 8005
610 1995 0 8005
611 1995 0 8005
612 1995 0 8005
613 1995 0 8005
614 1995 0 8005
615 1995 0 8005
616 1995 0 8005
617 1995 0 8005
618 1995 0 8005
619 1995 0 8005
620 1995 0 8005
621 1995 0 8005
622 1995 0 8005
623 1995 0 8005
624 1995 0 8005
625 1995 0 8005
626 1995 0 8005
627 1995 0 8005
628 1995 0 8005
629 1995 0 8005
630 1995 0 8005
631 1995 0 8005
632 1995 0 8005
633 1995 0 8005
634 1995 0 8005
635 1995 0 8005
636 1995 0 8005
637 1995 0 8005
638 1995 0 8005
639 1995 0 8005
640 1995 0 8005
641 1995 0 8005
642 1995 0 8005
643 1995 0 8005
644 1995 0 8005
645 1995 0 8005
646 1995 0 8005
647 1995 0 8005
648 1995 0 8005
649 1995 0 8005
650 1995 0 8005
651 1995 0 8005
652 1995 0 8005
653 1995 0 8005
654 1995 0 8005
655 1995 0 8005
656 1995 0 8005
657 1995 0 8005
658 1995 0 8005
659 1995 0 8005
660 1995 0 8005
661 1995 0 8005
662 1995 0 8005
663 1995 0 8005
664 1995 0 8005
665 1995 0 8005
666 1995 0 8005
667 1995 0 8005
668 1995 0 8005
669 1995 0 8005
670 1995 0 8005
671 1995 0 8005
672 1995 0 8005
673 1995 0 8005
674 1995 0 8005
675 1995 0 8005
676 1995 0 8005
677 1995 0 8005
678 1995 0 8005
679 1995 0 8005
680 1995 0 8005
681 1995 0 8005
682 1995 0 8005
683 1995 0 8005
684 1995 0 8005
685 1995 0 8005
686 1995 0 8005
687 1995 0 8005
688 1995 0 8005
689 1995 0 8005
690 1995 0 8005
691 1995 0 8005
692 1995 0 8005
693 1995 0 8005
694 1995 0 8005
695 1995 0 8005
696 1995 0 8005
697 1995 0 8005
698 1995 0 8005
699 1995 0 8005
700 1995 0 8005
701 1995 0 8005
702 1995 0 8005
703 1995 0 8005
704 1995 0 8005
705 1995 0 8005
706 1995 0 8005
707 1995 0 8005
708 1995 0 8005
709 1995 0 8005
710 1995 0 8005
711 1995 0 8005
712 1995 0 8005
713 1995 0 8005
714 1995 0 8005
715 1995 0 8005
716 1995 0 8005
717 1995 0 8005
718 1995 0 8005
719 1995 0 8005
720 1995 0 8005
721 1995 0 8005
722 1995 0 8005
723 1995 0 8005
724 1995 0 8005
725 1995 0 8005
726 1995 0 8005
727 1995 0 8005
728 1995 0 8005
729 1995 0 8005
730 1995 0 8005
731 1995 0 8005
732 1995 0 8005
733 1995 0 8005
734 1995 0 8005
735 1995 0 8005
736 1995 0 8005
737 1995 0 8005
738 1995 0 8005
739 1995 0 8005
740 1995 0 8005
741 1995 0 8005
742 1995 0 8005
743 1995 0 8005
744 1995 0 8005
745 1995 0 8005
746 1995 0 8005
747 1995 0 8005
748 1995 0 8005
749 1995 0 8005
750 1995 0 8005
751 1995 0 8005
752 1995 0 8005
753 1995 0 8005
754 1995 0 8005
755 1995 0 8005
756 1995 0 8005
757 1995 0 8005
758 1995 0 8005
759 1995 0 8005
760 1995 0 8005
761 1995 0 8005
762 1995 0 8005
763 1995 0 8005
764 1995 0 8005
765 1995 0 8005
766 1995 0 8005
767 1995 0 8005
768 1995 0 8005
769 1995 0 8005
770 1995 0 8005
771 1995 0 8005
772 1995 0 8005
773 1995 0 8005
774 1995 0 8005
775 1995 0 8005
776 1995 0 8005
777 1995 0 8005
778 1995 0 8005
779 1995 0 8005
780 1995 0 8005
781 1995 0 8005
782 1995 0 8005
783 1995 0 8005
784 1995 0 8005
785 1995 0 8005
786 1995 0 8005
787 1995 0 8005
788 1995 0 8005
789 1995 0 8005
790 1995 0 8005
791 1995 0 8005
792 1995 0 8005
793 1995 0 8005
794 1995 0 8005
795 1995 0 8005
796 1995 0 8005
797 1995 0 8005
798 1995 0 8005
799 1995 0 8005
800 1995 0 8005
801 1995 0 8005
802 1995 0 8005
803 1995 0 8005
804 1995 0 8005
805 1995 0 8005
806 1995 0 8005
807 1995 0 8005
808 1995 0 8005
809 1995 0 8005
810 1995 0 8005
811 1995 0 8005
812 1995 0 8005
813 1995 0 8005
814 1995 0 8005
815 1995 0 8005
816 1995 0 8005
817 1995 0 8005
818 1995 0 8005
819 1995 0 8005
820 1995 0 8005
821 1995 0 8005
822 1995 0 8005
823 1995 0 8005
824 1995 0 8005
825 1995 0 8005
826 1995 0 8005
827 1995 0 8005
828 1995 0 8005
829 1995 0 8005
830 1995 0 8005
831 1995 0 8005
832 1995 0 8005
833 1995 0 8005
834 1995 0 8005
835 1995 0 8005
836 1995 0 8005
837 1995 0 8005
838 1995 0 8005
839 1995 0 8005
840 1995 0 8005
841 1995 0 8005
842 1995 0 8005
843 1995 0 8005
844 1995 0 8005
845 1995 0 8005
846 1995 0 8005
847 1995 0 8005
848 1995 0 8005
849 1995 0 8005
850 1995 0 8005
851 1995 0 8005
852 1995 0 8005
853 1995 0 8005
854 1995 0 8005
855 1995 0 8005
856 1995 0 8005
857 1995 0 8005
858 1995 0 8005
859 1995 0 8005
860 1995 0 8005
861 1995 0 8005
862 1995 0 8005
863 1995 0 8005
864 1995 0 8005
865 1995 0 8005
866 1995 0 8005
867 1995 0 8005
868 1995 0 8005
869 1995 0 8005
870 1995 0 8005
871 1995 0 8005
872 1995 0 8005
873 1995 0 8005
874 1995 0 8005
875 1995 0 8005
876 1995 0 8005
877 1995 0 8005
878 1995 0 8005
879 1995 0 8005
880 1995 0 8005
881 1995 0 8005
882 1995 0 8005
883 1995 0 8005
884 1995 0 8005
885 1995 0 8005
886 1995 0 8005
887 1995 0 8005
888 1995 0 8005
889 1995 0 8005
890 1995 0 8005
891 1995 0 8005
892 1995 0 8005
893 1995 0 8005
894 1995 0 8005
895 1995 0 8005
896 1995 0 8005
897 1995 0 8005
898 1995 0 8005
899 1995 0 8005
900 1995 0 8005
901 1995 0 8005
902 1995 0 8005
903 1995 0 8005
904 1995 0 8005
905 1995 0 8005
906 1995 0 8005
907 1995 0 8005
908 1995 0 8005
909 1995 0 8005
910 1995 0 8005
911 1995 0 8005
912 1995 0 8005
913 1995 0 8005
914 1995 0 8005
915 1995 0 8005
916 1995 0 8005
917 1995 0 8005
918 1995 0 8005
919 1995 0 8005
920 1995 0 8005
921 1995 0 8005
922 1995 0 8005
923 1995 0 8005
924 1995 0 8005
925 1995 0 8005
926 1995 0 8005
927 1995 0 8005
928 1995 0 8005
929 1995 0 8005
930 1995 0 8005
931 1995 0 8005
932 1995 0 8005
933 1995 0 8005
934 1995 0 8005
935 1995 0 8005
936 1995 0 8005
937 1995 0 8005
938 1995 0 8005
939 1995 0 8005
940 1995 0 8005
941 1995 0 8005
942 1995 0 8005
943 1995 0 8005
944 1995 0 8005
945 1995 0 8005
946 1995 0 8005
947 1995 0 8005
948 1995 0 8005
949 1995 0 8005
950 1995 0 8005
951 1995 0 8005
952 1995 0 8005
953 1995 0 8005
954 1995 0 8005
955 1995 0 8005
956 1995 0 8005
957 1995 0 8005
958 1995 0 8005
959 1995 0 8005
960 1995 0 8005
961 1995 0 8005
962 1995 0 8005
963 1995 0 8005
964 1995 0 8005
965 1995 0 8005
966 1995 0 8005
967 1995 0 8005
968 1995 0 8005
969 1995 0 8005
970 1995 0 8005
971 1995 0 8005
972 1995 0 8005
973 1995 0 8005
974 1995 0 8005
975 1995 0 8005
976 1995 0 8005
977 1995 0 8005
978 1995 0 8005
979 1995 0 8005
980 1995 0 8005
981 1995 0 8005
982 1995 0 8005
983 1995 0 8005
984 1995 0 8005
985 1995 0 8005
986 1995 0 8005
987 1995 0 8005
988 1995 0 8005
989 1995 0 8005
990 1995 0 8005
991 1995 0 8005
992 1995 0 8005
993 1995 0 8005
994 1995 0 8005
995 1995 0 8005
996 1995 0 8005
997 1995 0 8005
998 1995 0 8005
999 1995 0 8005
