1 9.990560e-01 8.440000e-04 1.000000e-04
2 9.982000e-01 1.484000e-03 3.160000e-04
3 9.966040e-01 2.672000e-03 7.240000e-04
4 9.937360e-01 4.904000e-03 1.360000e-03
5 9.894160e-01 8.056000e-03 2.528000e-03
6 9.831600e-01 1.263200e-02 4.208000e-03
7 9.743720e-01 1.862000e-02 7.008000e-03
8 9.625880e-01 2.647200e-02 1.094000e-02
9 9.478840e-01 3.605600e-02 1.606000e-02
10 9.299520e-01 4.679600e-02 2.325200e-02
11 9.083080e-01 5.895600e-02 3.273600e-02
12 8.825960e-01 7.312400e-02 4.428000e-02
13 8.544640e-01 8.713600e-02 5.840000e-02
14 8.235560e-01 1.016720e-01 7.477200e-02
15 7.903920e-01 1.158640e-01 9.374400e-02
16 7.539240e-01 1.305240e-01 1.155520e-01
17 7.158960e-01 1.442960e-01 1.398080e-01
18 6.759960e-01 1.578240e-01 1.661800e-01
19 6.356000e-01 1.689080e-01 1.954920e-01
20 5.947520e-01 1.797400e-01 2.255080e-01
21 5.547000e-01 1.871520e-01 2.581480e-01
22 5.148080e-01 1.934840e-01 2.917080e-01
23 4.757600e-01 1.982680e-01 3.259720e-01
24 4.383520e-01 2.003280e-01 3.613200e-01
25 4.023400e-01 2.013760e-01 3.962840e-01
26 3.681600e-01 1.999720e-01 4.318680e-01
27 3.358200e-01 1.978240e-01 4.663560e-01
28 3.046800e-01 1.946400e-01 5.006800e-01
29 2.757360e-01 1.900520e-01 5.342120e-01
30 2.485200e-01 1.842920e-01 5.671880e-01
31 2.233840e-01 1.779080e-01 5.987080e-01
32 2.013320e-01 1.698400e-01 6.288280e-01
33 1.804960e-01 1.618560e-01 6.576480e-01
34 1.611000e-01 1.534960e-01 6.854040e-01
35 1.437480e-01 1.444000e-01 7.118520e-01
36 1.276040e-01 1.360000e-01 7.363960e-01
37 1.128240e-01 1.275800e-01 7.595960e-01
38 9.889200e-02 1.200000e-01 7.811080e-01
39 8.596000e-02 1.131560e-01 8.008840e-01
40 7.498000e-02 1.053560e-01 8.196640e-01
41 6.508800e-02 9.760800e-02 8.373040e-01
42 5.642400e-02 8.956800e-02 8.540080e-01
43 4.840000e-02 8.232400e-02 8.692760e-01
44 4.167200e-02 7.515200e-02 8.831760e-01
45 3.572800e-02 6.824400e-02 8.960280e-01
46 3.090000e-02 6.150800e-02 9.075920e-01
47 2.687200e-02 5.543600e-02 9.176920e-01
48 2.355600e-02 4.939600e-02 9.270480e-01
49 2.101600e-02 4.382000e-02 9.351640e-01
50 1.878400e-02 3.875600e-02 9.424600e-01
51 1.692800e-02 3.432000e-02 9.487520e-01
52 1.545200e-02 3.010000e-02 9.544480e-01
53 1.443600e-02 2.625600e-02 9.593080e-01
54 1.376800e-02 2.272400e-02 9.635080e-01
55 1.316800e-02 1.958800e-02 9.672440e-01
56 1.284400e-02 1.682800e-02 9.703280e-01
57 1.258800e-02 1.436000e-02 9.730520e-01
58 1.243200e-02 1.194000e-02 9.756280e-01
59 1.224400e-02 1.016800e-02 9.775880e-01
60 1.214400e-02 8.596000e-03 9.792600e-01
61 1.207200e-02 7.252000e-03 9.806760e-01
62 1.200000e-02 6.128000e-03 9.818720e-01
63 1.195200e-02 5.228000e-03 9.828200e-01
64 1.190400e-02 4.456000e-03 9.836400e-01
65 1.184400e-02 3.852000e-03 9.843040e-01
66 1.182800e-02 3.204000e-03 9.849680e-01
67 1.180800e-02 2.756000e-03 9.854360e-01
68 1.180000e-02 2.332000e-03 9.858680e-01
69 1.178800e-02 1.996000e-03 9.862160e-01
70 1.178000e-02 1.700000e-03 9.865200e-01
71 1.176800e-02 1.488000e-03 9.867440e-01
72 1.176000e-02 1.236000e-03 9.870040e-01
73 1.174000e-02 1.032000e-03 9.872280e-01
74 1.173600e-02 8.520000e-04 9.874120e-01
75 1.172400e-02 7.240000e-04 9.875520e-01
76 1.171600e-02 6.040000e-04 9.876800e-01
77 1.171600e-02 5.120000e-04 9.877720e-01
78 1.171600e-02 4.600000e-04 9.878240e-01
79 1.171600e-02 3.760000e-04 9.879080e-01
80 1.171200e-02 3.040000e-04 9.879840e-01
81 1.171200e-02 2.480000e-04 9.880400e-01
82 1.171200e-02 2.120000e-04 9.880760e-01
83 1.171200e-02 1.720000e-04 9.881160e-01
84 1.171200e-02 1.360000e-04 9.881520e-01
85 1.171200e-02 1.200000e-04 9.881680e-01
86 1.171200e-02 9.200000e-05 9.881960e-01
87 1.171200e-02 8.400000e-05 9.882040e-01
88 1.171200e-02 6.800000e-05 9.882200e-01
89 1.171200e-02 5.200000e-05 9.882360e-01
90 1.171200e-02 3.200000e-05 9.882560e-01
91 1.171200e-02 2.400000e-05 9.882640e-01
92 1.171200e-02 2.000000e-05 9.882680e-01
93 1.171200e-02 2.000000e-05 9.882680e-01
94 1.171200e-02 2.000000e-05 9.882680e-01
95 1.171200e-02 1.200000e-05 9.882760e-01
96 1.171200e-02 1.200000e-05 9.882760e-01
97 1.171200e-02 1.200000e-05 9.882760e-01
98 1.171200e-02 1.200000e-05 9.882760e-01
99 1.171200e-02 1.200000e-05 9.882760e-01
100 1.171200e-02 1.200000e-05 9.882760e-01
101 1.171200e-02 1.200000e-05 9.882760e-01
102 1.171200e-02 8.000000e-06 9.882800e-01
103 1.171200e-02 8.000000e-06 9.882800e-01
104 1.171200e-02 8.000000e-06 9.882800e-01
105 1.171200e-02 8.000000e-06 9.882800e-01
106 1.171200e-02 8.000000e-06 9.882800e-01
107 1.171200e-02 8.000000e-06 9.882800e-01
108 1.171200e-02 8.000000e-06 9.882800e-01
109 1.171200e-02 8.000000e-06 9.882800e-01
110 1.171200e-02 8.000000e-06 9.882800e-01
111 1.171200e-02 8.000000e-06 9.882800e-01
112 1.171200e-02 8.000000e-06 9.882800e-01
113 1.171200e-02 8.000000e-06 9.882800e-01
114 1.171200e-02 8.000000e-06 9.882800e-01
115 1.171200e-02 8.000000e-06 9.882800e-01
116 1.171200e-02 4.000000e-06 9.882840e-01
117 1.171200e-02 4.000000e-06 9.882840e-01
118 1.171200e-02 4.000000e-06 9.882840e-01
119 1.171200e-02 4.000000e-06 9.882840e-01
120 1.171200e-02 0.000000e+00 9.882880e-01
121 1.171200e-02 0.000000e+00 9.882880e-01
122 1.171200e-02 0.000000e+00 9.882880e-01
123 1.171200e-02 0.000000e+00 9.882880e-01
124 1.171200e-02 0.000000e+00 9.882880e-01
125 1.171200e-02 0.000000e+00 9.882880e-01
126 1.171200e-02 0.000000e+00 9.882880e-01
127 1.171200e-02 0.000000e+00 9.882880e-01
128 1.171200e-02 0.000000e+00 9.882880e-01
129 1.171200e-02 0.000000e+00 9.882880e-01
130 1.171200e-02 0.000000e+00 9.882880e-01
131 1.171200e-02 0.000000e+00 9.882880e-01
132 1.171200e-02 0.000000e+00 9.882880e-01
133 1.171200e-02 0.000000e+00 9.882880e-01
134 1.171200e-02 0.000000e+00 9.882880e-01
135 1.171200e-02 0.000000e+00 9.882880e-01
136 1.171200e-02 0.000000e+00 9.882880e-01
137 1.171200e-02 0.000000e+00 9.882880e-01
138 1.171200e-02 0.000000e+00 9.882880e-01
139 1.171200e-02 0.000000e+00 9.882880e-01
140 1.171200e-02 0.000000e+00 9.882880e-01
141 1.171200e-02 0.000000e+00 9.882880e-01
142 1.171200e-02 0.000000e+00 9.882880e-01
143 1.171200e-02 0.000000e+00 9.882880e-01
144 1.171200e-02 0.000000e+00 9.882880e-01
145 1.171200e-02 0.000000e+00 9.882880e-01
146 1.171200e-02 0.000000e+00 9.882880e-01
147 1.171200e-02 0.000000e+00 9.882880e-01
148 1.171200e-02 0.000000e+00 9.882880e-01
149 1.171200e-02 0.000000e+00 9.882880e-01
150 1.171200e-02 0.000000e+00 9.882880e-01
151 1.171200e-02 0.000000e+00 9.882880e-01
152 1.171200e-02 0.000000e+00 9.882880e-01
153 1.171200e-02 0.000000e+00 9.882880e-01
154 1.171200e-02 0.000000e+00 9.882880e-01
155 1.171200e-02 0.000000e+00 9.882880e-01
156 1.171200e-02 0.000000e+00 9.882880e-01
157 1.171200e-02 0.000000e+00 9.882880e-01
158 1.171200e-02 0.000000e+00 9.882880e-01
159 1.171200e-02 0.000000e+00 9.882880e-01
160 1.171200e-02 0.000000e+00 9.882880e-01
161 1.171200e-02 0.000000e+00 9.882880e-01
162 1.171200e-02 0.000000e+00 9.882880e-01
163 1.171200e-02 0.000000e+00 9.882880e-01
164 1.171200e-02 0.000000e+00 9.882880e-01
165 1.171200e-02 0.000000e+00 9.882880e-01
166 1.171200e-02 0.000000e+00 9.882880e-01
167 1.171200e-02 0.000000e+00 9.882880e-01
168 1.171200e-02 0.000000e+00 9.882880e-01
169 1.171200e-02 0.000000e+00 9.882880e-01
170 1.171200e-02 0.000000e+00 9.882880e-01
171 1.171200e-02 0.000000e+00 9.882880e-01
172 1.171200e-02 0.000000e+00 9.882880e-01
173 1.171200e-02 0.000000e+00 9.882880e-01
174 1.171200e-02 0.000000e+00 9.882880e-01
175 1.171200e-02 0.000000e+00 9.882880e-01
176 1.171200e-02 0.000000e+00 9.882880e-01
177 1.171200e-02 0.000000e+00 9.882880e-01
178 1.171200e-02 0.000000e+00 9.882880e-01
179 1.171200e-02 0.000000e+00 9.882880e-01
180 1.171200e-02 0.000000e+00 9.882880e-01
181 1.171200e-02 0.000000e+00 9.882880e-01
182 1.171200e-02 0.000000e+00 9.882880e-01
183 1.171200e-02 0.000000e+00 9.882880e-01
184 1.171200e-02 0.000000e+00 9.882880e-01
185 1.171200e-02 0.000000e+00 9.882880e-01
186 1.171200e-02 0.000000e+00 9.882880e-01
187 1.171200e-02 0.000000e+00 9.882880e-01
188 1.171200e-02 0.000000e+00 9.882880e-01
189 1.171200e-02 0.000000e+00 9.882880e-01
190 1.171200e-02 0.000000e+00 9.882880e-01
191 1.171200e-02 0.000000e+00 9.882880e-01
192 1.171200e-02 0.000000e+00 9.882880e-01
193 1.171200e-02 0.000000e+00 9.882880e-01
194 1.171200e-02 0.000000e+00 9.882880e-01
195 1.171200e-02 0.000000e+00 9.882880e-01
196 1.171200e-02 0.000000e+00 9.882880e-01
197 1.171200e-02 0.000000e+00 9.882880e-01
198 1.171200e-02 0.000000e+00 9.882880e-01
199 1.171200e-02 0.000000e+00 9.882880e-01
200 1.171200e-02 0.000000e+00 9.882880e-01
201 1.171200e-02 0.000000e+00 9.882880e-01
202 1.171200e-02 0.000000e+00 9.882880e-01
203 1.171200e-02 0.000000e+00 9.882880e-01
204 1.171200e-02 0.000000e+00 9.882880e-01
205 1.171200e-02 0.000000e+00 9.882880e-01
206 1.171200e-02 0.000000e+00 9.882880e-01
207 1.171200e-02 0.000000e+00 9.882880e-01
208 1.171200e-02 0.000000e+00 9.882880e-01
209 1.171200e-02 0.000000e+00 9.882880e-01
210 1.171200e-02 0.000000e+00 9.882880e-01
211 1.171200e-02 0.000000e+00 9.882880e-01
212 1.171200e-02 0.000000e+00 9.882880e-01
213 1.171200e-02 0.000000e+00 9.882880e-01
214 1.171200e-02 0.000000e+00 9.882880e-01
215 1.171200e-02 0.000000e+00 9.882880e-01
216 1.171200e-02 0.000000e+00 9.882880e-01
217 1.171200e-02 0.000000e+00 9.882880e-01
218 1.171200e-02 0.000000e+00 9.882880e-01
219 1.171200e-02 0.000000e+00 9.882880e-01
220 1.171200e-02 0.000000e+00 9.882880e-01
221 1.171200e-02 0.000000e+00 9.882880e-01
222 1.171200e-02 0.000000e+00 9.882880e-01
223 1.171200e-02 0.000000e+00 9.882880e-01
224 1.171200e-02 0.000000e+00 9.882880e-01
225 1.171200e-02 0.000000e+00 9.882880e-01
226 1.171200e-02 0.000000e+00 9.882880e-01
227 1.171200e-02 0.000000e+00 9.882880e-01
228 1.171200e-02 0.000000e+00 9.882880e-01
229 1.171200e-02 0.000000e+00 9.882880e-01
230 1.171200e-02 0.000000e+00 9.882880e-01
231 1.171200e-02 0.000000e+00 9.882880e-01
232 1.171200e-02 0.000000e+00 9.882880e-01
233 1.171200e-02 0.000000e+00 9.882880e-01
234 1.171200e-02 0.000000e+00 9.882880e-01
235 1.171200e-02 0.000000e+00 9.882880e-01
236 1.171200e-02 0.000000e+00 9.882880e-01
237 1.171200e-02 0.000000e+00 9.882880e-01
238 1.171200e-02 0.000000e+00 9.882880e-01
239 1.171200e-02 0.000000e+00 9.882880e-01
240 1.171200e-02 0.000000e+00 9.882880e-01
241 1.171200e-02 0.000000e+00 9.882880e-01
242 1.171200e-02 0.000000e+00 9.882880e-01
243 1.171200e-02 0.000000e+00 9.882880e-01
244 1.171200e-02 0.000000e+00 9.882880e-01
245 1.171200e-02 0.000000e+00 9.882880e-01
246 1.171200e-02 0.000000e+00 9.882880e-01
247 1.171200e-02 0.000000e+00 9.882880e-01
248 1.171200e-02 0.000000e+00 9.882880e-01
249 1.171200e-02 0.000000e+00 9.882880e-01
250 1.171200e-02 0.000000e+00 9.882880e-01
251 1.171200e-02 0.000000e+00 9.882880e-01
252 1.171200e-02 0.000000e+00 9.882880e-01
253 1.171200e-02 0.000000e+00 9.882880e-01
254 1.171200e-02 0.000000e+00 9.882880e-01
255 1.171200e-02 0.000000e+00 9.882880e-01
256 1.171200e-02 0.000000e+00 9.882880e-01
257 1.171200e-02 0.000000e+00 9.882880e-01
258 1.171200e-02 0.000000e+00 9.882880e-01
259 1.171200e-02 0.000000e+00 9.882880e-01
260 1.171200e-02 0.000000e+00 9.882880e-01
261 1.171200e-02 0.000000e+00 9.882880e-01
262 1.171200e-02 0.000000e+00 9.882880e-01
263 1.171200e-02 0.000000e+00 9.882880e-01
264 1.171200e-02 0.000000e+00 9.882880e-01
265 1.171200e-02 0.000000e+00 9.882880e-01
266 1.171200e-02 0.000000e+00 9.882880e-01
267 1.171200e-02 0.000000e+00 9.882880e-01
268 1.171200e-02 0.000000e+00 9.882880e-01
269 1.171200e-02 0.000000e+00 9.882880e-01
270 1.171200e-02 0.000000e+00 9.882880e-01
271 1.171200e-02 0.000000e+00 9.882880e-01
272 1.171200e-02 0.000000e+00 9.882880e-01
273 1.171200e-02 0.000000e+00 9.882880e-01
274 1.171200e-02 0.000000e+00 9.882880e-01
275 1.171200e-02 0.000000e+00 9.882880e-01
276 1.171200e-02 0.000000e+00 9.882880e-01
277 1.171200e-02 0.000000e+00 9.882880e-01
278 1.171200e-02 0.000000e+00 9.882880e-01
279 1.171200e-02 0.000000e+00 9.882880e-01
280 1.171200e-02 0.000000e+00 9.882880e-01
281 1.171200e-02 0.000000e+00 9.882880e-01
282 1.171200e-02 0.000000e+00 9.882880e-01
283 1.171200e-02 0.000000e+00 9.882880e-01
284 1.171200e-02 0.000000e+00 9.882880e-01
285 1.171200e-02 0.000000e+00 9.882880e-01
286 1.171200e-02 0.000000e+00 9.882880e-01
287 1.171200e-02 0.000000e+00 9.882880e-01
288 1.171200e-02 0.000000e+00 9.882880e-01
289 1.171200e-02 0.000000e+00 9.882880e-01
290 1.171200e-02 0.000000e+00 9.882880e-01
291 1.171200e-02 0.000000e+00 9.882880e-01
292 1.171200e-02 0.000000e+00 9.882880e-01
293 1.171200e-02 0.000000e+00 9.882880e-01
294 1.171200e-02 0.000000e+00 9.882880e-01
295 1.171200e-02 0.000000e+00 9.882880e-01
296 1.171200e-02 0.000000e+00 9.882880e-01
297 1.171200e-02 0.000000e+00 9.882880e-01
298 1.171200e-02 0.000000e+00 9.882880e-01
299 1.171200e-02 0.000000e+00 9.882880e-01
300 1.171200e-02 0.000000e+00 9.882880e-01
301 1.171200e-02 0.000000e+00 9.882880e-01
302 1.171200e-02 0.000000e+00 9.882880e-01
303 1.171200e-02 0.000000e+00 9.882880e-01
304 1.171200e-02 0.000000e+00 9.882880e-01
305 1.171200e-02 0.000000e+00 9.882880e-01
306 1.171200e-02 0.000000e+00 9.882880e-01
307 1.171200e-02 0.000000e+00 9.882880e-01
308 1.171200e-02 0.000000e+00 9.882880e-01
309 1.171200e-02 0.000000e+00 9.882880e-01
310 1.171200e-02 0.000000e+00 9.882880e-01
311 1.171200e-02 0.000000e+00 9.882880e-01
312 1.171200e-02 0.000000e+00 9.882880e-01
313 1.171200e-02 0.000000e+00 9.882880e-01
314 1.171200e-02 0.000000e+00 9.882880e-01
315 1.171200e-02 0.000000e+00 9.882880e-01
316 1.171200e-02 0.000000e+00 9.882880e-01
317 1.171200e-02 0.000000e+00 9.882880e-01
318 1.171200e-02 0.000000e+00 9.882880e-01
319 1.171200e-02 0.000000e+00 9.882880e-01
320 1.171200e-02 0.000000e+00 9.882880e-01
321 1.171200e-02 0.000000e+00 9.882880e-01
322 1.171200e-02 0.000000e+00 9.882880e-01
323 1.171200e-02 0.000000e+00 9.882880e-01
324 1.171200e-02 0.000000e+00 9.882880e-01
325 1.171200e-02 0.000000e+00 9.882880e-01
326 1.171200e-02 0.000000e+00 9.882880e-01
327 1.171200e-02 0.000000e+00 9.882880e-01
328 1.171200e-02 0.000000e+00 9.882880e-01
329 1.171200e-02 0.000000e+00 9.882880e-01
330 1.171200e-02 0.000000e+00 9.882880e-01
331 1.171200e-02 0.000000e+00 9.882880e-01
332 1.171200e-02 0.000000e+00 9.882880e-01
333 1.171200e-02 0.000000e+00 9.882880e-01
334 1.171200e-02 0.000000e+00 9.882880e-01
335 1.171200e-02 0.000000e+00 9.882880e-01
336 1.171200e-02 0.000000e+00 9.882880e-01
337 1.171200e-02 0.000000e+00 9.882880e-01
338 1.171200e-02 0.000000e+00 9.882880e-01
339 1.171200e-02 0.000000e+00 9.882880e-01
340 1.171200e-02 0.000000e+00 9.882880e-01
341 1.171200e-02 0.000000e+00 9.882880e-01
342 1.171200e-02 0.000000e+00 9.882880e-01
343 1.171200e-02 0.000000e+00 9.882880e-01
344 1.171200e-02 0.000000e+00 9.882880e-01
345 1.171200e-02 0.000000e+00 9.882880e-01
346 1.171200e-02 0.000000e+00 9.882880e-01
347 1.171200e-02 0.000000e+00 9.882880e-01
348 1.171200e-02 0.000000e+00 9.882880e-01
349 1.171200e-02 0.000000e+00 9.882880e-01
350 1.171200e-02 0.000000e+00 9.882880e-01
351 1.171200e-02 0.000000e+00 9.882880e-01
352 1.171200e-02 0.000000e+00 9.882880e-01
353 1.171200e-02 0.000000e+00 9.882880e-01
354 1.171200e-02 0.000000e+00 9.882880e-01
355 1.171200e-02 0.000000e+00 9.882880e-01
356 1.171200e-02 0.000000e+00 9.882880e-01
357 1.171200e-02 0.000000e+00 9.882880e-01
358 1.171200e-02 0.000000e+00 9.882880e-01
359 1.171200e-02 0.000000e+00 9.882880e-01
360 1.171200e-02 0.000000e+00 9.882880e-01
361 1.171200e-02 0.000000e+00 9.882880e-01
362 1.171200e-02 0.000000e+00 9.882880e-01
363 1.171200e-02 0.000000e+00 9.882880e-01
364 1.171200e-02 0.000000e+00 9.882880e-01
365 1.171200e-02 0.000000e+00 9.882880e-01
366 1.171200e-02 0.000000e+00 9.882880e-01
367 1.171200e-02 0.000000e+00 9.882880e-01
368 1.171200e-02 0.000000e+00 9.882880e-01
369 1.171200e-02 0.000000e+00 9.882880e-01
370 1.171200e-02 0.000000e+00 9.882880e-01
371 1.171200e-02 0.000000e+00 9.882880e-01
372 1.171200e-02 0.000000e+00 9.882880e-01
373 1.171200e-02 0.000000e+00 9.882880e-01
374 1.171200e-02 0.000000e+00 9.882880e-01
375 1.171200e-02 0.000000e+00 9.882880e-01
376 1.171200e-02 0.000000e+00 9.882880e-01
377 1.171200e-02 0.000000e+00 9.882880e-01
378 1.171200e-02 0.000000e+00 9.882880e-01
379 1.171200e-02 0.000000e+00 9.882880e-01
380 1.171200e-02 0.000000e+00 9.882880e-01
381 1.171200e-02 0.000000e+00 9.882880e-01
382 1.171200e-02 0.000000e+00 9.882880e-01
383 1.171200e-02 0.000000e+00 9.882880e-01
384 1.171200e-02 0.000000e+00 9.882880e-01
385 1.171200e-02 0.000000e+00 9.882880e-01
386 1.171200e-02 0.000000e+00 9.882880e-01
387 1.171200e-02 0.000000e+00 9.882880e-01
388 1.171200e-02 0.000000e+00 9.882880e-01
389 1.171200e-02 0.000000e+00 9.882880e-01
390 1.171200e-02 0.000000e+00 9.882880e-01
391 1.171200e-02 0.000000e+00 9.882880e-01
392 1.171200e-02 0.000000e+00 9.882880e-01
393 1.171200e-02 0.000000e+00 9.882880e-01
394 1.171200e-02 0.000000e+00 9.882880e-01
395 1.171200e-02 0.000000e+00 9.882880e-01
396 1.171200e-02 0.000000e+00 9.882880e-01
397 1.171200e-02 0.000000e+00 9.882880e-01
398 1.171200e-02 0.000000e+00 9.882880e-01
399 1.171200e-02 0.000000e+00 9.882880e-01
400 1.171200e-02 0.000000e+00 9.882880e-01
401 1.171200e-02 0.000000e+00 9.882880e-01
402 1.171200e-02 0.000000e+00 9.882880e-01
403 1.171200e-02 0.000000e+00 9.882880e-01
404 1.171200e-02 0.000000e+00 9.882880e-01
405 1.171200e-02 0.000000e+00 9.882880e-01
406 1.171200e-02 0.000000e+00 9.882880e-01
407 1.171200e-02 0.000000e+00 9.882880e-01
408 1.171200e-02 0.000000e+00 9.882880e-01
409 1.171200e-02 0.000000e+00 9.882880e-01
410 1.171200e-02 0.000000e+00 9.882880e-01
411 1.171200e-02 0.000000e+00 9.882880e-01
412 1.171200e-02 0.000000e+00 9.882880e-01
413 1.171200e-02 0.000000e+00 9.882880e-01
414 1.171200e-02 0.000000e+00 9.882880e-01
415 1.171200e-02 0.000000e+00 9.882880e-01
416 1.171200e-02 0.000000e+00 9.882880e-01
417 1.171200e-02 0.000000e+00 9.882880e-01
418 1.171200e-02 0.000000e+00 9.882880e-01
419 1.171200e-02 0.000000e+00 9.882880e-01
420 1.171200e-02 0.000000e+00 9.882880e-01
421 1.171200e-02 0.000000e+00 9.882880e-01
422 1.171200e-02 0.000000e+00 9.882880e-01
423 1.171200e-02 0.000000e+00 9.882880e-01
424 1.171200e-02 0.000000e+00 9.882880e-01
425 1.171200e-02 0.000000e+00 9.882880e-01
426 1.171200e-02 0.000000e+00 9.882880e-01
427 1.171200e-02 0.000000e+00 9.882880e-01
428 1.171200e-02 0.000000e+00 9.882880e-01
429 1.171200e-02 0.000000e+00 9.882880e-01
430 1.171200e-02 0.000000e+00 9.882880e-01
431 1.171200e-02 0.000000e+00 9.882880e-01
432 1.171200e-02 0.000000e+00 9.882880e-01
433 1.171200e-02 0.000000e+00 9.882880e-01
434 1.171200e-02 0.000000e+00 9.882880e-01
435 1.171200e-02 0.000000e+00 9.882880e-01
436 1.171200e-02 0.000000e+00 9.882880e-01
437 1.171200e-02 0.000000e+00 9.882880e-01
438 1.171200e-02 0.000000e+00 9.882880e-01
439 1.171200e-02 0.000000e+00 9.882880e-01
440 1.171200e-02 0.000000e+00 9.882880e-01
441 1.171200e-02 0.000000e+00 9.882880e-01
442 1.171200e-02 0.000000e+00 9.882880e-01
443 1.171200e-02 0.000000e+00 9.882880e-01
444 1.171200e-02 0.000000e+00 9.882880e-01
445 1.171200e-02 0.000000e+00 9.882880e-01
446 1.171200e-02 0.000000e+00 9.882880e-01
447 1.171200e-02 0.000000e+00 9.882880e-01
448 1.171200e-02 0.000000e+00 9.882880e-01
449 1.171200e-02 0.000000e+00 9.882880e-01
450 1.171200e-02 0.000000e+00 9.882880e-01
451 1.171200e-02 0.000000e+00 9.882880e-01
452 1.171200e-02 0.000000e+00 9.882880e-01
453 1.171200e-02 0.000000e+00 9.882880e-01
454 1.171200e-02 0.000000e+00 9.882880e-01
455 1.171200e-02 0.000000e+00 9.882880e-01
456 1.171200e-02 0.000000e+00 9.882880e-01
457 1.171200e-02 0.000000e+00 9.882880e-01
458 1.171200e-02 0.000000e+00 9.882880e-01
459 1.171200e-02 0.000000e+00 9.882880e-01
460 1.171200e-02 0.000000e+00 9.882880e-01
461 1.171200e-02 0.000000e+00 9.882880e-01
462 1.171200e-02 0.000000e+00 9.882880e-01
463 1.171200e-02 0.000000e+00 9.882880e-01
464 1.171200e-02 0.000000e+00 9.882880e-01
465 1.171200e-02 0.000000e+00 9.882880e-01
466 1.171200e-02 0.000000e+00 9.882880e-01
467 1.171200e-02 0.000000e+00 9.882880e-01
468 1.171200e-02 0.000000e+00 9.882880e-01
469 1.171200e-02 0.000000e+00 9.882880e-01
470 1.171200e-02 0.000000e+00 9.882880e-01
471 1.171200e-02 0.000000e+00 9.882880e-01
472 1.171200e-02 0.000000e+00 9.882880e-01
473 1.171200e-02 0.000000e+00 9.882880e-01
474 1.171200e-02 0.000000e+00 9.882880e-01
475 1.171200e-02 0.000000e+00 9.882880e-01
476 1.171200e-02 0.000000e+00 9.882880e-01
477 1.171200e-02 0.000000e+00 9.882880e-01
478 1.171200e-02 0.000000e+00 9.882880e-01
479 1.171200e-02 0.000000e+00 9.882880e-01
480 1.171200e-02 0.000000e+00 9.882880e-01
481 1.171200e-02 0.000000e+00 9.882880e-01
482 1.171200e-02 0.000000e+00 9.882880e-01
483 1.171200e-02 0.000000e+00 9.882880e-01
484 1.171200e-02 0.000000e+00 9.882880e-01
485 1.171200e-02 0.000000e+00 9.882880e-01
486 1.171200e-02 0.000000e+00 9.882880e-01
487 1.171200e-02 0.000000e+00 9.882880e-01
488 1.171200e-02 0.000000e+00 9.882880e-01
489 1.171200e-02 0.000000e+00 9.882880e-01
490 1.171200e-02 0.000000e+00 9.882880e-01
491 1.171200e-02 0.000000e+00 9.882880e-01
492 1.171200e-02 0.000000e+00 9.882880e-01
493 1.171200e-02 0.000000e+00 9.882880e-01
494 1.171200e-02 0.000000e+00 9.882880e-01
495 1.171200e-02 0.000000e+00 9.882880e-01
496 1.171200e-02 0.000000e+00 9.882880e-01
497 1.171200e-02 0.000000e+00 9.882880e-01
498 1.171200e-02 0.000000e+00 9.882880e-01
499 1.171200e-02 0.000000e+00 9.882880e-01
500 1.171200e-02 0.000000e+00 9.882880e-01
