1 9.991400e-01 7.600000e-04 1.000000e-04
2 9.982880e-01 1.480000e-03 2.320000e-04
3 9.969000e-01 2.492000e-03 6.080000e-04
4 9.946160e-01 4.224000e-03 1.160000e-03
5 9.907880e-01 7.060000e-03 2.152000e-03
6 9.849720e-01 1.140800e-02 3.620000e-03
7 9.765200e-01 1.725600e-02 6.224000e-03
8 9.652200e-01 2.491600e-02 9.864000e-03
9 9.511040e-01 3.378800e-02 1.510800e-02
10 9.332480e-01 4.481200e-02 2.194000e-02
11 9.122880e-01 5.687200e-02 3.084000e-02
12 8.874440e-01 7.089200e-02 4.166400e-02
13 8.585600e-01 8.627200e-02 5.516800e-02
14 8.278080e-01 1.006120e-01 7.158000e-02
15 7.934760e-01 1.162840e-01 9.024000e-02
16 7.574240e-01 1.307800e-01 1.117960e-01
17 7.184680e-01 1.458840e-01 1.356480e-01
18 6.786760e-01 1.587240e-01 1.626000e-01
19 6.389160e-01 1.692640e-01 1.918200e-01
20 5.983560e-01 1.793960e-01 2.222480e-01
21 5.574920e-01 1.876040e-01 2.549040e-01
22 5.157160e-01 1.962040e-01 2.880800e-01
23 4.744240e-01 2.024960e-01 3.230800e-01
24 4.333360e-01 2.072000e-01 3.594640e-01
25 3.944320e-01 2.090280e-01 3.965400e-01
26 3.570480e-01 2.100360e-01 4.329160e-01
27 3.208200e-01 2.095880e-01 4.695920e-01
28 2.865360e-01 2.070640e-01 5.064000e-01
29 2.547520e-01 2.033000e-01 5.419480e-01
30 2.251800e-01 1.976000e-01 5.772200e-01
31 1.977320e-01 1.914680e-01 6.108000e-01
32 1.725800e-01 1.837600e-01 6.436600e-01
33 1.499080e-01 1.754720e-01 6.746200e-01
34 1.298640e-01 1.657880e-01 7.043480e-01
35 1.119400e-01 1.554520e-01 7.326080e-01
36 9.594800e-02 1.454280e-01 7.586240e-01
37 8.232000e-02 1.349680e-01 7.827120e-01
38 7.027600e-02 1.242960e-01 8.054280e-01
39 6.010800e-02 1.134960e-01 8.263960e-01
40 5.174800e-02 1.033200e-01 8.449320e-01
41 4.426800e-02 9.322800e-02 8.625040e-01
42 3.769600e-02 8.436800e-02 8.779360e-01
43 3.218800e-02 7.595200e-02 8.918600e-01
44 2.765600e-02 6.802800e-02 9.043160e-01
45 2.432000e-02 6.009600e-02 9.155840e-01
46 2.146800e-02 5.258800e-02 9.259440e-01
47 1.926000e-02 4.618000e-02 9.345600e-01
48 1.743200e-02 4.046000e-02 9.421080e-01
49 1.615600e-02 3.510800e-02 9.487360e-01
50 1.513600e-02 3.029600e-02 9.545680e-01
51 1.430800e-02 2.592800e-02 9.597640e-01
52 1.377200e-02 2.234400e-02 9.638840e-01
53 1.342800e-02 1.916400e-02 9.674080e-01
54 1.313600e-02 1.626800e-02 9.705960e-01
55 1.294400e-02 1.376400e-02 9.732920e-01
56 1.277600e-02 1.184800e-02 9.753760e-01
57 1.264400e-02 1.002000e-02 9.773360e-01
58 1.253600e-02 8.468000e-03 9.789960e-01
59 1.244800e-02 7.084000e-03 9.804680e-01
60 1.240400e-02 6.012000e-03 9.815840e-01
61 1.232400e-02 5.200000e-03 9.824760e-01
62 1.229600e-02 4.396000e-03 9.833080e-01
63 1.226800e-02 3.724000e-03 9.840080e-01
64 1.222800e-02 3.196000e-03 9.845760e-01
65 1.220800e-02 2.620000e-03 9.851720e-01
66 1.219600e-02 2.228000e-03 9.855760e-01
67 1.218000e-02 1.868000e-03 9.859520e-01
68 1.216400e-02 1.576000e-03 9.862600e-01
69 1.215200e-02 1.320000e-03 9.865280e-01
70 1.214000e-02 1.188000e-03 9.866720e-01
71 1.212400e-02 1.028000e-03 9.868480e-01
72 1.212400e-02 8.600000e-04 9.870160e-01
73 1.212000e-02 7.200000e-04 9.871600e-01
74 1.211600e-02 6.040000e-04 9.872800e-01
75 1.211200e-02 5.200000e-04 9.873680e-01
76 1.210800e-02 4.680000e-04 9.874240e-01
77 1.210800e-02 4.040000e-04 9.874880e-01
78 1.210000e-02 3.560000e-04 9.875440e-01
79 1.210000e-02 3.000000e-04 9.876000e-01
80 1.210000e-02 2.600000e-04 9.876400e-01
81 1.210000e-02 2.080000e-04 9.876920e-01
82 1.210000e-02 1.560000e-04 9.877440e-01
83 1.210000e-02 1.360000e-04 9.877640e-01
84 1.210000e-02 1.160000e-04 9.877840e-01
85 1.210000e-02 1.040000e-04 9.877960e-01
86 1.210000e-02 8.800000e-05 9.878120e-01
87 1.210000e-02 7.600000e-05 9.878240e-01
88 1.210000e-02 6.000000e-05 9.878400e-01
89 1.210000e-02 5.200000e-05 9.878480e-01
90 1.210000e-02 4.400000e-05 9.878560e-01
91 1.210000e-02 3.600000e-05 9.878640e-01
92 1.210000e-02 3.200000e-05 9.878680e-01
93 1.210000e-02 2.400000e-05 9.878760e-01
94 1.210000e-02 1.600000e-05 9.878840e-01
95 1.210000e-02 1.600000e-05 9.878840e-01
96 1.210000e-02 1.600000e-05 9.878840e-01
97 1.210000e-02 8.000000e-06 9.878920e-01
98 1.210000e-02 8.000000e-06 9.878920e-01
99 1.210000e-02 8.000000e-06 9.878920e-01
100 1.210000e-02 8.000000e-06 9.878920e-01
101 1.210000e-02 8.000000e-06 9.878920e-01
102 1.210000e-02 8.000000e-06 9.878920e-01
103 1.210000e-02 8.000000e-06 9.878920e-01
104 1.210000e-02 8.000000e-06 9.878920e-01
105 1.210000e-02 8.000000e-06 9.878920e-01
106 1.210000e-02 4.000000e-06 9.878960e-01
107 1.210000e-02 4.000000e-06 9.878960e-01
108 1.210000e-02 4.000000e-06 9.878960e-01
109 1.210000e-02 4.000000e-06 9.878960e-01
110 1.210000e-02 4.000000e-06 9.878960e-01
111 1.210000e-02 4.000000e-06 9.878960e-01
112 1.210000e-02 4.000000e-06 9.878960e-01
113 1.210000e-02 4.000000e-06 9.878960e-01
114 1.210000e-02 4.000000e-06 9.878960e-01
115 1.210000e-02 4.000000e-06 9.878960e-01
116 1.210000e-02 4.000000e-06 9.878960e-01
117 1.210000e-02 4.000000e-06 9.878960e-01
118 1.210000e-02 4.000000e-06 9.878960e-01
119 1.210000e-02 4.000000e-06 9.878960e-01
120 1.210000e-02 4.000000e-06 9.878960e-01
121 1.210000e-02 0.000000e+00 9.879000e-01
122 1.210000e-02 0.000000e+00 9.879000e-01
123 1.210000e-02 0.000000e+00 9.879000e-01
124 1.210000e-02 0.000000e+00 9.879000e-01
125 1.210000e-02 0.000000e+00 9.879000e-01
126 1.210000e-02 0.000000e+00 9.879000e-01
127 1.210000e-02 0.000000e+00 9.879000e-01
128 1.210000e-02 0.000000e+00 9.879000e-01
129 1.210000e-02 0.000000e+00 9.879000e-01
130 1.210000e-02 0.000000e+00 9.879000e-01
131 1.210000e-02 0.000000e+00 9.879000e-01
132 1.210000e-02 0.000000e+00 9.879000e-01
133 1.210000e-02 0.000000e+00 9.879000e-01
134 1.210000e-02 0.000000e+00 9.879000e-01
135 1.210000e-02 0.000000e+00 9.879000e-01
136 1.210000e-02 0.000000e+00 9.879000e-01
137 1.210000e-02 0.000000e+00 9.879000e-01
138 1.210000e-02 0.000000e+00 9.879000e-01
139 1.210000e-02 0.000000e+00 9.879000e-01
140 1.210000e-02 0.000000e+00 9.879000e-01
141 1.210000e-02 0.000000e+00 9.879000e-01
142 1.210000e-02 0.000000e+00 9.879000e-01
143 1.210000e-02 0.000000e+00 9.879000e-01
144 1.210000e-02 0.000000e+00 9.879000e-01
145 1.210000e-02 0.000000e+00 9.879000e-01
146 1.210000e-02 0.000000e+00 9.879000e-01
147 1.210000e-02 0.000000e+00 9.879000e-01
148 1.210000e-02 0.000000e+00 9.879000e-01
149 1.210000e-02 0.000000e+00 9.879000e-01
150 1.210000e-02 0.000000e+00 9.879000e-01
151 1.210000e-02 0.000000e+00 9.879000e-01
152 1.210000e-02 0.000000e+00 9.879000e-01
153 1.210000e-02 0.000000e+00 9.879000e-01
154 1.210000e-02 0.000000e+00 9.879000e-01
155 1.210000e-02 0.000000e+00 9.879000e-01
156 1.210000e-02 0.000000e+00 9.879000e-01
157 1.210000e-02 0.000000e+00 9.879000e-01
158 1.210000e-02 0.000000e+00 9.879000e-01
159 1.210000e-02 0.000000e+00 9.879000e-01
160 1.210000e-02 0.000000e+00 9.879000e-01
161 1.210000e-02 0.000000e+00 9.879000e-01
162 1.210000e-02 0.000000e+00 9.879000e-01
163 1.210000e-02 0.000000e+00 9.879000e-01
164 1.210000e-02 0.000000e+00 9.879000e-01
165 1.210000e-02 0.000000e+00 9.879000e-01
166 1.210000e-02 0.000000e+00 9.879000e-01
167 1.210000e-02 0.000000e+00 9.879000e-01
168 1.210000e-02 0.000000e+00 9.879000e-01
169 1.210000e-02 0.000000e+00 9.879000e-01
170 1.210000e-02 0.000000e+00 9.879000e-01
171 1.210000e-02 0.000000e+00 9.879000e-01
172 1.210000e-02 0.000000e+00 9.879000e-01
173 1.210000e-02 0.000000e+00 9.879000e-01
174 1.210000e-02 0.000000e+00 9.879000e-01
175 1.210000e-02 0.000000e+00 9.879000e-01
176 1.210000e-02 0.000000e+00 9.879000e-01
177 1.210000e-02 0.000000e+00 9.879000e-01
178 1.210000e-02 0.000000e+00 9.879000e-01
179 1.210000e-02 0.000000e+00 9.879000e-01
180 1.210000e-02 0.000000e+00 9.879000e-01
181 1.210000e-02 0.000000e+00 9.879000e-01
182 1.210000e-02 0.000000e+00 9.879000e-01
183 1.210000e-02 0.000000e+00 9.879000e-01
184 1.210000e-02 0.000000e+00 9.879000e-01
185 1.210000e-02 0.000000e+00 9.879000e-01
186 1.210000e-02 0.000000e+00 9.879000e-01
187 1.210000e-02 0.000000e+00 9.879000e-01
188 1.210000e-02 0.000000e+00 9.879000e-01
189 1.210000e-02 0.000000e+00 9.879000e-01
190 1.210000e-02 0.000000e+00 9.879000e-01
191 1.210000e-02 0.000000e+00 9.879000e-01
192 1.210000e-02 0.000000e+00 9.879000e-01
193 1.210000e-02 0.000000e+00 9.879000e-01
194 1.210000e-02 0.000000e+00 9.879000e-01
195 1.210000e-02 0.000000e+00 9.879000e-01
196 1.210000e-02 0.000000e+00 9.879000e-01
197 1.210000e-02 0.000000e+00 9.879000e-01
198 1.210000e-02 0.000000e+00 9.879000e-01
199 1.210000e-02 0.000000e+00 9.879000e-01
200 1.210000e-02 0.000000e+00 9.879000e-01
201 1.210000e-02 0.000000e+00 9.879000e-01
202 1.210000e-02 0.000000e+00 9.879000e-01
203 1.210000e-02 0.000000e+00 9.879000e-01
204 1.210000e-02 0.000000e+00 9.879000e-01
205 1.210000e-02 0.000000e+00 9.879000e-01
206 1.210000e-02 0.000000e+00 9.879000e-01
207 1.210000e-02 0.000000e+00 9.879000e-01
208 1.210000e-02 0.000000e+00 9.879000e-01
209 1.210000e-02 0.000000e+00 9.879000e-01
210 1.210000e-02 0.000000e+00 9.879000e-01
211 1.210000e-02 0.000000e+00 9.879000e-01
212 1.210000e-02 0.000000e+00 9.879000e-01
213 1.210000e-02 0.000000e+00 9.879000e-01
214 1.210000e-02 0.000000e+00 9.879000e-01
215 1.210000e-02 0.000000e+00 9.879000e-01
216 1.210000e-02 0.000000e+00 9.879000e-01
217 1.210000e-02 0.000000e+00 9.879000e-01
218 1.210000e-02 0.000000e+00 9.879000e-01
219 1.210000e-02 0.000000e+00 9.879000e-01
220 1.210000e-02 0.000000e+00 9.879000e-01
221 1.210000e-02 0.000000e+00 9.879000e-01
222 1.210000e-02 0.000000e+00 9.879000e-01
223 1.210000e-02 0.000000e+00 9.879000e-01
224 1.210000e-02 0.000000e+00 9.879000e-01
225 1.210000e-02 0.000000e+00 9.879000e-01
226 1.210000e-02 0.000000e+00 9.879000e-01
227 1.210000e-02 0.000000e+00 9.879000e-01
228 1.210000e-02 0.000000e+00 9.879000e-01
229 1.210000e-02 0.000000e+00 9.879000e-01
230 1.210000e-02 0.000000e+00 9.879000e-01
231 1.210000e-02 0.000000e+00 9.879000e-01
232 1.210000e-02 0.000000e+00 9.879000e-01
233 1.210000e-02 0.000000e+00 9.879000e-01
234 1.210000e-02 0.000000e+00 9.879000e-01
235 1.210000e-02 0.000000e+00 9.879000e-01
236 1.210000e-02 0.000000e+00 9.879000e-01
237 1.210000e-02 0.000000e+00 9.879000e-01
238 1.210000e-02 0.000000e+00 9.879000e-01
239 1.210000e-02 0.000000e+00 9.879000e-01
240 1.210000e-02 0.000000e+00 9.879000e-01
241 1.210000e-02 0.000000e+00 9.879000e-01
242 1.210000e-02 0.000000e+00 9.879000e-01
243 1.210000e-02 0.000000e+00 9.879000e-01
244 1.210000e-02 0.000000e+00 9.879000e-01
245 1.210000e-02 0.000000e+00 9.879000e-01
246 1.210000e-02 0.000000e+00 9.879000e-01
247 1.210000e-02 0.000000e+00 9.879000e-01
248 1.210000e-02 0.000000e+00 9.879000e-01
249 1.210000e-02 0.000000e+00 9.879000e-01
250 1.210000e-02 0.000000e+00 9.879000e-01
251 1.210000e-02 0.000000e+00 9.879000e-01
252 1.210000e-02 0.000000e+00 9.879000e-01
253 1.210000e-02 0.000000e+00 9.879000e-01
254 1.210000e-02 0.000000e+00 9.879000e-01
255 1.210000e-02 0.000000e+00 9.879000e-01
256 1.210000e-02 0.000000e+00 9.879000e-01
257 1.210000e-02 0.000000e+00 9.879000e-01
258 1.210000e-02 0.000000e+00 9.879000e-01
259 1.210000e-02 0.000000e+00 9.879000e-01
260 1.210000e-02 0.000000e+00 9.879000e-01
261 1.210000e-02 0.000000e+00 9.879000e-01
262 1.210000e-02 0.000000e+00 9.879000e-01
263 1.210000e-02 0.000000e+00 9.879000e-01
264 1.210000e-02 0.000000e+00 9.879000e-01
265 1.210000e-02 0.000000e+00 9.879000e-01
266 1.210000e-02 0.000000e+00 9.879000e-01
267 1.210000e-02 0.000000e+00 9.879000e-01
268 1.210000e-02 0.000000e+00 9.879000e-01
269 1.210000e-02 0.000000e+00 9.879000e-01
270 1.210000e-02 0.000000e+00 9.879000e-01
271 1.210000e-02 0.000000e+00 9.879000e-01
272 1.210000e-02 0.000000e+00 9.879000e-01
273 1.210000e-02 0.000000e+00 9.879000e-01
274 1.210000e-02 0.000000e+00 9.879000e-01
275 1.210000e-02 0.000000e+00 9.879000e-01
276 1.210000e-02 0.000000e+00 9.879000e-01
277 1.210000e-02 0.000000e+00 9.879000e-01
278 1.210000e-02 0.000000e+00 9.879000e-01
279 1.210000e-02 0.000000e+00 9.879000e-01
280 1.210000e-02 0.000000e+00 9.879000e-01
281 1.210000e-02 0.000000e+00 9.879000e-01
282 1.210000e-02 0.000000e+00 9.879000e-01
283 1.210000e-02 0.000000e+00 9.879000e-01
284 1.210000e-02 0.000000e+00 9.879000e-01
285 1.210000e-02 0.000000e+00 9.879000e-01
286 1.210000e-02 0.000000e+00 9.879000e-01
287 1.210000e-02 0.000000e+00 9.879000e-01
288 1.210000e-02 0.000000e+00 9.879000e-01
289 1.210000e-02 0.000000e+00 9.879000e-01
290 1.210000e-02 0.000000e+00 9.879000e-01
291 1.210000e-02 0.000000e+00 9.879000e-01
292 1.210000e-02 0.000000e+00 9.879000e-01
293 1.210000e-02 0.000000e+00 9.879000e-01
294 1.210000e-02 0.000000e+00 9.879000e-01
295 1.210000e-02 0.000000e+00 9.879000e-01
296 1.210000e-02 0.000000e+00 9.879000e-01
297 1.210000e-02 0.000000e+00 9.879000e-01
298 1.210000e-02 0.000000e+00 9.879000e-01
299 1.210000e-02 0.000000e+00 9.879000e-01
300 1.210000e-02 0.000000e+00 9.879000e-01
301 1.210000e-02 0.000000e+00 9.879000e-01
302 1.210000e-02 0.000000e+00 9.879000e-01
303 1.210000e-02 0.000000e+00 9.879000e-01
304 1.210000e-02 0.000000e+00 9.879000e-01
305 1.210000e-02 0.000000e+00 9.879000e-01
306 1.210000e-02 0.000000e+00 9.879000e-01
307 1.210000e-02 0.000000e+00 9.879000e-01
308 1.210000e-02 0.000000e+00 9.879000e-01
309 1.210000e-02 0.000000e+00 9.879000e-01
310 1.210000e-02 0.000000e+00 9.879000e-01
311 1.210000e-02 0.000000e+00 9.879000e-01
312 1.210000e-02 0.000000e+00 9.879000e-01
313 1.210000e-02 0.000000e+00 9.879000e-01
314 1.210000e-02 0.000000e+00 9.879000e-01
315 1.210000e-02 0.000000e+00 9.879000e-01
316 1.210000e-02 0.000000e+00 9.879000e-01
317 1.210000e-02 0.000000e+00 9.879000e-01
318 1.210000e-02 0.000000e+00 9.879000e-01
319 1.210000e-02 0.000000e+00 9.879000e-01
320 1.210000e-02 0.000000e+00 9.879000e-01
321 1.210000e-02 0.000000e+00 9.879000e-01
322 1.210000e-02 0.000000e+00 9.879000e-01
323 1.210000e-02 0.000000e+00 9.879000e-01
324 1.210000e-02 0.000000e+00 9.879000e-01
325 1.210000e-02 0.000000e+00 9.879000e-01
326 1.210000e-02 0.000000e+00 9.879000e-01
327 1.210000e-02 0.000000e+00 9.879000e-01
328 1.210000e-02 0.000000e+00 9.879000e-01
329 1.210000e-02 0.000000e+00 9.879000e-01
330 1.210000e-02 0.000000e+00 9.879000e-01
331 1.210000e-02 0.000000e+00 9.879000e-01
332 1.210000e-02 0.000000e+00 9.879000e-01
333 1.210000e-02 0.000000e+00 9.879000e-01
334 1.210000e-02 0.000000e+00 9.879000e-01
335 1.210000e-02 0.000000e+00 9.879000e-01
336 1.210000e-02 0.000000e+00 9.879000e-01
337 1.210000e-02 0.000000e+00 9.879000e-01
338 1.210000e-02 0.000000e+00 9.879000e-01
339 1.210000e-02 0.000000e+00 9.879000e-01
340 1.210000e-02 0.000000e+00 9.879000e-01
341 1.210000e-02 0.000000e+00 9.879000e-01
342 1.210000e-02 0.000000e+00 9.879000e-01
343 1.210000e-02 0.000000e+00 9.879000e-01
344 1.210000e-02 0.000000e+00 9.879000e-01
345 1.210000e-02 0.000000e+00 9.879000e-01
346 1.210000e-02 0.000000e+00 9.879000e-01
347 1.210000e-02 0.000000e+00 9.879000e-01
348 1.210000e-02 0.000000e+00 9.879000e-01
349 1.210000e-02 0.000000e+00 9.879000e-01
350 1.210000e-02 0.000000e+00 9.879000e-01
351 1.210000e-02 0.000000e+00 9.879000e-01
352 1.210000e-02 0.000000e+00 9.879000e-01
353 1.210000e-02 0.000000e+00 9.879000e-01
354 1.210000e-02 0.000000e+00 9.879000e-01
355 1.210000e-02 0.000000e+00 9.879000e-01
356 1.210000e-02 0.000000e+00 9.879000e-01
357 1.210000e-02 0.000000e+00 9.879000e-01
358 1.210000e-02 0.000000e+00 9.879000e-01
359 1.210000e-02 0.000000e+00 9.879000e-01
360 1.210000e-02 0.000000e+00 9.879000e-01
361 1.210000e-02 0.000000e+00 9.879000e-01
362 1.210000e-02 0.000000e+00 9.879000e-01
363 1.210000e-02 0.000000e+00 9.879000e-01
364 1.210000e-02 0.000000e+00 9.879000e-01
365 1.210000e-02 0.000000e+00 9.879000e-01
366 1.210000e-02 0.000000e+00 9.879000e-01
367 1.210000e-02 0.000000e+00 9.879000e-01
368 1.210000e-02 0.000000e+00 9.879000e-01
369 1.210000e-02 0.000000e+00 9.879000e-01
370 1.210000e-02 0.000000e+00 9.879000e-01
371 1.210000e-02 0.000000e+00 9.879000e-01
372 1.210000e-02 0.000000e+00 9.879000e-01
373 1.210000e-02 0.000000e+00 9.879000e-01
374 1.210000e-02 0.000000e+00 9.879000e-01
375 1.210000e-02 0.000000e+00 9.879000e-01
376 1.210000e-02 0.000000e+00 9.879000e-01
377 1.210000e-02 0.000000e+00 9.879000e-01
378 1.210000e-02 0.000000e+00 9.879000e-01
379 1.210000e-02 0.000000e+00 9.879000e-01
380 1.210000e-02 0.000000e+00 9.879000e-01
381 1.210000e-02 0.000000e+00 9.879000e-01
382 1.210000e-02 0.000000e+00 9.879000e-01
383 1.210000e-02 0.000000e+00 9.879000e-01
384 1.210000e-02 0.000000e+00 9.879000e-01
385 1.210000e-02 0.000000e+00 9.879000e-01
386 1.210000e-02 0.000000e+00 9.879000e-01
387 1.210000e-02 0.000000e+00 9.879000e-01
388 1.210000e-02 0.000000e+00 9.879000e-01
389 1.210000e-02 0.000000e+00 9.879000e-01
390 1.210000e-02 0.000000e+00 9.879000e-01
391 1.210000e-02 0.000000e+00 9.879000e-01
392 1.210000e-02 0.000000e+00 9.879000e-01
393 1.210000e-02 0.000000e+00 9.879000e-01
394 1.210000e-02 0.000000e+00 9.879000e-01
395 1.210000e-02 0.000000e+00 9.879000e-01
396 1.210000e-02 0.000000e+00 9.879000e-01
397 1.210000e-02 0.000000e+00 9.879000e-01
398 1.210000e-02 0.000000e+00 9.879000e-01
399 1.210000e-02 0.000000e+00 9.879000e-01
400 1.210000e-02 0.000000e+00 9.879000e-01
401 1.210000e-02 0.000000e+00 9.879000e-01
402 1.210000e-02 0.000000e+00 9.879000e-01
403 1.210000e-02 0.000000e+00 9.879000e-01
404 1.210000e-02 0.000000e+00 9.879000e-01
405 1.210000e-02 0.000000e+00 9.879000e-01
406 1.210000e-02 0.000000e+00 9.879000e-01
407 1.210000e-02 0.000000e+00 9.879000e-01
408 1.210000e-02 0.000000e+00 9.879000e-01
409 1.210000e-02 0.000000e+00 9.879000e-01
410 1.210000e-02 0.000000e+00 9.879000e-01
411 1.210000e-02 0.000000e+00 9.879000e-01
412 1.210000e-02 0.000000e+00 9.879000e-01
413 1.210000e-02 0.000000e+00 9.879000e-01
414 1.210000e-02 0.000000e+00 9.879000e-01
415 1.210000e-02 0.000000e+00 9.879000e-01
416 1.210000e-02 0.000000e+00 9.879000e-01
417 1.210000e-02 0.000000e+00 9.879000e-01
418 1.210000e-02 0.000000e+00 9.879000e-01
419 1.210000e-02 0.000000e+00 9.879000e-01
420 1.210000e-02 0.000000e+00 9.879000e-01
421 1.210000e-02 0.000000e+00 9.879000e-01
422 1.210000e-02 0.000000e+00 9.879000e-01
423 1.210000e-02 0.000000e+00 9.879000e-01
424 1.210000e-02 0.000000e+00 9.879000e-01
425 1.210000e-02 0.000000e+00 9.879000e-01
426 1.210000e-02 0.000000e+00 9.879000e-01
427 1.210000e-02 0.000000e+00 9.879000e-01
428 1.210000e-02 0.000000e+00 9.879000e-01
429 1.210000e-02 0.000000e+00 9.879000e-01
430 1.210000e-02 0.000000e+00 9.879000e-01
431 1.210000e-02 0.000000e+00 9.879000e-01
432 1.210000e-02 0.000000e+00 9.879000e-01
433 1.210000e-02 0.000000e+00 9.879000e-01
434 1.210000e-02 0.000000e+00 9.879000e-01
435 1.210000e-02 0.000000e+00 9.879000e-01
436 1.210000e-02 0.000000e+00 9.879000e-01
437 1.210000e-02 0.000000e+00 9.879000e-01
438 1.210000e-02 0.000000e+00 9.879000e-01
439 1.210000e-02 0.000000e+00 9.879000e-01
440 1.210000e-02 0.000000e+00 9.879000e-01
441 1.210000e-02 0.000000e+00 9.879000e-01
442 1.210000e-02 0.000000e+00 9.879000e-01
443 1.210000e-02 0.000000e+00 9.879000e-01
444 1.210000e-02 0.000000e+00 9.879000e-01
445 1.210000e-02 0.000000e+00 9.879000e-01
446 1.210000e-02 0.000000e+00 9.879000e-01
447 1.210000e-02 0.000000e+00 9.879000e-01
448 1.210000e-02 0.000000e+00 9.879000e-01
449 1.210000e-02 0.000000e+00 9.879000e-01
450 1.210000e-02 0.000000e+00 9.879000e-01
451 1.210000e-02 0.000000e+00 9.879000e-01
452 1.210000e-02 0.000000e+00 9.879000e-01
453 1.210000e-02 0.000000e+00 9.879000e-01
454 1.210000e-02 0.000000e+00 9.879000e-01
455 1.210000e-02 0.000000e+00 9.879000e-01
456 1.210000e-02 0.000000e+00 9.879000e-01
457 1.210000e-02 0.000000e+00 9.879000e-01
458 1.210000e-02 0.000000e+00 9.879000e-01
459 1.210000e-02 0.000000e+00 9.879000e-01
460 1.210000e-02 0.000000e+00 9.879000e-01
461 1.210000e-02 0.000000e+00 9.879000e-01
462 1.210000e-02 0.000000e+00 9.879000e-01
463 1.210000e-02 0.000000e+00 9.879000e-01
464 1.210000e-02 0.000000e+00 9.879000e-01
465 1.210000e-02 0.000000e+00 9.879000e-01
466 1.210000e-02 0.000000e+00 9.879000e-01
467 1.210000e-02 0.000000e+00 9.879000e-01
468 1.210000e-02 0.000000e+00 9.879000e-01
469 1.210000e-02 0.000000e+00 9.879000e-01
470 1.210000e-02 0.000000e+00 9.879000e-01
471 1.210000e-02 0.000000e+00 9.879000e-01
472 1.210000e-02 0.000000e+00 9.879000e-01
473 1.210000e-02 0.000000e+00 9.879000e-01
474 1.210000e-02 0.000000e+00 9.879000e-01
475 1.210000e-02 0.000000e+00 9.879000e-01
476 1.210000e-02 0.000000e+00 9.879000e-01
477 1.210000e-02 0.000000e+00 9.879000e-01
478 1.210000e-02 0.000000e+00 9.879000e-01
479 1.210000e-02 0.000000e+00 9.879000e-01
480 1.210000e-02 0.000000e+00 9.879000e-01
481 1.210000e-02 0.000000e+00 9.879000e-01
482 1.210000e-02 0.000000e+00 9.879000e-01
483 1.210000e-02 0.000000e+00 9.879000e-01
484 1.210000e-02 0.000000e+00 9.879000e-01
485 1.210000e-02 0.000000e+00 9.879000e-01
486 1.210000e-02 0.000000e+00 9.879000e-01
487 1.210000e-02 0.000000e+00 9.879000e-01
488 1.210000e-02 0.000000e+00 9.879000e-01
489 1.210000e-02 0.000000e+00 9.879000e-01
490 1.210000e-02 0.000000e+00 9.879000e-01
491 1.210000e-02 0.000000e+00 9.879000e-01
492 1.210000e-02 0.000000e+00 9.879000e-01
493 1.210000e-02 0.000000e+00 9.879000e-01
494 1.210000e-02 0.000000e+00 9.879000e-01
495 1.210000e-02 0.000000e+00 9.879000e-01
496 1.210000e-02 0.000000e+00 9.879000e-01
497 1.210000e-02 0.000000e+00 9.879000e-01
498 1.210000e-02 0.000000e+00 9.879000e-01
499 1.210000e-02 0.000000e+00 9.879000e-01
500 1.210000e-02 0.000000e+00 9.879000e-01
