1 9.991720e-01 7.360000e-04 9.200000e-05
2 9.984160e-01 1.264000e-03 3.200000e-04
3 9.969200e-01 2.448000e-03 6.320000e-04
4 9.946120e-01 4.192000e-03 1.196000e-03
5 9.907920e-01 6.940000e-03 2.268000e-03
6 9.853000e-01 1.078800e-02 3.912000e-03
7 9.777400e-01 1.594800e-02 6.312000e-03
8 9.679320e-01 2.226800e-02 9.800000e-03
9 9.548000e-01 3.083200e-02 1.436800e-02
10 9.383600e-01 4.067200e-02 2.096800e-02
11 9.191680e-01 5.156000e-02 2.927200e-02
12 8.959480e-01 6.451600e-02 3.953600e-02
13 8.690840e-01 7.878000e-02 5.213600e-02
14 8.396280e-01 9.308800e-02 6.728400e-02
15 8.072120e-01 1.076800e-01 8.510800e-02
16 7.717640e-01 1.229680e-01 1.052680e-01
17 7.350880e-01 1.369280e-01 1.279840e-01
18 6.952720e-01 1.511400e-01 1.535880e-01
19 6.539240e-01 1.642600e-01 1.818160e-01
20 6.101960e-01 1.780320e-01 2.117720e-01
21 5.661680e-01 1.894200e-01 2.444120e-01
22 5.210320e-01 2.003000e-01 2.786680e-01
23 4.766280e-01 2.090800e-01 3.142920e-01
24 4.327080e-01 2.157840e-01 3.515080e-01
25 3.905680e-01 2.196120e-01 3.898200e-01
26 3.500120e-01 2.213160e-01 4.286720e-01
27 3.112240e-01 2.217280e-01 4.670480e-01
28 2.754280e-01 2.187880e-01 5.057840e-01
29 2.414640e-01 2.147720e-01 5.437640e-01
30 2.093360e-01 2.093920e-01 5.812720e-01
31 1.807120e-01 2.024000e-01 6.168880e-01
32 1.552560e-01 1.934600e-01 6.512840e-01
33 1.328720e-01 1.829520e-01 6.841760e-01
34 1.127760e-01 1.721720e-01 7.150520e-01
35 9.522400e-02 1.606240e-01 7.441520e-01
36 8.024400e-02 1.484880e-01 7.712680e-01
37 6.736000e-02 1.362920e-01 7.963480e-01
38 5.695600e-02 1.239080e-01 8.191360e-01
39 4.802800e-02 1.123560e-01 8.396160e-01
40 4.073200e-02 1.010280e-01 8.582400e-01
41 3.476800e-02 8.978000e-02 8.754520e-01
42 3.021600e-02 7.958400e-02 8.902000e-01
43 2.612000e-02 7.043200e-02 9.034480e-01
44 2.308000e-02 6.203600e-02 9.148840e-01
45 2.076000e-02 5.400000e-02 9.252400e-01
46 1.894400e-02 4.706400e-02 9.339920e-01
47 1.737600e-02 4.096000e-02 9.416640e-01
48 1.606800e-02 3.578800e-02 9.481440e-01
49 1.517600e-02 3.059200e-02 9.542320e-01
50 1.444800e-02 2.634400e-02 9.592080e-01
51 1.387200e-02 2.266400e-02 9.634640e-01
52 1.349200e-02 1.922000e-02 9.672880e-01
53 1.316800e-02 1.672000e-02 9.701120e-01
54 1.292400e-02 1.434400e-02 9.727320e-01
55 1.275200e-02 1.236400e-02 9.748840e-01
56 1.256800e-02 1.046000e-02 9.769720e-01
57 1.248800e-02 8.848000e-03 9.786640e-01
58 1.238400e-02 7.444000e-03 9.801720e-01
59 1.234400e-02 6.332000e-03 9.813240e-01
60 1.230000e-02 5.272000e-03 9.824280e-01
61 1.225600e-02 4.428000e-03 9.833160e-01
62 1.222000e-02 3.716000e-03 9.840640e-01
63 1.220000e-02 3.104000e-03 9.846960e-01
64 1.218400e-02 2.548000e-03 9.852680e-01
65 1.215600e-02 2.164000e-03 9.856800e-01
66 1.213200e-02 1.796000e-03 9.860720e-01
67 1.210800e-02 1.528000e-03 9.863640e-01
68 1.210800e-02 1.260000e-03 9.866320e-01
69 1.210000e-02 1.096000e-03 9.868040e-01
70 1.210000e-02 9.280000e-04 9.869720e-01
71 1.210000e-02 8.000000e-04 9.871000e-01
72 1.209200e-02 7.240000e-04 9.871840e-01
73 1.208800e-02 5.760000e-04 9.873360e-01
74 1.208400e-02 4.880000e-04 9.874280e-01
75 1.208000e-02 4.320000e-04 9.874880e-01
76 1.208000e-02 3.440000e-04 9.875760e-01
77 1.207600e-02 2.560000e-04 9.876680e-01
78 1.207600e-02 2.160000e-04 9.877080e-01
79 1.207600e-02 1.760000e-04 9.877480e-01
80 1.207600e-02 1.640000e-04 9.877600e-01
81 1.207600e-02 1.280000e-04 9.877960e-01
82 1.207200e-02 1.160000e-04 9.878120e-01
83 1.207200e-02 8.000000e-05 9.878480e-01
84 1.207200e-02 6.400000e-05 9.878640e-01
85 1.207200e-02 5.600000e-05 9.878720e-01
86 1.207200e-02 3.200000e-05 9.878960e-01
87 1.207200e-02 3.200000e-05 9.878960e-01
88 1.207200e-02 2.800000e-05 9.879000e-01
89 1.207200e-02 2.400000e-05 9.879040e-01
90 1.207200e-02 2.000000e-05 9.879080e-01
91 1.207200e-02 2.000000e-05 9.879080e-01
92 1.207200e-02 1.600000e-05 9.879120e-01
93 1.207200e-02 4.000000e-06 9.879240e-01
94 1.207200e-02 0.000000e+00 9.879280e-01
95 1.207200e-02 0.000000e+00 9.879280e-01
96 1.207200e-02 0.000000e+00 9.879280e-01
97 1.207200e-02 0.000000e+00 9.879280e-01
98 1.207200e-02 0.000000e+00 9.879280e-01
99 1.207200e-02 0.000000e+00 9.879280e-01
100 1.207200e-02 0.000000e+00 9.879280e-01
101 1.207200e-02 0.000000e+00 9.879280e-01
102 1.207200e-02 0.000000e+00 9.879280e-01
103 1.207200e-02 0.000000e+00 9.879280e-01
104 1.207200e-02 0.000000e+00 9.879280e-01
105 1.207200e-02 0.000000e+00 9.879280e-01
106 1.207200e-02 0.000000e+00 9.879280e-01
107 1.207200e-02 0.000000e+00 9.879280e-01
108 1.207200e-02 0.000000e+00 9.879280e-01
109 1.207200e-02 0.000000e+00 9.879280e-01
110 1.207200e-02 0.000000e+00 9.879280e-01
111 1.207200e-02 0.000000e+00 9.879280e-01
112 1.207200e-02 0.000000e+00 9.879280e-01
113 1.207200e-02 0.000000e+00 9.879280e-01
114 1.207200e-02 0.000000e+00 9.879280e-01
115 1.207200e-02 0.000000e+00 9.879280e-01
116 1.207200e-02 0.000000e+00 9.879280e-01
117 1.207200e-02 0.000000e+00 9.879280e-01
118 1.207200e-02 0.000000e+00 9.879280e-01
119 1.207200e-02 0.000000e+00 9.879280e-01
120 1.207200e-02 0.000000e+00 9.879280e-01
121 1.207200e-02 0.000000e+00 9.879280e-01
122 1.207200e-02 0.000000e+00 9.879280e-01
123 1.207200e-02 0.000000e+00 9.879280e-01
124 1.207200e-02 0.000000e+00 9.879280e-01
125 1.207200e-02 0.000000e+00 9.879280e-01
126 1.207200e-02 0.000000e+00 9.879280e-01
127 1.207200e-02 0.000000e+00 9.879280e-01
128 1.207200e-02 0.000000e+00 9.879280e-01
129 1.207200e-02 0.000000e+00 9.879280e-01
130 1.207200e-02 0.000000e+00 9.879280e-01
131 1.207200e-02 0.000000e+00 9.879280e-01
132 1.207200e-02 0.000000e+00 9.879280e-01
133 1.207200e-02 0.000000e+00 9.879280e-01
134 1.207200e-02 0.000000e+00 9.879280e-01
135 1.207200e-02 0.000000e+00 9.879280e-01
136 1.207200e-02 0.000000e+00 9.879280e-01
137 1.207200e-02 0.000000e+00 9.879280e-01
138 1.207200e-02 0.000000e+00 9.879280e-01
139 1.207200e-02 0.000000e+00 9.879280e-01
140 1.207200e-02 0.000000e+00 9.879280e-01
141 1.207200e-02 0.000000e+00 9.879280e-01
142 1.207200e-02 0.000000e+00 9.879280e-01
143 1.207200e-02 0.000000e+00 9.879280e-01
144 1.207200e-02 0.000000e+00 9.879280e-01
145 1.207200e-02 0.000000e+00 9.879280e-01
146 1.207200e-02 0.000000e+00 9.879280e-01
147 1.207200e-02 0.000000e+00 9.879280e-01
148 1.207200e-02 0.000000e+00 9.879280e-01
149 1.207200e-02 0.000000e+00 9.879280e-01
150 1.207200e-02 0.000000e+00 9.879280e-01
151 1.207200e-02 0.000000e+00 9.879280e-01
152 1.207200e-02 0.000000e+00 9.879280e-01
153 1.207200e-02 0.000000e+00 9.879280e-01
154 1.207200e-02 0.000000e+00 9.879280e-01
155 1.207200e-02 0.000000e+00 9.879280e-01
156 1.207200e-02 0.000000e+00 9.879280e-01
157 1.207200e-02 0.000000e+00 9.879280e-01
158 1.207200e-02 0.000000e+00 9.879280e-01
159 1.207200e-02 0.000000e+00 9.879280e-01
160 1.207200e-02 0.000000e+00 9.879280e-01
161 1.207200e-02 0.000000e+00 9.879280e-01
162 1.207200e-02 0.000000e+00 9.879280e-01
163 1.207200e-02 0.000000e+00 9.879280e-01
164 1.207200e-02 0.000000e+00 9.879280e-01
165 1.207200e-02 0.000000e+00 9.879280e-01
166 1.207200e-02 0.000000e+00 9.879280e-01
167 1.207200e-02 0.000000e+00 9.879280e-01
168 1.207200e-02 0.000000e+00 9.879280e-01
169 1.207200e-02 0.000000e+00 9.879280e-01
170 1.207200e-02 0.000000e+00 9.879280e-01
171 1.207200e-02 0.000000e+00 9.879280e-01
172 1.207200e-02 0.000000e+00 9.879280e-01
173 1.207200e-02 0.000000e+00 9.879280e-01
174 1.207200e-02 0.000000e+00 9.879280e-01
175 1.207200e-02 0.000000e+00 9.879280e-01
176 1.207200e-02 0.000000e+00 9.879280e-01
177 1.207200e-02 0.000000e+00 9.879280e-01
178 1.207200e-02 0.000000e+00 9.879280e-01
179 1.207200e-02 0.000000e+00 9.879280e-01
180 1.207200e-02 0.000000e+00 9.879280e-01
181 1.207200e-02 0.000000e+00 9.879280e-01
182 1.207200e-02 0.000000e+00 9.879280e-01
183 1.207200e-02 0.000000e+00 9.879280e-01
184 1.207200e-02 0.000000e+00 9.879280e-01
185 1.207200e-02 0.000000e+00 9.879280e-01
186 1.207200e-02 0.000000e+00 9.879280e-01
187 1.207200e-02 0.000000e+00 9.879280e-01
188 1.207200e-02 0.000000e+00 9.879280e-01
189 1.207200e-02 0.000000e+00 9.879280e-01
190 1.207200e-02 0.000000e+00 9.879280e-01
191 1.207200e-02 0.000000e+00 9.879280e-01
192 1.207200e-02 0.000000e+00 9.879280e-01
193 1.207200e-02 0.000000e+00 9.879280e-01
194 1.207200e-02 0.000000e+00 9.879280e-01
195 1.207200e-02 0.000000e+00 9.879280e-01
196 1.207200e-02 0.000000e+00 9.879280e-01
197 1.207200e-02 0.000000e+00 9.879280e-01
198 1.207200e-02 0.000000e+00 9.879280e-01
199 1.207200e-02 0.000000e+00 9.879280e-01
200 1.207200e-02 0.000000e+00 9.879280e-01
201 1.207200e-02 0.000000e+00 9.879280e-01
202 1.207200e-02 0.000000e+00 9.879280e-01
203 1.207200e-02 0.000000e+00 9.879280e-01
204 1.207200e-02 0.000000e+00 9.879280e-01
205 1.207200e-02 0.000000e+00 9.879280e-01
206 1.207200e-02 0.000000e+00 9.879280e-01
207 1.207200e-02 0.000000e+00 9.879280e-01
208 1.207200e-02 0.000000e+00 9.879280e-01
209 1.207200e-02 0.000000e+00 9.879280e-01
210 1.207200e-02 0.000000e+00 9.879280e-01
211 1.207200e-02 0.000000e+00 9.879280e-01
212 1.207200e-02 0.000000e+00 9.879280e-01
213 1.207200e-02 0.000000e+00 9.879280e-01
214 1.207200e-02 0.000000e+00 9.879280e-01
215 1.207200e-02 0.000000e+00 9.879280e-01
216 1.207200e-02 0.000000e+00 9.879280e-01
217 1.207200e-02 0.000000e+00 9.879280e-01
218 1.207200e-02 0.000000e+00 9.879280e-01
219 1.207200e-02 0.000000e+00 9.879280e-01
220 1.207200e-02 0.000000e+00 9.879280e-01
221 1.207200e-02 0.000000e+00 9.879280e-01
222 1.207200e-02 0.000000e+00 9.879280e-01
223 1.207200e-02 0.000000e+00 9.879280e-01
224 1.207200e-02 0.000000e+00 9.879280e-01
225 1.207200e-02 0.000000e+00 9.879280e-01
226 1.207200e-02 0.000000e+00 9.879280e-01
227 1.207200e-02 0.000000e+00 9.879280e-01
228 1.207200e-02 0.000000e+00 9.879280e-01
229 1.207200e-02 0.000000e+00 9.879280e-01
230 1.207200e-02 0.000000e+00 9.879280e-01
231 1.207200e-02 0.000000e+00 9.879280e-01
232 1.207200e-02 0.000000e+00 9.879280e-01
233 1.207200e-02 0.000000e+00 9.879280e-01
234 1.207200e-02 0.000000e+00 9.879280e-01
235 1.207200e-02 0.000000e+00 9.879280e-01
236 1.207200e-02 0.000000e+00 9.879280e-01
237 1.207200e-02 0.000000e+00 9.879280e-01
238 1.207200e-02 0.000000e+00 9.879280e-01
239 1.207200e-02 0.000000e+00 9.879280e-01
240 1.207200e-02 0.000000e+00 9.879280e-01
241 1.207200e-02 0.000000e+00 9.879280e-01
242 1.207200e-02 0.000000e+00 9.879280e-01
243 1.207200e-02 0.000000e+00 9.879280e-01
244 1.207200e-02 0.000000e+00 9.879280e-01
245 1.207200e-02 0.000000e+00 9.879280e-01
246 1.207200e-02 0.000000e+00 9.879280e-01
247 1.207200e-02 0.000000e+00 9.879280e-01
248 1.207200e-02 0.000000e+00 9.879280e-01
249 1.207200e-02 0.000000e+00 9.879280e-01
250 1.207200e-02 0.000000e+00 9.879280e-01
251 1.207200e-02 0.000000e+00 9.879280e-01
252 1.207200e-02 0.000000e+00 9.879280e-01
253 1.207200e-02 0.000000e+00 9.879280e-01
254 1.207200e-02 0.000000e+00 9.879280e-01
255 1.207200e-02 0.000000e+00 9.879280e-01
256 1.207200e-02 0.000000e+00 9.879280e-01
257 1.207200e-02 0.000000e+00 9.879280e-01
258 1.207200e-02 0.000000e+00 9.879280e-01
259 1.207200e-02 0.000000e+00 9.879280e-01
260 1.207200e-02 0.000000e+00 9.879280e-01
261 1.207200e-02 0.000000e+00 9.879280e-01
262 1.207200e-02 0.000000e+00 9.879280e-01
263 1.207200e-02 0.000000e+00 9.879280e-01
264 1.207200e-02 0.000000e+00 9.879280e-01
265 1.207200e-02 0.000000e+00 9.879280e-01
266 1.207200e-02 0.000000e+00 9.879280e-01
267 1.207200e-02 0.000000e+00 9.879280e-01
268 1.207200e-02 0.000000e+00 9.879280e-01
269 1.207200e-02 0.000000e+00 9.879280e-01
270 1.207200e-02 0.000000e+00 9.879280e-01
271 1.207200e-02 0.000000e+00 9.879280e-01
272 1.207200e-02 0.000000e+00 9.879280e-01
273 1.207200e-02 0.000000e+00 9.879280e-01
274 1.207200e-02 0.000000e+00 9.879280e-01
275 1.207200e-02 0.000000e+00 9.879280e-01
276 1.207200e-02 0.000000e+00 9.879280e-01
277 1.207200e-02 0.000000e+00 9.879280e-01
278 1.207200e-02 0.000000e+00 9.879280e-01
279 1.207200e-02 0.000000e+00 9.879280e-01
280 1.207200e-02 0.000000e+00 9.879280e-01
281 1.207200e-02 0.000000e+00 9.879280e-01
282 1.207200e-02 0.000000e+00 9.879280e-01
283 1.207200e-02 0.000000e+00 9.879280e-01
284 1.207200e-02 0.000000e+00 9.879280e-01
285 1.207200e-02 0.000000e+00 9.879280e-01
286 1.207200e-02 0.000000e+00 9.879280e-01
287 1.207200e-02 0.000000e+00 9.879280e-01
288 1.207200e-02 0.000000e+00 9.879280e-01
289 1.207200e-02 0.000000e+00 9.879280e-01
290 1.207200e-02 0.000000e+00 9.879280e-01
291 1.207200e-02 0.000000e+00 9.879280e-01
292 1.207200e-02 0.000000e+00 9.879280e-01
293 1.207200e-02 0.000000e+00 9.879280e-01
294 1.207200e-02 0.000000e+00 9.879280e-01
295 1.207200e-02 0.000000e+00 9.879280e-01
296 1.207200e-02 0.000000e+00 9.879280e-01
297 1.207200e-02 0.000000e+00 9.879280e-01
298 1.207200e-02 0.000000e+00 9.879280e-01
299 1.207200e-02 0.000000e+00 9.879280e-01
300 1.207200e-02 0.000000e+00 9.879280e-01
301 1.207200e-02 0.000000e+00 9.879280e-01
302 1.207200e-02 0.000000e+00 9.879280e-01
303 1.207200e-02 0.000000e+00 9.879280e-01
304 1.207200e-02 0.000000e+00 9.879280e-01
305 1.207200e-02 0.000000e+00 9.879280e-01
306 1.207200e-02 0.000000e+00 9.879280e-01
307 1.207200e-02 0.000000e+00 9.879280e-01
308 1.207200e-02 0.000000e+00 9.879280e-01
309 1.207200e-02 0.000000e+00 9.879280e-01
310 1.207200e-02 0.000000e+00 9.879280e-01
311 1.207200e-02 0.000000e+00 9.879280e-01
312 1.207200e-02 0.000000e+00 9.879280e-01
313 1.207200e-02 0.000000e+00 9.879280e-01
314 1.207200e-02 0.000000e+00 9.879280e-01
315 1.207200e-02 0.000000e+00 9.879280e-01
316 1.207200e-02 0.000000e+00 9.879280e-01
317 1.207200e-02 0.000000e+00 9.879280e-01
318 1.207200e-02 0.000000e+00 9.879280e-01
319 1.207200e-02 0.000000e+00 9.879280e-01
320 1.207200e-02 0.000000e+00 9.879280e-01
321 1.207200e-02 0.000000e+00 9.879280e-01
322 1.207200e-02 0.000000e+00 9.879280e-01
323 1.207200e-02 0.000000e+00 9.879280e-01
324 1.207200e-02 0.000000e+00 9.879280e-01
325 1.207200e-02 0.000000e+00 9.879280e-01
326 1.207200e-02 0.000000e+00 9.879280e-01
327 1.207200e-02 0.000000e+00 9.879280e-01
328 1.207200e-02 0.000000e+00 9.879280e-01
329 1.207200e-02 0.000000e+00 9.879280e-01
330 1.207200e-02 0.000000e+00 9.879280e-01
331 1.207200e-02 0.000000e+00 9.879280e-01
332 1.207200e-02 0.000000e+00 9.879280e-01
333 1.207200e-02 0.000000e+00 9.879280e-01
334 1.207200e-02 0.000000e+00 9.879280e-01
335 1.207200e-02 0.000000e+00 9.879280e-01
336 1.207200e-02 0.000000e+00 9.879280e-01
337 1.207200e-02 0.000000e+00 9.879280e-01
338 1.207200e-02 0.000000e+00 9.879280e-01
339 1.207200e-02 0.000000e+00 9.879280e-01
340 1.207200e-02 0.000000e+00 9.879280e-01
341 1.207200e-02 0.000000e+00 9.879280e-01
342 1.207200e-02 0.000000e+00 9.879280e-01
343 1.207200e-02 0.000000e+00 9.879280e-01
344 1.207200e-02 0.000000e+00 9.879280e-01
345 1.207200e-02 0.000000e+00 9.879280e-01
346 1.207200e-02 0.000000e+00 9.879280e-01
347 1.207200e-02 0.000000e+00 9.879280e-01
348 1.207200e-02 0.000000e+00 9.879280e-01
349 1.207200e-02 0.000000e+00 9.879280e-01
350 1.207200e-02 0.000000e+00 9.879280e-01
351 1.207200e-02 0.000000e+00 9.879280e-01
352 1.207200e-02 0.000000e+00 9.879280e-01
353 1.207200e-02 0.000000e+00 9.879280e-01
354 1.207200e-02 0.000000e+00 9.879280e-01
355 1.207200e-02 0.000000e+00 9.879280e-01
356 1.207200e-02 0.000000e+00 9.879280e-01
357 1.207200e-02 0.000000e+00 9.879280e-01
358 1.207200e-02 0.000000e+00 9.879280e-01
359 1.207200e-02 0.000000e+00 9.879280e-01
360 1.207200e-02 0.000000e+00 9.879280e-01
361 1.207200e-02 0.000000e+00 9.879280e-01
362 1.207200e-02 0.000000e+00 9.879280e-01
363 1.207200e-02 0.000000e+00 9.879280e-01
364 1.207200e-02 0.000000e+00 9.879280e-01
365 1.207200e-02 0.000000e+00 9.879280e-01
366 1.207200e-02 0.000000e+00 9.879280e-01
367 1.207200e-02 0.000000e+00 9.879280e-01
368 1.207200e-02 0.000000e+00 9.879280e-01
369 1.207200e-02 0.000000e+00 9.879280e-01
370 1.207200e-02 0.000000e+00 9.879280e-01
371 1.207200e-02 0.000000e+00 9.879280e-01
372 1.207200e-02 0.000000e+00 9.879280e-01
373 1.207200e-02 0.000000e+00 9.879280e-01
374 1.207200e-02 0.000000e+00 9.879280e-01
375 1.207200e-02 0.000000e+00 9.879280e-01
376 1.207200e-02 0.000000e+00 9.879280e-01
377 1.207200e-02 0.000000e+00 9.879280e-01
378 1.207200e-02 0.000000e+00 9.879280e-01
379 1.207200e-02 0.000000e+00 9.879280e-01
380 1.207200e-02 0.000000e+00 9.879280e-01
381 1.207200e-02 0.000000e+00 9.879280e-01
382 1.207200e-02 0.000000e+00 9.879280e-01
383 1.207200e-02 0.000000e+00 9.879280e-01
384 1.207200e-02 0.000000e+00 9.879280e-01
385 1.207200e-02 0.000000e+00 9.879280e-01
386 1.207200e-02 0.000000e+00 9.879280e-01
387 1.207200e-02 0.000000e+00 9.879280e-01
388 1.207200e-02 0.000000e+00 9.879280e-01
389 1.207200e-02 0.000000e+00 9.879280e-01
390 1.207200e-02 0.000000e+00 9.879280e-01
391 1.207200e-02 0.000000e+00 9.879280e-01
392 1.207200e-02 0.000000e+00 9.879280e-01
393 1.207200e-02 0.000000e+00 9.879280e-01
394 1.207200e-02 0.000000e+00 9.879280e-01
395 1.207200e-02 0.000000e+00 9.879280e-01
396 1.207200e-02 0.000000e+00 9.879280e-01
397 1.207200e-02 0.000000e+00 9.879280e-01
398 1.207200e-02 0.000000e+00 9.879280e-01
399 1.207200e-02 0.000000e+00 9.879280e-01
400 1.207200e-02 0.000000e+00 9.879280e-01
401 1.207200e-02 0.000000e+00 9.879280e-01
402 1.207200e-02 0.000000e+00 9.879280e-01
403 1.207200e-02 0.000000e+00 9.879280e-01
404 1.207200e-02 0.000000e+00 9.879280e-01
405 1.207200e-02 0.000000e+00 9.879280e-01
406 1.207200e-02 0.000000e+00 9.879280e-01
407 1.207200e-02 0.000000e+00 9.879280e-01
408 1.207200e-02 0.000000e+00 9.879280e-01
409 1.207200e-02 0.000000e+00 9.879280e-01
410 1.207200e-02 0.000000e+00 9.879280e-01
411 1.207200e-02 0.000000e+00 9.879280e-01
412 1.207200e-02 0.000000e+00 9.879280e-01
413 1.207200e-02 0.000000e+00 9.879280e-01
414 1.207200e-02 0.000000e+00 9.879280e-01
415 1.207200e-02 0.000000e+00 9.879280e-01
416 1.207200e-02 0.000000e+00 9.879280e-01
417 1.207200e-02 0.000000e+00 9.879280e-01
418 1.207200e-02 0.000000e+00 9.879280e-01
419 1.207200e-02 0.000000e+00 9.879280e-01
420 1.207200e-02 0.000000e+00 9.879280e-01
421 1.207200e-02 0.000000e+00 9.879280e-01
422 1.207200e-02 0.000000e+00 9.879280e-01
423 1.207200e-02 0.000000e+00 9.879280e-01
424 1.207200e-02 0.000000e+00 9.879280e-01
425 1.207200e-02 0.000000e+00 9.879280e-01
426 1.207200e-02 0.000000e+00 9.879280e-01
427 1.207200e-02 0.000000e+00 9.879280e-01
428 1.207200e-02 0.000000e+00 9.879280e-01
429 1.207200e-02 0.000000e+00 9.879280e-01
430 1.207200e-02 0.000000e+00 9.879280e-01
431 1.207200e-02 0.000000e+00 9.879280e-01
432 1.207200e-02 0.000000e+00 9.879280e-01
433 1.207200e-02 0.000000e+00 9.879280e-01
434 1.207200e-02 0.000000e+00 9.879280e-01
435 1.207200e-02 0.000000e+00 9.879280e-01
436 1.207200e-02 0.000000e+00 9.879280e-01
437 1.207200e-02 0.000000e+00 9.879280e-01
438 1.207200e-02 0.000000e+00 9.879280e-01
439 1.207200e-02 0.000000e+00 9.879280e-01
440 1.207200e-02 0.000000e+00 9.879280e-01
441 1.207200e-02 0.000000e+00 9.879280e-01
442 1.207200e-02 0.000000e+00 9.879280e-01
443 1.207200e-02 0.000000e+00 9.879280e-01
444 1.207200e-02 0.000000e+00 9.879280e-01
445 1.207200e-02 0.000000e+00 9.879280e-01
446 1.207200e-02 0.000000e+00 9.879280e-01
447 1.207200e-02 0.000000e+00 9.879280e-01
448 1.207200e-02 0.000000e+00 9.879280e-01
449 1.207200e-02 0.000000e+00 9.879280e-01
450 1.207200e-02 0.000000e+00 9.879280e-01
451 1.207200e-02 0.000000e+00 9.879280e-01
452 1.207200e-02 0.000000e+00 9.879280e-01
453 1.207200e-02 0.000000e+00 9.879280e-01
454 1.207200e-02 0.000000e+00 9.879280e-01
455 1.207200e-02 0.000000e+00 9.879280e-01
456 1.207200e-02 0.000000e+00 9.879280e-01
457 1.207200e-02 0.000000e+00 9.879280e-01
458 1.207200e-02 0.000000e+00 9.879280e-01
459 1.207200e-02 0.000000e+00 9.879280e-01
460 1.207200e-02 0.000000e+00 9.879280e-01
461 1.207200e-02 0.000000e+00 9.879280e-01
462 1.207200e-02 0.000000e+00 9.879280e-01
463 1.207200e-02 0.000000e+00 9.879280e-01
464 1.207200e-02 0.000000e+00 9.879280e-01
465 1.207200e-02 0.000000e+00 9.879280e-01
466 1.207200e-02 0.000000e+00 9.879280e-01
467 1.207200e-02 0.000000e+00 9.879280e-01
468 1.207200e-02 0.000000e+00 9.879280e-01
469 1.207200e-02 0.000000e+00 9.879280e-01
470 1.207200e-02 0.000000e+00 9.879280e-01
471 1.207200e-02 0.000000e+00 9.879280e-01
472 1.207200e-02 0.000000e+00 9.879280e-01
473 1.207200e-02 0.000000e+00 9.879280e-01
474 1.207200e-02 0.000000e+00 9.879280e-01
475 1.207200e-02 0.000000e+00 9.879280e-01
476 1.207200e-02 0.000000e+00 9.879280e-01
477 1.207200e-02 0.000000e+00 9.879280e-01
478 1.207200e-02 0.000000e+00 9.879280e-01
479 1.207200e-02 0.000000e+00 9.879280e-01
480 1.207200e-02 0.000000e+00 9.879280e-01
481 1.207200e-02 0.000000e+00 9.879280e-01
482 1.207200e-02 0.000000e+00 9.879280e-01
483 1.207200e-02 0.000000e+00 9.879280e-01
484 1.207200e-02 0.000000e+00 9.879280e-01
485 1.207200e-02 0.000000e+00 9.879280e-01
486 1.207200e-02 0.000000e+00 9.879280e-01
487 1.207200e-02 0.000000e+00 9.879280e-01
488 1.207200e-02 0.000000e+00 9.879280e-01
489 1.207200e-02 0.000000e+00 9.879280e-01
490 1.207200e-02 0.000000e+00 9.879280e-01
491 1.207200e-02 0.000000e+00 9.879280e-01
492 1.207200e-02 0.000000e+00 9.879280e-01
493 1.207200e-02 0.000000e+00 9.879280e-01
494 1.207200e-02 0.000000e+00 9.879280e-01
495 1.207200e-02 0.000000e+00 9.879280e-01
496 1.207200e-02 0.000000e+00 9.879280e-01
497 1.207200e-02 0.000000e+00 9.879280e-01
498 1.207200e-02 0.000000e+00 9.879280e-01
499 1.207200e-02 0.000000e+00 9.879280e-01
500 1.207200e-02 0.000000e+00 9.879280e-01
