1 9.991080e-01 7.760000e-04 1.160000e-04
2 9.982600e-01 1.452000e-03 2.880000e-04
3 9.966080e-01 2.776000e-03 6.160000e-04
4 9.940480e-01 4.704000e-03 1.248000e-03
5 9.904120e-01 7.140000e-03 2.448000e-03
6 9.851360e-01 1.094400e-02 3.920000e-03
7 9.771560e-01 1.662800e-02 6.216000e-03
8 9.669400e-01 2.331200e-02 9.748000e-03
9 9.537280e-01 3.174800e-02 1.452400e-02
10 9.377720e-01 4.144000e-02 2.078800e-02
11 9.181720e-01 5.275200e-02 2.907600e-02
12 8.952480e-01 6.533600e-02 3.941600e-02
13 8.693480e-01 7.900000e-02 5.165200e-02
14 8.407880e-01 9.240800e-02 6.680400e-02
15 8.094800e-01 1.062680e-01 8.425200e-02
16 7.751920e-01 1.206360e-01 1.041720e-01
17 7.385960e-01 1.349880e-01 1.264160e-01
18 7.001920e-01 1.487360e-01 1.510720e-01
19 6.610440e-01 1.602680e-01 1.786880e-01
20 6.211360e-01 1.716280e-01 2.072360e-01
21 5.810880e-01 1.806240e-01 2.382880e-01
22 5.413520e-01 1.881840e-01 2.704640e-01
23 5.019000e-01 1.944360e-01 3.036640e-01
24 4.635480e-01 1.985240e-01 3.379280e-01
25 4.271680e-01 2.002560e-01 3.725760e-01
26 3.928960e-01 1.999560e-01 4.071480e-01
27 3.597760e-01 1.984520e-01 4.417720e-01
28 3.290560e-01 1.950280e-01 4.759160e-01
29 3.006800e-01 1.895280e-01 5.097920e-01
30 2.737640e-01 1.837840e-01 5.424520e-01
31 2.485280e-01 1.779280e-01 5.735440e-01
32 2.253560e-01 1.705920e-01 6.040520e-01
33 2.032680e-01 1.636320e-01 6.331000e-01
34 1.838760e-01 1.552120e-01 6.609120e-01
35 1.660480e-01 1.461800e-01 6.877720e-01
36 1.495120e-01 1.382240e-01 7.122640e-01
37 1.347800e-01 1.294040e-01 7.358160e-01
38 1.216400e-01 1.209360e-01 7.574240e-01
39 1.097120e-01 1.126160e-01 7.776720e-01
40 9.935600e-02 1.043760e-01 7.962680e-01
41 9.023600e-02 9.567200e-02 8.140920e-01
42 8.168000e-02 8.800800e-02 8.303120e-01
43 7.414800e-02 8.088000e-02 8.449720e-01
44 6.752000e-02 7.413200e-02 8.583480e-01
45 6.129600e-02 6.795600e-02 8.707480e-01
46 5.568400e-02 6.213200e-02 8.821840e-01
47 5.081200e-02 5.651600e-02 8.926720e-01
48 4.603600e-02 5.187200e-02 9.020920e-01
49 4.132400e-02 4.771600e-02 9.109600e-01
50 3.725600e-02 4.338000e-02 9.193640e-01
51 3.347200e-02 3.967200e-02 9.268560e-01
52 2.986000e-02 3.672000e-02 9.334200e-01
53 2.645200e-02 3.423600e-02 9.393120e-01
54 2.353600e-02 3.127600e-02 9.451880e-01
55 2.119600e-02 2.837600e-02 9.504280e-01
56 1.928800e-02 2.568000e-02 9.550320e-01
57 1.758000e-02 2.316400e-02 9.592560e-01
58 1.626400e-02 2.060000e-02 9.631360e-01
59 1.523600e-02 1.813600e-02 9.666280e-01
60 1.455200e-02 1.603200e-02 9.694160e-01
61 1.396800e-02 1.386400e-02 9.721680e-01
62 1.343200e-02 1.212800e-02 9.744400e-01
63 1.306400e-02 1.054000e-02 9.763960e-01
64 1.282000e-02 9.104000e-03 9.780760e-01
65 1.260000e-02 7.872000e-03 9.795280e-01
66 1.249600e-02 6.796000e-03 9.807080e-01
67 1.239200e-02 5.860000e-03 9.817480e-01
68 1.226000e-02 5.036000e-03 9.827040e-01
69 1.218800e-02 4.228000e-03 9.835840e-01
70 1.212800e-02 3.608000e-03 9.842640e-01
71 1.208400e-02 3.056000e-03 9.848600e-01
72 1.202800e-02 2.604000e-03 9.853680e-01
73 1.198400e-02 2.248000e-03 9.857680e-01
74 1.196000e-02 1.944000e-03 9.860960e-01
75 1.195200e-02 1.616000e-03 9.864320e-01
76 1.192800e-02 1.364000e-03 9.867080e-01
77 1.192400e-02 1.116000e-03 9.869600e-01
78 1.192000e-02 9.840000e-04 9.870960e-01
79 1.191200e-02 8.600000e-04 9.872280e-01
80 1.190400e-02 7.520000e-04 9.873440e-01
81 1.189600e-02 6.560000e-04 9.874480e-01
82 1.189600e-02 5.680000e-04 9.875360e-01
83 1.189600e-02 4.840000e-04 9.876200e-01
84 1.188800e-02 4.360000e-04 9.876760e-01
85 1.188800e-02 3.720000e-04 9.877400e-01
86 1.188800e-02 3.200000e-04 9.877920e-01
87 1.188400e-02 2.800000e-04 9.878360e-01
88 1.188000e-02 2.360000e-04 9.878840e-01
89 1.188000e-02 2.040000e-04 9.879160e-01
90 1.187600e-02 1.560000e-04 9.879680e-01
91 1.187600e-02 1.280000e-04 9.879960e-01
92 1.187600e-02 1.080000e-04 9.880160e-01
93 1.187600e-02 8.800000e-05 9.880360e-01
94 1.187600e-02 8.800000e-05 9.880360e-01
95 1.187600e-02 7.600000e-05 9.880480e-01
96 1.187200e-02 6.800000e-05 9.880600e-01
97 1.187200e-02 5.200000e-05 9.880760e-01
98 1.186800e-02 4.800000e-05 9.880840e-01
99 1.186800e-02 3.200000e-05 9.881000e-01
100 1.186800e-02 2.400000e-05 9.881080e-01
101 1.186800e-02 2.000000e-05 9.881120e-01
102 1.186800e-02 2.000000e-05 9.881120e-01
103 1.186800e-02 1.200000e-05 9.881200e-01
104 1.186800e-02 1.200000e-05 9.881200e-01
105 1.186800e-02 1.200000e-05 9.881200e-01
106 1.186800e-02 1.200000e-05 9.881200e-01
107 1.186800e-02 4.000000e-06 9.881280e-01
108 1.186800e-02 4.000000e-06 9.881280e-01
109 1.186800e-02 4.000000e-06 9.881280e-01
110 1.186800e-02 4.000000e-06 9.881280e-01
111 1.186800e-02 4.000000e-06 9.881280e-01
112 1.186800e-02 4.000000e-06 9.881280e-01
113 1.186800e-02 0.000000e+00 9.881320e-01
114 1.186800e-02 0.000000e+00 9.881320e-01
115 1.186800e-02 0.000000e+00 9.881320e-01
116 1.186800e-02 0.000000e+00 9.881320e-01
117 1.186800e-02 0.000000e+00 9.881320e-01
118 1.186800e-02 0.000000e+00 9.881320e-01
119 1.186800e-02 0.000000e+00 9.881320e-01
120 1.186800e-02 0.000000e+00 9.881320e-01
121 1.186800e-02 0.000000e+00 9.881320e-01
122 1.186800e-02 0.000000e+00 9.881320e-01
123 1.186800e-02 0.000000e+00 9.881320e-01
124 1.186800e-02 0.000000e+00 9.881320e-01
125 1.186800e-02 0.000000e+00 9.881320e-01
126 1.186800e-02 0.000000e+00 9.881320e-01
127 1.186800e-02 0.000000e+00 9.881320e-01
128 1.186800e-02 0.000000e+00 9.881320e-01
129 1.186800e-02 0.000000e+00 9.881320e-01
130 1.186800e-02 0.000000e+00 9.881320e-01
131 1.186800e-02 0.000000e+00 9.881320e-01
132 1.186800e-02 0.000000e+00 9.881320e-01
133 1.186800e-02 0.000000e+00 9.881320e-01
134 1.186800e-02 0.000000e+00 9.881320e-01
135 1.186800e-02 0.000000e+00 9.881320e-01
136 1.186800e-02 0.000000e+00 9.881320e-01
137 1.186800e-02 0.000000e+00 9.881320e-01
138 1.186800e-02 0.000000e+00 9.881320e-01
139 1.186800e-02 0.000000e+00 9.881320e-01
140 1.186800e-02 0.000000e+00 9.881320e-01
141 1.186800e-02 0.000000e+00 9.881320e-01
142 1.186800e-02 0.000000e+00 9.881320e-01
143 1.186800e-02 0.000000e+00 9.881320e-01
144 1.186800e-02 0.000000e+00 9.881320e-01
145 1.186800e-02 0.000000e+00 9.881320e-01
146 1.186800e-02 0.000000e+00 9.881320e-01
147 1.186800e-02 0.000000e+00 9.881320e-01
148 1.186800e-02 0.000000e+00 9.881320e-01
149 1.186800e-02 0.000000e+00 9.881320e-01
150 1.186800e-02 0.000000e+00 9.881320e-01
151 1.186800e-02 0.000000e+00 9.881320e-01
152 1.186800e-02 0.000000e+00 9.881320e-01
153 1.186800e-02 0.000000e+00 9.881320e-01
154 1.186800e-02 0.000000e+00 9.881320e-01
155 1.186800e-02 0.000000e+00 9.881320e-01
156 1.186800e-02 0.000000e+00 9.881320e-01
157 1.186800e-02 0.000000e+00 9.881320e-01
158 1.186800e-02 0.000000e+00 9.881320e-01
159 1.186800e-02 0.000000e+00 9.881320e-01
160 1.186800e-02 0.000000e+00 9.881320e-01
161 1.186800e-02 0.000000e+00 9.881320e-01
162 1.186800e-02 0.000000e+00 9.881320e-01
163 1.186800e-02 0.000000e+00 9.881320e-01
164 1.186800e-02 0.000000e+00 9.881320e-01
165 1.186800e-02 0.000000e+00 9.881320e-01
166 1.186800e-02 0.000000e+00 9.881320e-01
167 1.186800e-02 0.000000e+00 9.881320e-01
168 1.186800e-02 0.000000e+00 9.881320e-01
169 1.186800e-02 0.000000e+00 9.881320e-01
170 1.186800e-02 0.000000e+00 9.881320e-01
171 1.186800e-02 0.000000e+00 9.881320e-01
172 1.186800e-02 0.000000e+00 9.881320e-01
173 1.186800e-02 0.000000e+00 9.881320e-01
174 1.186800e-02 0.000000e+00 9.881320e-01
175 1.186800e-02 0.000000e+00 9.881320e-01
176 1.186800e-02 0.000000e+00 9.881320e-01
177 1.186800e-02 0.000000e+00 9.881320e-01
178 1.186800e-02 0.000000e+00 9.881320e-01
179 1.186800e-02 0.000000e+00 9.881320e-01
180 1.186800e-02 0.000000e+00 9.881320e-01
181 1.186800e-02 0.000000e+00 9.881320e-01
182 1.186800e-02 0.000000e+00 9.881320e-01
183 1.186800e-02 0.000000e+00 9.881320e-01
184 1.186800e-02 0.000000e+00 9.881320e-01
185 1.186800e-02 0.000000e+00 9.881320e-01
186 1.186800e-02 0.000000e+00 9.881320e-01
187 1.186800e-02 0.000000e+00 9.881320e-01
188 1.186800e-02 0.000000e+00 9.881320e-01
189 1.186800e-02 0.000000e+00 9.881320e-01
190 1.186800e-02 0.000000e+00 9.881320e-01
191 1.186800e-02 0.000000e+00 9.881320e-01
192 1.186800e-02 0.000000e+00 9.881320e-01
193 1.186800e-02 0.000000e+00 9.881320e-01
194 1.186800e-02 0.000000e+00 9.881320e-01
195 1.186800e-02 0.000000e+00 9.881320e-01
196 1.186800e-02 0.000000e+00 9.881320e-01
197 1.186800e-02 0.000000e+00 9.881320e-01
198 1.186800e-02 0.000000e+00 9.881320e-01
199 1.186800e-02 0.000000e+00 9.881320e-01
200 1.186800e-02 0.000000e+00 9.881320e-01
201 1.186800e-02 0.000000e+00 9.881320e-01
202 1.186800e-02 0.000000e+00 9.881320e-01
203 1.186800e-02 0.000000e+00 9.881320e-01
204 1.186800e-02 0.000000e+00 9.881320e-01
205 1.186800e-02 0.000000e+00 9.881320e-01
206 1.186800e-02 0.000000e+00 9.881320e-01
207 1.186800e-02 0.000000e+00 9.881320e-01
208 1.186800e-02 0.000000e+00 9.881320e-01
209 1.186800e-02 0.000000e+00 9.881320e-01
210 1.186800e-02 0.000000e+00 9.881320e-01
211 1.186800e-02 0.000000e+00 9.881320e-01
212 1.186800e-02 0.000000e+00 9.881320e-01
213 1.186800e-02 0.000000e+00 9.881320e-01
214 1.186800e-02 0.000000e+00 9.881320e-01
215 1.186800e-02 0.000000e+00 9.881320e-01
216 1.186800e-02 0.000000e+00 9.881320e-01
217 1.186800e-02 0.000000e+00 9.881320e-01
218 1.186800e-02 0.000000e+00 9.881320e-01
219 1.186800e-02 0.000000e+00 9.881320e-01
220 1.186800e-02 0.000000e+00 9.881320e-01
221 1.186800e-02 0.000000e+00 9.881320e-01
222 1.186800e-02 0.000000e+00 9.881320e-01
223 1.186800e-02 0.000000e+00 9.881320e-01
224 1.186800e-02 0.000000e+00 9.881320e-01
225 1.186800e-02 0.000000e+00 9.881320e-01
226 1.186800e-02 0.000000e+00 9.881320e-01
227 1.186800e-02 0.000000e+00 9.881320e-01
228 1.186800e-02 0.000000e+00 9.881320e-01
229 1.186800e-02 0.000000e+00 9.881320e-01
230 1.186800e-02 0.000000e+00 9.881320e-01
231 1.186800e-02 0.000000e+00 9.881320e-01
232 1.186800e-02 0.000000e+00 9.881320e-01
233 1.186800e-02 0.000000e+00 9.881320e-01
234 1.186800e-02 0.000000e+00 9.881320e-01
235 1.186800e-02 0.000000e+00 9.881320e-01
236 1.186800e-02 0.000000e+00 9.881320e-01
237 1.186800e-02 0.000000e+00 9.881320e-01
238 1.186800e-02 0.000000e+00 9.881320e-01
239 1.186800e-02 0.000000e+00 9.881320e-01
240 1.186800e-02 0.000000e+00 9.881320e-01
241 1.186800e-02 0.000000e+00 9.881320e-01
242 1.186800e-02 0.000000e+00 9.881320e-01
243 1.186800e-02 0.000000e+00 9.881320e-01
244 1.186800e-02 0.000000e+00 9.881320e-01
245 1.186800e-02 0.000000e+00 9.881320e-01
246 1.186800e-02 0.000000e+00 9.881320e-01
247 1.186800e-02 0.000000e+00 9.881320e-01
248 1.186800e-02 0.000000e+00 9.881320e-01
249 1.186800e-02 0.000000e+00 9.881320e-01
250 1.186800e-02 0.000000e+00 9.881320e-01
251 1.186800e-02 0.000000e+00 9.881320e-01
252 1.186800e-02 0.000000e+00 9.881320e-01
253 1.186800e-02 0.000000e+00 9.881320e-01
254 1.186800e-02 0.000000e+00 9.881320e-01
255 1.186800e-02 0.000000e+00 9.881320e-01
256 1.186800e-02 0.000000e+00 9.881320e-01
257 1.186800e-02 0.000000e+00 9.881320e-01
258 1.186800e-02 0.000000e+00 9.881320e-01
259 1.186800e-02 0.000000e+00 9.881320e-01
260 1.186800e-02 0.000000e+00 9.881320e-01
261 1.186800e-02 0.000000e+00 9.881320e-01
262 1.186800e-02 0.000000e+00 9.881320e-01
263 1.186800e-02 0.000000e+00 9.881320e-01
264 1.186800e-02 0.000000e+00 9.881320e-01
265 1.186800e-02 0.000000e+00 9.881320e-01
266 1.186800e-02 0.000000e+00 9.881320e-01
267 1.186800e-02 0.000000e+00 9.881320e-01
268 1.186800e-02 0.000000e+00 9.881320e-01
269 1.186800e-02 0.000000e+00 9.881320e-01
270 1.186800e-02 0.000000e+00 9.881320e-01
271 1.186800e-02 0.000000e+00 9.881320e-01
272 1.186800e-02 0.000000e+00 9.881320e-01
273 1.186800e-02 0.000000e+00 9.881320e-01
274 1.186800e-02 0.000000e+00 9.881320e-01
275 1.186800e-02 0.000000e+00 9.881320e-01
276 1.186800e-02 0.000000e+00 9.881320e-01
277 1.186800e-02 0.000000e+00 9.881320e-01
278 1.186800e-02 0.000000e+00 9.881320e-01
279 1.186800e-02 0.000000e+00 9.881320e-01
280 1.186800e-02 0.000000e+00 9.881320e-01
281 1.186800e-02 0.000000e+00 9.881320e-01
282 1.186800e-02 0.000000e+00 9.881320e-01
283 1.186800e-02 0.000000e+00 9.881320e-01
284 1.186800e-02 0.000000e+00 9.881320e-01
285 1.186800e-02 0.000000e+00 9.881320e-01
286 1.186800e-02 0.000000e+00 9.881320e-01
287 1.186800e-02 0.000000e+00 9.881320e-01
288 1.186800e-02 0.000000e+00 9.881320e-01
289 1.186800e-02 0.000000e+00 9.881320e-01
290 1.186800e-02 0.000000e+00 9.881320e-01
291 1.186800e-02 0.000000e+00 9.881320e-01
292 1.186800e-02 0.000000e+00 9.881320e-01
293 1.186800e-02 0.000000e+00 9.881320e-01
294 1.186800e-02 0.000000e+00 9.881320e-01
295 1.186800e-02 0.000000e+00 9.881320e-01
296 1.186800e-02 0.000000e+00 9.881320e-01
297 1.186800e-02 0.000000e+00 9.881320e-01
298 1.186800e-02 0.000000e+00 9.881320e-01
299 1.186800e-02 0.000000e+00 9.881320e-01
300 1.186800e-02 0.000000e+00 9.881320e-01
301 1.186800e-02 0.000000e+00 9.881320e-01
302 1.186800e-02 0.000000e+00 9.881320e-01
303 1.186800e-02 0.000000e+00 9.881320e-01
304 1.186800e-02 0.000000e+00 9.881320e-01
305 1.186800e-02 0.000000e+00 9.881320e-01
306 1.186800e-02 0.000000e+00 9.881320e-01
307 1.186800e-02 0.000000e+00 9.881320e-01
308 1.186800e-02 0.000000e+00 9.881320e-01
309 1.186800e-02 0.000000e+00 9.881320e-01
310 1.186800e-02 0.000000e+00 9.881320e-01
311 1.186800e-02 0.000000e+00 9.881320e-01
312 1.186800e-02 0.000000e+00 9.881320e-01
313 1.186800e-02 0.000000e+00 9.881320e-01
314 1.186800e-02 0.000000e+00 9.881320e-01
315 1.186800e-02 0.000000e+00 9.881320e-01
316 1.186800e-02 0.000000e+00 9.881320e-01
317 1.186800e-02 0.000000e+00 9.881320e-01
318 1.186800e-02 0.000000e+00 9.881320e-01
319 1.186800e-02 0.000000e+00 9.881320e-01
320 1.186800e-02 0.000000e+00 9.881320e-01
321 1.186800e-02 0.000000e+00 9.881320e-01
322 1.186800e-02 0.000000e+00 9.881320e-01
323 1.186800e-02 0.000000e+00 9.881320e-01
324 1.186800e-02 0.000000e+00 9.881320e-01
325 1.186800e-02 0.000000e+00 9.881320e-01
326 1.186800e-02 0.000000e+00 9.881320e-01
327 1.186800e-02 0.000000e+00 9.881320e-01
328 1.186800e-02 0.000000e+00 9.881320e-01
329 1.186800e-02 0.000000e+00 9.881320e-01
330 1.186800e-02 0.000000e+00 9.881320e-01
331 1.186800e-02 0.000000e+00 9.881320e-01
332 1.186800e-02 0.000000e+00 9.881320e-01
333 1.186800e-02 0.000000e+00 9.881320e-01
334 1.186800e-02 0.000000e+00 9.881320e-01
335 1.186800e-02 0.000000e+00 9.881320e-01
336 1.186800e-02 0.000000e+00 9.881320e-01
337 1.186800e-02 0.000000e+00 9.881320e-01
338 1.186800e-02 0.000000e+00 9.881320e-01
339 1.186800e-02 0.000000e+00 9.881320e-01
340 1.186800e-02 0.000000e+00 9.881320e-01
341 1.186800e-02 0.000000e+00 9.881320e-01
342 1.186800e-02 0.000000e+00 9.881320e-01
343 1.186800e-02 0.000000e+00 9.881320e-01
344 1.186800e-02 0.000000e+00 9.881320e-01
345 1.186800e-02 0.000000e+00 9.881320e-01
346 1.186800e-02 0.000000e+00 9.881320e-01
347 1.186800e-02 0.000000e+00 9.881320e-01
348 1.186800e-02 0.000000e+00 9.881320e-01
349 1.186800e-02 0.000000e+00 9.881320e-01
350 1.186800e-02 0.000000e+00 9.881320e-01
351 1.186800e-02 0.000000e+00 9.881320e-01
352 1.186800e-02 0.000000e+00 9.881320e-01
353 1.186800e-02 0.000000e+00 9.881320e-01
354 1.186800e-02 0.000000e+00 9.881320e-01
355 1.186800e-02 0.000000e+00 9.881320e-01
356 1.186800e-02 0.000000e+00 9.881320e-01
357 1.186800e-02 0.000000e+00 9.881320e-01
358 1.186800e-02 0.000000e+00 9.881320e-01
359 1.186800e-02 0.000000e+00 9.881320e-01
360 1.186800e-02 0.000000e+00 9.881320e-01
361 1.186800e-02 0.000000e+00 9.881320e-01
362 1.186800e-02 0.000000e+00 9.881320e-01
363 1.186800e-02 0.000000e+00 9.881320e-01
364 1.186800e-02 0.000000e+00 9.881320e-01
365 1.186800e-02 0.000000e+00 9.881320e-01
366 1.186800e-02 0.000000e+00 9.881320e-01
367 1.186800e-02 0.000000e+00 9.881320e-01
368 1.186800e-02 0.000000e+00 9.881320e-01
369 1.186800e-02 0.000000e+00 9.881320e-01
370 1.186800e-02 0.000000e+00 9.881320e-01
371 1.186800e-02 0.000000e+00 9.881320e-01
372 1.186800e-02 0.000000e+00 9.881320e-01
373 1.186800e-02 0.000000e+00 9.881320e-01
374 1.186800e-02 0.000000e+00 9.881320e-01
375 1.186800e-02 0.000000e+00 9.881320e-01
376 1.186800e-02 0.000000e+00 9.881320e-01
377 1.186800e-02 0.000000e+00 9.881320e-01
378 1.186800e-02 0.000000e+00 9.881320e-01
379 1.186800e-02 0.000000e+00 9.881320e-01
380 1.186800e-02 0.000000e+00 9.881320e-01
381 1.186800e-02 0.000000e+00 9.881320e-01
382 1.186800e-02 0.000000e+00 9.881320e-01
383 1.186800e-02 0.000000e+00 9.881320e-01
384 1.186800e-02 0.000000e+00 9.881320e-01
385 1.186800e-02 0.000000e+00 9.881320e-01
386 1.186800e-02 0.000000e+00 9.881320e-01
387 1.186800e-02 0.000000e+00 9.881320e-01
388 1.186800e-02 0.000000e+00 9.881320e-01
389 1.186800e-02 0.000000e+00 9.881320e-01
390 1.186800e-02 0.000000e+00 9.881320e-01
391 1.186800e-02 0.000000e+00 9.881320e-01
392 1.186800e-02 0.000000e+00 9.881320e-01
393 1.186800e-02 0.000000e+00 9.881320e-01
394 1.186800e-02 0.000000e+00 9.881320e-01
395 1.186800e-02 0.000000e+00 9.881320e-01
396 1.186800e-02 0.000000e+00 9.881320e-01
397 1.186800e-02 0.000000e+00 9.881320e-01
398 1.186800e-02 0.000000e+00 9.881320e-01
399 1.186800e-02 0.000000e+00 9.881320e-01
400 1.186800e-02 0.000000e+00 9.881320e-01
401 1.186800e-02 0.000000e+00 9.881320e-01
402 1.186800e-02 0.000000e+00 9.881320e-01
403 1.186800e-02 0.000000e+00 9.881320e-01
404 1.186800e-02 0.000000e+00 9.881320e-01
405 1.186800e-02 0.000000e+00 9.881320e-01
406 1.186800e-02 0.000000e+00 9.881320e-01
407 1.186800e-02 0.000000e+00 9.881320e-01
408 1.186800e-02 0.000000e+00 9.881320e-01
409 1.186800e-02 0.000000e+00 9.881320e-01
410 1.186800e-02 0.000000e+00 9.881320e-01
411 1.186800e-02 0.000000e+00 9.881320e-01
412 1.186800e-02 0.000000e+00 9.881320e-01
413 1.186800e-02 0.000000e+00 9.881320e-01
414 1.186800e-02 0.000000e+00 9.881320e-01
415 1.186800e-02 0.000000e+00 9.881320e-01
416 1.186800e-02 0.000000e+00 9.881320e-01
417 1.186800e-02 0.000000e+00 9.881320e-01
418 1.186800e-02 0.000000e+00 9.881320e-01
419 1.186800e-02 0.000000e+00 9.881320e-01
420 1.186800e-02 0.000000e+00 9.881320e-01
421 1.186800e-02 0.000000e+00 9.881320e-01
422 1.186800e-02 0.000000e+00 9.881320e-01
423 1.186800e-02 0.000000e+00 9.881320e-01
424 1.186800e-02 0.000000e+00 9.881320e-01
425 1.186800e-02 0.000000e+00 9.881320e-01
426 1.186800e-02 0.000000e+00 9.881320e-01
427 1.186800e-02 0.000000e+00 9.881320e-01
428 1.186800e-02 0.000000e+00 9.881320e-01
429 1.186800e-02 0.000000e+00 9.881320e-01
430 1.186800e-02 0.000000e+00 9.881320e-01
431 1.186800e-02 0.000000e+00 9.881320e-01
432 1.186800e-02 0.000000e+00 9.881320e-01
433 1.186800e-02 0.000000e+00 9.881320e-01
434 1.186800e-02 0.000000e+00 9.881320e-01
435 1.186800e-02 0.000000e+00 9.881320e-01
436 1.186800e-02 0.000000e+00 9.881320e-01
437 1.186800e-02 0.000000e+00 9.881320e-01
438 1.186800e-02 0.000000e+00 9.881320e-01
439 1.186800e-02 0.000000e+00 9.881320e-01
440 1.186800e-02 0.000000e+00 9.881320e-01
441 1.186800e-02 0.000000e+00 9.881320e-01
442 1.186800e-02 0.000000e+00 9.881320e-01
443 1.186800e-02 0.000000e+00 9.881320e-01
444 1.186800e-02 0.000000e+00 9.881320e-01
445 1.186800e-02 0.000000e+00 9.881320e-01
446 1.186800e-02 0.000000e+00 9.881320e-01
447 1.186800e-02 0.000000e+00 9.881320e-01
448 1.186800e-02 0.000000e+00 9.881320e-01
449 1.186800e-02 0.000000e+00 9.881320e-01
450 1.186800e-02 0.000000e+00 9.881320e-01
451 1.186800e-02 0.000000e+00 9.881320e-01
452 1.186800e-02 0.000000e+00 9.881320e-01
453 1.186800e-02 0.000000e+00 9.881320e-01
454 1.186800e-02 0.000000e+00 9.881320e-01
455 1.186800e-02 0.000000e+00 9.881320e-01
456 1.186800e-02 0.000000e+00 9.881320e-01
457 1.186800e-02 0.000000e+00 9.881320e-01
458 1.186800e-02 0.000000e+00 9.881320e-01
459 1.186800e-02 0.000000e+00 9.881320e-01
460 1.186800e-02 0.000000e+00 9.881320e-01
461 1.186800e-02 0.000000e+00 9.881320e-01
462 1.186800e-02 0.000000e+00 9.881320e-01
463 1.186800e-02 0.000000e+00 9.881320e-01
464 1.186800e-02 0.000000e+00 9.881320e-01
465 1.186800e-02 0.000000e+00 9.881320e-01
466 1.186800e-02 0.000000e+00 9.881320e-01
467 1.186800e-02 0.000000e+00 9.881320e-01
468 1.186800e-02 0.000000e+00 9.881320e-01
469 1.186800e-02 0.000000e+00 9.881320e-01
470 1.186800e-02 0.000000e+00 9.881320e-01
471 1.186800e-02 0.000000e+00 9.881320e-01
472 1.186800e-02 0.000000e+00 9.881320e-01
473 1.186800e-02 0.000000e+00 9.881320e-01
474 1.186800e-02 0.000000e+00 9.881320e-01
475 1.186800e-02 0.000000e+00 9.881320e-01
476 1.186800e-02 0.000000e+00 9.881320e-01
477 1.186800e-02 0.000000e+00 9.881320e-01
478 1.186800e-02 0.000000e+00 9.881320e-01
479 1.186800e-02 0.000000e+00 9.881320e-01
480 1.186800e-02 0.000000e+00 9.881320e-01
481 1.186800e-02 0.000000e+00 9.881320e-01
482 1.186800e-02 0.000000e+00 9.881320e-01
483 1.186800e-02 0.000000e+00 9.881320e-01
484 1.186800e-02 0.000000e+00 9.881320e-01
485 1.186800e-02 0.000000e+00 9.881320e-01
486 1.186800e-02 0.000000e+00 9.881320e-01
487 1.186800e-02 0.000000e+00 9.881320e-01
488 1.186800e-02 0.000000e+00 9.881320e-01
489 1.186800e-02 0.000000e+00 9.881320e-01
490 1.186800e-02 0.000000e+00 9.881320e-01
491 1.186800e-02 0.000000e+00 9.881320e-01
492 1.186800e-02 0.000000e+00 9.881320e-01
493 1.186800e-02 0.000000e+00 9.881320e-01
494 1.186800e-02 0.000000e+00 9.881320e-01
495 1.186800e-02 0.000000e+00 9.881320e-01
496 1.186800e-02 0.000000e+00 9.881320e-01
497 1.186800e-02 0.000000e+00 9.881320e-01
498 1.186800e-02 0.000000e+00 9.881320e-01
499 1.186800e-02 0.000000e+00 9.881320e-01
500 1.186800e-02 0.000000e+00 9.881320e-01
