1 9.991960e-01 7.040000e-04 1.000000e-04
2 9.984080e-01 1.316000e-03 2.760000e-04
3 9.971120e-01 2.288000e-03 6.000000e-04
4 9.948080e-01 4.036000e-03 1.156000e-03
5 9.913840e-01 6.584000e-03 2.032000e-03
6 9.863160e-01 1.010800e-02 3.576000e-03
7 9.788440e-01 1.535200e-02 5.804000e-03
8 9.688920e-01 2.202400e-02 9.084000e-03
9 9.564800e-01 2.989600e-02 1.362400e-02
10 9.412320e-01 3.923200e-02 1.953600e-02
11 9.228280e-01 4.966000e-02 2.751200e-02
12 9.012240e-01 6.164000e-02 3.713600e-02
13 8.763080e-01 7.465600e-02 4.903600e-02
14 8.483560e-01 8.844800e-02 6.319600e-02
15 8.166840e-01 1.034080e-01 7.990800e-02
16 7.831480e-01 1.176120e-01 9.924000e-02
17 7.463720e-01 1.327520e-01 1.208760e-01
18 7.086000e-01 1.462760e-01 1.451240e-01
19 6.680800e-01 1.597720e-01 1.721480e-01
20 6.272640e-01 1.717680e-01 2.009680e-01
21 5.863360e-01 1.817880e-01 2.318760e-01
22 5.446680e-01 1.907680e-01 2.645640e-01
23 5.046720e-01 1.964960e-01 2.988320e-01
24 4.646200e-01 2.011040e-01 3.342760e-01
25 4.253240e-01 2.044720e-01 3.702040e-01
26 3.867920e-01 2.069280e-01 4.062800e-01
27 3.502040e-01 2.072880e-01 4.425080e-01
28 3.142160e-01 2.073880e-01 4.783960e-01
29 2.801080e-01 2.059880e-01 5.139040e-01
30 2.486000e-01 2.021920e-01 5.492080e-01
31 2.188800e-01 1.968640e-01 5.842560e-01
32 1.914400e-01 1.908680e-01 6.176920e-01
33 1.654120e-01 1.848320e-01 6.497560e-01
34 1.420080e-01 1.769440e-01 6.810480e-01
35 1.206200e-01 1.680840e-01 7.112960e-01
36 1.010320e-01 1.586680e-01 7.403000e-01
37 8.406400e-02 1.491280e-01 7.668080e-01
38 6.881200e-02 1.394480e-01 7.917400e-01
39 5.586400e-02 1.287040e-01 8.154320e-01
40 4.590000e-02 1.167960e-01 8.373040e-01
41 3.775200e-02 1.053400e-01 8.569080e-01
42 3.146800e-02 9.390800e-02 8.746240e-01
43 2.649200e-02 8.372800e-02 8.897800e-01
44 2.282400e-02 7.349600e-02 9.036800e-01
45 1.985600e-02 6.459200e-02 9.155520e-01
46 1.768400e-02 5.618000e-02 9.261360e-01
47 1.629600e-02 4.845600e-02 9.352480e-01
48 1.529600e-02 4.145600e-02 9.432480e-01
49 1.443600e-02 3.538000e-02 9.501840e-01
50 1.392400e-02 3.026800e-02 9.558080e-01
51 1.347200e-02 2.566800e-02 9.608600e-01
52 1.310400e-02 2.195200e-02 9.649440e-01
53 1.287600e-02 1.859200e-02 9.685320e-01
54 1.267200e-02 1.580000e-02 9.715280e-01
55 1.252400e-02 1.334000e-02 9.741360e-01
56 1.236400e-02 1.124400e-02 9.763920e-01
57 1.227600e-02 9.572000e-03 9.781520e-01
58 1.219600e-02 8.084000e-03 9.797200e-01
59 1.212400e-02 6.856000e-03 9.810200e-01
60 1.206000e-02 5.812000e-03 9.821280e-01
61 1.201200e-02 4.836000e-03 9.831520e-01
62 1.198400e-02 4.048000e-03 9.839680e-01
63 1.195600e-02 3.392000e-03 9.846520e-01
64 1.194800e-02 2.880000e-03 9.851720e-01
65 1.192000e-02 2.512000e-03 9.855680e-01
66 1.191600e-02 2.060000e-03 9.860240e-01
67 1.191600e-02 1.780000e-03 9.863040e-01
68 1.190000e-02 1.524000e-03 9.865760e-01
69 1.188400e-02 1.308000e-03 9.868080e-01
70 1.188400e-02 1.072000e-03 9.870440e-01
71 1.188000e-02 8.880000e-04 9.872320e-01
72 1.186000e-02 7.720000e-04 9.873680e-01
73 1.186000e-02 6.280000e-04 9.875120e-01
74 1.185600e-02 5.120000e-04 9.876320e-01
75 1.185200e-02 4.360000e-04 9.877120e-01
76 1.185200e-02 3.440000e-04 9.878040e-01
77 1.185200e-02 2.720000e-04 9.878760e-01
78 1.185200e-02 2.480000e-04 9.879000e-01
79 1.184800e-02 2.280000e-04 9.879240e-01
80 1.184800e-02 2.000000e-04 9.879520e-01
81 1.184800e-02 1.640000e-04 9.879880e-01
82 1.184800e-02 1.440000e-04 9.880080e-01
83 1.184800e-02 1.240000e-04 9.880280e-01
84 1.184800e-02 1.000000e-04 9.880520e-01
85 1.184800e-02 8.800000e-05 9.880640e-01
86 1.184800e-02 8.000000e-05 9.880720e-01
87 1.184800e-02 6.800000e-05 9.880840e-01
88 1.184800e-02 6.000000e-05 9.880920e-01
89 1.184800e-02 5.200000e-05 9.881000e-01
90 1.184800e-02 3.600000e-05 9.881160e-01
91 1.184800e-02 2.800000e-05 9.881240e-01
92 1.184800e-02 1.600000e-05 9.881360e-01
93 1.184800e-02 8.000000e-06 9.881440e-01
94 1.184800e-02 8.000000e-06 9.881440e-01
95 1.184800e-02 0.000000e+00 9.881520e-01
96 1.184800e-02 0.000000e+00 9.881520e-01
97 1.184800e-02 0.000000e+00 9.881520e-01
98 1.184800e-02 0.000000e+00 9.881520e-01
99 1.184800e-02 0.000000e+00 9.881520e-01
100 1.184800e-02 0.000000e+00 9.881520e-01
101 1.184800e-02 0.000000e+00 9.881520e-01
102 1.184800e-02 0.000000e+00 9.881520e-01
103 1.184800e-02 0.000000e+00 9.881520e-01
104 1.184800e-02 0.000000e+00 9.881520e-01
105 1.184800e-02 0.000000e+00 9.881520e-01
106 1.184800e-02 0.000000e+00 9.881520e-01
107 1.184800e-02 0.000000e+00 9.881520e-01
108 1.184800e-02 0.000000e+00 9.881520e-01
109 1.184800e-02 0.000000e+00 9.881520e-01
110 1.184800e-02 0.000000e+00 9.881520e-01
111 1.184800e-02 0.000000e+00 9.881520e-01
112 1.184800e-02 0.000000e+00 9.881520e-01
113 1.184800e-02 0.000000e+00 9.881520e-01
114 1.184800e-02 0.000000e+00 9.881520e-01
115 1.184800e-02 0.000000e+00 9.881520e-01
116 1.184800e-02 0.000000e+00 9.881520e-01
117 1.184800e-02 0.000000e+00 9.881520e-01
118 1.184800e-02 0.000000e+00 9.881520e-01
119 1.184800e-02 0.000000e+00 9.881520e-01
120 1.184800e-02 0.000000e+00 9.881520e-01
121 1.184800e-02 0.000000e+00 9.881520e-01
122 1.184800e-02 0.000000e+00 9.881520e-01
123 1.184800e-02 0.000000e+00 9.881520e-01
124 1.184800e-02 0.000000e+00 9.881520e-01
125 1.184800e-02 0.000000e+00 9.881520e-01
126 1.184800e-02 0.000000e+00 9.881520e-01
127 1.184800e-02 0.000000e+00 9.881520e-01
128 1.184800e-02 0.000000e+00 9.881520e-01
129 1.184800e-02 0.000000e+00 9.881520e-01
130 1.184800e-02 0.000000e+00 9.881520e-01
131 1.184800e-02 0.000000e+00 9.881520e-01
132 1.184800e-02 0.000000e+00 9.881520e-01
133 1.184800e-02 0.000000e+00 9.881520e-01
134 1.184800e-02 0.000000e+00 9.881520e-01
135 1.184800e-02 0.000000e+00 9.881520e-01
136 1.184800e-02 0.000000e+00 9.881520e-01
137 1.184800e-02 0.000000e+00 9.881520e-01
138 1.184800e-02 0.000000e+00 9.881520e-01
139 1.184800e-02 0.000000e+00 9.881520e-01
140 1.184800e-02 0.000000e+00 9.881520e-01
141 1.184800e-02 0.000000e+00 9.881520e-01
142 1.184800e-02 0.000000e+00 9.881520e-01
143 1.184800e-02 0.000000e+00 9.881520e-01
144 1.184800e-02 0.000000e+00 9.881520e-01
145 1.184800e-02 0.000000e+00 9.881520e-01
146 1.184800e-02 0.000000e+00 9.881520e-01
147 1.184800e-02 0.000000e+00 9.881520e-01
148 1.184800e-02 0.000000e+00 9.881520e-01
149 1.184800e-02 0.000000e+00 9.881520e-01
150 1.184800e-02 0.000000e+00 9.881520e-01
151 1.184800e-02 0.000000e+00 9.881520e-01
152 1.184800e-02 0.000000e+00 9.881520e-01
153 1.184800e-02 0.000000e+00 9.881520e-01
154 1.184800e-02 0.000000e+00 9.881520e-01
155 1.184800e-02 0.000000e+00 9.881520e-01
156 1.184800e-02 0.000000e+00 9.881520e-01
157 1.184800e-02 0.000000e+00 9.881520e-01
158 1.184800e-02 0.000000e+00 9.881520e-01
159 1.184800e-02 0.000000e+00 9.881520e-01
160 1.184800e-02 0.000000e+00 9.881520e-01
161 1.184800e-02 0.000000e+00 9.881520e-01
162 1.184800e-02 0.000000e+00 9.881520e-01
163 1.184800e-02 0.000000e+00 9.881520e-01
164 1.184800e-02 0.000000e+00 9.881520e-01
165 1.184800e-02 0.000000e+00 9.881520e-01
166 1.184800e-02 0.000000e+00 9.881520e-01
167 1.184800e-02 0.000000e+00 9.881520e-01
168 1.184800e-02 0.000000e+00 9.881520e-01
169 1.184800e-02 0.000000e+00 9.881520e-01
170 1.184800e-02 0.000000e+00 9.881520e-01
171 1.184800e-02 0.000000e+00 9.881520e-01
172 1.184800e-02 0.000000e+00 9.881520e-01
173 1.184800e-02 0.000000e+00 9.881520e-01
174 1.184800e-02 0.000000e+00 9.881520e-01
175 1.184800e-02 0.000000e+00 9.881520e-01
176 1.184800e-02 0.000000e+00 9.881520e-01
177 1.184800e-02 0.000000e+00 9.881520e-01
178 1.184800e-02 0.000000e+00 9.881520e-01
179 1.184800e-02 0.000000e+00 9.881520e-01
180 1.184800e-02 0.000000e+00 9.881520e-01
181 1.184800e-02 0.000000e+00 9.881520e-01
182 1.184800e-02 0.000000e+00 9.881520e-01
183 1.184800e-02 0.000000e+00 9.881520e-01
184 1.184800e-02 0.000000e+00 9.881520e-01
185 1.184800e-02 0.000000e+00 9.881520e-01
186 1.184800e-02 0.000000e+00 9.881520e-01
187 1.184800e-02 0.000000e+00 9.881520e-01
188 1.184800e-02 0.000000e+00 9.881520e-01
189 1.184800e-02 0.000000e+00 9.881520e-01
190 1.184800e-02 0.000000e+00 9.881520e-01
191 1.184800e-02 0.000000e+00 9.881520e-01
192 1.184800e-02 0.000000e+00 9.881520e-01
193 1.184800e-02 0.000000e+00 9.881520e-01
194 1.184800e-02 0.000000e+00 9.881520e-01
195 1.184800e-02 0.000000e+00 9.881520e-01
196 1.184800e-02 0.000000e+00 9.881520e-01
197 1.184800e-02 0.000000e+00 9.881520e-01
198 1.184800e-02 0.000000e+00 9.881520e-01
199 1.184800e-02 0.000000e+00 9.881520e-01
200 1.184800e-02 0.000000e+00 9.881520e-01
201 1.184800e-02 0.000000e+00 9.881520e-01
202 1.184800e-02 0.000000e+00 9.881520e-01
203 1.184800e-02 0.000000e+00 9.881520e-01
204 1.184800e-02 0.000000e+00 9.881520e-01
205 1.184800e-02 0.000000e+00 9.881520e-01
206 1.184800e-02 0.000000e+00 9.881520e-01
207 1.184800e-02 0.000000e+00 9.881520e-01
208 1.184800e-02 0.000000e+00 9.881520e-01
209 1.184800e-02 0.000000e+00 9.881520e-01
210 1.184800e-02 0.000000e+00 9.881520e-01
211 1.184800e-02 0.000000e+00 9.881520e-01
212 1.184800e-02 0.000000e+00 9.881520e-01
213 1.184800e-02 0.000000e+00 9.881520e-01
214 1.184800e-02 0.000000e+00 9.881520e-01
215 1.184800e-02 0.000000e+00 9.881520e-01
216 1.184800e-02 0.000000e+00 9.881520e-01
217 1.184800e-02 0.000000e+00 9.881520e-01
218 1.184800e-02 0.000000e+00 9.881520e-01
219 1.184800e-02 0.000000e+00 9.881520e-01
220 1.184800e-02 0.000000e+00 9.881520e-01
221 1.184800e-02 0.000000e+00 9.881520e-01
222 1.184800e-02 0.000000e+00 9.881520e-01
223 1.184800e-02 0.000000e+00 9.881520e-01
224 1.184800e-02 0.000000e+00 9.881520e-01
225 1.184800e-02 0.000000e+00 9.881520e-01
226 1.184800e-02 0.000000e+00 9.881520e-01
227 1.184800e-02 0.000000e+00 9.881520e-01
228 1.184800e-02 0.000000e+00 9.881520e-01
229 1.184800e-02 0.000000e+00 9.881520e-01
230 1.184800e-02 0.000000e+00 9.881520e-01
231 1.184800e-02 0.000000e+00 9.881520e-01
232 1.184800e-02 0.000000e+00 9.881520e-01
233 1.184800e-02 0.000000e+00 9.881520e-01
234 1.184800e-02 0.000000e+00 9.881520e-01
235 1.184800e-02 0.000000e+00 9.881520e-01
236 1.184800e-02 0.000000e+00 9.881520e-01
237 1.184800e-02 0.000000e+00 9.881520e-01
238 1.184800e-02 0.000000e+00 9.881520e-01
239 1.184800e-02 0.000000e+00 9.881520e-01
240 1.184800e-02 0.000000e+00 9.881520e-01
241 1.184800e-02 0.000000e+00 9.881520e-01
242 1.184800e-02 0.000000e+00 9.881520e-01
243 1.184800e-02 0.000000e+00 9.881520e-01
244 1.184800e-02 0.000000e+00 9.881520e-01
245 1.184800e-02 0.000000e+00 9.881520e-01
246 1.184800e-02 0.000000e+00 9.881520e-01
247 1.184800e-02 0.000000e+00 9.881520e-01
248 1.184800e-02 0.000000e+00 9.881520e-01
249 1.184800e-02 0.000000e+00 9.881520e-01
250 1.184800e-02 0.000000e+00 9.881520e-01
251 1.184800e-02 0.000000e+00 9.881520e-01
252 1.184800e-02 0.000000e+00 9.881520e-01
253 1.184800e-02 0.000000e+00 9.881520e-01
254 1.184800e-02 0.000000e+00 9.881520e-01
255 1.184800e-02 0.000000e+00 9.881520e-01
256 1.184800e-02 0.000000e+00 9.881520e-01
257 1.184800e-02 0.000000e+00 9.881520e-01
258 1.184800e-02 0.000000e+00 9.881520e-01
259 1.184800e-02 0.000000e+00 9.881520e-01
260 1.184800e-02 0.000000e+00 9.881520e-01
261 1.184800e-02 0.000000e+00 9.881520e-01
262 1.184800e-02 0.000000e+00 9.881520e-01
263 1.184800e-02 0.000000e+00 9.881520e-01
264 1.184800e-02 0.000000e+00 9.881520e-01
265 1.184800e-02 0.000000e+00 9.881520e-01
266 1.184800e-02 0.000000e+00 9.881520e-01
267 1.184800e-02 0.000000e+00 9.881520e-01
268 1.184800e-02 0.000000e+00 9.881520e-01
269 1.184800e-02 0.000000e+00 9.881520e-01
270 1.184800e-02 0.000000e+00 9.881520e-01
271 1.184800e-02 0.000000e+00 9.881520e-01
272 1.184800e-02 0.000000e+00 9.881520e-01
273 1.184800e-02 0.000000e+00 9.881520e-01
274 1.184800e-02 0.000000e+00 9.881520e-01
275 1.184800e-02 0.000000e+00 9.881520e-01
276 1.184800e-02 0.000000e+00 9.881520e-01
277 1.184800e-02 0.000000e+00 9.881520e-01
278 1.184800e-02 0.000000e+00 9.881520e-01
279 1.184800e-02 0.000000e+00 9.881520e-01
280 1.184800e-02 0.000000e+00 9.881520e-01
281 1.184800e-02 0.000000e+00 9.881520e-01
282 1.184800e-02 0.000000e+00 9.881520e-01
283 1.184800e-02 0.000000e+00 9.881520e-01
284 1.184800e-02 0.000000e+00 9.881520e-01
285 1.184800e-02 0.000000e+00 9.881520e-01
286 1.184800e-02 0.000000e+00 9.881520e-01
287 1.184800e-02 0.000000e+00 9.881520e-01
288 1.184800e-02 0.000000e+00 9.881520e-01
289 1.184800e-02 0.000000e+00 9.881520e-01
290 1.184800e-02 0.000000e+00 9.881520e-01
291 1.184800e-02 0.000000e+00 9.881520e-01
292 1.184800e-02 0.000000e+00 9.881520e-01
293 1.184800e-02 0.000000e+00 9.881520e-01
294 1.184800e-02 0.000000e+00 9.881520e-01
295 1.184800e-02 0.000000e+00 9.881520e-01
296 1.184800e-02 0.000000e+00 9.881520e-01
297 1.184800e-02 0.000000e+00 9.881520e-01
298 1.184800e-02 0.000000e+00 9.881520e-01
299 1.184800e-02 0.000000e+00 9.881520e-01
300 1.184800e-02 0.000000e+00 9.881520e-01
301 1.184800e-02 0.000000e+00 9.881520e-01
302 1.184800e-02 0.000000e+00 9.881520e-01
303 1.184800e-02 0.000000e+00 9.881520e-01
304 1.184800e-02 0.000000e+00 9.881520e-01
305 1.184800e-02 0.000000e+00 9.881520e-01
306 1.184800e-02 0.000000e+00 9.881520e-01
307 1.184800e-02 0.000000e+00 9.881520e-01
308 1.184800e-02 0.000000e+00 9.881520e-01
309 1.184800e-02 0.000000e+00 9.881520e-01
310 1.184800e-02 0.000000e+00 9.881520e-01
311 1.184800e-02 0.000000e+00 9.881520e-01
312 1.184800e-02 0.000000e+00 9.881520e-01
313 1.184800e-02 0.000000e+00 9.881520e-01
314 1.184800e-02 0.000000e+00 9.881520e-01
315 1.184800e-02 0.000000e+00 9.881520e-01
316 1.184800e-02 0.000000e+00 9.881520e-01
317 1.184800e-02 0.000000e+00 9.881520e-01
318 1.184800e-02 0.000000e+00 9.881520e-01
319 1.184800e-02 0.000000e+00 9.881520e-01
320 1.184800e-02 0.000000e+00 9.881520e-01
321 1.184800e-02 0.000000e+00 9.881520e-01
322 1.184800e-02 0.000000e+00 9.881520e-01
323 1.184800e-02 0.000000e+00 9.881520e-01
324 1.184800e-02 0.000000e+00 9.881520e-01
325 1.184800e-02 0.000000e+00 9.881520e-01
326 1.184800e-02 0.000000e+00 9.881520e-01
327 1.184800e-02 0.000000e+00 9.881520e-01
328 1.184800e-02 0.000000e+00 9.881520e-01
329 1.184800e-02 0.000000e+00 9.881520e-01
330 1.184800e-02 0.000000e+00 9.881520e-01
331 1.184800e-02 0.000000e+00 9.881520e-01
332 1.184800e-02 0.000000e+00 9.881520e-01
333 1.184800e-02 0.000000e+00 9.881520e-01
334 1.184800e-02 0.000000e+00 9.881520e-01
335 1.184800e-02 0.000000e+00 9.881520e-01
336 1.184800e-02 0.000000e+00 9.881520e-01
337 1.184800e-02 0.000000e+00 9.881520e-01
338 1.184800e-02 0.000000e+00 9.881520e-01
339 1.184800e-02 0.000000e+00 9.881520e-01
340 1.184800e-02 0.000000e+00 9.881520e-01
341 1.184800e-02 0.000000e+00 9.881520e-01
342 1.184800e-02 0.000000e+00 9.881520e-01
343 1.184800e-02 0.000000e+00 9.881520e-01
344 1.184800e-02 0.000000e+00 9.881520e-01
345 1.184800e-02 0.000000e+00 9.881520e-01
346 1.184800e-02 0.000000e+00 9.881520e-01
347 1.184800e-02 0.000000e+00 9.881520e-01
348 1.184800e-02 0.000000e+00 9.881520e-01
349 1.184800e-02 0.000000e+00 9.881520e-01
350 1.184800e-02 0.000000e+00 9.881520e-01
351 1.184800e-02 0.000000e+00 9.881520e-01
352 1.184800e-02 0.000000e+00 9.881520e-01
353 1.184800e-02 0.000000e+00 9.881520e-01
354 1.184800e-02 0.000000e+00 9.881520e-01
355 1.184800e-02 0.000000e+00 9.881520e-01
356 1.184800e-02 0.000000e+00 9.881520e-01
357 1.184800e-02 0.000000e+00 9.881520e-01
358 1.184800e-02 0.000000e+00 9.881520e-01
359 1.184800e-02 0.000000e+00 9.881520e-01
360 1.184800e-02 0.000000e+00 9.881520e-01
361 1.184800e-02 0.000000e+00 9.881520e-01
362 1.184800e-02 0.000000e+00 9.881520e-01
363 1.184800e-02 0.000000e+00 9.881520e-01
364 1.184800e-02 0.000000e+00 9.881520e-01
365 1.184800e-02 0.000000e+00 9.881520e-01
366 1.184800e-02 0.000000e+00 9.881520e-01
367 1.184800e-02 0.000000e+00 9.881520e-01
368 1.184800e-02 0.000000e+00 9.881520e-01
369 1.184800e-02 0.000000e+00 9.881520e-01
370 1.184800e-02 0.000000e+00 9.881520e-01
371 1.184800e-02 0.000000e+00 9.881520e-01
372 1.184800e-02 0.000000e+00 9.881520e-01
373 1.184800e-02 0.000000e+00 9.881520e-01
374 1.184800e-02 0.000000e+00 9.881520e-01
375 1.184800e-02 0.000000e+00 9.881520e-01
376 1.184800e-02 0.000000e+00 9.881520e-01
377 1.184800e-02 0.000000e+00 9.881520e-01
378 1.184800e-02 0.000000e+00 9.881520e-01
379 1.184800e-02 0.000000e+00 9.881520e-01
380 1.184800e-02 0.000000e+00 9.881520e-01
381 1.184800e-02 0.000000e+00 9.881520e-01
382 1.184800e-02 0.000000e+00 9.881520e-01
383 1.184800e-02 0.000000e+00 9.881520e-01
384 1.184800e-02 0.000000e+00 9.881520e-01
385 1.184800e-02 0.000000e+00 9.881520e-01
386 1.184800e-02 0.000000e+00 9.881520e-01
387 1.184800e-02 0.000000e+00 9.881520e-01
388 1.184800e-02 0.000000e+00 9.881520e-01
389 1.184800e-02 0.000000e+00 9.881520e-01
390 1.184800e-02 0.000000e+00 9.881520e-01
391 1.184800e-02 0.000000e+00 9.881520e-01
392 1.184800e-02 0.000000e+00 9.881520e-01
393 1.184800e-02 0.000000e+00 9.881520e-01
394 1.184800e-02 0.000000e+00 9.881520e-01
395 1.184800e-02 0.000000e+00 9.881520e-01
396 1.184800e-02 0.000000e+00 9.881520e-01
397 1.184800e-02 0.000000e+00 9.881520e-01
398 1.184800e-02 0.000000e+00 9.881520e-01
399 1.184800e-02 0.000000e+00 9.881520e-01
400 1.184800e-02 0.000000e+00 9.881520e-01
401 1.184800e-02 0.000000e+00 9.881520e-01
402 1.184800e-02 0.000000e+00 9.881520e-01
403 1.184800e-02 0.000000e+00 9.881520e-01
404 1.184800e-02 0.000000e+00 9.881520e-01
405 1.184800e-02 0.000000e+00 9.881520e-01
406 1.184800e-02 0.000000e+00 9.881520e-01
407 1.184800e-02 0.000000e+00 9.881520e-01
408 1.184800e-02 0.000000e+00 9.881520e-01
409 1.184800e-02 0.000000e+00 9.881520e-01
410 1.184800e-02 0.000000e+00 9.881520e-01
411 1.184800e-02 0.000000e+00 9.881520e-01
412 1.184800e-02 0.000000e+00 9.881520e-01
413 1.184800e-02 0.000000e+00 9.881520e-01
414 1.184800e-02 0.000000e+00 9.881520e-01
415 1.184800e-02 0.000000e+00 9.881520e-01
416 1.184800e-02 0.000000e+00 9.881520e-01
417 1.184800e-02 0.000000e+00 9.881520e-01
418 1.184800e-02 0.000000e+00 9.881520e-01
419 1.184800e-02 0.000000e+00 9.881520e-01
420 1.184800e-02 0.000000e+00 9.881520e-01
421 1.184800e-02 0.000000e+00 9.881520e-01
422 1.184800e-02 0.000000e+00 9.881520e-01
423 1.184800e-02 0.000000e+00 9.881520e-01
424 1.184800e-02 0.000000e+00 9.881520e-01
425 1.184800e-02 0.000000e+00 9.881520e-01
426 1.184800e-02 0.000000e+00 9.881520e-01
427 1.184800e-02 0.000000e+00 9.881520e-01
428 1.184800e-02 0.000000e+00 9.881520e-01
429 1.184800e-02 0.000000e+00 9.881520e-01
430 1.184800e-02 0.000000e+00 9.881520e-01
431 1.184800e-02 0.000000e+00 9.881520e-01
432 1.184800e-02 0.000000e+00 9.881520e-01
433 1.184800e-02 0.000000e+00 9.881520e-01
434 1.184800e-02 0.000000e+00 9.881520e-01
435 1.184800e-02 0.000000e+00 9.881520e-01
436 1.184800e-02 0.000000e+00 9.881520e-01
437 1.184800e-02 0.000000e+00 9.881520e-01
438 1.184800e-02 0.000000e+00 9.881520e-01
439 1.184800e-02 0.000000e+00 9.881520e-01
440 1.184800e-02 0.000000e+00 9.881520e-01
441 1.184800e-02 0.000000e+00 9.881520e-01
442 1.184800e-02 0.000000e+00 9.881520e-01
443 1.184800e-02 0.000000e+00 9.881520e-01
444 1.184800e-02 0.000000e+00 9.881520e-01
445 1.184800e-02 0.000000e+00 9.881520e-01
446 1.184800e-02 0.000000e+00 9.881520e-01
447 1.184800e-02 0.000000e+00 9.881520e-01
448 1.184800e-02 0.000000e+00 9.881520e-01
449 1.184800e-02 0.000000e+00 9.881520e-01
450 1.184800e-02 0.000000e+00 9.881520e-01
451 1.184800e-02 0.000000e+00 9.881520e-01
452 1.184800e-02 0.000000e+00 9.881520e-01
453 1.184800e-02 0.000000e+00 9.881520e-01
454 1.184800e-02 0.000000e+00 9.881520e-01
455 1.184800e-02 0.000000e+00 9.881520e-01
456 1.184800e-02 0.000000e+00 9.881520e-01
457 1.184800e-02 0.000000e+00 9.881520e-01
458 1.184800e-02 0.000000e+00 9.881520e-01
459 1.184800e-02 0.000000e+00 9.881520e-01
460 1.184800e-02 0.000000e+00 9.881520e-01
461 1.184800e-02 0.000000e+00 9.881520e-01
462 1.184800e-02 0.000000e+00 9.881520e-01
463 1.184800e-02 0.000000e+00 9.881520e-01
464 1.184800e-02 0.000000e+00 9.881520e-01
465 1.184800e-02 0.000000e+00 9.881520e-01
466 1.184800e-02 0.000000e+00 9.881520e-01
467 1.184800e-02 0.000000e+00 9.881520e-01
468 1.184800e-02 0.000000e+00 9.881520e-01
469 1.184800e-02 0.000000e+00 9.881520e-01
470 1.184800e-02 0.000000e+00 9.881520e-01
471 1.184800e-02 0.000000e+00 9.881520e-01
472 1.184800e-02 0.000000e+00 9.881520e-01
473 1.184800e-02 0.000000e+00 9.881520e-01
474 1.184800e-02 0.000000e+00 9.881520e-01
475 1.184800e-02 0.000000e+00 9.881520e-01
476 1.184800e-02 0.000000e+00 9.881520e-01
477 1.184800e-02 0.000000e+00 9.881520e-01
478 1.184800e-02 0.000000e+00 9.881520e-01
479 1.184800e-02 0.000000e+00 9.881520e-01
480 1.184800e-02 0.000000e+00 9.881520e-01
481 1.184800e-02 0.000000e+00 9.881520e-01
482 1.184800e-02 0.000000e+00 9.881520e-01
483 1.184800e-02 0.000000e+00 9.881520e-01
484 1.184800e-02 0.000000e+00 9.881520e-01
485 1.184800e-02 0.000000e+00 9.881520e-01
486 1.184800e-02 0.000000e+00 9.881520e-01
487 1.184800e-02 0.000000e+00 9.881520e-01
488 1.184800e-02 0.000000e+00 9.881520e-01
489 1.184800e-02 0.000000e+00 9.881520e-01
490 1.184800e-02 0.000000e+00 9.881520e-01
491 1.184800e-02 0.000000e+00 9.881520e-01
492 1.184800e-02 0.000000e+00 9.881520e-01
493 1.184800e-02 0.000000e+00 9.881520e-01
494 1.184800e-02 0.000000e+00 9.881520e-01
495 1.184800e-02 0.000000e+00 9.881520e-01
496 1.184800e-02 0.000000e+00 9.881520e-01
497 1.184800e-02 0.000000e+00 9.881520e-01
498 1.184800e-02 0.000000e+00 9.881520e-01
499 1.184800e-02 0.000000e+00 9.881520e-01
500 1.184800e-02 0.000000e+00 9.881520e-01
