1 9.992600e-01 6.520000e-04 8.800000e-05
2 9.985240e-01 1.220000e-03 2.560000e-04
3 9.972200e-01 2.216000e-03 5.640000e-04
4 9.950480e-01 3.860000e-03 1.092000e-03
5 9.915720e-01 6.400000e-03 2.028000e-03
6 9.860280e-01 1.051200e-02 3.460000e-03
7 9.784040e-01 1.596000e-02 5.636000e-03
8 9.679160e-01 2.306000e-02 9.024000e-03
9 9.543400e-01 3.157200e-02 1.408800e-02
10 9.374160e-01 4.228000e-02 2.030400e-02
11 9.178080e-01 5.356800e-02 2.862400e-02
12 8.943040e-01 6.642800e-02 3.926800e-02
13 8.686480e-01 7.945600e-02 5.189600e-02
14 8.400920e-01 9.274800e-02 6.716000e-02
15 8.095840e-01 1.058200e-01 8.459600e-02
16 7.766200e-01 1.196320e-01 1.037480e-01
17 7.418960e-01 1.322960e-01 1.258080e-01
18 7.053360e-01 1.447000e-01 1.499640e-01
19 6.684760e-01 1.552920e-01 1.762320e-01
20 6.303520e-01 1.655680e-01 2.040800e-01
21 5.918240e-01 1.744200e-01 2.337560e-01
22 5.538640e-01 1.810760e-01 2.650600e-01
23 5.154880e-01 1.867160e-01 2.977960e-01
24 4.783440e-01 1.910200e-01 3.306360e-01
25 4.420680e-01 1.934880e-01 3.644440e-01
26 4.068800e-01 1.939880e-01 3.991320e-01
27 3.733320e-01 1.933760e-01 4.332920e-01
28 3.407400e-01 1.922040e-01 4.670560e-01
29 3.103120e-01 1.891640e-01 5.005240e-01
30 2.807840e-01 1.858160e-01 5.334000e-01
31 2.529560e-01 1.811120e-01 5.659320e-01
32 2.268880e-01 1.759040e-01 5.972080e-01
33 2.035720e-01 1.684240e-01 6.280040e-01
34 1.818040e-01 1.617840e-01 6.564120e-01
35 1.618160e-01 1.543160e-01 6.838680e-01
36 1.436280e-01 1.461360e-01 7.102360e-01
37 1.268640e-01 1.380440e-01 7.350920e-01
38 1.116520e-01 1.302880e-01 7.580600e-01
39 9.819600e-02 1.214640e-01 7.803400e-01
40 8.569600e-02 1.127880e-01 8.015160e-01
41 7.504000e-02 1.039800e-01 8.209800e-01
42 6.538800e-02 9.623200e-02 8.383800e-01
43 5.717200e-02 8.788400e-02 8.549440e-01
44 4.980000e-02 8.076400e-02 8.694360e-01
45 4.360000e-02 7.361200e-02 8.827880e-01
46 3.825600e-02 6.659200e-02 8.951520e-01
47 3.374800e-02 5.987600e-02 9.063760e-01
48 2.992000e-02 5.388400e-02 9.161960e-01
49 2.663200e-02 4.797200e-02 9.253960e-01
50 2.363600e-02 4.270800e-02 9.336560e-01
51 2.098800e-02 3.827200e-02 9.407400e-01
52 1.901200e-02 3.376800e-02 9.472200e-01
53 1.749600e-02 2.987200e-02 9.526320e-01
54 1.624800e-02 2.613600e-02 9.576160e-01
55 1.529600e-02 2.282000e-02 9.618840e-01
56 1.452000e-02 1.992000e-02 9.655600e-01
57 1.392400e-02 1.724400e-02 9.688320e-01
58 1.348400e-02 1.484400e-02 9.716720e-01
59 1.316000e-02 1.266800e-02 9.741720e-01
60 1.297600e-02 1.066400e-02 9.763600e-01
61 1.277600e-02 9.220000e-03 9.780040e-01
62 1.267600e-02 7.936000e-03 9.793880e-01
63 1.256800e-02 6.884000e-03 9.805480e-01
64 1.251600e-02 5.732000e-03 9.817520e-01
65 1.244400e-02 4.840000e-03 9.827160e-01
66 1.238800e-02 4.120000e-03 9.834920e-01
67 1.234400e-02 3.400000e-03 9.842560e-01
68 1.232800e-02 2.916000e-03 9.847560e-01
69 1.232000e-02 2.412000e-03 9.852680e-01
70 1.230400e-02 1.976000e-03 9.857200e-01
71 1.228000e-02 1.744000e-03 9.859760e-01
72 1.226000e-02 1.480000e-03 9.862600e-01
73 1.225200e-02 1.240000e-03 9.865080e-01
74 1.223600e-02 1.080000e-03 9.866840e-01
75 1.222400e-02 9.080000e-04 9.868680e-01
76 1.220400e-02 7.920000e-04 9.870040e-01
77 1.220400e-02 6.760000e-04 9.871200e-01
78 1.220400e-02 5.840000e-04 9.872120e-01
79 1.220000e-02 4.840000e-04 9.873160e-01
80 1.220000e-02 3.920000e-04 9.874080e-01
81 1.219600e-02 3.040000e-04 9.875000e-01
82 1.219200e-02 2.560000e-04 9.875520e-01
83 1.219200e-02 2.120000e-04 9.875960e-01
84 1.219200e-02 1.880000e-04 9.876200e-01
85 1.219200e-02 1.600000e-04 9.876480e-01
86 1.219200e-02 1.400000e-04 9.876680e-01
87 1.219200e-02 1.160000e-04 9.876920e-01
88 1.219200e-02 1.040000e-04 9.877040e-01
89 1.219200e-02 8.000000e-05 9.877280e-01
90 1.219200e-02 6.800000e-05 9.877400e-01
91 1.219200e-02 5.600000e-05 9.877520e-01
92 1.219200e-02 4.400000e-05 9.877640e-01
93 1.219200e-02 3.600000e-05 9.877720e-01
94 1.219200e-02 3.200000e-05 9.877760e-01
95 1.219200e-02 1.600000e-05 9.877920e-01
96 1.219200e-02 1.600000e-05 9.877920e-01
97 1.219200e-02 8.000000e-06 9.878000e-01
98 1.219200e-02 8.000000e-06 9.878000e-01
99 1.219200e-02 8.000000e-06 9.878000e-01
100 1.219200e-02 0.000000e+00 9.878080e-01
101 1.219200e-02 0.000000e+00 9.878080e-01
102 1.219200e-02 0.000000e+00 9.878080e-01
103 1.219200e-02 0.000000e+00 9.878080e-01
104 1.219200e-02 0.000000e+00 9.878080e-01
105 1.219200e-02 0.000000e+00 9.878080e-01
106 1.219200e-02 0.000000e+00 9.878080e-01
107 1.219200e-02 0.000000e+00 9.878080e-01
108 1.219200e-02 0.000000e+00 9.878080e-01
109 1.219200e-02 0.000000e+00 9.878080e-01
110 1.219200e-02 0.000000e+00 9.878080e-01
111 1.219200e-02 0.000000e+00 9.878080e-01
112 1.219200e-02 0.000000e+00 9.878080e-01
113 1.219200e-02 0.000000e+00 9.878080e-01
114 1.219200e-02 0.000000e+00 9.878080e-01
115 1.219200e-02 0.000000e+00 9.878080e-01
116 1.219200e-02 0.000000e+00 9.878080e-01
117 1.219200e-02 0.000000e+00 9.878080e-01
118 1.219200e-02 0.000000e+00 9.878080e-01
119 1.219200e-02 0.000000e+00 9.878080e-01
120 1.219200e-02 0.000000e+00 9.878080e-01
121 1.219200e-02 0.000000e+00 9.878080e-01
122 1.219200e-02 0.000000e+00 9.878080e-01
123 1.219200e-02 0.000000e+00 9.878080e-01
124 1.219200e-02 0.000000e+00 9.878080e-01
125 1.219200e-02 0.000000e+00 9.878080e-01
126 1.219200e-02 0.000000e+00 9.878080e-01
127 1.219200e-02 0.000000e+00 9.878080e-01
128 1.219200e-02 0.000000e+00 9.878080e-01
129 1.219200e-02 0.000000e+00 9.878080e-01
130 1.219200e-02 0.000000e+00 9.878080e-01
131 1.219200e-02 0.000000e+00 9.878080e-01
132 1.219200e-02 0.000000e+00 9.878080e-01
133 1.219200e-02 0.000000e+00 9.878080e-01
134 1.219200e-02 0.000000e+00 9.878080e-01
135 1.219200e-02 0.000000e+00 9.878080e-01
136 1.219200e-02 0.000000e+00 9.878080e-01
137 1.219200e-02 0.000000e+00 9.878080e-01
138 1.219200e-02 0.000000e+00 9.878080e-01
139 1.219200e-02 0.000000e+00 9.878080e-01
140 1.219200e-02 0.000000e+00 9.878080e-01
141 1.219200e-02 0.000000e+00 9.878080e-01
142 1.219200e-02 0.000000e+00 9.878080e-01
143 1.219200e-02 0.000000e+00 9.878080e-01
144 1.219200e-02 0.000000e+00 9.878080e-01
145 1.219200e-02 0.000000e+00 9.878080e-01
146 1.219200e-02 0.000000e+00 9.878080e-01
147 1.219200e-02 0.000000e+00 9.878080e-01
148 1.219200e-02 0.000000e+00 9.878080e-01
149 1.219200e-02 0.000000e+00 9.878080e-01
150 1.219200e-02 0.000000e+00 9.878080e-01
151 1.219200e-02 0.000000e+00 9.878080e-01
152 1.219200e-02 0.000000e+00 9.878080e-01
153 1.219200e-02 0.000000e+00 9.878080e-01
154 1.219200e-02 0.000000e+00 9.878080e-01
155 1.219200e-02 0.000000e+00 9.878080e-01
156 1.219200e-02 0.000000e+00 9.878080e-01
157 1.219200e-02 0.000000e+00 9.878080e-01
158 1.219200e-02 0.000000e+00 9.878080e-01
159 1.219200e-02 0.000000e+00 9.878080e-01
160 1.219200e-02 0.000000e+00 9.878080e-01
161 1.219200e-02 0.000000e+00 9.878080e-01
162 1.219200e-02 0.000000e+00 9.878080e-01
163 1.219200e-02 0.000000e+00 9.878080e-01
164 1.219200e-02 0.000000e+00 9.878080e-01
165 1.219200e-02 0.000000e+00 9.878080e-01
166 1.219200e-02 0.000000e+00 9.878080e-01
167 1.219200e-02 0.000000e+00 9.878080e-01
168 1.219200e-02 0.000000e+00 9.878080e-01
169 1.219200e-02 0.000000e+00 9.878080e-01
170 1.219200e-02 0.000000e+00 9.878080e-01
171 1.219200e-02 0.000000e+00 9.878080e-01
172 1.219200e-02 0.000000e+00 9.878080e-01
173 1.219200e-02 0.000000e+00 9.878080e-01
174 1.219200e-02 0.000000e+00 9.878080e-01
175 1.219200e-02 0.000000e+00 9.878080e-01
176 1.219200e-02 0.000000e+00 9.878080e-01
177 1.219200e-02 0.000000e+00 9.878080e-01
178 1.219200e-02 0.000000e+00 9.878080e-01
179 1.219200e-02 0.000000e+00 9.878080e-01
180 1.219200e-02 0.000000e+00 9.878080e-01
181 1.219200e-02 0.000000e+00 9.878080e-01
182 1.219200e-02 0.000000e+00 9.878080e-01
183 1.219200e-02 0.000000e+00 9.878080e-01
184 1.219200e-02 0.000000e+00 9.878080e-01
185 1.219200e-02 0.000000e+00 9.878080e-01
186 1.219200e-02 0.000000e+00 9.878080e-01
187 1.219200e-02 0.000000e+00 9.878080e-01
188 1.219200e-02 0.000000e+00 9.878080e-01
189 1.219200e-02 0.000000e+00 9.878080e-01
190 1.219200e-02 0.000000e+00 9.878080e-01
191 1.219200e-02 0.000000e+00 9.878080e-01
192 1.219200e-02 0.000000e+00 9.878080e-01
193 1.219200e-02 0.000000e+00 9.878080e-01
194 1.219200e-02 0.000000e+00 9.878080e-01
195 1.219200e-02 0.000000e+00 9.878080e-01
196 1.219200e-02 0.000000e+00 9.878080e-01
197 1.219200e-02 0.000000e+00 9.878080e-01
198 1.219200e-02 0.000000e+00 9.878080e-01
199 1.219200e-02 0.000000e+00 9.878080e-01
200 1.219200e-02 0.000000e+00 9.878080e-01
201 1.219200e-02 0.000000e+00 9.878080e-01
202 1.219200e-02 0.000000e+00 9.878080e-01
203 1.219200e-02 0.000000e+00 9.878080e-01
204 1.219200e-02 0.000000e+00 9.878080e-01
205 1.219200e-02 0.000000e+00 9.878080e-01
206 1.219200e-02 0.000000e+00 9.878080e-01
207 1.219200e-02 0.000000e+00 9.878080e-01
208 1.219200e-02 0.000000e+00 9.878080e-01
209 1.219200e-02 0.000000e+00 9.878080e-01
210 1.219200e-02 0.000000e+00 9.878080e-01
211 1.219200e-02 0.000000e+00 9.878080e-01
212 1.219200e-02 0.000000e+00 9.878080e-01
213 1.219200e-02 0.000000e+00 9.878080e-01
214 1.219200e-02 0.000000e+00 9.878080e-01
215 1.219200e-02 0.000000e+00 9.878080e-01
216 1.219200e-02 0.000000e+00 9.878080e-01
217 1.219200e-02 0.000000e+00 9.878080e-01
218 1.219200e-02 0.000000e+00 9.878080e-01
219 1.219200e-02 0.000000e+00 9.878080e-01
220 1.219200e-02 0.000000e+00 9.878080e-01
221 1.219200e-02 0.000000e+00 9.878080e-01
222 1.219200e-02 0.000000e+00 9.878080e-01
223 1.219200e-02 0.000000e+00 9.878080e-01
224 1.219200e-02 0.000000e+00 9.878080e-01
225 1.219200e-02 0.000000e+00 9.878080e-01
226 1.219200e-02 0.000000e+00 9.878080e-01
227 1.219200e-02 0.000000e+00 9.878080e-01
228 1.219200e-02 0.000000e+00 9.878080e-01
229 1.219200e-02 0.000000e+00 9.878080e-01
230 1.219200e-02 0.000000e+00 9.878080e-01
231 1.219200e-02 0.000000e+00 9.878080e-01
232 1.219200e-02 0.000000e+00 9.878080e-01
233 1.219200e-02 0.000000e+00 9.878080e-01
234 1.219200e-02 0.000000e+00 9.878080e-01
235 1.219200e-02 0.000000e+00 9.878080e-01
236 1.219200e-02 0.000000e+00 9.878080e-01
237 1.219200e-02 0.000000e+00 9.878080e-01
238 1.219200e-02 0.000000e+00 9.878080e-01
239 1.219200e-02 0.000000e+00 9.878080e-01
240 1.219200e-02 0.000000e+00 9.878080e-01
241 1.219200e-02 0.000000e+00 9.878080e-01
242 1.219200e-02 0.000000e+00 9.878080e-01
243 1.219200e-02 0.000000e+00 9.878080e-01
244 1.219200e-02 0.000000e+00 9.878080e-01
245 1.219200e-02 0.000000e+00 9.878080e-01
246 1.219200e-02 0.000000e+00 9.878080e-01
247 1.219200e-02 0.000000e+00 9.878080e-01
248 1.219200e-02 0.000000e+00 9.878080e-01
249 1.219200e-02 0.000000e+00 9.878080e-01
250 1.219200e-02 0.000000e+00 9.878080e-01
251 1.219200e-02 0.000000e+00 9.878080e-01
252 1.219200e-02 0.000000e+00 9.878080e-01
253 1.219200e-02 0.000000e+00 9.878080e-01
254 1.219200e-02 0.000000e+00 9.878080e-01
255 1.219200e-02 0.000000e+00 9.878080e-01
256 1.219200e-02 0.000000e+00 9.878080e-01
257 1.219200e-02 0.000000e+00 9.878080e-01
258 1.219200e-02 0.000000e+00 9.878080e-01
259 1.219200e-02 0.000000e+00 9.878080e-01
260 1.219200e-02 0.000000e+00 9.878080e-01
261 1.219200e-02 0.000000e+00 9.878080e-01
262 1.219200e-02 0.000000e+00 9.878080e-01
263 1.219200e-02 0.000000e+00 9.878080e-01
264 1.219200e-02 0.000000e+00 9.878080e-01
265 1.219200e-02 0.000000e+00 9.878080e-01
266 1.219200e-02 0.000000e+00 9.878080e-01
267 1.219200e-02 0.000000e+00 9.878080e-01
268 1.219200e-02 0.000000e+00 9.878080e-01
269 1.219200e-02 0.000000e+00 9.878080e-01
270 1.219200e-02 0.000000e+00 9.878080e-01
271 1.219200e-02 0.000000e+00 9.878080e-01
272 1.219200e-02 0.000000e+00 9.878080e-01
273 1.219200e-02 0.000000e+00 9.878080e-01
274 1.219200e-02 0.000000e+00 9.878080e-01
275 1.219200e-02 0.000000e+00 9.878080e-01
276 1.219200e-02 0.000000e+00 9.878080e-01
277 1.219200e-02 0.000000e+00 9.878080e-01
278 1.219200e-02 0.000000e+00 9.878080e-01
279 1.219200e-02 0.000000e+00 9.878080e-01
280 1.219200e-02 0.000000e+00 9.878080e-01
281 1.219200e-02 0.000000e+00 9.878080e-01
282 1.219200e-02 0.000000e+00 9.878080e-01
283 1.219200e-02 0.000000e+00 9.878080e-01
284 1.219200e-02 0.000000e+00 9.878080e-01
285 1.219200e-02 0.000000e+00 9.878080e-01
286 1.219200e-02 0.000000e+00 9.878080e-01
287 1.219200e-02 0.000000e+00 9.878080e-01
288 1.219200e-02 0.000000e+00 9.878080e-01
289 1.219200e-02 0.000000e+00 9.878080e-01
290 1.219200e-02 0.000000e+00 9.878080e-01
291 1.219200e-02 0.000000e+00 9.878080e-01
292 1.219200e-02 0.000000e+00 9.878080e-01
293 1.219200e-02 0.000000e+00 9.878080e-01
294 1.219200e-02 0.000000e+00 9.878080e-01
295 1.219200e-02 0.000000e+00 9.878080e-01
296 1.219200e-02 0.000000e+00 9.878080e-01
297 1.219200e-02 0.000000e+00 9.878080e-01
298 1.219200e-02 0.000000e+00 9.878080e-01
299 1.219200e-02 0.000000e+00 9.878080e-01
300 1.219200e-02 0.000000e+00 9.878080e-01
301 1.219200e-02 0.000000e+00 9.878080e-01
302 1.219200e-02 0.000000e+00 9.878080e-01
303 1.219200e-02 0.000000e+00 9.878080e-01
304 1.219200e-02 0.000000e+00 9.878080e-01
305 1.219200e-02 0.000000e+00 9.878080e-01
306 1.219200e-02 0.000000e+00 9.878080e-01
307 1.219200e-02 0.000000e+00 9.878080e-01
308 1.219200e-02 0.000000e+00 9.878080e-01
309 1.219200e-02 0.000000e+00 9.878080e-01
310 1.219200e-02 0.000000e+00 9.878080e-01
311 1.219200e-02 0.000000e+00 9.878080e-01
312 1.219200e-02 0.000000e+00 9.878080e-01
313 1.219200e-02 0.000000e+00 9.878080e-01
314 1.219200e-02 0.000000e+00 9.878080e-01
315 1.219200e-02 0.000000e+00 9.878080e-01
316 1.219200e-02 0.000000e+00 9.878080e-01
317 1.219200e-02 0.000000e+00 9.878080e-01
318 1.219200e-02 0.000000e+00 9.878080e-01
319 1.219200e-02 0.000000e+00 9.878080e-01
320 1.219200e-02 0.000000e+00 9.878080e-01
321 1.219200e-02 0.000000e+00 9.878080e-01
322 1.219200e-02 0.000000e+00 9.878080e-01
323 1.219200e-02 0.000000e+00 9.878080e-01
324 1.219200e-02 0.000000e+00 9.878080e-01
325 1.219200e-02 0.000000e+00 9.878080e-01
326 1.219200e-02 0.000000e+00 9.878080e-01
327 1.219200e-02 0.000000e+00 9.878080e-01
328 1.219200e-02 0.000000e+00 9.878080e-01
329 1.219200e-02 0.000000e+00 9.878080e-01
330 1.219200e-02 0.000000e+00 9.878080e-01
331 1.219200e-02 0.000000e+00 9.878080e-01
332 1.219200e-02 0.000000e+00 9.878080e-01
333 1.219200e-02 0.000000e+00 9.878080e-01
334 1.219200e-02 0.000000e+00 9.878080e-01
335 1.219200e-02 0.000000e+00 9.878080e-01
336 1.219200e-02 0.000000e+00 9.878080e-01
337 1.219200e-02 0.000000e+00 9.878080e-01
338 1.219200e-02 0.000000e+00 9.878080e-01
339 1.219200e-02 0.000000e+00 9.878080e-01
340 1.219200e-02 0.000000e+00 9.878080e-01
341 1.219200e-02 0.000000e+00 9.878080e-01
342 1.219200e-02 0.000000e+00 9.878080e-01
343 1.219200e-02 0.000000e+00 9.878080e-01
344 1.219200e-02 0.000000e+00 9.878080e-01
345 1.219200e-02 0.000000e+00 9.878080e-01
346 1.219200e-02 0.000000e+00 9.878080e-01
347 1.219200e-02 0.000000e+00 9.878080e-01
348 1.219200e-02 0.000000e+00 9.878080e-01
349 1.219200e-02 0.000000e+00 9.878080e-01
350 1.219200e-02 0.000000e+00 9.878080e-01
351 1.219200e-02 0.000000e+00 9.878080e-01
352 1.219200e-02 0.000000e+00 9.878080e-01
353 1.219200e-02 0.000000e+00 9.878080e-01
354 1.219200e-02 0.000000e+00 9.878080e-01
355 1.219200e-02 0.000000e+00 9.878080e-01
356 1.219200e-02 0.000000e+00 9.878080e-01
357 1.219200e-02 0.000000e+00 9.878080e-01
358 1.219200e-02 0.000000e+00 9.878080e-01
359 1.219200e-02 0.000000e+00 9.878080e-01
360 1.219200e-02 0.000000e+00 9.878080e-01
361 1.219200e-02 0.000000e+00 9.878080e-01
362 1.219200e-02 0.000000e+00 9.878080e-01
363 1.219200e-02 0.000000e+00 9.878080e-01
364 1.219200e-02 0.000000e+00 9.878080e-01
365 1.219200e-02 0.000000e+00 9.878080e-01
366 1.219200e-02 0.000000e+00 9.878080e-01
367 1.219200e-02 0.000000e+00 9.878080e-01
368 1.219200e-02 0.000000e+00 9.878080e-01
369 1.219200e-02 0.000000e+00 9.878080e-01
370 1.219200e-02 0.000000e+00 9.878080e-01
371 1.219200e-02 0.000000e+00 9.878080e-01
372 1.219200e-02 0.000000e+00 9.878080e-01
373 1.219200e-02 0.000000e+00 9.878080e-01
374 1.219200e-02 0.000000e+00 9.878080e-01
375 1.219200e-02 0.000000e+00 9.878080e-01
376 1.219200e-02 0.000000e+00 9.878080e-01
377 1.219200e-02 0.000000e+00 9.878080e-01
378 1.219200e-02 0.000000e+00 9.878080e-01
379 1.219200e-02 0.000000e+00 9.878080e-01
380 1.219200e-02 0.000000e+00 9.878080e-01
381 1.219200e-02 0.000000e+00 9.878080e-01
382 1.219200e-02 0.000000e+00 9.878080e-01
383 1.219200e-02 0.000000e+00 9.878080e-01
384 1.219200e-02 0.000000e+00 9.878080e-01
385 1.219200e-02 0.000000e+00 9.878080e-01
386 1.219200e-02 0.000000e+00 9.878080e-01
387 1.219200e-02 0.000000e+00 9.878080e-01
388 1.219200e-02 0.000000e+00 9.878080e-01
389 1.219200e-02 0.000000e+00 9.878080e-01
390 1.219200e-02 0.000000e+00 9.878080e-01
391 1.219200e-02 0.000000e+00 9.878080e-01
392 1.219200e-02 0.000000e+00 9.878080e-01
393 1.219200e-02 0.000000e+00 9.878080e-01
394 1.219200e-02 0.000000e+00 9.878080e-01
395 1.219200e-02 0.000000e+00 9.878080e-01
396 1.219200e-02 0.000000e+00 9.878080e-01
397 1.219200e-02 0.000000e+00 9.878080e-01
398 1.219200e-02 0.000000e+00 9.878080e-01
399 1.219200e-02 0.000000e+00 9.878080e-01
400 1.219200e-02 0.000000e+00 9.878080e-01
401 1.219200e-02 0.000000e+00 9.878080e-01
402 1.219200e-02 0.000000e+00 9.878080e-01
403 1.219200e-02 0.000000e+00 9.878080e-01
404 1.219200e-02 0.000000e+00 9.878080e-01
405 1.219200e-02 0.000000e+00 9.878080e-01
406 1.219200e-02 0.000000e+00 9.878080e-01
407 1.219200e-02 0.000000e+00 9.878080e-01
408 1.219200e-02 0.000000e+00 9.878080e-01
409 1.219200e-02 0.000000e+00 9.878080e-01
410 1.219200e-02 0.000000e+00 9.878080e-01
411 1.219200e-02 0.000000e+00 9.878080e-01
412 1.219200e-02 0.000000e+00 9.878080e-01
413 1.219200e-02 0.000000e+00 9.878080e-01
414 1.219200e-02 0.000000e+00 9.878080e-01
415 1.219200e-02 0.000000e+00 9.878080e-01
416 1.219200e-02 0.000000e+00 9.878080e-01
417 1.219200e-02 0.000000e+00 9.878080e-01
418 1.219200e-02 0.000000e+00 9.878080e-01
419 1.219200e-02 0.000000e+00 9.878080e-01
420 1.219200e-02 0.000000e+00 9.878080e-01
421 1.219200e-02 0.000000e+00 9.878080e-01
422 1.219200e-02 0.000000e+00 9.878080e-01
423 1.219200e-02 0.000000e+00 9.878080e-01
424 1.219200e-02 0.000000e+00 9.878080e-01
425 1.219200e-02 0.000000e+00 9.878080e-01
426 1.219200e-02 0.000000e+00 9.878080e-01
427 1.219200e-02 0.000000e+00 9.878080e-01
428 1.219200e-02 0.000000e+00 9.878080e-01
429 1.219200e-02 0.000000e+00 9.878080e-01
430 1.219200e-02 0.000000e+00 9.878080e-01
431 1.219200e-02 0.000000e+00 9.878080e-01
432 1.219200e-02 0.000000e+00 9.878080e-01
433 1.219200e-02 0.000000e+00 9.878080e-01
434 1.219200e-02 0.000000e+00 9.878080e-01
435 1.219200e-02 0.000000e+00 9.878080e-01
436 1.219200e-02 0.000000e+00 9.878080e-01
437 1.219200e-02 0.000000e+00 9.878080e-01
438 1.219200e-02 0.000000e+00 9.878080e-01
439 1.219200e-02 0.000000e+00 9.878080e-01
440 1.219200e-02 0.000000e+00 9.878080e-01
441 1.219200e-02 0.000000e+00 9.878080e-01
442 1.219200e-02 0.000000e+00 9.878080e-01
443 1.219200e-02 0.000000e+00 9.878080e-01
444 1.219200e-02 0.000000e+00 9.878080e-01
445 1.219200e-02 0.000000e+00 9.878080e-01
446 1.219200e-02 0.000000e+00 9.878080e-01
447 1.219200e-02 0.000000e+00 9.878080e-01
448 1.219200e-02 0.000000e+00 9.878080e-01
449 1.219200e-02 0.000000e+00 9.878080e-01
450 1.219200e-02 0.000000e+00 9.878080e-01
451 1.219200e-02 0.000000e+00 9.878080e-01
452 1.219200e-02 0.000000e+00 9.878080e-01
453 1.219200e-02 0.000000e+00 9.878080e-01
454 1.219200e-02 0.000000e+00 9.878080e-01
455 1.219200e-02 0.000000e+00 9.878080e-01
456 1.219200e-02 0.000000e+00 9.878080e-01
457 1.219200e-02 0.000000e+00 9.878080e-01
458 1.219200e-02 0.000000e+00 9.878080e-01
459 1.219200e-02 0.000000e+00 9.878080e-01
460 1.219200e-02 0.000000e+00 9.878080e-01
461 1.219200e-02 0.000000e+00 9.878080e-01
462 1.219200e-02 0.000000e+00 9.878080e-01
463 1.219200e-02 0.000000e+00 9.878080e-01
464 1.219200e-02 0.000000e+00 9.878080e-01
465 1.219200e-02 0.000000e+00 9.878080e-01
466 1.219200e-02 0.000000e+00 9.878080e-01
467 1.219200e-02 0.000000e+00 9.878080e-01
468 1.219200e-02 0.000000e+00 9.878080e-01
469 1.219200e-02 0.000000e+00 9.878080e-01
470 1.219200e-02 0.000000e+00 9.878080e-01
471 1.219200e-02 0.000000e+00 9.878080e-01
472 1.219200e-02 0.000000e+00 9.878080e-01
473 1.219200e-02 0.000000e+00 9.878080e-01
474 1.219200e-02 0.000000e+00 9.878080e-01
475 1.219200e-02 0.000000e+00 9.878080e-01
476 1.219200e-02 0.000000e+00 9.878080e-01
477 1.219200e-02 0.000000e+00 9.878080e-01
478 1.219200e-02 0.000000e+00 9.878080e-01
479 1.219200e-02 0.000000e+00 9.878080e-01
480 1.219200e-02 0.000000e+00 9.878080e-01
481 1.219200e-02 0.000000e+00 9.878080e-01
482 1.219200e-02 0.000000e+00 9.878080e-01
483 1.219200e-02 0.000000e+00 9.878080e-01
484 1.219200e-02 0.000000e+00 9.878080e-01
485 1.219200e-02 0.000000e+00 9.878080e-01
486 1.219200e-02 0.000000e+00 9.878080e-01
487 1.219200e-02 0.000000e+00 9.878080e-01
488 1.219200e-02 0.000000e+00 9.878080e-01
489 1.219200e-02 0.000000e+00 9.878080e-01
490 1.219200e-02 0.000000e+00 9.878080e-01
491 1.219200e-02 0.000000e+00 9.878080e-01
492 1.219200e-02 0.000000e+00 9.878080e-01
493 1.219200e-02 0.000000e+00 9.878080e-01
494 1.219200e-02 0.000000e+00 9.878080e-01
495 1.219200e-02 0.000000e+00 9.878080e-01
496 1.219200e-02 0.000000e+00 9.878080e-01
497 1.219200e-02 0.000000e+00 9.878080e-01
498 1.219200e-02 0.000000e+00 9.878080e-01
499 1.219200e-02 0.000000e+00 9.878080e-01
500 1.219200e-02 0.000000e+00 9.878080e-01
