1 9.991800e-01 7.280000e-04 9.200000e-05
2 9.982920e-01 1.436000e-03 2.720000e-04
3 9.969160e-01 2.488000e-03 5.960000e-04
4 9.944920e-01 4.336000e-03 1.172000e-03
5 9.905960e-01 7.208000e-03 2.196000e-03
6 9.849200e-01 1.119600e-02 3.884000e-03
7 9.769760e-01 1.668400e-02 6.340000e-03
8 9.660960e-01 2.405600e-02 9.848000e-03
9 9.522960e-01 3.288400e-02 1.482000e-02
10 9.352480e-01 4.332000e-02 2.143200e-02
11 9.148680e-01 5.494400e-02 3.018800e-02
12 8.907440e-01 6.818800e-02 4.106800e-02
13 8.626000e-01 8.320800e-02 5.419200e-02
14 8.308360e-01 9.891200e-02 7.025200e-02
15 7.947960e-01 1.160400e-01 8.916400e-02
16 7.571240e-01 1.317520e-01 1.111240e-01
17 7.167680e-01 1.481160e-01 1.351160e-01
18 6.732960e-01 1.642280e-01 1.624760e-01
19 6.283640e-01 1.788880e-01 1.927480e-01
20 5.828000e-01 1.916880e-01 2.255120e-01
21 5.377160e-01 2.021600e-01 2.601240e-01
22 4.921960e-01 2.108680e-01 2.969360e-01
23 4.483360e-01 2.171200e-01 3.345440e-01
24 4.052720e-01 2.218000e-01 3.729280e-01
25 3.642200e-01 2.231360e-01 4.126440e-01
26 3.250360e-01 2.226360e-01 4.523280e-01
27 2.888840e-01 2.200160e-01 4.911000e-01
28 2.543680e-01 2.165680e-01 5.290640e-01
29 2.233560e-01 2.106960e-01 5.659480e-01
30 1.947760e-01 2.027720e-01 6.024520e-01
31 1.691320e-01 1.939400e-01 6.369280e-01
32 1.458600e-01 1.841800e-01 6.699600e-01
33 1.256960e-01 1.730240e-01 7.012800e-01
34 1.078240e-01 1.617880e-01 7.303880e-01
35 9.246400e-02 1.497440e-01 7.577920e-01
36 7.873200e-02 1.378480e-01 7.834200e-01
37 6.709200e-02 1.257960e-01 8.071120e-01
38 5.750800e-02 1.147800e-01 8.277120e-01
39 4.916800e-02 1.039480e-01 8.468840e-01
40 4.252400e-02 9.338400e-02 8.640920e-01
41 3.744000e-02 8.280800e-02 8.797520e-01
42 3.290000e-02 7.365600e-02 8.934440e-01
43 2.904800e-02 6.521600e-02 9.057360e-01
44 2.586800e-02 5.733600e-02 9.167960e-01
45 2.323200e-02 5.050000e-02 9.262680e-01
46 2.100000e-02 4.456400e-02 9.344360e-01
47 1.926400e-02 3.908800e-02 9.416480e-01
48 1.788400e-02 3.386000e-02 9.482560e-01
49 1.667600e-02 2.960800e-02 9.537160e-01
50 1.568400e-02 2.564000e-02 9.586760e-01
51 1.493600e-02 2.234400e-02 9.627200e-01
52 1.426400e-02 1.937200e-02 9.663640e-01
53 1.376400e-02 1.662000e-02 9.696160e-01
54 1.340000e-02 1.428800e-02 9.723120e-01
55 1.313200e-02 1.224800e-02 9.746200e-01
56 1.293200e-02 1.053200e-02 9.765360e-01
57 1.286000e-02 8.876000e-03 9.782640e-01
58 1.274800e-02 7.600000e-03 9.796520e-01
59 1.265600e-02 6.568000e-03 9.807760e-01
60 1.256400e-02 5.568000e-03 9.818680e-01
61 1.250400e-02 4.716000e-03 9.827800e-01
62 1.246400e-02 4.000000e-03 9.835360e-01
63 1.240400e-02 3.460000e-03 9.841360e-01
64 1.234400e-02 2.960000e-03 9.846960e-01
65 1.233600e-02 2.508000e-03 9.851560e-01
66 1.229600e-02 2.156000e-03 9.855480e-01
67 1.227600e-02 1.892000e-03 9.858320e-01
68 1.226400e-02 1.624000e-03 9.861120e-01
69 1.225600e-02 1.348000e-03 9.863960e-01
70 1.225200e-02 1.148000e-03 9.866000e-01
71 1.224000e-02 9.800000e-04 9.867800e-01
72 1.224000e-02 8.600000e-04 9.869000e-01
73 1.223200e-02 7.360000e-04 9.870320e-01
74 1.223200e-02 6.280000e-04 9.871400e-01
75 1.223200e-02 5.240000e-04 9.872440e-01
76 1.222400e-02 4.720000e-04 9.873040e-01
77 1.222000e-02 4.000000e-04 9.873800e-01
78 1.222000e-02 3.360000e-04 9.874440e-01
79 1.221600e-02 3.080000e-04 9.874760e-01
80 1.221600e-02 2.480000e-04 9.875360e-01
81 1.221200e-02 2.200000e-04 9.875680e-01
82 1.221200e-02 1.720000e-04 9.876160e-01
83 1.220800e-02 1.400000e-04 9.876520e-01
84 1.220400e-02 1.280000e-04 9.876680e-01
85 1.220400e-02 1.120000e-04 9.876840e-01
86 1.220400e-02 9.600000e-05 9.877000e-01
87 1.220400e-02 9.200000e-05 9.877040e-01
88 1.220400e-02 8.000000e-05 9.877160e-01
89 1.220400e-02 7.200000e-05 9.877240e-01
90 1.220400e-02 5.600000e-05 9.877400e-01
91 1.220400e-02 5.600000e-05 9.877400e-01
92 1.220400e-02 4.000000e-05 9.877560e-01
93 1.220400e-02 3.600000e-05 9.877600e-01
94 1.220400e-02 3.600000e-05 9.877600e-01
95 1.220400e-02 3.600000e-05 9.877600e-01
96 1.220400e-02 3.200000e-05 9.877640e-01
97 1.220400e-02 2.800000e-05 9.877680e-01
98 1.220400e-02 2.400000e-05 9.877720e-01
99 1.220400e-02 2.000000e-05 9.877760e-01
100 1.220400e-02 2.000000e-05 9.877760e-01
101 1.220400e-02 2.000000e-05 9.877760e-01
102 1.220400e-02 1.200000e-05 9.877840e-01
103 1.220400e-02 1.200000e-05 9.877840e-01
104 1.220400e-02 8.000000e-06 9.877880e-01
105 1.220400e-02 8.000000e-06 9.877880e-01
106 1.220400e-02 8.000000e-06 9.877880e-01
107 1.220400e-02 4.000000e-06 9.877920e-01
108 1.220400e-02 4.000000e-06 9.877920e-01
109 1.220400e-02 4.000000e-06 9.877920e-01
110 1.220400e-02 4.000000e-06 9.877920e-01
111 1.220400e-02 0.000000e+00 9.877960e-01
112 1.220400e-02 0.000000e+00 9.877960e-01
113 1.220400e-02 0.000000e+00 9.877960e-01
114 1.220400e-02 0.000000e+00 9.877960e-01
115 1.220400e-02 0.000000e+00 9.877960e-01
116 1.220400e-02 0.000000e+00 9.877960e-01
117 1.220400e-02 0.000000e+00 9.877960e-01
118 1.220400e-02 0.000000e+00 9.877960e-01
119 1.220400e-02 0.000000e+00 9.877960e-01
120 1.220400e-02 0.000000e+00 9.877960e-01
121 1.220400e-02 0.000000e+00 9.877960e-01
122 1.220400e-02 0.000000e+00 9.877960e-01
123 1.220400e-02 0.000000e+00 9.877960e-01
124 1.220400e-02 0.000000e+00 9.877960e-01
125 1.220400e-02 0.000000e+00 9.877960e-01
126 1.220400e-02 0.000000e+00 9.877960e-01
127 1.220400e-02 0.000000e+00 9.877960e-01
128 1.220400e-02 0.000000e+00 9.877960e-01
129 1.220400e-02 0.000000e+00 9.877960e-01
130 1.220400e-02 0.000000e+00 9.877960e-01
131 1.220400e-02 0.000000e+00 9.877960e-01
132 1.220400e-02 0.000000e+00 9.877960e-01
133 1.220400e-02 0.000000e+00 9.877960e-01
134 1.220400e-02 0.000000e+00 9.877960e-01
135 1.220400e-02 0.000000e+00 9.877960e-01
136 1.220400e-02 0.000000e+00 9.877960e-01
137 1.220400e-02 0.000000e+00 9.877960e-01
138 1.220400e-02 0.000000e+00 9.877960e-01
139 1.220400e-02 0.000000e+00 9.877960e-01
140 1.220400e-02 0.000000e+00 9.877960e-01
141 1.220400e-02 0.000000e+00 9.877960e-01
142 1.220400e-02 0.000000e+00 9.877960e-01
143 1.220400e-02 0.000000e+00 9.877960e-01
144 1.220400e-02 0.000000e+00 9.877960e-01
145 1.220400e-02 0.000000e+00 9.877960e-01
146 1.220400e-02 0.000000e+00 9.877960e-01
147 1.220400e-02 0.000000e+00 9.877960e-01
148 1.220400e-02 0.000000e+00 9.877960e-01
149 1.220400e-02 0.000000e+00 9.877960e-01
150 1.220400e-02 0.000000e+00 9.877960e-01
151 1.220400e-02 0.000000e+00 9.877960e-01
152 1.220400e-02 0.000000e+00 9.877960e-01
153 1.220400e-02 0.000000e+00 9.877960e-01
154 1.220400e-02 0.000000e+00 9.877960e-01
155 1.220400e-02 0.000000e+00 9.877960e-01
156 1.220400e-02 0.000000e+00 9.877960e-01
157 1.220400e-02 0.000000e+00 9.877960e-01
158 1.220400e-02 0.000000e+00 9.877960e-01
159 1.220400e-02 0.000000e+00 9.877960e-01
160 1.220400e-02 0.000000e+00 9.877960e-01
161 1.220400e-02 0.000000e+00 9.877960e-01
162 1.220400e-02 0.000000e+00 9.877960e-01
163 1.220400e-02 0.000000e+00 9.877960e-01
164 1.220400e-02 0.000000e+00 9.877960e-01
165 1.220400e-02 0.000000e+00 9.877960e-01
166 1.220400e-02 0.000000e+00 9.877960e-01
167 1.220400e-02 0.000000e+00 9.877960e-01
168 1.220400e-02 0.000000e+00 9.877960e-01
169 1.220400e-02 0.000000e+00 9.877960e-01
170 1.220400e-02 0.000000e+00 9.877960e-01
171 1.220400e-02 0.000000e+00 9.877960e-01
172 1.220400e-02 0.000000e+00 9.877960e-01
173 1.220400e-02 0.000000e+00 9.877960e-01
174 1.220400e-02 0.000000e+00 9.877960e-01
175 1.220400e-02 0.000000e+00 9.877960e-01
176 1.220400e-02 0.000000e+00 9.877960e-01
177 1.220400e-02 0.000000e+00 9.877960e-01
178 1.220400e-02 0.000000e+00 9.877960e-01
179 1.220400e-02 0.000000e+00 9.877960e-01
180 1.220400e-02 0.000000e+00 9.877960e-01
181 1.220400e-02 0.000000e+00 9.877960e-01
182 1.220400e-02 0.000000e+00 9.877960e-01
183 1.220400e-02 0.000000e+00 9.877960e-01
184 1.220400e-02 0.000000e+00 9.877960e-01
185 1.220400e-02 0.000000e+00 9.877960e-01
186 1.220400e-02 0.000000e+00 9.877960e-01
187 1.220400e-02 0.000000e+00 9.877960e-01
188 1.220400e-02 0.000000e+00 9.877960e-01
189 1.220400e-02 0.000000e+00 9.877960e-01
190 1.220400e-02 0.000000e+00 9.877960e-01
191 1.220400e-02 0.000000e+00 9.877960e-01
192 1.220400e-02 0.000000e+00 9.877960e-01
193 1.220400e-02 0.000000e+00 9.877960e-01
194 1.220400e-02 0.000000e+00 9.877960e-01
195 1.220400e-02 0.000000e+00 9.877960e-01
196 1.220400e-02 0.000000e+00 9.877960e-01
197 1.220400e-02 0.000000e+00 9.877960e-01
198 1.220400e-02 0.000000e+00 9.877960e-01
199 1.220400e-02 0.000000e+00 9.877960e-01
200 1.220400e-02 0.000000e+00 9.877960e-01
201 1.220400e-02 0.000000e+00 9.877960e-01
202 1.220400e-02 0.000000e+00 9.877960e-01
203 1.220400e-02 0.000000e+00 9.877960e-01
204 1.220400e-02 0.000000e+00 9.877960e-01
205 1.220400e-02 0.000000e+00 9.877960e-01
206 1.220400e-02 0.000000e+00 9.877960e-01
207 1.220400e-02 0.000000e+00 9.877960e-01
208 1.220400e-02 0.000000e+00 9.877960e-01
209 1.220400e-02 0.000000e+00 9.877960e-01
210 1.220400e-02 0.000000e+00 9.877960e-01
211 1.220400e-02 0.000000e+00 9.877960e-01
212 1.220400e-02 0.000000e+00 9.877960e-01
213 1.220400e-02 0.000000e+00 9.877960e-01
214 1.220400e-02 0.000000e+00 9.877960e-01
215 1.220400e-02 0.000000e+00 9.877960e-01
216 1.220400e-02 0.000000e+00 9.877960e-01
217 1.220400e-02 0.000000e+00 9.877960e-01
218 1.220400e-02 0.000000e+00 9.877960e-01
219 1.220400e-02 0.000000e+00 9.877960e-01
220 1.220400e-02 0.000000e+00 9.877960e-01
221 1.220400e-02 0.000000e+00 9.877960e-01
222 1.220400e-02 0.000000e+00 9.877960e-01
223 1.220400e-02 0.000000e+00 9.877960e-01
224 1.220400e-02 0.000000e+00 9.877960e-01
225 1.220400e-02 0.000000e+00 9.877960e-01
226 1.220400e-02 0.000000e+00 9.877960e-01
227 1.220400e-02 0.000000e+00 9.877960e-01
228 1.220400e-02 0.000000e+00 9.877960e-01
229 1.220400e-02 0.000000e+00 9.877960e-01
230 1.220400e-02 0.000000e+00 9.877960e-01
231 1.220400e-02 0.000000e+00 9.877960e-01
232 1.220400e-02 0.000000e+00 9.877960e-01
233 1.220400e-02 0.000000e+00 9.877960e-01
234 1.220400e-02 0.000000e+00 9.877960e-01
235 1.220400e-02 0.000000e+00 9.877960e-01
236 1.220400e-02 0.000000e+00 9.877960e-01
237 1.220400e-02 0.000000e+00 9.877960e-01
238 1.220400e-02 0.000000e+00 9.877960e-01
239 1.220400e-02 0.000000e+00 9.877960e-01
240 1.220400e-02 0.000000e+00 9.877960e-01
241 1.220400e-02 0.000000e+00 9.877960e-01
242 1.220400e-02 0.000000e+00 9.877960e-01
243 1.220400e-02 0.000000e+00 9.877960e-01
244 1.220400e-02 0.000000e+00 9.877960e-01
245 1.220400e-02 0.000000e+00 9.877960e-01
246 1.220400e-02 0.000000e+00 9.877960e-01
247 1.220400e-02 0.000000e+00 9.877960e-01
248 1.220400e-02 0.000000e+00 9.877960e-01
249 1.220400e-02 0.000000e+00 9.877960e-01
250 1.220400e-02 0.000000e+00 9.877960e-01
251 1.220400e-02 0.000000e+00 9.877960e-01
252 1.220400e-02 0.000000e+00 9.877960e-01
253 1.220400e-02 0.000000e+00 9.877960e-01
254 1.220400e-02 0.000000e+00 9.877960e-01
255 1.220400e-02 0.000000e+00 9.877960e-01
256 1.220400e-02 0.000000e+00 9.877960e-01
257 1.220400e-02 0.000000e+00 9.877960e-01
258 1.220400e-02 0.000000e+00 9.877960e-01
259 1.220400e-02 0.000000e+00 9.877960e-01
260 1.220400e-02 0.000000e+00 9.877960e-01
261 1.220400e-02 0.000000e+00 9.877960e-01
262 1.220400e-02 0.000000e+00 9.877960e-01
263 1.220400e-02 0.000000e+00 9.877960e-01
264 1.220400e-02 0.000000e+00 9.877960e-01
265 1.220400e-02 0.000000e+00 9.877960e-01
266 1.220400e-02 0.000000e+00 9.877960e-01
267 1.220400e-02 0.000000e+00 9.877960e-01
268 1.220400e-02 0.000000e+00 9.877960e-01
269 1.220400e-02 0.000000e+00 9.877960e-01
270 1.220400e-02 0.000000e+00 9.877960e-01
271 1.220400e-02 0.000000e+00 9.877960e-01
272 1.220400e-02 0.000000e+00 9.877960e-01
273 1.220400e-02 0.000000e+00 9.877960e-01
274 1.220400e-02 0.000000e+00 9.877960e-01
275 1.220400e-02 0.000000e+00 9.877960e-01
276 1.220400e-02 0.000000e+00 9.877960e-01
277 1.220400e-02 0.000000e+00 9.877960e-01
278 1.220400e-02 0.000000e+00 9.877960e-01
279 1.220400e-02 0.000000e+00 9.877960e-01
280 1.220400e-02 0.000000e+00 9.877960e-01
281 1.220400e-02 0.000000e+00 9.877960e-01
282 1.220400e-02 0.000000e+00 9.877960e-01
283 1.220400e-02 0.000000e+00 9.877960e-01
284 1.220400e-02 0.000000e+00 9.877960e-01
285 1.220400e-02 0.000000e+00 9.877960e-01
286 1.220400e-02 0.000000e+00 9.877960e-01
287 1.220400e-02 0.000000e+00 9.877960e-01
288 1.220400e-02 0.000000e+00 9.877960e-01
289 1.220400e-02 0.000000e+00 9.877960e-01
290 1.220400e-02 0.000000e+00 9.877960e-01
291 1.220400e-02 0.000000e+00 9.877960e-01
292 1.220400e-02 0.000000e+00 9.877960e-01
293 1.220400e-02 0.000000e+00 9.877960e-01
294 1.220400e-02 0.000000e+00 9.877960e-01
295 1.220400e-02 0.000000e+00 9.877960e-01
296 1.220400e-02 0.000000e+00 9.877960e-01
297 1.220400e-02 0.000000e+00 9.877960e-01
298 1.220400e-02 0.000000e+00 9.877960e-01
299 1.220400e-02 0.000000e+00 9.877960e-01
300 1.220400e-02 0.000000e+00 9.877960e-01
301 1.220400e-02 0.000000e+00 9.877960e-01
302 1.220400e-02 0.000000e+00 9.877960e-01
303 1.220400e-02 0.000000e+00 9.877960e-01
304 1.220400e-02 0.000000e+00 9.877960e-01
305 1.220400e-02 0.000000e+00 9.877960e-01
306 1.220400e-02 0.000000e+00 9.877960e-01
307 1.220400e-02 0.000000e+00 9.877960e-01
308 1.220400e-02 0.000000e+00 9.877960e-01
309 1.220400e-02 0.000000e+00 9.877960e-01
310 1.220400e-02 0.000000e+00 9.877960e-01
311 1.220400e-02 0.000000e+00 9.877960e-01
312 1.220400e-02 0.000000e+00 9.877960e-01
313 1.220400e-02 0.000000e+00 9.877960e-01
314 1.220400e-02 0.000000e+00 9.877960e-01
315 1.220400e-02 0.000000e+00 9.877960e-01
316 1.220400e-02 0.000000e+00 9.877960e-01
317 1.220400e-02 0.000000e+00 9.877960e-01
318 1.220400e-02 0.000000e+00 9.877960e-01
319 1.220400e-02 0.000000e+00 9.877960e-01
320 1.220400e-02 0.000000e+00 9.877960e-01
321 1.220400e-02 0.000000e+00 9.877960e-01
322 1.220400e-02 0.000000e+00 9.877960e-01
323 1.220400e-02 0.000000e+00 9.877960e-01
324 1.220400e-02 0.000000e+00 9.877960e-01
325 1.220400e-02 0.000000e+00 9.877960e-01
326 1.220400e-02 0.000000e+00 9.877960e-01
327 1.220400e-02 0.000000e+00 9.877960e-01
328 1.220400e-02 0.000000e+00 9.877960e-01
329 1.220400e-02 0.000000e+00 9.877960e-01
330 1.220400e-02 0.000000e+00 9.877960e-01
331 1.220400e-02 0.000000e+00 9.877960e-01
332 1.220400e-02 0.000000e+00 9.877960e-01
333 1.220400e-02 0.000000e+00 9.877960e-01
334 1.220400e-02 0.000000e+00 9.877960e-01
335 1.220400e-02 0.000000e+00 9.877960e-01
336 1.220400e-02 0.000000e+00 9.877960e-01
337 1.220400e-02 0.000000e+00 9.877960e-01
338 1.220400e-02 0.000000e+00 9.877960e-01
339 1.220400e-02 0.000000e+00 9.877960e-01
340 1.220400e-02 0.000000e+00 9.877960e-01
341 1.220400e-02 0.000000e+00 9.877960e-01
342 1.220400e-02 0.000000e+00 9.877960e-01
343 1.220400e-02 0.000000e+00 9.877960e-01
344 1.220400e-02 0.000000e+00 9.877960e-01
345 1.220400e-02 0.000000e+00 9.877960e-01
346 1.220400e-02 0.000000e+00 9.877960e-01
347 1.220400e-02 0.000000e+00 9.877960e-01
348 1.220400e-02 0.000000e+00 9.877960e-01
349 1.220400e-02 0.000000e+00 9.877960e-01
350 1.220400e-02 0.000000e+00 9.877960e-01
351 1.220400e-02 0.000000e+00 9.877960e-01
352 1.220400e-02 0.000000e+00 9.877960e-01
353 1.220400e-02 0.000000e+00 9.877960e-01
354 1.220400e-02 0.000000e+00 9.877960e-01
355 1.220400e-02 0.000000e+00 9.877960e-01
356 1.220400e-02 0.000000e+00 9.877960e-01
357 1.220400e-02 0.000000e+00 9.877960e-01
358 1.220400e-02 0.000000e+00 9.877960e-01
359 1.220400e-02 0.000000e+00 9.877960e-01
360 1.220400e-02 0.000000e+00 9.877960e-01
361 1.220400e-02 0.000000e+00 9.877960e-01
362 1.220400e-02 0.000000e+00 9.877960e-01
363 1.220400e-02 0.000000e+00 9.877960e-01
364 1.220400e-02 0.000000e+00 9.877960e-01
365 1.220400e-02 0.000000e+00 9.877960e-01
366 1.220400e-02 0.000000e+00 9.877960e-01
367 1.220400e-02 0.000000e+00 9.877960e-01
368 1.220400e-02 0.000000e+00 9.877960e-01
369 1.220400e-02 0.000000e+00 9.877960e-01
370 1.220400e-02 0.000000e+00 9.877960e-01
371 1.220400e-02 0.000000e+00 9.877960e-01
372 1.220400e-02 0.000000e+00 9.877960e-01
373 1.220400e-02 0.000000e+00 9.877960e-01
374 1.220400e-02 0.000000e+00 9.877960e-01
375 1.220400e-02 0.000000e+00 9.877960e-01
376 1.220400e-02 0.000000e+00 9.877960e-01
377 1.220400e-02 0.000000e+00 9.877960e-01
378 1.220400e-02 0.000000e+00 9.877960e-01
379 1.220400e-02 0.000000e+00 9.877960e-01
380 1.220400e-02 0.000000e+00 9.877960e-01
381 1.220400e-02 0.000000e+00 9.877960e-01
382 1.220400e-02 0.000000e+00 9.877960e-01
383 1.220400e-02 0.000000e+00 9.877960e-01
384 1.220400e-02 0.000000e+00 9.877960e-01
385 1.220400e-02 0.000000e+00 9.877960e-01
386 1.220400e-02 0.000000e+00 9.877960e-01
387 1.220400e-02 0.000000e+00 9.877960e-01
388 1.220400e-02 0.000000e+00 9.877960e-01
389 1.220400e-02 0.000000e+00 9.877960e-01
390 1.220400e-02 0.000000e+00 9.877960e-01
391 1.220400e-02 0.000000e+00 9.877960e-01
392 1.220400e-02 0.000000e+00 9.877960e-01
393 1.220400e-02 0.000000e+00 9.877960e-01
394 1.220400e-02 0.000000e+00 9.877960e-01
395 1.220400e-02 0.000000e+00 9.877960e-01
396 1.220400e-02 0.000000e+00 9.877960e-01
397 1.220400e-02 0.000000e+00 9.877960e-01
398 1.220400e-02 0.000000e+00 9.877960e-01
399 1.220400e-02 0.000000e+00 9.877960e-01
400 1.220400e-02 0.000000e+00 9.877960e-01
401 1.220400e-02 0.000000e+00 9.877960e-01
402 1.220400e-02 0.000000e+00 9.877960e-01
403 1.220400e-02 0.000000e+00 9.877960e-01
404 1.220400e-02 0.000000e+00 9.877960e-01
405 1.220400e-02 0.000000e+00 9.877960e-01
406 1.220400e-02 0.000000e+00 9.877960e-01
407 1.220400e-02 0.000000e+00 9.877960e-01
408 1.220400e-02 0.000000e+00 9.877960e-01
409 1.220400e-02 0.000000e+00 9.877960e-01
410 1.220400e-02 0.000000e+00 9.877960e-01
411 1.220400e-02 0.000000e+00 9.877960e-01
412 1.220400e-02 0.000000e+00 9.877960e-01
413 1.220400e-02 0.000000e+00 9.877960e-01
414 1.220400e-02 0.000000e+00 9.877960e-01
415 1.220400e-02 0.000000e+00 9.877960e-01
416 1.220400e-02 0.000000e+00 9.877960e-01
417 1.220400e-02 0.000000e+00 9.877960e-01
418 1.220400e-02 0.000000e+00 9.877960e-01
419 1.220400e-02 0.000000e+00 9.877960e-01
420 1.220400e-02 0.000000e+00 9.877960e-01
421 1.220400e-02 0.000000e+00 9.877960e-01
422 1.220400e-02 0.000000e+00 9.877960e-01
423 1.220400e-02 0.000000e+00 9.877960e-01
424 1.220400e-02 0.000000e+00 9.877960e-01
425 1.220400e-02 0.000000e+00 9.877960e-01
426 1.220400e-02 0.000000e+00 9.877960e-01
427 1.220400e-02 0.000000e+00 9.877960e-01
428 1.220400e-02 0.000000e+00 9.877960e-01
429 1.220400e-02 0.000000e+00 9.877960e-01
430 1.220400e-02 0.000000e+00 9.877960e-01
431 1.220400e-02 0.000000e+00 9.877960e-01
432 1.220400e-02 0.000000e+00 9.877960e-01
433 1.220400e-02 0.000000e+00 9.877960e-01
434 1.220400e-02 0.000000e+00 9.877960e-01
435 1.220400e-02 0.000000e+00 9.877960e-01
436 1.220400e-02 0.000000e+00 9.877960e-01
437 1.220400e-02 0.000000e+00 9.877960e-01
438 1.220400e-02 0.000000e+00 9.877960e-01
439 1.220400e-02 0.000000e+00 9.877960e-01
440 1.220400e-02 0.000000e+00 9.877960e-01
441 1.220400e-02 0.000000e+00 9.877960e-01
442 1.220400e-02 0.000000e+00 9.877960e-01
443 1.220400e-02 0.000000e+00 9.877960e-01
444 1.220400e-02 0.000000e+00 9.877960e-01
445 1.220400e-02 0.000000e+00 9.877960e-01
446 1.220400e-02 0.000000e+00 9.877960e-01
447 1.220400e-02 0.000000e+00 9.877960e-01
448 1.220400e-02 0.000000e+00 9.877960e-01
449 1.220400e-02 0.000000e+00 9.877960e-01
450 1.220400e-02 0.000000e+00 9.877960e-01
451 1.220400e-02 0.000000e+00 9.877960e-01
452 1.220400e-02 0.000000e+00 9.877960e-01
453 1.220400e-02 0.000000e+00 9.877960e-01
454 1.220400e-02 0.000000e+00 9.877960e-01
455 1.220400e-02 0.000000e+00 9.877960e-01
456 1.220400e-02 0.000000e+00 9.877960e-01
457 1.220400e-02 0.000000e+00 9.877960e-01
458 1.220400e-02 0.000000e+00 9.877960e-01
459 1.220400e-02 0.000000e+00 9.877960e-01
460 1.220400e-02 0.000000e+00 9.877960e-01
461 1.220400e-02 0.000000e+00 9.877960e-01
462 1.220400e-02 0.000000e+00 9.877960e-01
463 1.220400e-02 0.000000e+00 9.877960e-01
464 1.220400e-02 0.000000e+00 9.877960e-01
465 1.220400e-02 0.000000e+00 9.877960e-01
466 1.220400e-02 0.000000e+00 9.877960e-01
467 1.220400e-02 0.000000e+00 9.877960e-01
468 1.220400e-02 0.000000e+00 9.877960e-01
469 1.220400e-02 0.000000e+00 9.877960e-01
470 1.220400e-02 0.000000e+00 9.877960e-01
471 1.220400e-02 0.000000e+00 9.877960e-01
472 1.220400e-02 0.000000e+00 9.877960e-01
473 1.220400e-02 0.000000e+00 9.877960e-01
474 1.220400e-02 0.000000e+00 9.877960e-01
475 1.220400e-02 0.000000e+00 9.877960e-01
476 1.220400e-02 0.000000e+00 9.877960e-01
477 1.220400e-02 0.000000e+00 9.877960e-01
478 1.220400e-02 0.000000e+00 9.877960e-01
479 1.220400e-02 0.000000e+00 9.877960e-01
480 1.220400e-02 0.000000e+00 9.877960e-01
481 1.220400e-02 0.000000e+00 9.877960e-01
482 1.220400e-02 0.000000e+00 9.877960e-01
483 1.220400e-02 0.000000e+00 9.877960e-01
484 1.220400e-02 0.000000e+00 9.877960e-01
485 1.220400e-02 0.000000e+00 9.877960e-01
486 1.220400e-02 0.000000e+00 9.877960e-01
487 1.220400e-02 0.000000e+00 9.877960e-01
488 1.220400e-02 0.000000e+00 9.877960e-01
489 1.220400e-02 0.000000e+00 9.877960e-01
490 1.220400e-02 0.000000e+00 9.877960e-01
491 1.220400e-02 0.000000e+00 9.877960e-01
492 1.220400e-02 0.000000e+00 9.877960e-01
493 1.220400e-02 0.000000e+00 9.877960e-01
494 1.220400e-02 0.000000e+00 9.877960e-01
495 1.220400e-02 0.000000e+00 9.877960e-01
496 1.220400e-02 0.000000e+00 9.877960e-01
497 1.220400e-02 0.000000e+00 9.877960e-01
498 1.220400e-02 0.000000e+00 9.877960e-01
499 1.220400e-02 0.000000e+00 9.877960e-01
500 1.220400e-02 0.000000e+00 9.877960e-01
