1 9.991080e-01 8.000000e-04 9.200000e-05
2 9.980280e-01 1.724000e-03 2.480000e-04
3 9.961760e-01 3.200000e-03 6.240000e-04
4 9.929400e-01 5.688000e-03 1.372000e-03
5 9.881640e-01 9.244000e-03 2.592000e-03
6 9.811760e-01 1.410400e-02 4.720000e-03
7 9.721600e-01 2.009600e-02 7.744000e-03
8 9.598440e-01 2.810800e-02 1.204800e-02
9 9.442360e-01 3.810400e-02 1.766000e-02
10 9.257000e-01 4.897200e-02 2.532800e-02
11 9.035400e-01 6.159200e-02 3.486800e-02
12 8.780320e-01 7.493600e-02 4.703200e-02
13 8.490360e-01 9.011200e-02 6.085200e-02
14 8.164080e-01 1.055520e-01 7.804000e-02
15 7.807720e-01 1.213360e-01 9.789200e-02
16 7.427160e-01 1.364920e-01 1.207920e-01
17 7.024760e-01 1.513960e-01 1.461280e-01
18 6.599760e-01 1.666840e-01 1.733400e-01
19 6.168680e-01 1.793520e-01 2.037800e-01
20 5.728280e-01 1.911840e-01 2.359880e-01
21 5.290040e-01 2.000200e-01 2.709760e-01
22 4.853920e-01 2.075840e-01 3.070240e-01
23 4.418560e-01 2.140120e-01 3.441320e-01
24 3.989160e-01 2.190080e-01 3.820760e-01
25 3.581800e-01 2.216320e-01 4.201880e-01
26 3.197320e-01 2.212840e-01 4.589840e-01
27 2.822920e-01 2.199320e-01 4.977760e-01
28 2.485320e-01 2.159320e-01 5.355360e-01
29 2.180240e-01 2.094840e-01 5.724920e-01
30 1.898280e-01 2.017040e-01 6.084680e-01
31 1.651680e-01 1.918360e-01 6.429960e-01
32 1.431720e-01 1.808800e-01 6.759480e-01
33 1.232680e-01 1.696120e-01 7.071200e-01
34 1.058880e-01 1.580160e-01 7.360960e-01
35 9.026000e-02 1.469760e-01 7.627640e-01
36 7.638800e-02 1.366800e-01 7.869320e-01
37 6.390400e-02 1.270400e-01 8.090560e-01
38 5.324800e-02 1.163560e-01 8.303960e-01
39 4.400000e-02 1.060720e-01 8.499280e-01
40 3.666800e-02 9.545200e-02 8.678800e-01
41 3.070000e-02 8.557200e-02 8.837280e-01
42 2.590400e-02 7.620000e-02 8.978960e-01
43 2.214800e-02 6.735200e-02 9.105000e-01
44 1.940800e-02 5.907600e-02 9.215160e-01
45 1.750000e-02 5.130000e-02 9.312000e-01
46 1.601200e-02 4.449600e-02 9.394920e-01
47 1.494000e-02 3.831600e-02 9.467440e-01
48 1.423600e-02 3.280800e-02 9.529560e-01
49 1.372400e-02 2.808800e-02 9.581880e-01
50 1.339200e-02 2.399200e-02 9.626160e-01
51 1.309200e-02 2.039600e-02 9.665120e-01
52 1.292800e-02 1.725600e-02 9.698160e-01
53 1.278400e-02 1.467600e-02 9.725400e-01
54 1.260800e-02 1.250000e-02 9.748920e-01
55 1.252000e-02 1.056800e-02 9.769120e-01
56 1.242000e-02 8.932000e-03 9.786480e-01
57 1.234000e-02 7.532000e-03 9.801280e-01
58 1.228800e-02 6.432000e-03 9.812800e-01
59 1.224400e-02 5.500000e-03 9.822560e-01
60 1.220000e-02 4.668000e-03 9.831320e-01
61 1.216000e-02 3.972000e-03 9.838680e-01
62 1.212400e-02 3.368000e-03 9.845080e-01
63 1.210000e-02 2.836000e-03 9.850640e-01
64 1.206800e-02 2.456000e-03 9.854760e-01
65 1.205600e-02 2.096000e-03 9.858480e-01
66 1.204400e-02 1.764000e-03 9.861920e-01
67 1.203200e-02 1.484000e-03 9.864840e-01
68 1.202000e-02 1.284000e-03 9.866960e-01
69 1.201600e-02 1.084000e-03 9.869000e-01
70 1.200400e-02 8.640000e-04 9.871320e-01
71 1.199600e-02 7.440000e-04 9.872600e-01
72 1.197200e-02 6.960000e-04 9.873320e-01
73 1.195600e-02 5.920000e-04 9.874520e-01
74 1.195200e-02 4.960000e-04 9.875520e-01
75 1.194800e-02 4.040000e-04 9.876480e-01
76 1.194400e-02 3.120000e-04 9.877440e-01
77 1.194400e-02 2.520000e-04 9.878040e-01
78 1.194000e-02 2.120000e-04 9.878480e-01
79 1.194000e-02 1.560000e-04 9.879040e-01
80 1.194000e-02 1.280000e-04 9.879320e-01
81 1.194000e-02 1.120000e-04 9.879480e-01
82 1.194000e-02 1.000000e-04 9.879600e-01
83 1.194000e-02 8.400000e-05 9.879760e-01
84 1.194000e-02 7.600000e-05 9.879840e-01
85 1.194000e-02 6.000000e-05 9.880000e-01
86 1.194000e-02 5.200000e-05 9.880080e-01
87 1.194000e-02 4.800000e-05 9.880120e-01
88 1.194000e-02 4.000000e-05 9.880200e-01
89 1.194000e-02 3.200000e-05 9.880280e-01
90 1.193600e-02 2.800000e-05 9.880360e-01
91 1.193600e-02 2.400000e-05 9.880400e-01
92 1.193600e-02 1.200000e-05 9.880520e-01
93 1.193600e-02 1.200000e-05 9.880520e-01
94 1.193200e-02 1.200000e-05 9.880560e-01
95 1.193200e-02 1.200000e-05 9.880560e-01
96 1.193200e-02 1.200000e-05 9.880560e-01
97 1.193200e-02 1.200000e-05 9.880560e-01
98 1.193200e-02 1.200000e-05 9.880560e-01
99 1.193200e-02 1.200000e-05 9.880560e-01
100 1.193200e-02 1.200000e-05 9.880560e-01
101 1.193200e-02 1.200000e-05 9.880560e-01
102 1.193200e-02 8.000000e-06 9.880600e-01
103 1.193200e-02 8.000000e-06 9.880600e-01
104 1.193200e-02 8.000000e-06 9.880600e-01
105 1.193200e-02 4.000000e-06 9.880640e-01
106 1.193200e-02 0.000000e+00 9.880680e-01
107 1.193200e-02 0.000000e+00 9.880680e-01
108 1.193200e-02 0.000000e+00 9.880680e-01
109 1.193200e-02 0.000000e+00 9.880680e-01
110 1.193200e-02 0.000000e+00 9.880680e-01
111 1.193200e-02 0.000000e+00 9.880680e-01
112 1.193200e-02 0.000000e+00 9.880680e-01
113 1.193200e-02 0.000000e+00 9.880680e-01
114 1.193200e-02 0.000000e+00 9.880680e-01
115 1.193200e-02 0.000000e+00 9.880680e-01
116 1.193200e-02 0.000000e+00 9.880680e-01
117 1.193200e-02 0.000000e+00 9.880680e-01
118 1.193200e-02 0.000000e+00 9.880680e-01
119 1.193200e-02 0.000000e+00 9.880680e-01
120 1.193200e-02 0.000000e+00 9.880680e-01
121 1.193200e-02 0.000000e+00 9.880680e-01
122 1.193200e-02 0.000000e+00 9.880680e-01
123 1.193200e-02 0.000000e+00 9.880680e-01
124 1.193200e-02 0.000000e+00 9.880680e-01
125 1.193200e-02 0.000000e+00 9.880680e-01
126 1.193200e-02 0.000000e+00 9.880680e-01
127 1.193200e-02 0.000000e+00 9.880680e-01
128 1.193200e-02 0.000000e+00 9.880680e-01
129 1.193200e-02 0.000000e+00 9.880680e-01
130 1.193200e-02 0.000000e+00 9.880680e-01
131 1.193200e-02 0.000000e+00 9.880680e-01
132 1.193200e-02 0.000000e+00 9.880680e-01
133 1.193200e-02 0.000000e+00 9.880680e-01
134 1.193200e-02 0.000000e+00 9.880680e-01
135 1.193200e-02 0.000000e+00 9.880680e-01
136 1.193200e-02 0.000000e+00 9.880680e-01
137 1.193200e-02 0.000000e+00 9.880680e-01
138 1.193200e-02 0.000000e+00 9.880680e-01
139 1.193200e-02 0.000000e+00 9.880680e-01
140 1.193200e-02 0.000000e+00 9.880680e-01
141 1.193200e-02 0.000000e+00 9.880680e-01
142 1.193200e-02 0.000000e+00 9.880680e-01
143 1.193200e-02 0.000000e+00 9.880680e-01
144 1.193200e-02 0.000000e+00 9.880680e-01
145 1.193200e-02 0.000000e+00 9.880680e-01
146 1.193200e-02 0.000000e+00 9.880680e-01
147 1.193200e-02 0.000000e+00 9.880680e-01
148 1.193200e-02 0.000000e+00 9.880680e-01
149 1.193200e-02 0.000000e+00 9.880680e-01
150 1.193200e-02 0.000000e+00 9.880680e-01
151 1.193200e-02 0.000000e+00 9.880680e-01
152 1.193200e-02 0.000000e+00 9.880680e-01
153 1.193200e-02 0.000000e+00 9.880680e-01
154 1.193200e-02 0.000000e+00 9.880680e-01
155 1.193200e-02 0.000000e+00 9.880680e-01
156 1.193200e-02 0.000000e+00 9.880680e-01
157 1.193200e-02 0.000000e+00 9.880680e-01
158 1.193200e-02 0.000000e+00 9.880680e-01
159 1.193200e-02 0.000000e+00 9.880680e-01
160 1.193200e-02 0.000000e+00 9.880680e-01
161 1.193200e-02 0.000000e+00 9.880680e-01
162 1.193200e-02 0.000000e+00 9.880680e-01
163 1.193200e-02 0.000000e+00 9.880680e-01
164 1.193200e-02 0.000000e+00 9.880680e-01
165 1.193200e-02 0.000000e+00 9.880680e-01
166 1.193200e-02 0.000000e+00 9.880680e-01
167 1.193200e-02 0.000000e+00 9.880680e-01
168 1.193200e-02 0.000000e+00 9.880680e-01
169 1.193200e-02 0.000000e+00 9.880680e-01
170 1.193200e-02 0.000000e+00 9.880680e-01
171 1.193200e-02 0.000000e+00 9.880680e-01
172 1.193200e-02 0.000000e+00 9.880680e-01
173 1.193200e-02 0.000000e+00 9.880680e-01
174 1.193200e-02 0.000000e+00 9.880680e-01
175 1.193200e-02 0.000000e+00 9.880680e-01
176 1.193200e-02 0.000000e+00 9.880680e-01
177 1.193200e-02 0.000000e+00 9.880680e-01
178 1.193200e-02 0.000000e+00 9.880680e-01
179 1.193200e-02 0.000000e+00 9.880680e-01
180 1.193200e-02 0.000000e+00 9.880680e-01
181 1.193200e-02 0.000000e+00 9.880680e-01
182 1.193200e-02 0.000000e+00 9.880680e-01
183 1.193200e-02 0.000000e+00 9.880680e-01
184 1.193200e-02 0.000000e+00 9.880680e-01
185 1.193200e-02 0.000000e+00 9.880680e-01
186 1.193200e-02 0.000000e+00 9.880680e-01
187 1.193200e-02 0.000000e+00 9.880680e-01
188 1.193200e-02 0.000000e+00 9.880680e-01
189 1.193200e-02 0.000000e+00 9.880680e-01
190 1.193200e-02 0.000000e+00 9.880680e-01
191 1.193200e-02 0.000000e+00 9.880680e-01
192 1.193200e-02 0.000000e+00 9.880680e-01
193 1.193200e-02 0.000000e+00 9.880680e-01
194 1.193200e-02 0.000000e+00 9.880680e-01
195 1.193200e-02 0.000000e+00 9.880680e-01
196 1.193200e-02 0.000000e+00 9.880680e-01
197 1.193200e-02 0.000000e+00 9.880680e-01
198 1.193200e-02 0.000000e+00 9.880680e-01
199 1.193200e-02 0.000000e+00 9.880680e-01
200 1.193200e-02 0.000000e+00 9.880680e-01
201 1.193200e-02 0.000000e+00 9.880680e-01
202 1.193200e-02 0.000000e+00 9.880680e-01
203 1.193200e-02 0.000000e+00 9.880680e-01
204 1.193200e-02 0.000000e+00 9.880680e-01
205 1.193200e-02 0.000000e+00 9.880680e-01
206 1.193200e-02 0.000000e+00 9.880680e-01
207 1.193200e-02 0.000000e+00 9.880680e-01
208 1.193200e-02 0.000000e+00 9.880680e-01
209 1.193200e-02 0.000000e+00 9.880680e-01
210 1.193200e-02 0.000000e+00 9.880680e-01
211 1.193200e-02 0.000000e+00 9.880680e-01
212 1.193200e-02 0.000000e+00 9.880680e-01
213 1.193200e-02 0.000000e+00 9.880680e-01
214 1.193200e-02 0.000000e+00 9.880680e-01
215 1.193200e-02 0.000000e+00 9.880680e-01
216 1.193200e-02 0.000000e+00 9.880680e-01
217 1.193200e-02 0.000000e+00 9.880680e-01
218 1.193200e-02 0.000000e+00 9.880680e-01
219 1.193200e-02 0.000000e+00 9.880680e-01
220 1.193200e-02 0.000000e+00 9.880680e-01
221 1.193200e-02 0.000000e+00 9.880680e-01
222 1.193200e-02 0.000000e+00 9.880680e-01
223 1.193200e-02 0.000000e+00 9.880680e-01
224 1.193200e-02 0.000000e+00 9.880680e-01
225 1.193200e-02 0.000000e+00 9.880680e-01
226 1.193200e-02 0.000000e+00 9.880680e-01
227 1.193200e-02 0.000000e+00 9.880680e-01
228 1.193200e-02 0.000000e+00 9.880680e-01
229 1.193200e-02 0.000000e+00 9.880680e-01
230 1.193200e-02 0.000000e+00 9.880680e-01
231 1.193200e-02 0.000000e+00 9.880680e-01
232 1.193200e-02 0.000000e+00 9.880680e-01
233 1.193200e-02 0.000000e+00 9.880680e-01
234 1.193200e-02 0.000000e+00 9.880680e-01
235 1.193200e-02 0.000000e+00 9.880680e-01
236 1.193200e-02 0.000000e+00 9.880680e-01
237 1.193200e-02 0.000000e+00 9.880680e-01
238 1.193200e-02 0.000000e+00 9.880680e-01
239 1.193200e-02 0.000000e+00 9.880680e-01
240 1.193200e-02 0.000000e+00 9.880680e-01
241 1.193200e-02 0.000000e+00 9.880680e-01
242 1.193200e-02 0.000000e+00 9.880680e-01
243 1.193200e-02 0.000000e+00 9.880680e-01
244 1.193200e-02 0.000000e+00 9.880680e-01
245 1.193200e-02 0.000000e+00 9.880680e-01
246 1.193200e-02 0.000000e+00 9.880680e-01
247 1.193200e-02 0.000000e+00 9.880680e-01
248 1.193200e-02 0.000000e+00 9.880680e-01
249 1.193200e-02 0.000000e+00 9.880680e-01
250 1.193200e-02 0.000000e+00 9.880680e-01
251 1.193200e-02 0.000000e+00 9.880680e-01
252 1.193200e-02 0.000000e+00 9.880680e-01
253 1.193200e-02 0.000000e+00 9.880680e-01
254 1.193200e-02 0.000000e+00 9.880680e-01
255 1.193200e-02 0.000000e+00 9.880680e-01
256 1.193200e-02 0.000000e+00 9.880680e-01
257 1.193200e-02 0.000000e+00 9.880680e-01
258 1.193200e-02 0.000000e+00 9.880680e-01
259 1.193200e-02 0.000000e+00 9.880680e-01
260 1.193200e-02 0.000000e+00 9.880680e-01
261 1.193200e-02 0.000000e+00 9.880680e-01
262 1.193200e-02 0.000000e+00 9.880680e-01
263 1.193200e-02 0.000000e+00 9.880680e-01
264 1.193200e-02 0.000000e+00 9.880680e-01
265 1.193200e-02 0.000000e+00 9.880680e-01
266 1.193200e-02 0.000000e+00 9.880680e-01
267 1.193200e-02 0.000000e+00 9.880680e-01
268 1.193200e-02 0.000000e+00 9.880680e-01
269 1.193200e-02 0.000000e+00 9.880680e-01
270 1.193200e-02 0.000000e+00 9.880680e-01
271 1.193200e-02 0.000000e+00 9.880680e-01
272 1.193200e-02 0.000000e+00 9.880680e-01
273 1.193200e-02 0.000000e+00 9.880680e-01
274 1.193200e-02 0.000000e+00 9.880680e-01
275 1.193200e-02 0.000000e+00 9.880680e-01
276 1.193200e-02 0.000000e+00 9.880680e-01
277 1.193200e-02 0.000000e+00 9.880680e-01
278 1.193200e-02 0.000000e+00 9.880680e-01
279 1.193200e-02 0.000000e+00 9.880680e-01
280 1.193200e-02 0.000000e+00 9.880680e-01
281 1.193200e-02 0.000000e+00 9.880680e-01
282 1.193200e-02 0.000000e+00 9.880680e-01
283 1.193200e-02 0.000000e+00 9.880680e-01
284 1.193200e-02 0.000000e+00 9.880680e-01
285 1.193200e-02 0.000000e+00 9.880680e-01
286 1.193200e-02 0.000000e+00 9.880680e-01
287 1.193200e-02 0.000000e+00 9.880680e-01
288 1.193200e-02 0.000000e+00 9.880680e-01
289 1.193200e-02 0.000000e+00 9.880680e-01
290 1.193200e-02 0.000000e+00 9.880680e-01
291 1.193200e-02 0.000000e+00 9.880680e-01
292 1.193200e-02 0.000000e+00 9.880680e-01
293 1.193200e-02 0.000000e+00 9.880680e-01
294 1.193200e-02 0.000000e+00 9.880680e-01
295 1.193200e-02 0.000000e+00 9.880680e-01
296 1.193200e-02 0.000000e+00 9.880680e-01
297 1.193200e-02 0.000000e+00 9.880680e-01
298 1.193200e-02 0.000000e+00 9.880680e-01
299 1.193200e-02 0.000000e+00 9.880680e-01
300 1.193200e-02 0.000000e+00 9.880680e-01
301 1.193200e-02 0.000000e+00 9.880680e-01
302 1.193200e-02 0.000000e+00 9.880680e-01
303 1.193200e-02 0.000000e+00 9.880680e-01
304 1.193200e-02 0.000000e+00 9.880680e-01
305 1.193200e-02 0.000000e+00 9.880680e-01
306 1.193200e-02 0.000000e+00 9.880680e-01
307 1.193200e-02 0.000000e+00 9.880680e-01
308 1.193200e-02 0.000000e+00 9.880680e-01
309 1.193200e-02 0.000000e+00 9.880680e-01
310 1.193200e-02 0.000000e+00 9.880680e-01
311 1.193200e-02 0.000000e+00 9.880680e-01
312 1.193200e-02 0.000000e+00 9.880680e-01
313 1.193200e-02 0.000000e+00 9.880680e-01
314 1.193200e-02 0.000000e+00 9.880680e-01
315 1.193200e-02 0.000000e+00 9.880680e-01
316 1.193200e-02 0.000000e+00 9.880680e-01
317 1.193200e-02 0.000000e+00 9.880680e-01
318 1.193200e-02 0.000000e+00 9.880680e-01
319 1.193200e-02 0.000000e+00 9.880680e-01
320 1.193200e-02 0.000000e+00 9.880680e-01
321 1.193200e-02 0.000000e+00 9.880680e-01
322 1.193200e-02 0.000000e+00 9.880680e-01
323 1.193200e-02 0.000000e+00 9.880680e-01
324 1.193200e-02 0.000000e+00 9.880680e-01
325 1.193200e-02 0.000000e+00 9.880680e-01
326 1.193200e-02 0.000000e+00 9.880680e-01
327 1.193200e-02 0.000000e+00 9.880680e-01
328 1.193200e-02 0.000000e+00 9.880680e-01
329 1.193200e-02 0.000000e+00 9.880680e-01
330 1.193200e-02 0.000000e+00 9.880680e-01
331 1.193200e-02 0.000000e+00 9.880680e-01
332 1.193200e-02 0.000000e+00 9.880680e-01
333 1.193200e-02 0.000000e+00 9.880680e-01
334 1.193200e-02 0.000000e+00 9.880680e-01
335 1.193200e-02 0.000000e+00 9.880680e-01
336 1.193200e-02 0.000000e+00 9.880680e-01
337 1.193200e-02 0.000000e+00 9.880680e-01
338 1.193200e-02 0.000000e+00 9.880680e-01
339 1.193200e-02 0.000000e+00 9.880680e-01
340 1.193200e-02 0.000000e+00 9.880680e-01
341 1.193200e-02 0.000000e+00 9.880680e-01
342 1.193200e-02 0.000000e+00 9.880680e-01
343 1.193200e-02 0.000000e+00 9.880680e-01
344 1.193200e-02 0.000000e+00 9.880680e-01
345 1.193200e-02 0.000000e+00 9.880680e-01
346 1.193200e-02 0.000000e+00 9.880680e-01
347 1.193200e-02 0.000000e+00 9.880680e-01
348 1.193200e-02 0.000000e+00 9.880680e-01
349 1.193200e-02 0.000000e+00 9.880680e-01
350 1.193200e-02 0.000000e+00 9.880680e-01
351 1.193200e-02 0.000000e+00 9.880680e-01
352 1.193200e-02 0.000000e+00 9.880680e-01
353 1.193200e-02 0.000000e+00 9.880680e-01
354 1.193200e-02 0.000000e+00 9.880680e-01
355 1.193200e-02 0.000000e+00 9.880680e-01
356 1.193200e-02 0.000000e+00 9.880680e-01
357 1.193200e-02 0.000000e+00 9.880680e-01
358 1.193200e-02 0.000000e+00 9.880680e-01
359 1.193200e-02 0.000000e+00 9.880680e-01
360 1.193200e-02 0.000000e+00 9.880680e-01
361 1.193200e-02 0.000000e+00 9.880680e-01
362 1.193200e-02 0.000000e+00 9.880680e-01
363 1.193200e-02 0.000000e+00 9.880680e-01
364 1.193200e-02 0.000000e+00 9.880680e-01
365 1.193200e-02 0.000000e+00 9.880680e-01
366 1.193200e-02 0.000000e+00 9.880680e-01
367 1.193200e-02 0.000000e+00 9.880680e-01
368 1.193200e-02 0.000000e+00 9.880680e-01
369 1.193200e-02 0.000000e+00 9.880680e-01
370 1.193200e-02 0.000000e+00 9.880680e-01
371 1.193200e-02 0.000000e+00 9.880680e-01
372 1.193200e-02 0.000000e+00 9.880680e-01
373 1.193200e-02 0.000000e+00 9.880680e-01
374 1.193200e-02 0.000000e+00 9.880680e-01
375 1.193200e-02 0.000000e+00 9.880680e-01
376 1.193200e-02 0.000000e+00 9.880680e-01
377 1.193200e-02 0.000000e+00 9.880680e-01
378 1.193200e-02 0.000000e+00 9.880680e-01
379 1.193200e-02 0.000000e+00 9.880680e-01
380 1.193200e-02 0.000000e+00 9.880680e-01
381 1.193200e-02 0.000000e+00 9.880680e-01
382 1.193200e-02 0.000000e+00 9.880680e-01
383 1.193200e-02 0.000000e+00 9.880680e-01
384 1.193200e-02 0.000000e+00 9.880680e-01
385 1.193200e-02 0.000000e+00 9.880680e-01
386 1.193200e-02 0.000000e+00 9.880680e-01
387 1.193200e-02 0.000000e+00 9.880680e-01
388 1.193200e-02 0.000000e+00 9.880680e-01
389 1.193200e-02 0.000000e+00 9.880680e-01
390 1.193200e-02 0.000000e+00 9.880680e-01
391 1.193200e-02 0.000000e+00 9.880680e-01
392 1.193200e-02 0.000000e+00 9.880680e-01
393 1.193200e-02 0.000000e+00 9.880680e-01
394 1.193200e-02 0.000000e+00 9.880680e-01
395 1.193200e-02 0.000000e+00 9.880680e-01
396 1.193200e-02 0.000000e+00 9.880680e-01
397 1.193200e-02 0.000000e+00 9.880680e-01
398 1.193200e-02 0.000000e+00 9.880680e-01
399 1.193200e-02 0.000000e+00 9.880680e-01
400 1.193200e-02 0.000000e+00 9.880680e-01
401 1.193200e-02 0.000000e+00 9.880680e-01
402 1.193200e-02 0.000000e+00 9.880680e-01
403 1.193200e-02 0.000000e+00 9.880680e-01
404 1.193200e-02 0.000000e+00 9.880680e-01
405 1.193200e-02 0.000000e+00 9.880680e-01
406 1.193200e-02 0.000000e+00 9.880680e-01
407 1.193200e-02 0.000000e+00 9.880680e-01
408 1.193200e-02 0.000000e+00 9.880680e-01
409 1.193200e-02 0.000000e+00 9.880680e-01
410 1.193200e-02 0.000000e+00 9.880680e-01
411 1.193200e-02 0.000000e+00 9.880680e-01
412 1.193200e-02 0.000000e+00 9.880680e-01
413 1.193200e-02 0.000000e+00 9.880680e-01
414 1.193200e-02 0.000000e+00 9.880680e-01
415 1.193200e-02 0.000000e+00 9.880680e-01
416 1.193200e-02 0.000000e+00 9.880680e-01
417 1.193200e-02 0.000000e+00 9.880680e-01
418 1.193200e-02 0.000000e+00 9.880680e-01
419 1.193200e-02 0.000000e+00 9.880680e-01
420 1.193200e-02 0.000000e+00 9.880680e-01
421 1.193200e-02 0.000000e+00 9.880680e-01
422 1.193200e-02 0.000000e+00 9.880680e-01
423 1.193200e-02 0.000000e+00 9.880680e-01
424 1.193200e-02 0.000000e+00 9.880680e-01
425 1.193200e-02 0.000000e+00 9.880680e-01
426 1.193200e-02 0.000000e+00 9.880680e-01
427 1.193200e-02 0.000000e+00 9.880680e-01
428 1.193200e-02 0.000000e+00 9.880680e-01
429 1.193200e-02 0.000000e+00 9.880680e-01
430 1.193200e-02 0.000000e+00 9.880680e-01
431 1.193200e-02 0.000000e+00 9.880680e-01
432 1.193200e-02 0.000000e+00 9.880680e-01
433 1.193200e-02 0.000000e+00 9.880680e-01
434 1.193200e-02 0.000000e+00 9.880680e-01
435 1.193200e-02 0.000000e+00 9.880680e-01
436 1.193200e-02 0.000000e+00 9.880680e-01
437 1.193200e-02 0.000000e+00 9.880680e-01
438 1.193200e-02 0.000000e+00 9.880680e-01
439 1.193200e-02 0.000000e+00 9.880680e-01
440 1.193200e-02 0.000000e+00 9.880680e-01
441 1.193200e-02 0.000000e+00 9.880680e-01
442 1.193200e-02 0.000000e+00 9.880680e-01
443 1.193200e-02 0.000000e+00 9.880680e-01
444 1.193200e-02 0.000000e+00 9.880680e-01
445 1.193200e-02 0.000000e+00 9.880680e-01
446 1.193200e-02 0.000000e+00 9.880680e-01
447 1.193200e-02 0.000000e+00 9.880680e-01
448 1.193200e-02 0.000000e+00 9.880680e-01
449 1.193200e-02 0.000000e+00 9.880680e-01
450 1.193200e-02 0.000000e+00 9.880680e-01
451 1.193200e-02 0.000000e+00 9.880680e-01
452 1.193200e-02 0.000000e+00 9.880680e-01
453 1.193200e-02 0.000000e+00 9.880680e-01
454 1.193200e-02 0.000000e+00 9.880680e-01
455 1.193200e-02 0.000000e+00 9.880680e-01
456 1.193200e-02 0.000000e+00 9.880680e-01
457 1.193200e-02 0.000000e+00 9.880680e-01
458 1.193200e-02 0.000000e+00 9.880680e-01
459 1.193200e-02 0.000000e+00 9.880680e-01
460 1.193200e-02 0.000000e+00 9.880680e-01
461 1.193200e-02 0.000000e+00 9.880680e-01
462 1.193200e-02 0.000000e+00 9.880680e-01
463 1.193200e-02 0.000000e+00 9.880680e-01
464 1.193200e-02 0.000000e+00 9.880680e-01
465 1.193200e-02 0.000000e+00 9.880680e-01
466 1.193200e-02 0.000000e+00 9.880680e-01
467 1.193200e-02 0.000000e+00 9.880680e-01
468 1.193200e-02 0.000000e+00 9.880680e-01
469 1.193200e-02 0.000000e+00 9.880680e-01
470 1.193200e-02 0.000000e+00 9.880680e-01
471 1.193200e-02 0.000000e+00 9.880680e-01
472 1.193200e-02 0.000000e+00 9.880680e-01
473 1.193200e-02 0.000000e+00 9.880680e-01
474 1.193200e-02 0.000000e+00 9.880680e-01
475 1.193200e-02 0.000000e+00 9.880680e-01
476 1.193200e-02 0.000000e+00 9.880680e-01
477 1.193200e-02 0.000000e+00 9.880680e-01
478 1.193200e-02 0.000000e+00 9.880680e-01
479 1.193200e-02 0.000000e+00 9.880680e-01
480 1.193200e-02 0.000000e+00 9.880680e-01
481 1.193200e-02 0.000000e+00 9.880680e-01
482 1.193200e-02 0.000000e+00 9.880680e-01
483 1.193200e-02 0.000000e+00 9.880680e-01
484 1.193200e-02 0.000000e+00 9.880680e-01
485 1.193200e-02 0.000000e+00 9.880680e-01
486 1.193200e-02 0.000000e+00 9.880680e-01
487 1.193200e-02 0.000000e+00 9.880680e-01
488 1.193200e-02 0.000000e+00 9.880680e-01
489 1.193200e-02 0.000000e+00 9.880680e-01
490 1.193200e-02 0.000000e+00 9.880680e-01
491 1.193200e-02 0.000000e+00 9.880680e-01
492 1.193200e-02 0.000000e+00 9.880680e-01
493 1.193200e-02 0.000000e+00 9.880680e-01
494 1.193200e-02 0.000000e+00 9.880680e-01
495 1.193200e-02 0.000000e+00 9.880680e-01
496 1.193200e-02 0.000000e+00 9.880680e-01
497 1.193200e-02 0.000000e+00 9.880680e-01
498 1.193200e-02 0.000000e+00 9.880680e-01
499 1.193200e-02 0.000000e+00 9.880680e-01
500 1.193200e-02 0.000000e+00 9.880680e-01
