1 9.991360e-01 7.880000e-04 7.600000e-05
2 9.982960e-01 1.416000e-03 2.880000e-04
3 9.968960e-01 2.492000e-03 6.120000e-04
4 9.944360e-01 4.312000e-03 1.252000e-03
5 9.908840e-01 6.852000e-03 2.264000e-03
6 9.856880e-01 1.049600e-02 3.816000e-03
7 9.783640e-01 1.564800e-02 5.988000e-03
8 9.684080e-01 2.224000e-02 9.352000e-03
9 9.555840e-01 3.037600e-02 1.404000e-02
10 9.401560e-01 3.964400e-02 2.020000e-02
11 9.214000e-01 5.056800e-02 2.803200e-02
12 8.999200e-01 6.224000e-02 3.784000e-02
13 8.752120e-01 7.449200e-02 5.029600e-02
14 8.472720e-01 8.821600e-02 6.451200e-02
15 8.158080e-01 1.033800e-01 8.081200e-02
16 7.810840e-01 1.190280e-01 9.988800e-02
17 7.446560e-01 1.335280e-01 1.218160e-01
18 7.060640e-01 1.474800e-01 1.464560e-01
19 6.659600e-01 1.603600e-01 1.736800e-01
20 6.252720e-01 1.716080e-01 2.031200e-01
21 5.831160e-01 1.832960e-01 2.335880e-01
22 5.412800e-01 1.922960e-01 2.664240e-01
23 4.974040e-01 2.019800e-01 3.006160e-01
24 4.547880e-01 2.084320e-01 3.367800e-01
25 4.115600e-01 2.144080e-01 3.740320e-01
26 3.697920e-01 2.187160e-01 4.114920e-01
27 3.294880e-01 2.207880e-01 4.497240e-01
28 2.922240e-01 2.194400e-01 4.883360e-01
29 2.570960e-01 2.163120e-01 5.265920e-01
30 2.252600e-01 2.109880e-01 5.637520e-01
31 1.956800e-01 2.046880e-01 5.996320e-01
32 1.689400e-01 1.964840e-01 6.345760e-01
33 1.448320e-01 1.868360e-01 6.683320e-01
34 1.240360e-01 1.757640e-01 7.002000e-01
35 1.048480e-01 1.650240e-01 7.301280e-01
36 8.786800e-02 1.544160e-01 7.577160e-01
37 7.294000e-02 1.435280e-01 7.835320e-01
38 6.052400e-02 1.319240e-01 8.075520e-01
39 5.028000e-02 1.202800e-01 8.294400e-01
40 4.191600e-02 1.086720e-01 8.494120e-01
41 3.534400e-02 9.704000e-02 8.676160e-01
42 2.999200e-02 8.605200e-02 8.839560e-01
43 2.584800e-02 7.619600e-02 8.979560e-01
44 2.240400e-02 6.736400e-02 9.102320e-01
45 1.959600e-02 5.910400e-02 9.213000e-01
46 1.758400e-02 5.148000e-02 9.309360e-01
47 1.613200e-02 4.469600e-02 9.391720e-01
48 1.504400e-02 3.843600e-02 9.465200e-01
49 1.432800e-02 3.284400e-02 9.528280e-01
50 1.383200e-02 2.816000e-02 9.580080e-01
51 1.341200e-02 2.395200e-02 9.626360e-01
52 1.310400e-02 2.044400e-02 9.664520e-01
53 1.283200e-02 1.740000e-02 9.697680e-01
54 1.265200e-02 1.474400e-02 9.726040e-01
55 1.249600e-02 1.248400e-02 9.750200e-01
56 1.234800e-02 1.074000e-02 9.769120e-01
57 1.227600e-02 9.224000e-03 9.785000e-01
58 1.219600e-02 7.760000e-03 9.800440e-01
59 1.212400e-02 6.432000e-03 9.814440e-01
60 1.206000e-02 5.520000e-03 9.824200e-01
61 1.198400e-02 4.720000e-03 9.832960e-01
62 1.194800e-02 4.024000e-03 9.840280e-01
63 1.190000e-02 3.460000e-03 9.846400e-01
64 1.188000e-02 2.916000e-03 9.852040e-01
65 1.187200e-02 2.460000e-03 9.856680e-01
66 1.186800e-02 2.084000e-03 9.860480e-01
67 1.184000e-02 1.808000e-03 9.863520e-01
68 1.182800e-02 1.528000e-03 9.866440e-01
69 1.181600e-02 1.316000e-03 9.868680e-01
70 1.180000e-02 1.128000e-03 9.870720e-01
71 1.179200e-02 9.280000e-04 9.872800e-01
72 1.178800e-02 8.200000e-04 9.873920e-01
73 1.178000e-02 7.040000e-04 9.875160e-01
74 1.178000e-02 6.000000e-04 9.876200e-01
75 1.176800e-02 5.000000e-04 9.877320e-01
76 1.176800e-02 4.160000e-04 9.878160e-01
77 1.176400e-02 3.600000e-04 9.878760e-01
78 1.176400e-02 2.920000e-04 9.879440e-01
79 1.176400e-02 2.600000e-04 9.879760e-01
80 1.176400e-02 2.120000e-04 9.880240e-01
81 1.176000e-02 1.680000e-04 9.880720e-01
82 1.176000e-02 1.400000e-04 9.881000e-01
83 1.175200e-02 1.080000e-04 9.881400e-01
84 1.175200e-02 9.600000e-05 9.881520e-01
85 1.175200e-02 7.600000e-05 9.881720e-01
86 1.175200e-02 6.400000e-05 9.881840e-01
87 1.175200e-02 4.000000e-05 9.882080e-01
88 1.175200e-02 2.400000e-05 9.882240e-01
89 1.175200e-02 2.400000e-05 9.882240e-01
90 1.175200e-02 2.000000e-05 9.882280e-01
91 1.175200e-02 1.600000e-05 9.882320e-01
92 1.175200e-02 1.600000e-05 9.882320e-01
93 1.175200e-02 1.200000e-05 9.882360e-01
94 1.175200e-02 0.000000e+00 9.882480e-01
95 1.175200e-02 0.000000e+00 9.882480e-01
96 1.175200e-02 0.000000e+00 9.882480e-01
97 1.175200e-02 0.000000e+00 9.882480e-01
98 1.175200e-02 0.000000e+00 9.882480e-01
99 1.175200e-02 0.000000e+00 9.882480e-01
100 1.175200e-02 0.000000e+00 9.882480e-01
101 1.175200e-02 0.000000e+00 9.882480e-01
102 1.175200e-02 0.000000e+00 9.882480e-01
103 1.175200e-02 0.000000e+00 9.882480e-01
104 1.175200e-02 0.000000e+00 9.882480e-01
105 1.175200e-02 0.000000e+00 9.882480e-01
106 1.175200e-02 0.000000e+00 9.882480e-01
107 1.175200e-02 0.000000e+00 9.882480e-01
108 1.175200e-02 0.000000e+00 9.882480e-01
109 1.175200e-02 0.000000e+00 9.882480e-01
110 1.175200e-02 0.000000e+00 9.882480e-01
111 1.175200e-02 0.000000e+00 9.882480e-01
112 1.175200e-02 0.000000e+00 9.882480e-01
113 1.175200e-02 0.000000e+00 9.882480e-01
114 1.175200e-02 0.000000e+00 9.882480e-01
115 1.175200e-02 0.000000e+00 9.882480e-01
116 1.175200e-02 0.000000e+00 9.882480e-01
117 1.175200e-02 0.000000e+00 9.882480e-01
118 1.175200e-02 0.000000e+00 9.882480e-01
119 1.175200e-02 0.000000e+00 9.882480e-01
120 1.175200e-02 0.000000e+00 9.882480e-01
121 1.175200e-02 0.000000e+00 9.882480e-01
122 1.175200e-02 0.000000e+00 9.882480e-01
123 1.175200e-02 0.000000e+00 9.882480e-01
124 1.175200e-02 0.000000e+00 9.882480e-01
125 1.175200e-02 0.000000e+00 9.882480e-01
126 1.175200e-02 0.000000e+00 9.882480e-01
127 1.175200e-02 0.000000e+00 9.882480e-01
128 1.175200e-02 0.000000e+00 9.882480e-01
129 1.175200e-02 0.000000e+00 9.882480e-01
130 1.175200e-02 0.000000e+00 9.882480e-01
131 1.175200e-02 0.000000e+00 9.882480e-01
132 1.175200e-02 0.000000e+00 9.882480e-01
133 1.175200e-02 0.000000e+00 9.882480e-01
134 1.175200e-02 0.000000e+00 9.882480e-01
135 1.175200e-02 0.000000e+00 9.882480e-01
136 1.175200e-02 0.000000e+00 9.882480e-01
137 1.175200e-02 0.000000e+00 9.882480e-01
138 1.175200e-02 0.000000e+00 9.882480e-01
139 1.175200e-02 0.000000e+00 9.882480e-01
140 1.175200e-02 0.000000e+00 9.882480e-01
141 1.175200e-02 0.000000e+00 9.882480e-01
142 1.175200e-02 0.000000e+00 9.882480e-01
143 1.175200e-02 0.000000e+00 9.882480e-01
144 1.175200e-02 0.000000e+00 9.882480e-01
145 1.175200e-02 0.000000e+00 9.882480e-01
146 1.175200e-02 0.000000e+00 9.882480e-01
147 1.175200e-02 0.000000e+00 9.882480e-01
148 1.175200e-02 0.000000e+00 9.882480e-01
149 1.175200e-02 0.000000e+00 9.882480e-01
150 1.175200e-02 0.000000e+00 9.882480e-01
151 1.175200e-02 0.000000e+00 9.882480e-01
152 1.175200e-02 0.000000e+00 9.882480e-01
153 1.175200e-02 0.000000e+00 9.882480e-01
154 1.175200e-02 0.000000e+00 9.882480e-01
155 1.175200e-02 0.000000e+00 9.882480e-01
156 1.175200e-02 0.000000e+00 9.882480e-01
157 1.175200e-02 0.000000e+00 9.882480e-01
158 1.175200e-02 0.000000e+00 9.882480e-01
159 1.175200e-02 0.000000e+00 9.882480e-01
160 1.175200e-02 0.000000e+00 9.882480e-01
161 1.175200e-02 0.000000e+00 9.882480e-01
162 1.175200e-02 0.000000e+00 9.882480e-01
163 1.175200e-02 0.000000e+00 9.882480e-01
164 1.175200e-02 0.000000e+00 9.882480e-01
165 1.175200e-02 0.000000e+00 9.882480e-01
166 1.175200e-02 0.000000e+00 9.882480e-01
167 1.175200e-02 0.000000e+00 9.882480e-01
168 1.175200e-02 0.000000e+00 9.882480e-01
169 1.175200e-02 0.000000e+00 9.882480e-01
170 1.175200e-02 0.000000e+00 9.882480e-01
171 1.175200e-02 0.000000e+00 9.882480e-01
172 1.175200e-02 0.000000e+00 9.882480e-01
173 1.175200e-02 0.000000e+00 9.882480e-01
174 1.175200e-02 0.000000e+00 9.882480e-01
175 1.175200e-02 0.000000e+00 9.882480e-01
176 1.175200e-02 0.000000e+00 9.882480e-01
177 1.175200e-02 0.000000e+00 9.882480e-01
178 1.175200e-02 0.000000e+00 9.882480e-01
179 1.175200e-02 0.000000e+00 9.882480e-01
180 1.175200e-02 0.000000e+00 9.882480e-01
181 1.175200e-02 0.000000e+00 9.882480e-01
182 1.175200e-02 0.000000e+00 9.882480e-01
183 1.175200e-02 0.000000e+00 9.882480e-01
184 1.175200e-02 0.000000e+00 9.882480e-01
185 1.175200e-02 0.000000e+00 9.882480e-01
186 1.175200e-02 0.000000e+00 9.882480e-01
187 1.175200e-02 0.000000e+00 9.882480e-01
188 1.175200e-02 0.000000e+00 9.882480e-01
189 1.175200e-02 0.000000e+00 9.882480e-01
190 1.175200e-02 0.000000e+00 9.882480e-01
191 1.175200e-02 0.000000e+00 9.882480e-01
192 1.175200e-02 0.000000e+00 9.882480e-01
193 1.175200e-02 0.000000e+00 9.882480e-01
194 1.175200e-02 0.000000e+00 9.882480e-01
195 1.175200e-02 0.000000e+00 9.882480e-01
196 1.175200e-02 0.000000e+00 9.882480e-01
197 1.175200e-02 0.000000e+00 9.882480e-01
198 1.175200e-02 0.000000e+00 9.882480e-01
199 1.175200e-02 0.000000e+00 9.882480e-01
200 1.175200e-02 0.000000e+00 9.882480e-01
201 1.175200e-02 0.000000e+00 9.882480e-01
202 1.175200e-02 0.000000e+00 9.882480e-01
203 1.175200e-02 0.000000e+00 9.882480e-01
204 1.175200e-02 0.000000e+00 9.882480e-01
205 1.175200e-02 0.000000e+00 9.882480e-01
206 1.175200e-02 0.000000e+00 9.882480e-01
207 1.175200e-02 0.000000e+00 9.882480e-01
208 1.175200e-02 0.000000e+00 9.882480e-01
209 1.175200e-02 0.000000e+00 9.882480e-01
210 1.175200e-02 0.000000e+00 9.882480e-01
211 1.175200e-02 0.000000e+00 9.882480e-01
212 1.175200e-02 0.000000e+00 9.882480e-01
213 1.175200e-02 0.000000e+00 9.882480e-01
214 1.175200e-02 0.000000e+00 9.882480e-01
215 1.175200e-02 0.000000e+00 9.882480e-01
216 1.175200e-02 0.000000e+00 9.882480e-01
217 1.175200e-02 0.000000e+00 9.882480e-01
218 1.175200e-02 0.000000e+00 9.882480e-01
219 1.175200e-02 0.000000e+00 9.882480e-01
220 1.175200e-02 0.000000e+00 9.882480e-01
221 1.175200e-02 0.000000e+00 9.882480e-01
222 1.175200e-02 0.000000e+00 9.882480e-01
223 1.175200e-02 0.000000e+00 9.882480e-01
224 1.175200e-02 0.000000e+00 9.882480e-01
225 1.175200e-02 0.000000e+00 9.882480e-01
226 1.175200e-02 0.000000e+00 9.882480e-01
227 1.175200e-02 0.000000e+00 9.882480e-01
228 1.175200e-02 0.000000e+00 9.882480e-01
229 1.175200e-02 0.000000e+00 9.882480e-01
230 1.175200e-02 0.000000e+00 9.882480e-01
231 1.175200e-02 0.000000e+00 9.882480e-01
232 1.175200e-02 0.000000e+00 9.882480e-01
233 1.175200e-02 0.000000e+00 9.882480e-01
234 1.175200e-02 0.000000e+00 9.882480e-01
235 1.175200e-02 0.000000e+00 9.882480e-01
236 1.175200e-02 0.000000e+00 9.882480e-01
237 1.175200e-02 0.000000e+00 9.882480e-01
238 1.175200e-02 0.000000e+00 9.882480e-01
239 1.175200e-02 0.000000e+00 9.882480e-01
240 1.175200e-02 0.000000e+00 9.882480e-01
241 1.175200e-02 0.000000e+00 9.882480e-01
242 1.175200e-02 0.000000e+00 9.882480e-01
243 1.175200e-02 0.000000e+00 9.882480e-01
244 1.175200e-02 0.000000e+00 9.882480e-01
245 1.175200e-02 0.000000e+00 9.882480e-01
246 1.175200e-02 0.000000e+00 9.882480e-01
247 1.175200e-02 0.000000e+00 9.882480e-01
248 1.175200e-02 0.000000e+00 9.882480e-01
249 1.175200e-02 0.000000e+00 9.882480e-01
250 1.175200e-02 0.000000e+00 9.882480e-01
251 1.175200e-02 0.000000e+00 9.882480e-01
252 1.175200e-02 0.000000e+00 9.882480e-01
253 1.175200e-02 0.000000e+00 9.882480e-01
254 1.175200e-02 0.000000e+00 9.882480e-01
255 1.175200e-02 0.000000e+00 9.882480e-01
256 1.175200e-02 0.000000e+00 9.882480e-01
257 1.175200e-02 0.000000e+00 9.882480e-01
258 1.175200e-02 0.000000e+00 9.882480e-01
259 1.175200e-02 0.000000e+00 9.882480e-01
260 1.175200e-02 0.000000e+00 9.882480e-01
261 1.175200e-02 0.000000e+00 9.882480e-01
262 1.175200e-02 0.000000e+00 9.882480e-01
263 1.175200e-02 0.000000e+00 9.882480e-01
264 1.175200e-02 0.000000e+00 9.882480e-01
265 1.175200e-02 0.000000e+00 9.882480e-01
266 1.175200e-02 0.000000e+00 9.882480e-01
267 1.175200e-02 0.000000e+00 9.882480e-01
268 1.175200e-02 0.000000e+00 9.882480e-01
269 1.175200e-02 0.000000e+00 9.882480e-01
270 1.175200e-02 0.000000e+00 9.882480e-01
271 1.175200e-02 0.000000e+00 9.882480e-01
272 1.175200e-02 0.000000e+00 9.882480e-01
273 1.175200e-02 0.000000e+00 9.882480e-01
274 1.175200e-02 0.000000e+00 9.882480e-01
275 1.175200e-02 0.000000e+00 9.882480e-01
276 1.175200e-02 0.000000e+00 9.882480e-01
277 1.175200e-02 0.000000e+00 9.882480e-01
278 1.175200e-02 0.000000e+00 9.882480e-01
279 1.175200e-02 0.000000e+00 9.882480e-01
280 1.175200e-02 0.000000e+00 9.882480e-01
281 1.175200e-02 0.000000e+00 9.882480e-01
282 1.175200e-02 0.000000e+00 9.882480e-01
283 1.175200e-02 0.000000e+00 9.882480e-01
284 1.175200e-02 0.000000e+00 9.882480e-01
285 1.175200e-02 0.000000e+00 9.882480e-01
286 1.175200e-02 0.000000e+00 9.882480e-01
287 1.175200e-02 0.000000e+00 9.882480e-01
288 1.175200e-02 0.000000e+00 9.882480e-01
289 1.175200e-02 0.000000e+00 9.882480e-01
290 1.175200e-02 0.000000e+00 9.882480e-01
291 1.175200e-02 0.000000e+00 9.882480e-01
292 1.175200e-02 0.000000e+00 9.882480e-01
293 1.175200e-02 0.000000e+00 9.882480e-01
294 1.175200e-02 0.000000e+00 9.882480e-01
295 1.175200e-02 0.000000e+00 9.882480e-01
296 1.175200e-02 0.000000e+00 9.882480e-01
297 1.175200e-02 0.000000e+00 9.882480e-01
298 1.175200e-02 0.000000e+00 9.882480e-01
299 1.175200e-02 0.000000e+00 9.882480e-01
300 1.175200e-02 0.000000e+00 9.882480e-01
301 1.175200e-02 0.000000e+00 9.882480e-01
302 1.175200e-02 0.000000e+00 9.882480e-01
303 1.175200e-02 0.000000e+00 9.882480e-01
304 1.175200e-02 0.000000e+00 9.882480e-01
305 1.175200e-02 0.000000e+00 9.882480e-01
306 1.175200e-02 0.000000e+00 9.882480e-01
307 1.175200e-02 0.000000e+00 9.882480e-01
308 1.175200e-02 0.000000e+00 9.882480e-01
309 1.175200e-02 0.000000e+00 9.882480e-01
310 1.175200e-02 0.000000e+00 9.882480e-01
311 1.175200e-02 0.000000e+00 9.882480e-01
312 1.175200e-02 0.000000e+00 9.882480e-01
313 1.175200e-02 0.000000e+00 9.882480e-01
314 1.175200e-02 0.000000e+00 9.882480e-01
315 1.175200e-02 0.000000e+00 9.882480e-01
316 1.175200e-02 0.000000e+00 9.882480e-01
317 1.175200e-02 0.000000e+00 9.882480e-01
318 1.175200e-02 0.000000e+00 9.882480e-01
319 1.175200e-02 0.000000e+00 9.882480e-01
320 1.175200e-02 0.000000e+00 9.882480e-01
321 1.175200e-02 0.000000e+00 9.882480e-01
322 1.175200e-02 0.000000e+00 9.882480e-01
323 1.175200e-02 0.000000e+00 9.882480e-01
324 1.175200e-02 0.000000e+00 9.882480e-01
325 1.175200e-02 0.000000e+00 9.882480e-01
326 1.175200e-02 0.000000e+00 9.882480e-01
327 1.175200e-02 0.000000e+00 9.882480e-01
328 1.175200e-02 0.000000e+00 9.882480e-01
329 1.175200e-02 0.000000e+00 9.882480e-01
330 1.175200e-02 0.000000e+00 9.882480e-01
331 1.175200e-02 0.000000e+00 9.882480e-01
332 1.175200e-02 0.000000e+00 9.882480e-01
333 1.175200e-02 0.000000e+00 9.882480e-01
334 1.175200e-02 0.000000e+00 9.882480e-01
335 1.175200e-02 0.000000e+00 9.882480e-01
336 1.175200e-02 0.000000e+00 9.882480e-01
337 1.175200e-02 0.000000e+00 9.882480e-01
338 1.175200e-02 0.000000e+00 9.882480e-01
339 1.175200e-02 0.000000e+00 9.882480e-01
340 1.175200e-02 0.000000e+00 9.882480e-01
341 1.175200e-02 0.000000e+00 9.882480e-01
342 1.175200e-02 0.000000e+00 9.882480e-01
343 1.175200e-02 0.000000e+00 9.882480e-01
344 1.175200e-02 0.000000e+00 9.882480e-01
345 1.175200e-02 0.000000e+00 9.882480e-01
346 1.175200e-02 0.000000e+00 9.882480e-01
347 1.175200e-02 0.000000e+00 9.882480e-01
348 1.175200e-02 0.000000e+00 9.882480e-01
349 1.175200e-02 0.000000e+00 9.882480e-01
350 1.175200e-02 0.000000e+00 9.882480e-01
351 1.175200e-02 0.000000e+00 9.882480e-01
352 1.175200e-02 0.000000e+00 9.882480e-01
353 1.175200e-02 0.000000e+00 9.882480e-01
354 1.175200e-02 0.000000e+00 9.882480e-01
355 1.175200e-02 0.000000e+00 9.882480e-01
356 1.175200e-02 0.000000e+00 9.882480e-01
357 1.175200e-02 0.000000e+00 9.882480e-01
358 1.175200e-02 0.000000e+00 9.882480e-01
359 1.175200e-02 0.000000e+00 9.882480e-01
360 1.175200e-02 0.000000e+00 9.882480e-01
361 1.175200e-02 0.000000e+00 9.882480e-01
362 1.175200e-02 0.000000e+00 9.882480e-01
363 1.175200e-02 0.000000e+00 9.882480e-01
364 1.175200e-02 0.000000e+00 9.882480e-01
365 1.175200e-02 0.000000e+00 9.882480e-01
366 1.175200e-02 0.000000e+00 9.882480e-01
367 1.175200e-02 0.000000e+00 9.882480e-01
368 1.175200e-02 0.000000e+00 9.882480e-01
369 1.175200e-02 0.000000e+00 9.882480e-01
370 1.175200e-02 0.000000e+00 9.882480e-01
371 1.175200e-02 0.000000e+00 9.882480e-01
372 1.175200e-02 0.000000e+00 9.882480e-01
373 1.175200e-02 0.000000e+00 9.882480e-01
374 1.175200e-02 0.000000e+00 9.882480e-01
375 1.175200e-02 0.000000e+00 9.882480e-01
376 1.175200e-02 0.000000e+00 9.882480e-01
377 1.175200e-02 0.000000e+00 9.882480e-01
378 1.175200e-02 0.000000e+00 9.882480e-01
379 1.175200e-02 0.000000e+00 9.882480e-01
380 1.175200e-02 0.000000e+00 9.882480e-01
381 1.175200e-02 0.000000e+00 9.882480e-01
382 1.175200e-02 0.000000e+00 9.882480e-01
383 1.175200e-02 0.000000e+00 9.882480e-01
384 1.175200e-02 0.000000e+00 9.882480e-01
385 1.175200e-02 0.000000e+00 9.882480e-01
386 1.175200e-02 0.000000e+00 9.882480e-01
387 1.175200e-02 0.000000e+00 9.882480e-01
388 1.175200e-02 0.000000e+00 9.882480e-01
389 1.175200e-02 0.000000e+00 9.882480e-01
390 1.175200e-02 0.000000e+00 9.882480e-01
391 1.175200e-02 0.000000e+00 9.882480e-01
392 1.175200e-02 0.000000e+00 9.882480e-01
393 1.175200e-02 0.000000e+00 9.882480e-01
394 1.175200e-02 0.000000e+00 9.882480e-01
395 1.175200e-02 0.000000e+00 9.882480e-01
396 1.175200e-02 0.000000e+00 9.882480e-01
397 1.175200e-02 0.000000e+00 9.882480e-01
398 1.175200e-02 0.000000e+00 9.882480e-01
399 1.175200e-02 0.000000e+00 9.882480e-01
400 1.175200e-02 0.000000e+00 9.882480e-01
401 1.175200e-02 0.000000e+00 9.882480e-01
402 1.175200e-02 0.000000e+00 9.882480e-01
403 1.175200e-02 0.000000e+00 9.882480e-01
404 1.175200e-02 0.000000e+00 9.882480e-01
405 1.175200e-02 0.000000e+00 9.882480e-01
406 1.175200e-02 0.000000e+00 9.882480e-01
407 1.175200e-02 0.000000e+00 9.882480e-01
408 1.175200e-02 0.000000e+00 9.882480e-01
409 1.175200e-02 0.000000e+00 9.882480e-01
410 1.175200e-02 0.000000e+00 9.882480e-01
411 1.175200e-02 0.000000e+00 9.882480e-01
412 1.175200e-02 0.000000e+00 9.882480e-01
413 1.175200e-02 0.000000e+00 9.882480e-01
414 1.175200e-02 0.000000e+00 9.882480e-01
415 1.175200e-02 0.000000e+00 9.882480e-01
416 1.175200e-02 0.000000e+00 9.882480e-01
417 1.175200e-02 0.000000e+00 9.882480e-01
418 1.175200e-02 0.000000e+00 9.882480e-01
419 1.175200e-02 0.000000e+00 9.882480e-01
420 1.175200e-02 0.000000e+00 9.882480e-01
421 1.175200e-02 0.000000e+00 9.882480e-01
422 1.175200e-02 0.000000e+00 9.882480e-01
423 1.175200e-02 0.000000e+00 9.882480e-01
424 1.175200e-02 0.000000e+00 9.882480e-01
425 1.175200e-02 0.000000e+00 9.882480e-01
426 1.175200e-02 0.000000e+00 9.882480e-01
427 1.175200e-02 0.000000e+00 9.882480e-01
428 1.175200e-02 0.000000e+00 9.882480e-01
429 1.175200e-02 0.000000e+00 9.882480e-01
430 1.175200e-02 0.000000e+00 9.882480e-01
431 1.175200e-02 0.000000e+00 9.882480e-01
432 1.175200e-02 0.000000e+00 9.882480e-01
433 1.175200e-02 0.000000e+00 9.882480e-01
434 1.175200e-02 0.000000e+00 9.882480e-01
435 1.175200e-02 0.000000e+00 9.882480e-01
436 1.175200e-02 0.000000e+00 9.882480e-01
437 1.175200e-02 0.000000e+00 9.882480e-01
438 1.175200e-02 0.000000e+00 9.882480e-01
439 1.175200e-02 0.000000e+00 9.882480e-01
440 1.175200e-02 0.000000e+00 9.882480e-01
441 1.175200e-02 0.000000e+00 9.882480e-01
442 1.175200e-02 0.000000e+00 9.882480e-01
443 1.175200e-02 0.000000e+00 9.882480e-01
444 1.175200e-02 0.000000e+00 9.882480e-01
445 1.175200e-02 0.000000e+00 9.882480e-01
446 1.175200e-02 0.000000e+00 9.882480e-01
447 1.175200e-02 0.000000e+00 9.882480e-01
448 1.175200e-02 0.000000e+00 9.882480e-01
449 1.175200e-02 0.000000e+00 9.882480e-01
450 1.175200e-02 0.000000e+00 9.882480e-01
451 1.175200e-02 0.000000e+00 9.882480e-01
452 1.175200e-02 0.000000e+00 9.882480e-01
453 1.175200e-02 0.000000e+00 9.882480e-01
454 1.175200e-02 0.000000e+00 9.882480e-01
455 1.175200e-02 0.000000e+00 9.882480e-01
456 1.175200e-02 0.000000e+00 9.882480e-01
457 1.175200e-02 0.000000e+00 9.882480e-01
458 1.175200e-02 0.000000e+00 9.882480e-01
459 1.175200e-02 0.000000e+00 9.882480e-01
460 1.175200e-02 0.000000e+00 9.882480e-01
461 1.175200e-02 0.000000e+00 9.882480e-01
462 1.175200e-02 0.000000e+00 9.882480e-01
463 1.175200e-02 0.000000e+00 9.882480e-01
464 1.175200e-02 0.000000e+00 9.882480e-01
465 1.175200e-02 0.000000e+00 9.882480e-01
466 1.175200e-02 0.000000e+00 9.882480e-01
467 1.175200e-02 0.000000e+00 9.882480e-01
468 1.175200e-02 0.000000e+00 9.882480e-01
469 1.175200e-02 0.000000e+00 9.882480e-01
470 1.175200e-02 0.000000e+00 9.882480e-01
471 1.175200e-02 0.000000e+00 9.882480e-01
472 1.175200e-02 0.000000e+00 9.882480e-01
473 1.175200e-02 0.000000e+00 9.882480e-01
474 1.175200e-02 0.000000e+00 9.882480e-01
475 1.175200e-02 0.000000e+00 9.882480e-01
476 1.175200e-02 0.000000e+00 9.882480e-01
477 1.175200e-02 0.000000e+00 9.882480e-01
478 1.175200e-02 0.000000e+00 9.882480e-01
479 1.175200e-02 0.000000e+00 9.882480e-01
480 1.175200e-02 0.000000e+00 9.882480e-01
481 1.175200e-02 0.000000e+00 9.882480e-01
482 1.175200e-02 0.000000e+00 9.882480e-01
483 1.175200e-02 0.000000e+00 9.882480e-01
484 1.175200e-02 0.000000e+00 9.882480e-01
485 1.175200e-02 0.000000e+00 9.882480e-01
486 1.175200e-02 0.000000e+00 9.882480e-01
487 1.175200e-02 0.000000e+00 9.882480e-01
488 1.175200e-02 0.000000e+00 9.882480e-01
489 1.175200e-02 0.000000e+00 9.882480e-01
490 1.175200e-02 0.000000e+00 9.882480e-01
491 1.175200e-02 0.000000e+00 9.882480e-01
492 1.175200e-02 0.000000e+00 9.882480e-01
493 1.175200e-02 0.000000e+00 9.882480e-01
494 1.175200e-02 0.000000e+00 9.882480e-01
495 1.175200e-02 0.000000e+00 9.882480e-01
496 1.175200e-02 0.000000e+00 9.882480e-01
497 1.175200e-02 0.000000e+00 9.882480e-01
498 1.175200e-02 0.000000e+00 9.882480e-01
499 1.175200e-02 0.000000e+00 9.882480e-01
500 1.175200e-02 0.000000e+00 9.882480e-01
