1 9.991880e-01 7.000000e-04 1.120000e-04
2 9.982480e-01 1.456000e-03 2.960000e-04
3 9.969040e-01 2.500000e-03 5.960000e-04
4 9.945040e-01 4.240000e-03 1.256000e-03
5 9.909280e-01 6.912000e-03 2.160000e-03
6 9.855440e-01 1.058000e-02 3.876000e-03
7 9.784240e-01 1.533600e-02 6.240000e-03
8 9.690920e-01 2.131600e-02 9.592000e-03
9 9.571560e-01 2.904000e-02 1.380400e-02
10 9.420160e-01 3.828000e-02 1.970400e-02
11 9.237240e-01 4.896400e-02 2.731200e-02
12 9.024320e-01 6.055200e-02 3.701600e-02
13 8.789680e-01 7.258800e-02 4.844400e-02
14 8.526440e-01 8.507200e-02 6.228400e-02
15 8.228440e-01 9.916400e-02 7.799200e-02
16 7.906480e-01 1.124760e-01 9.687600e-02
17 7.562520e-01 1.257960e-01 1.179520e-01
18 7.205680e-01 1.381400e-01 1.412920e-01
19 6.840440e-01 1.499160e-01 1.660400e-01
20 6.451800e-01 1.611600e-01 1.936600e-01
21 6.061280e-01 1.717520e-01 2.221200e-01
22 5.668080e-01 1.809800e-01 2.522120e-01
23 5.290440e-01 1.863920e-01 2.845640e-01
24 4.910040e-01 1.918960e-01 3.171000e-01
25 4.534880e-01 1.956680e-01 3.508440e-01
26 4.168280e-01 1.977720e-01 3.854000e-01
27 3.818800e-01 1.985040e-01 4.196160e-01
28 3.479680e-01 1.968040e-01 4.552280e-01
29 3.158640e-01 1.943680e-01 4.897680e-01
30 2.844640e-01 1.920560e-01 5.234800e-01
31 2.543440e-01 1.890800e-01 5.565760e-01
32 2.267880e-01 1.842000e-01 5.890120e-01
33 2.006880e-01 1.788920e-01 6.204200e-01
34 1.763560e-01 1.728440e-01 6.508000e-01
35 1.546880e-01 1.650360e-01 6.802760e-01
36 1.350840e-01 1.567040e-01 7.082120e-01
37 1.175160e-01 1.477400e-01 7.347440e-01
38 1.015000e-01 1.386880e-01 7.598120e-01
39 8.790000e-02 1.289400e-01 7.831600e-01
40 7.546400e-02 1.199360e-01 8.046000e-01
41 6.416000e-02 1.111160e-01 8.247240e-01
42 5.463200e-02 1.020320e-01 8.433360e-01
43 4.596400e-02 9.352000e-02 8.605160e-01
44 3.866000e-02 8.521600e-02 8.761240e-01
45 3.250000e-02 7.702000e-02 8.904800e-01
46 2.780000e-02 6.912800e-02 9.030720e-01
47 2.381200e-02 6.166400e-02 9.145240e-01
48 2.079600e-02 5.493200e-02 9.242720e-01
49 1.839600e-02 4.838800e-02 9.332160e-01
50 1.671200e-02 4.214800e-02 9.411400e-01
51 1.552000e-02 3.652800e-02 9.479520e-01
52 1.469600e-02 3.141200e-02 9.538920e-01
53 1.402800e-02 2.712400e-02 9.588480e-01
54 1.360000e-02 2.306000e-02 9.633400e-01
55 1.321600e-02 1.968800e-02 9.670960e-01
56 1.294000e-02 1.681600e-02 9.702440e-01
57 1.272800e-02 1.448800e-02 9.727840e-01
58 1.257200e-02 1.238000e-02 9.750480e-01
59 1.244400e-02 1.043200e-02 9.771240e-01
60 1.234000e-02 8.820000e-03 9.788400e-01
61 1.228800e-02 7.372000e-03 9.803400e-01
62 1.220800e-02 6.264000e-03 9.815280e-01
63 1.217200e-02 5.312000e-03 9.825160e-01
64 1.213200e-02 4.380000e-03 9.834880e-01
65 1.207200e-02 3.684000e-03 9.842440e-01
66 1.204000e-02 3.092000e-03 9.848680e-01
67 1.199200e-02 2.652000e-03 9.853560e-01
68 1.199200e-02 2.188000e-03 9.858200e-01
69 1.196400e-02 1.840000e-03 9.861960e-01
70 1.196400e-02 1.524000e-03 9.865120e-01
71 1.195600e-02 1.276000e-03 9.867680e-01
72 1.194000e-02 1.104000e-03 9.869560e-01
73 1.192400e-02 9.560000e-04 9.871200e-01
74 1.192000e-02 8.240000e-04 9.872560e-01
75 1.191200e-02 6.760000e-04 9.874120e-01
76 1.190400e-02 5.560000e-04 9.875400e-01
77 1.190000e-02 5.000000e-04 9.876000e-01
78 1.190000e-02 4.360000e-04 9.876640e-01
79 1.190000e-02 3.520000e-04 9.877480e-01
80 1.190000e-02 2.800000e-04 9.878200e-01
81 1.189600e-02 2.440000e-04 9.878600e-01
82 1.189600e-02 2.040000e-04 9.879000e-01
83 1.189600e-02 1.720000e-04 9.879320e-01
84 1.189600e-02 1.360000e-04 9.879680e-01
85 1.189600e-02 1.200000e-04 9.879840e-01
86 1.189600e-02 1.080000e-04 9.879960e-01
87 1.189600e-02 9.200000e-05 9.880120e-01
88 1.189600e-02 8.000000e-05 9.880240e-01
89 1.189600e-02 7.600000e-05 9.880280e-01
90 1.189200e-02 6.800000e-05 9.880400e-01
91 1.189200e-02 5.600000e-05 9.880520e-01
92 1.189200e-02 4.800000e-05 9.880600e-01
93 1.189200e-02 4.800000e-05 9.880600e-01
94 1.189200e-02 4.400000e-05 9.880640e-01
95 1.189200e-02 3.600000e-05 9.880720e-01
96 1.189200e-02 2.800000e-05 9.880800e-01
97 1.189200e-02 2.000000e-05 9.880880e-01
98 1.189200e-02 2.000000e-05 9.880880e-01
99 1.189200e-02 1.600000e-05 9.880920e-01
100 1.189200e-02 1.600000e-05 9.880920e-01
101 1.189200e-02 1.200000e-05 9.880960e-01
102 1.189200e-02 1.200000e-05 9.880960e-01
103 1.189200e-02 1.200000e-05 9.880960e-01
104 1.189200e-02 1.200000e-05 9.880960e-01
105 1.189200e-02 1.200000e-05 9.880960e-01
106 1.189200e-02 8.000000e-06 9.881000e-01
107 1.189200e-02 8.000000e-06 9.881000e-01
108 1.189200e-02 4.000000e-06 9.881040e-01
109 1.189200e-02 4.000000e-06 9.881040e-01
110 1.189200e-02 4.000000e-06 9.881040e-01
111 1.189200e-02 4.000000e-06 9.881040e-01
112 1.189200e-02 4.000000e-06 9.881040e-01
113 1.189200e-02 4.000000e-06 9.881040e-01
114 1.189200e-02 4.000000e-06 9.881040e-01
115 1.189200e-02 4.000000e-06 9.881040e-01
116 1.189200e-02 0.000000e+00 9.881080e-01
117 1.189200e-02 0.000000e+00 9.881080e-01
118 1.189200e-02 0.000000e+00 9.881080e-01
119 1.189200e-02 0.000000e+00 9.881080e-01
120 1.189200e-02 0.000000e+00 9.881080e-01
121 1.189200e-02 0.000000e+00 9.881080e-01
122 1.189200e-02 0.000000e+00 9.881080e-01
123 1.189200e-02 0.000000e+00 9.881080e-01
124 1.189200e-02 0.000000e+00 9.881080e-01
125 1.189200e-02 0.000000e+00 9.881080e-01
126 1.189200e-02 0.000000e+00 9.881080e-01
127 1.189200e-02 0.000000e+00 9.881080e-01
128 1.189200e-02 0.000000e+00 9.881080e-01
129 1.189200e-02 0.000000e+00 9.881080e-01
130 1.189200e-02 0.000000e+00 9.881080e-01
131 1.189200e-02 0.000000e+00 9.881080e-01
132 1.189200e-02 0.000000e+00 9.881080e-01
133 1.189200e-02 0.000000e+00 9.881080e-01
134 1.189200e-02 0.000000e+00 9.881080e-01
135 1.189200e-02 0.000000e+00 9.881080e-01
136 1.189200e-02 0.000000e+00 9.881080e-01
137 1.189200e-02 0.000000e+00 9.881080e-01
138 1.189200e-02 0.000000e+00 9.881080e-01
139 1.189200e-02 0.000000e+00 9.881080e-01
140 1.189200e-02 0.000000e+00 9.881080e-01
141 1.189200e-02 0.000000e+00 9.881080e-01
142 1.189200e-02 0.000000e+00 9.881080e-01
143 1.189200e-02 0.000000e+00 9.881080e-01
144 1.189200e-02 0.000000e+00 9.881080e-01
145 1.189200e-02 0.000000e+00 9.881080e-01
146 1.189200e-02 0.000000e+00 9.881080e-01
147 1.189200e-02 0.000000e+00 9.881080e-01
148 1.189200e-02 0.000000e+00 9.881080e-01
149 1.189200e-02 0.000000e+00 9.881080e-01
150 1.189200e-02 0.000000e+00 9.881080e-01
151 1.189200e-02 0.000000e+00 9.881080e-01
152 1.189200e-02 0.000000e+00 9.881080e-01
153 1.189200e-02 0.000000e+00 9.881080e-01
154 1.189200e-02 0.000000e+00 9.881080e-01
155 1.189200e-02 0.000000e+00 9.881080e-01
156 1.189200e-02 0.000000e+00 9.881080e-01
157 1.189200e-02 0.000000e+00 9.881080e-01
158 1.189200e-02 0.000000e+00 9.881080e-01
159 1.189200e-02 0.000000e+00 9.881080e-01
160 1.189200e-02 0.000000e+00 9.881080e-01
161 1.189200e-02 0.000000e+00 9.881080e-01
162 1.189200e-02 0.000000e+00 9.881080e-01
163 1.189200e-02 0.000000e+00 9.881080e-01
164 1.189200e-02 0.000000e+00 9.881080e-01
165 1.189200e-02 0.000000e+00 9.881080e-01
166 1.189200e-02 0.000000e+00 9.881080e-01
167 1.189200e-02 0.000000e+00 9.881080e-01
168 1.189200e-02 0.000000e+00 9.881080e-01
169 1.189200e-02 0.000000e+00 9.881080e-01
170 1.189200e-02 0.000000e+00 9.881080e-01
171 1.189200e-02 0.000000e+00 9.881080e-01
172 1.189200e-02 0.000000e+00 9.881080e-01
173 1.189200e-02 0.000000e+00 9.881080e-01
174 1.189200e-02 0.000000e+00 9.881080e-01
175 1.189200e-02 0.000000e+00 9.881080e-01
176 1.189200e-02 0.000000e+00 9.881080e-01
177 1.189200e-02 0.000000e+00 9.881080e-01
178 1.189200e-02 0.000000e+00 9.881080e-01
179 1.189200e-02 0.000000e+00 9.881080e-01
180 1.189200e-02 0.000000e+00 9.881080e-01
181 1.189200e-02 0.000000e+00 9.881080e-01
182 1.189200e-02 0.000000e+00 9.881080e-01
183 1.189200e-02 0.000000e+00 9.881080e-01
184 1.189200e-02 0.000000e+00 9.881080e-01
185 1.189200e-02 0.000000e+00 9.881080e-01
186 1.189200e-02 0.000000e+00 9.881080e-01
187 1.189200e-02 0.000000e+00 9.881080e-01
188 1.189200e-02 0.000000e+00 9.881080e-01
189 1.189200e-02 0.000000e+00 9.881080e-01
190 1.189200e-02 0.000000e+00 9.881080e-01
191 1.189200e-02 0.000000e+00 9.881080e-01
192 1.189200e-02 0.000000e+00 9.881080e-01
193 1.189200e-02 0.000000e+00 9.881080e-01
194 1.189200e-02 0.000000e+00 9.881080e-01
195 1.189200e-02 0.000000e+00 9.881080e-01
196 1.189200e-02 0.000000e+00 9.881080e-01
197 1.189200e-02 0.000000e+00 9.881080e-01
198 1.189200e-02 0.000000e+00 9.881080e-01
199 1.189200e-02 0.000000e+00 9.881080e-01
200 1.189200e-02 0.000000e+00 9.881080e-01
201 1.189200e-02 0.000000e+00 9.881080e-01
202 1.189200e-02 0.000000e+00 9.881080e-01
203 1.189200e-02 0.000000e+00 9.881080e-01
204 1.189200e-02 0.000000e+00 9.881080e-01
205 1.189200e-02 0.000000e+00 9.881080e-01
206 1.189200e-02 0.000000e+00 9.881080e-01
207 1.189200e-02 0.000000e+00 9.881080e-01
208 1.189200e-02 0.000000e+00 9.881080e-01
209 1.189200e-02 0.000000e+00 9.881080e-01
210 1.189200e-02 0.000000e+00 9.881080e-01
211 1.189200e-02 0.000000e+00 9.881080e-01
212 1.189200e-02 0.000000e+00 9.881080e-01
213 1.189200e-02 0.000000e+00 9.881080e-01
214 1.189200e-02 0.000000e+00 9.881080e-01
215 1.189200e-02 0.000000e+00 9.881080e-01
216 1.189200e-02 0.000000e+00 9.881080e-01
217 1.189200e-02 0.000000e+00 9.881080e-01
218 1.189200e-02 0.000000e+00 9.881080e-01
219 1.189200e-02 0.000000e+00 9.881080e-01
220 1.189200e-02 0.000000e+00 9.881080e-01
221 1.189200e-02 0.000000e+00 9.881080e-01
222 1.189200e-02 0.000000e+00 9.881080e-01
223 1.189200e-02 0.000000e+00 9.881080e-01
224 1.189200e-02 0.000000e+00 9.881080e-01
225 1.189200e-02 0.000000e+00 9.881080e-01
226 1.189200e-02 0.000000e+00 9.881080e-01
227 1.189200e-02 0.000000e+00 9.881080e-01
228 1.189200e-02 0.000000e+00 9.881080e-01
229 1.189200e-02 0.000000e+00 9.881080e-01
230 1.189200e-02 0.000000e+00 9.881080e-01
231 1.189200e-02 0.000000e+00 9.881080e-01
232 1.189200e-02 0.000000e+00 9.881080e-01
233 1.189200e-02 0.000000e+00 9.881080e-01
234 1.189200e-02 0.000000e+00 9.881080e-01
235 1.189200e-02 0.000000e+00 9.881080e-01
236 1.189200e-02 0.000000e+00 9.881080e-01
237 1.189200e-02 0.000000e+00 9.881080e-01
238 1.189200e-02 0.000000e+00 9.881080e-01
239 1.189200e-02 0.000000e+00 9.881080e-01
240 1.189200e-02 0.000000e+00 9.881080e-01
241 1.189200e-02 0.000000e+00 9.881080e-01
242 1.189200e-02 0.000000e+00 9.881080e-01
243 1.189200e-02 0.000000e+00 9.881080e-01
244 1.189200e-02 0.000000e+00 9.881080e-01
245 1.189200e-02 0.000000e+00 9.881080e-01
246 1.189200e-02 0.000000e+00 9.881080e-01
247 1.189200e-02 0.000000e+00 9.881080e-01
248 1.189200e-02 0.000000e+00 9.881080e-01
249 1.189200e-02 0.000000e+00 9.881080e-01
250 1.189200e-02 0.000000e+00 9.881080e-01
251 1.189200e-02 0.000000e+00 9.881080e-01
252 1.189200e-02 0.000000e+00 9.881080e-01
253 1.189200e-02 0.000000e+00 9.881080e-01
254 1.189200e-02 0.000000e+00 9.881080e-01
255 1.189200e-02 0.000000e+00 9.881080e-01
256 1.189200e-02 0.000000e+00 9.881080e-01
257 1.189200e-02 0.000000e+00 9.881080e-01
258 1.189200e-02 0.000000e+00 9.881080e-01
259 1.189200e-02 0.000000e+00 9.881080e-01
260 1.189200e-02 0.000000e+00 9.881080e-01
261 1.189200e-02 0.000000e+00 9.881080e-01
262 1.189200e-02 0.000000e+00 9.881080e-01
263 1.189200e-02 0.000000e+00 9.881080e-01
264 1.189200e-02 0.000000e+00 9.881080e-01
265 1.189200e-02 0.000000e+00 9.881080e-01
266 1.189200e-02 0.000000e+00 9.881080e-01
267 1.189200e-02 0.000000e+00 9.881080e-01
268 1.189200e-02 0.000000e+00 9.881080e-01
269 1.189200e-02 0.000000e+00 9.881080e-01
270 1.189200e-02 0.000000e+00 9.881080e-01
271 1.189200e-02 0.000000e+00 9.881080e-01
272 1.189200e-02 0.000000e+00 9.881080e-01
273 1.189200e-02 0.000000e+00 9.881080e-01
274 1.189200e-02 0.000000e+00 9.881080e-01
275 1.189200e-02 0.000000e+00 9.881080e-01
276 1.189200e-02 0.000000e+00 9.881080e-01
277 1.189200e-02 0.000000e+00 9.881080e-01
278 1.189200e-02 0.000000e+00 9.881080e-01
279 1.189200e-02 0.000000e+00 9.881080e-01
280 1.189200e-02 0.000000e+00 9.881080e-01
281 1.189200e-02 0.000000e+00 9.881080e-01
282 1.189200e-02 0.000000e+00 9.881080e-01
283 1.189200e-02 0.000000e+00 9.881080e-01
284 1.189200e-02 0.000000e+00 9.881080e-01
285 1.189200e-02 0.000000e+00 9.881080e-01
286 1.189200e-02 0.000000e+00 9.881080e-01
287 1.189200e-02 0.000000e+00 9.881080e-01
288 1.189200e-02 0.000000e+00 9.881080e-01
289 1.189200e-02 0.000000e+00 9.881080e-01
290 1.189200e-02 0.000000e+00 9.881080e-01
291 1.189200e-02 0.000000e+00 9.881080e-01
292 1.189200e-02 0.000000e+00 9.881080e-01
293 1.189200e-02 0.000000e+00 9.881080e-01
294 1.189200e-02 0.000000e+00 9.881080e-01
295 1.189200e-02 0.000000e+00 9.881080e-01
296 1.189200e-02 0.000000e+00 9.881080e-01
297 1.189200e-02 0.000000e+00 9.881080e-01
298 1.189200e-02 0.000000e+00 9.881080e-01
299 1.189200e-02 0.000000e+00 9.881080e-01
300 1.189200e-02 0.000000e+00 9.881080e-01
301 1.189200e-02 0.000000e+00 9.881080e-01
302 1.189200e-02 0.000000e+00 9.881080e-01
303 1.189200e-02 0.000000e+00 9.881080e-01
304 1.189200e-02 0.000000e+00 9.881080e-01
305 1.189200e-02 0.000000e+00 9.881080e-01
306 1.189200e-02 0.000000e+00 9.881080e-01
307 1.189200e-02 0.000000e+00 9.881080e-01
308 1.189200e-02 0.000000e+00 9.881080e-01
309 1.189200e-02 0.000000e+00 9.881080e-01
310 1.189200e-02 0.000000e+00 9.881080e-01
311 1.189200e-02 0.000000e+00 9.881080e-01
312 1.189200e-02 0.000000e+00 9.881080e-01
313 1.189200e-02 0.000000e+00 9.881080e-01
314 1.189200e-02 0.000000e+00 9.881080e-01
315 1.189200e-02 0.000000e+00 9.881080e-01
316 1.189200e-02 0.000000e+00 9.881080e-01
317 1.189200e-02 0.000000e+00 9.881080e-01
318 1.189200e-02 0.000000e+00 9.881080e-01
319 1.189200e-02 0.000000e+00 9.881080e-01
320 1.189200e-02 0.000000e+00 9.881080e-01
321 1.189200e-02 0.000000e+00 9.881080e-01
322 1.189200e-02 0.000000e+00 9.881080e-01
323 1.189200e-02 0.000000e+00 9.881080e-01
324 1.189200e-02 0.000000e+00 9.881080e-01
325 1.189200e-02 0.000000e+00 9.881080e-01
326 1.189200e-02 0.000000e+00 9.881080e-01
327 1.189200e-02 0.000000e+00 9.881080e-01
328 1.189200e-02 0.000000e+00 9.881080e-01
329 1.189200e-02 0.000000e+00 9.881080e-01
330 1.189200e-02 0.000000e+00 9.881080e-01
331 1.189200e-02 0.000000e+00 9.881080e-01
332 1.189200e-02 0.000000e+00 9.881080e-01
333 1.189200e-02 0.000000e+00 9.881080e-01
334 1.189200e-02 0.000000e+00 9.881080e-01
335 1.189200e-02 0.000000e+00 9.881080e-01
336 1.189200e-02 0.000000e+00 9.881080e-01
337 1.189200e-02 0.000000e+00 9.881080e-01
338 1.189200e-02 0.000000e+00 9.881080e-01
339 1.189200e-02 0.000000e+00 9.881080e-01
340 1.189200e-02 0.000000e+00 9.881080e-01
341 1.189200e-02 0.000000e+00 9.881080e-01
342 1.189200e-02 0.000000e+00 9.881080e-01
343 1.189200e-02 0.000000e+00 9.881080e-01
344 1.189200e-02 0.000000e+00 9.881080e-01
345 1.189200e-02 0.000000e+00 9.881080e-01
346 1.189200e-02 0.000000e+00 9.881080e-01
347 1.189200e-02 0.000000e+00 9.881080e-01
348 1.189200e-02 0.000000e+00 9.881080e-01
349 1.189200e-02 0.000000e+00 9.881080e-01
350 1.189200e-02 0.000000e+00 9.881080e-01
351 1.189200e-02 0.000000e+00 9.881080e-01
352 1.189200e-02 0.000000e+00 9.881080e-01
353 1.189200e-02 0.000000e+00 9.881080e-01
354 1.189200e-02 0.000000e+00 9.881080e-01
355 1.189200e-02 0.000000e+00 9.881080e-01
356 1.189200e-02 0.000000e+00 9.881080e-01
357 1.189200e-02 0.000000e+00 9.881080e-01
358 1.189200e-02 0.000000e+00 9.881080e-01
359 1.189200e-02 0.000000e+00 9.881080e-01
360 1.189200e-02 0.000000e+00 9.881080e-01
361 1.189200e-02 0.000000e+00 9.881080e-01
362 1.189200e-02 0.000000e+00 9.881080e-01
363 1.189200e-02 0.000000e+00 9.881080e-01
364 1.189200e-02 0.000000e+00 9.881080e-01
365 1.189200e-02 0.000000e+00 9.881080e-01
366 1.189200e-02 0.000000e+00 9.881080e-01
367 1.189200e-02 0.000000e+00 9.881080e-01
368 1.189200e-02 0.000000e+00 9.881080e-01
369 1.189200e-02 0.000000e+00 9.881080e-01
370 1.189200e-02 0.000000e+00 9.881080e-01
371 1.189200e-02 0.000000e+00 9.881080e-01
372 1.189200e-02 0.000000e+00 9.881080e-01
373 1.189200e-02 0.000000e+00 9.881080e-01
374 1.189200e-02 0.000000e+00 9.881080e-01
375 1.189200e-02 0.000000e+00 9.881080e-01
376 1.189200e-02 0.000000e+00 9.881080e-01
377 1.189200e-02 0.000000e+00 9.881080e-01
378 1.189200e-02 0.000000e+00 9.881080e-01
379 1.189200e-02 0.000000e+00 9.881080e-01
380 1.189200e-02 0.000000e+00 9.881080e-01
381 1.189200e-02 0.000000e+00 9.881080e-01
382 1.189200e-02 0.000000e+00 9.881080e-01
383 1.189200e-02 0.000000e+00 9.881080e-01
384 1.189200e-02 0.000000e+00 9.881080e-01
385 1.189200e-02 0.000000e+00 9.881080e-01
386 1.189200e-02 0.000000e+00 9.881080e-01
387 1.189200e-02 0.000000e+00 9.881080e-01
388 1.189200e-02 0.000000e+00 9.881080e-01
389 1.189200e-02 0.000000e+00 9.881080e-01
390 1.189200e-02 0.000000e+00 9.881080e-01
391 1.189200e-02 0.000000e+00 9.881080e-01
392 1.189200e-02 0.000000e+00 9.881080e-01
393 1.189200e-02 0.000000e+00 9.881080e-01
394 1.189200e-02 0.000000e+00 9.881080e-01
395 1.189200e-02 0.000000e+00 9.881080e-01
396 1.189200e-02 0.000000e+00 9.881080e-01
397 1.189200e-02 0.000000e+00 9.881080e-01
398 1.189200e-02 0.000000e+00 9.881080e-01
399 1.189200e-02 0.000000e+00 9.881080e-01
400 1.189200e-02 0.000000e+00 9.881080e-01
401 1.189200e-02 0.000000e+00 9.881080e-01
402 1.189200e-02 0.000000e+00 9.881080e-01
403 1.189200e-02 0.000000e+00 9.881080e-01
404 1.189200e-02 0.000000e+00 9.881080e-01
405 1.189200e-02 0.000000e+00 9.881080e-01
406 1.189200e-02 0.000000e+00 9.881080e-01
407 1.189200e-02 0.000000e+00 9.881080e-01
408 1.189200e-02 0.000000e+00 9.881080e-01
409 1.189200e-02 0.000000e+00 9.881080e-01
410 1.189200e-02 0.000000e+00 9.881080e-01
411 1.189200e-02 0.000000e+00 9.881080e-01
412 1.189200e-02 0.000000e+00 9.881080e-01
413 1.189200e-02 0.000000e+00 9.881080e-01
414 1.189200e-02 0.000000e+00 9.881080e-01
415 1.189200e-02 0.000000e+00 9.881080e-01
416 1.189200e-02 0.000000e+00 9.881080e-01
417 1.189200e-02 0.000000e+00 9.881080e-01
418 1.189200e-02 0.000000e+00 9.881080e-01
419 1.189200e-02 0.000000e+00 9.881080e-01
420 1.189200e-02 0.000000e+00 9.881080e-01
421 1.189200e-02 0.000000e+00 9.881080e-01
422 1.189200e-02 0.000000e+00 9.881080e-01
423 1.189200e-02 0.000000e+00 9.881080e-01
424 1.189200e-02 0.000000e+00 9.881080e-01
425 1.189200e-02 0.000000e+00 9.881080e-01
426 1.189200e-02 0.000000e+00 9.881080e-01
427 1.189200e-02 0.000000e+00 9.881080e-01
428 1.189200e-02 0.000000e+00 9.881080e-01
429 1.189200e-02 0.000000e+00 9.881080e-01
430 1.189200e-02 0.000000e+00 9.881080e-01
431 1.189200e-02 0.000000e+00 9.881080e-01
432 1.189200e-02 0.000000e+00 9.881080e-01
433 1.189200e-02 0.000000e+00 9.881080e-01
434 1.189200e-02 0.000000e+00 9.881080e-01
435 1.189200e-02 0.000000e+00 9.881080e-01
436 1.189200e-02 0.000000e+00 9.881080e-01
437 1.189200e-02 0.000000e+00 9.881080e-01
438 1.189200e-02 0.000000e+00 9.881080e-01
439 1.189200e-02 0.000000e+00 9.881080e-01
440 1.189200e-02 0.000000e+00 9.881080e-01
441 1.189200e-02 0.000000e+00 9.881080e-01
442 1.189200e-02 0.000000e+00 9.881080e-01
443 1.189200e-02 0.000000e+00 9.881080e-01
444 1.189200e-02 0.000000e+00 9.881080e-01
445 1.189200e-02 0.000000e+00 9.881080e-01
446 1.189200e-02 0.000000e+00 9.881080e-01
447 1.189200e-02 0.000000e+00 9.881080e-01
448 1.189200e-02 0.000000e+00 9.881080e-01
449 1.189200e-02 0.000000e+00 9.881080e-01
450 1.189200e-02 0.000000e+00 9.881080e-01
451 1.189200e-02 0.000000e+00 9.881080e-01
452 1.189200e-02 0.000000e+00 9.881080e-01
453 1.189200e-02 0.000000e+00 9.881080e-01
454 1.189200e-02 0.000000e+00 9.881080e-01
455 1.189200e-02 0.000000e+00 9.881080e-01
456 1.189200e-02 0.000000e+00 9.881080e-01
457 1.189200e-02 0.000000e+00 9.881080e-01
458 1.189200e-02 0.000000e+00 9.881080e-01
459 1.189200e-02 0.000000e+00 9.881080e-01
460 1.189200e-02 0.000000e+00 9.881080e-01
461 1.189200e-02 0.000000e+00 9.881080e-01
462 1.189200e-02 0.000000e+00 9.881080e-01
463 1.189200e-02 0.000000e+00 9.881080e-01
464 1.189200e-02 0.000000e+00 9.881080e-01
465 1.189200e-02 0.000000e+00 9.881080e-01
466 1.189200e-02 0.000000e+00 9.881080e-01
467 1.189200e-02 0.000000e+00 9.881080e-01
468 1.189200e-02 0.000000e+00 9.881080e-01
469 1.189200e-02 0.000000e+00 9.881080e-01
470 1.189200e-02 0.000000e+00 9.881080e-01
471 1.189200e-02 0.000000e+00 9.881080e-01
472 1.189200e-02 0.000000e+00 9.881080e-01
473 1.189200e-02 0.000000e+00 9.881080e-01
474 1.189200e-02 0.000000e+00 9.881080e-01
475 1.189200e-02 0.000000e+00 9.881080e-01
476 1.189200e-02 0.000000e+00 9.881080e-01
477 1.189200e-02 0.000000e+00 9.881080e-01
478 1.189200e-02 0.000000e+00 9.881080e-01
479 1.189200e-02 0.000000e+00 9.881080e-01
480 1.189200e-02 0.000000e+00 9.881080e-01
481 1.189200e-02 0.000000e+00 9.881080e-01
482 1.189200e-02 0.000000e+00 9.881080e-01
483 1.189200e-02 0.000000e+00 9.881080e-01
484 1.189200e-02 0.000000e+00 9.881080e-01
485 1.189200e-02 0.000000e+00 9.881080e-01
486 1.189200e-02 0.000000e+00 9.881080e-01
487 1.189200e-02 0.000000e+00 9.881080e-01
488 1.189200e-02 0.000000e+00 9.881080e-01
489 1.189200e-02 0.000000e+00 9.881080e-01
490 1.189200e-02 0.000000e+00 9.881080e-01
491 1.189200e-02 0.000000e+00 9.881080e-01
492 1.189200e-02 0.000000e+00 9.881080e-01
493 1.189200e-02 0.000000e+00 9.881080e-01
494 1.189200e-02 0.000000e+00 9.881080e-01
495 1.189200e-02 0.000000e+00 9.881080e-01
496 1.189200e-02 0.000000e+00 9.881080e-01
497 1.189200e-02 0.000000e+00 9.881080e-01
498 1.189200e-02 0.000000e+00 9.881080e-01
499 1.189200e-02 0.000000e+00 9.881080e-01
500 1.189200e-02 0.000000e+00 9.881080e-01
