1 9.991760e-01 7.280000e-04 9.600000e-05
2 9.983320e-01 1.388000e-03 2.800000e-04
3 9.969560e-01 2.392000e-03 6.520000e-04
4 9.947480e-01 4.064000e-03 1.188000e-03
5 9.914640e-01 6.488000e-03 2.048000e-03
6 9.862800e-01 1.028800e-02 3.432000e-03
7 9.790000e-01 1.536400e-02 5.636000e-03
8 9.692720e-01 2.185200e-02 8.876000e-03
9 9.562840e-01 3.040800e-02 1.330800e-02
10 9.407080e-01 4.000400e-02 1.928800e-02
11 9.219400e-01 5.114000e-02 2.692000e-02
12 8.995400e-01 6.348000e-02 3.698000e-02
13 8.729760e-01 7.786800e-02 4.915600e-02
14 8.439720e-01 9.227600e-02 6.375200e-02
15 8.117520e-01 1.070160e-01 8.123200e-02
16 7.773360e-01 1.217000e-01 1.009640e-01
17 7.398760e-01 1.363200e-01 1.238040e-01
18 7.015000e-01 1.492600e-01 1.492400e-01
19 6.617720e-01 1.614040e-01 1.768240e-01
20 6.212360e-01 1.729040e-01 2.058600e-01
21 5.792680e-01 1.837280e-01 2.370040e-01
22 5.364240e-01 1.941800e-01 2.693960e-01
23 4.929320e-01 2.026680e-01 3.044000e-01
24 4.510240e-01 2.081640e-01 3.408120e-01
25 4.108480e-01 2.115880e-01 3.775640e-01
26 3.718760e-01 2.136600e-01 4.144640e-01
27 3.357400e-01 2.124200e-01 4.518400e-01
28 3.016120e-01 2.096200e-01 4.887680e-01
29 2.707440e-01 2.038800e-01 5.253760e-01
30 2.430880e-01 1.965000e-01 5.604120e-01
31 2.170600e-01 1.888840e-01 5.940560e-01
32 1.942800e-01 1.798320e-01 6.258880e-01
33 1.736200e-01 1.695160e-01 6.568640e-01
34 1.536720e-01 1.605080e-01 6.858200e-01
35 1.360080e-01 1.510000e-01 7.129920e-01
36 1.199640e-01 1.413880e-01 7.386480e-01
37 1.055440e-01 1.323240e-01 7.621320e-01
38 9.243600e-02 1.232440e-01 7.843200e-01
39 8.064000e-02 1.144800e-01 8.048800e-01
40 7.029200e-02 1.061800e-01 8.235280e-01
41 6.128000e-02 9.735200e-02 8.413680e-01
42 5.316400e-02 8.926000e-02 8.575760e-01
43 4.616000e-02 8.118000e-02 8.726600e-01
44 4.004000e-02 7.369200e-02 8.862680e-01
45 3.490400e-02 6.644000e-02 8.986560e-01
46 3.035200e-02 6.030400e-02 9.093440e-01
47 2.659600e-02 5.408000e-02 9.193240e-01
48 2.335200e-02 4.835600e-02 9.282920e-01
49 2.076400e-02 4.318800e-02 9.360480e-01
50 1.877200e-02 3.811200e-02 9.431160e-01
51 1.711600e-02 3.325200e-02 9.496320e-01
52 1.573200e-02 2.903600e-02 9.552320e-01
53 1.478800e-02 2.515200e-02 9.600600e-01
54 1.403200e-02 2.176400e-02 9.642040e-01
55 1.354400e-02 1.868800e-02 9.677680e-01
56 1.315200e-02 1.605600e-02 9.707920e-01
57 1.292400e-02 1.364400e-02 9.734320e-01
58 1.267600e-02 1.165600e-02 9.756680e-01
59 1.255200e-02 1.004000e-02 9.774080e-01
60 1.242000e-02 8.580000e-03 9.790000e-01
61 1.231600e-02 7.352000e-03 9.803320e-01
62 1.222000e-02 6.208000e-03 9.815720e-01
63 1.216000e-02 5.244000e-03 9.825960e-01
64 1.212800e-02 4.468000e-03 9.834040e-01
65 1.208000e-02 3.868000e-03 9.840520e-01
66 1.202800e-02 3.208000e-03 9.847640e-01
67 1.199600e-02 2.720000e-03 9.852840e-01
68 1.198400e-02 2.304000e-03 9.857120e-01
69 1.194400e-02 1.988000e-03 9.860680e-01
70 1.190000e-02 1.668000e-03 9.864320e-01
71 1.189200e-02 1.388000e-03 9.867200e-01
72 1.188800e-02 1.164000e-03 9.869480e-01
73 1.188400e-02 1.000000e-03 9.871160e-01
74 1.188000e-02 8.840000e-04 9.872360e-01
75 1.188000e-02 7.480000e-04 9.873720e-01
76 1.186400e-02 6.680000e-04 9.874680e-01
77 1.185600e-02 5.520000e-04 9.875920e-01
78 1.184800e-02 4.600000e-04 9.876920e-01
79 1.184400e-02 3.720000e-04 9.877840e-01
80 1.183200e-02 3.120000e-04 9.878560e-01
81 1.183200e-02 2.800000e-04 9.878880e-01
82 1.182800e-02 2.480000e-04 9.879240e-01
83 1.182400e-02 1.960000e-04 9.879800e-01
84 1.182400e-02 1.720000e-04 9.880040e-01
85 1.182000e-02 1.520000e-04 9.880280e-01
86 1.182000e-02 1.320000e-04 9.880480e-01
87 1.182000e-02 1.120000e-04 9.880680e-01
88 1.182000e-02 1.000000e-04 9.880800e-01
89 1.182000e-02 8.400000e-05 9.880960e-01
90 1.182000e-02 7.200000e-05 9.881080e-01
91 1.182000e-02 6.400000e-05 9.881160e-01
92 1.182000e-02 4.800000e-05 9.881320e-01
93 1.182000e-02 4.400000e-05 9.881360e-01
94 1.182000e-02 3.200000e-05 9.881480e-01
95 1.182000e-02 2.400000e-05 9.881560e-01
96 1.182000e-02 2.400000e-05 9.881560e-01
97 1.182000e-02 2.000000e-05 9.881600e-01
98 1.182000e-02 1.200000e-05 9.881680e-01
99 1.182000e-02 8.000000e-06 9.881720e-01
100 1.182000e-02 4.000000e-06 9.881760e-01
101 1.182000e-02 4.000000e-06 9.881760e-01
102 1.182000e-02 4.000000e-06 9.881760e-01
103 1.182000e-02 4.000000e-06 9.881760e-01
104 1.182000e-02 4.000000e-06 9.881760e-01
105 1.182000e-02 4.000000e-06 9.881760e-01
106 1.182000e-02 4.000000e-06 9.881760e-01
107 1.182000e-02 4.000000e-06 9.881760e-01
108 1.182000e-02 4.000000e-06 9.881760e-01
109 1.182000e-02 0.000000e+00 9.881800e-01
110 1.182000e-02 0.000000e+00 9.881800e-01
111 1.182000e-02 0.000000e+00 9.881800e-01
112 1.182000e-02 0.000000e+00 9.881800e-01
113 1.182000e-02 0.000000e+00 9.881800e-01
114 1.182000e-02 0.000000e+00 9.881800e-01
115 1.182000e-02 0.000000e+00 9.881800e-01
116 1.182000e-02 0.000000e+00 9.881800e-01
117 1.182000e-02 0.000000e+00 9.881800e-01
118 1.182000e-02 0.000000e+00 9.881800e-01
119 1.182000e-02 0.000000e+00 9.881800e-01
120 1.182000e-02 0.000000e+00 9.881800e-01
121 1.182000e-02 0.000000e+00 9.881800e-01
122 1.182000e-02 0.000000e+00 9.881800e-01
123 1.182000e-02 0.000000e+00 9.881800e-01
124 1.182000e-02 0.000000e+00 9.881800e-01
125 1.182000e-02 0.000000e+00 9.881800e-01
126 1.182000e-02 0.000000e+00 9.881800e-01
127 1.182000e-02 0.000000e+00 9.881800e-01
128 1.182000e-02 0.000000e+00 9.881800e-01
129 1.182000e-02 0.000000e+00 9.881800e-01
130 1.182000e-02 0.000000e+00 9.881800e-01
131 1.182000e-02 0.000000e+00 9.881800e-01
132 1.182000e-02 0.000000e+00 9.881800e-01
133 1.182000e-02 0.000000e+00 9.881800e-01
134 1.182000e-02 0.000000e+00 9.881800e-01
135 1.182000e-02 0.000000e+00 9.881800e-01
136 1.182000e-02 0.000000e+00 9.881800e-01
137 1.182000e-02 0.000000e+00 9.881800e-01
138 1.182000e-02 0.000000e+00 9.881800e-01
139 1.182000e-02 0.000000e+00 9.881800e-01
140 1.182000e-02 0.000000e+00 9.881800e-01
141 1.182000e-02 0.000000e+00 9.881800e-01
142 1.182000e-02 0.000000e+00 9.881800e-01
143 1.182000e-02 0.000000e+00 9.881800e-01
144 1.182000e-02 0.000000e+00 9.881800e-01
145 1.182000e-02 0.000000e+00 9.881800e-01
146 1.182000e-02 0.000000e+00 9.881800e-01
147 1.182000e-02 0.000000e+00 9.881800e-01
148 1.182000e-02 0.000000e+00 9.881800e-01
149 1.182000e-02 0.000000e+00 9.881800e-01
150 1.182000e-02 0.000000e+00 9.881800e-01
151 1.182000e-02 0.000000e+00 9.881800e-01
152 1.182000e-02 0.000000e+00 9.881800e-01
153 1.182000e-02 0.000000e+00 9.881800e-01
154 1.182000e-02 0.000000e+00 9.881800e-01
155 1.182000e-02 0.000000e+00 9.881800e-01
156 1.182000e-02 0.000000e+00 9.881800e-01
157 1.182000e-02 0.000000e+00 9.881800e-01
158 1.182000e-02 0.000000e+00 9.881800e-01
159 1.182000e-02 0.000000e+00 9.881800e-01
160 1.182000e-02 0.000000e+00 9.881800e-01
161 1.182000e-02 0.000000e+00 9.881800e-01
162 1.182000e-02 0.000000e+00 9.881800e-01
163 1.182000e-02 0.000000e+00 9.881800e-01
164 1.182000e-02 0.000000e+00 9.881800e-01
165 1.182000e-02 0.000000e+00 9.881800e-01
166 1.182000e-02 0.000000e+00 9.881800e-01
167 1.182000e-02 0.000000e+00 9.881800e-01
168 1.182000e-02 0.000000e+00 9.881800e-01
169 1.182000e-02 0.000000e+00 9.881800e-01
170 1.182000e-02 0.000000e+00 9.881800e-01
171 1.182000e-02 0.000000e+00 9.881800e-01
172 1.182000e-02 0.000000e+00 9.881800e-01
173 1.182000e-02 0.000000e+00 9.881800e-01
174 1.182000e-02 0.000000e+00 9.881800e-01
175 1.182000e-02 0.000000e+00 9.881800e-01
176 1.182000e-02 0.000000e+00 9.881800e-01
177 1.182000e-02 0.000000e+00 9.881800e-01
178 1.182000e-02 0.000000e+00 9.881800e-01
179 1.182000e-02 0.000000e+00 9.881800e-01
180 1.182000e-02 0.000000e+00 9.881800e-01
181 1.182000e-02 0.000000e+00 9.881800e-01
182 1.182000e-02 0.000000e+00 9.881800e-01
183 1.182000e-02 0.000000e+00 9.881800e-01
184 1.182000e-02 0.000000e+00 9.881800e-01
185 1.182000e-02 0.000000e+00 9.881800e-01
186 1.182000e-02 0.000000e+00 9.881800e-01
187 1.182000e-02 0.000000e+00 9.881800e-01
188 1.182000e-02 0.000000e+00 9.881800e-01
189 1.182000e-02 0.000000e+00 9.881800e-01
190 1.182000e-02 0.000000e+00 9.881800e-01
191 1.182000e-02 0.000000e+00 9.881800e-01
192 1.182000e-02 0.000000e+00 9.881800e-01
193 1.182000e-02 0.000000e+00 9.881800e-01
194 1.182000e-02 0.000000e+00 9.881800e-01
195 1.182000e-02 0.000000e+00 9.881800e-01
196 1.182000e-02 0.000000e+00 9.881800e-01
197 1.182000e-02 0.000000e+00 9.881800e-01
198 1.182000e-02 0.000000e+00 9.881800e-01
199 1.182000e-02 0.000000e+00 9.881800e-01
200 1.182000e-02 0.000000e+00 9.881800e-01
201 1.182000e-02 0.000000e+00 9.881800e-01
202 1.182000e-02 0.000000e+00 9.881800e-01
203 1.182000e-02 0.000000e+00 9.881800e-01
204 1.182000e-02 0.000000e+00 9.881800e-01
205 1.182000e-02 0.000000e+00 9.881800e-01
206 1.182000e-02 0.000000e+00 9.881800e-01
207 1.182000e-02 0.000000e+00 9.881800e-01
208 1.182000e-02 0.000000e+00 9.881800e-01
209 1.182000e-02 0.000000e+00 9.881800e-01
210 1.182000e-02 0.000000e+00 9.881800e-01
211 1.182000e-02 0.000000e+00 9.881800e-01
212 1.182000e-02 0.000000e+00 9.881800e-01
213 1.182000e-02 0.000000e+00 9.881800e-01
214 1.182000e-02 0.000000e+00 9.881800e-01
215 1.182000e-02 0.000000e+00 9.881800e-01
216 1.182000e-02 0.000000e+00 9.881800e-01
217 1.182000e-02 0.000000e+00 9.881800e-01
218 1.182000e-02 0.000000e+00 9.881800e-01
219 1.182000e-02 0.000000e+00 9.881800e-01
220 1.182000e-02 0.000000e+00 9.881800e-01
221 1.182000e-02 0.000000e+00 9.881800e-01
222 1.182000e-02 0.000000e+00 9.881800e-01
223 1.182000e-02 0.000000e+00 9.881800e-01
224 1.182000e-02 0.000000e+00 9.881800e-01
225 1.182000e-02 0.000000e+00 9.881800e-01
226 1.182000e-02 0.000000e+00 9.881800e-01
227 1.182000e-02 0.000000e+00 9.881800e-01
228 1.182000e-02 0.000000e+00 9.881800e-01
229 1.182000e-02 0.000000e+00 9.881800e-01
230 1.182000e-02 0.000000e+00 9.881800e-01
231 1.182000e-02 0.000000e+00 9.881800e-01
232 1.182000e-02 0.000000e+00 9.881800e-01
233 1.182000e-02 0.000000e+00 9.881800e-01
234 1.182000e-02 0.000000e+00 9.881800e-01
235 1.182000e-02 0.000000e+00 9.881800e-01
236 1.182000e-02 0.000000e+00 9.881800e-01
237 1.182000e-02 0.000000e+00 9.881800e-01
238 1.182000e-02 0.000000e+00 9.881800e-01
239 1.182000e-02 0.000000e+00 9.881800e-01
240 1.182000e-02 0.000000e+00 9.881800e-01
241 1.182000e-02 0.000000e+00 9.881800e-01
242 1.182000e-02 0.000000e+00 9.881800e-01
243 1.182000e-02 0.000000e+00 9.881800e-01
244 1.182000e-02 0.000000e+00 9.881800e-01
245 1.182000e-02 0.000000e+00 9.881800e-01
246 1.182000e-02 0.000000e+00 9.881800e-01
247 1.182000e-02 0.000000e+00 9.881800e-01
248 1.182000e-02 0.000000e+00 9.881800e-01
249 1.182000e-02 0.000000e+00 9.881800e-01
250 1.182000e-02 0.000000e+00 9.881800e-01
251 1.182000e-02 0.000000e+00 9.881800e-01
252 1.182000e-02 0.000000e+00 9.881800e-01
253 1.182000e-02 0.000000e+00 9.881800e-01
254 1.182000e-02 0.000000e+00 9.881800e-01
255 1.182000e-02 0.000000e+00 9.881800e-01
256 1.182000e-02 0.000000e+00 9.881800e-01
257 1.182000e-02 0.000000e+00 9.881800e-01
258 1.182000e-02 0.000000e+00 9.881800e-01
259 1.182000e-02 0.000000e+00 9.881800e-01
260 1.182000e-02 0.000000e+00 9.881800e-01
261 1.182000e-02 0.000000e+00 9.881800e-01
262 1.182000e-02 0.000000e+00 9.881800e-01
263 1.182000e-02 0.000000e+00 9.881800e-01
264 1.182000e-02 0.000000e+00 9.881800e-01
265 1.182000e-02 0.000000e+00 9.881800e-01
266 1.182000e-02 0.000000e+00 9.881800e-01
267 1.182000e-02 0.000000e+00 9.881800e-01
268 1.182000e-02 0.000000e+00 9.881800e-01
269 1.182000e-02 0.000000e+00 9.881800e-01
270 1.182000e-02 0.000000e+00 9.881800e-01
271 1.182000e-02 0.000000e+00 9.881800e-01
272 1.182000e-02 0.000000e+00 9.881800e-01
273 1.182000e-02 0.000000e+00 9.881800e-01
274 1.182000e-02 0.000000e+00 9.881800e-01
275 1.182000e-02 0.000000e+00 9.881800e-01
276 1.182000e-02 0.000000e+00 9.881800e-01
277 1.182000e-02 0.000000e+00 9.881800e-01
278 1.182000e-02 0.000000e+00 9.881800e-01
279 1.182000e-02 0.000000e+00 9.881800e-01
280 1.182000e-02 0.000000e+00 9.881800e-01
281 1.182000e-02 0.000000e+00 9.881800e-01
282 1.182000e-02 0.000000e+00 9.881800e-01
283 1.182000e-02 0.000000e+00 9.881800e-01
284 1.182000e-02 0.000000e+00 9.881800e-01
285 1.182000e-02 0.000000e+00 9.881800e-01
286 1.182000e-02 0.000000e+00 9.881800e-01
287 1.182000e-02 0.000000e+00 9.881800e-01
288 1.182000e-02 0.000000e+00 9.881800e-01
289 1.182000e-02 0.000000e+00 9.881800e-01
290 1.182000e-02 0.000000e+00 9.881800e-01
291 1.182000e-02 0.000000e+00 9.881800e-01
292 1.182000e-02 0.000000e+00 9.881800e-01
293 1.182000e-02 0.000000e+00 9.881800e-01
294 1.182000e-02 0.000000e+00 9.881800e-01
295 1.182000e-02 0.000000e+00 9.881800e-01
296 1.182000e-02 0.000000e+00 9.881800e-01
297 1.182000e-02 0.000000e+00 9.881800e-01
298 1.182000e-02 0.000000e+00 9.881800e-01
299 1.182000e-02 0.000000e+00 9.881800e-01
300 1.182000e-02 0.000000e+00 9.881800e-01
301 1.182000e-02 0.000000e+00 9.881800e-01
302 1.182000e-02 0.000000e+00 9.881800e-01
303 1.182000e-02 0.000000e+00 9.881800e-01
304 1.182000e-02 0.000000e+00 9.881800e-01
305 1.182000e-02 0.000000e+00 9.881800e-01
306 1.182000e-02 0.000000e+00 9.881800e-01
307 1.182000e-02 0.000000e+00 9.881800e-01
308 1.182000e-02 0.000000e+00 9.881800e-01
309 1.182000e-02 0.000000e+00 9.881800e-01
310 1.182000e-02 0.000000e+00 9.881800e-01
311 1.182000e-02 0.000000e+00 9.881800e-01
312 1.182000e-02 0.000000e+00 9.881800e-01
313 1.182000e-02 0.000000e+00 9.881800e-01
314 1.182000e-02 0.000000e+00 9.881800e-01
315 1.182000e-02 0.000000e+00 9.881800e-01
316 1.182000e-02 0.000000e+00 9.881800e-01
317 1.182000e-02 0.000000e+00 9.881800e-01
318 1.182000e-02 0.000000e+00 9.881800e-01
319 1.182000e-02 0.000000e+00 9.881800e-01
320 1.182000e-02 0.000000e+00 9.881800e-01
321 1.182000e-02 0.000000e+00 9.881800e-01
322 1.182000e-02 0.000000e+00 9.881800e-01
323 1.182000e-02 0.000000e+00 9.881800e-01
324 1.182000e-02 0.000000e+00 9.881800e-01
325 1.182000e-02 0.000000e+00 9.881800e-01
326 1.182000e-02 0.000000e+00 9.881800e-01
327 1.182000e-02 0.000000e+00 9.881800e-01
328 1.182000e-02 0.000000e+00 9.881800e-01
329 1.182000e-02 0.000000e+00 9.881800e-01
330 1.182000e-02 0.000000e+00 9.881800e-01
331 1.182000e-02 0.000000e+00 9.881800e-01
332 1.182000e-02 0.000000e+00 9.881800e-01
333 1.182000e-02 0.000000e+00 9.881800e-01
334 1.182000e-02 0.000000e+00 9.881800e-01
335 1.182000e-02 0.000000e+00 9.881800e-01
336 1.182000e-02 0.000000e+00 9.881800e-01
337 1.182000e-02 0.000000e+00 9.881800e-01
338 1.182000e-02 0.000000e+00 9.881800e-01
339 1.182000e-02 0.000000e+00 9.881800e-01
340 1.182000e-02 0.000000e+00 9.881800e-01
341 1.182000e-02 0.000000e+00 9.881800e-01
342 1.182000e-02 0.000000e+00 9.881800e-01
343 1.182000e-02 0.000000e+00 9.881800e-01
344 1.182000e-02 0.000000e+00 9.881800e-01
345 1.182000e-02 0.000000e+00 9.881800e-01
346 1.182000e-02 0.000000e+00 9.881800e-01
347 1.182000e-02 0.000000e+00 9.881800e-01
348 1.182000e-02 0.000000e+00 9.881800e-01
349 1.182000e-02 0.000000e+00 9.881800e-01
350 1.182000e-02 0.000000e+00 9.881800e-01
351 1.182000e-02 0.000000e+00 9.881800e-01
352 1.182000e-02 0.000000e+00 9.881800e-01
353 1.182000e-02 0.000000e+00 9.881800e-01
354 1.182000e-02 0.000000e+00 9.881800e-01
355 1.182000e-02 0.000000e+00 9.881800e-01
356 1.182000e-02 0.000000e+00 9.881800e-01
357 1.182000e-02 0.000000e+00 9.881800e-01
358 1.182000e-02 0.000000e+00 9.881800e-01
359 1.182000e-02 0.000000e+00 9.881800e-01
360 1.182000e-02 0.000000e+00 9.881800e-01
361 1.182000e-02 0.000000e+00 9.881800e-01
362 1.182000e-02 0.000000e+00 9.881800e-01
363 1.182000e-02 0.000000e+00 9.881800e-01
364 1.182000e-02 0.000000e+00 9.881800e-01
365 1.182000e-02 0.000000e+00 9.881800e-01
366 1.182000e-02 0.000000e+00 9.881800e-01
367 1.182000e-02 0.000000e+00 9.881800e-01
368 1.182000e-02 0.000000e+00 9.881800e-01
369 1.182000e-02 0.000000e+00 9.881800e-01
370 1.182000e-02 0.000000e+00 9.881800e-01
371 1.182000e-02 0.000000e+00 9.881800e-01
372 1.182000e-02 0.000000e+00 9.881800e-01
373 1.182000e-02 0.000000e+00 9.881800e-01
374 1.182000e-02 0.000000e+00 9.881800e-01
375 1.182000e-02 0.000000e+00 9.881800e-01
376 1.182000e-02 0.000000e+00 9.881800e-01
377 1.182000e-02 0.000000e+00 9.881800e-01
378 1.182000e-02 0.000000e+00 9.881800e-01
379 1.182000e-02 0.000000e+00 9.881800e-01
380 1.182000e-02 0.000000e+00 9.881800e-01
381 1.182000e-02 0.000000e+00 9.881800e-01
382 1.182000e-02 0.000000e+00 9.881800e-01
383 1.182000e-02 0.000000e+00 9.881800e-01
384 1.182000e-02 0.000000e+00 9.881800e-01
385 1.182000e-02 0.000000e+00 9.881800e-01
386 1.182000e-02 0.000000e+00 9.881800e-01
387 1.182000e-02 0.000000e+00 9.881800e-01
388 1.182000e-02 0.000000e+00 9.881800e-01
389 1.182000e-02 0.000000e+00 9.881800e-01
390 1.182000e-02 0.000000e+00 9.881800e-01
391 1.182000e-02 0.000000e+00 9.881800e-01
392 1.182000e-02 0.000000e+00 9.881800e-01
393 1.182000e-02 0.000000e+00 9.881800e-01
394 1.182000e-02 0.000000e+00 9.881800e-01
395 1.182000e-02 0.000000e+00 9.881800e-01
396 1.182000e-02 0.000000e+00 9.881800e-01
397 1.182000e-02 0.000000e+00 9.881800e-01
398 1.182000e-02 0.000000e+00 9.881800e-01
399 1.182000e-02 0.000000e+00 9.881800e-01
400 1.182000e-02 0.000000e+00 9.881800e-01
401 1.182000e-02 0.000000e+00 9.881800e-01
402 1.182000e-02 0.000000e+00 9.881800e-01
403 1.182000e-02 0.000000e+00 9.881800e-01
404 1.182000e-02 0.000000e+00 9.881800e-01
405 1.182000e-02 0.000000e+00 9.881800e-01
406 1.182000e-02 0.000000e+00 9.881800e-01
407 1.182000e-02 0.000000e+00 9.881800e-01
408 1.182000e-02 0.000000e+00 9.881800e-01
409 1.182000e-02 0.000000e+00 9.881800e-01
410 1.182000e-02 0.000000e+00 9.881800e-01
411 1.182000e-02 0.000000e+00 9.881800e-01
412 1.182000e-02 0.000000e+00 9.881800e-01
413 1.182000e-02 0.000000e+00 9.881800e-01
414 1.182000e-02 0.000000e+00 9.881800e-01
415 1.182000e-02 0.000000e+00 9.881800e-01
416 1.182000e-02 0.000000e+00 9.881800e-01
417 1.182000e-02 0.000000e+00 9.881800e-01
418 1.182000e-02 0.000000e+00 9.881800e-01
419 1.182000e-02 0.000000e+00 9.881800e-01
420 1.182000e-02 0.000000e+00 9.881800e-01
421 1.182000e-02 0.000000e+00 9.881800e-01
422 1.182000e-02 0.000000e+00 9.881800e-01
423 1.182000e-02 0.000000e+00 9.881800e-01
424 1.182000e-02 0.000000e+00 9.881800e-01
425 1.182000e-02 0.000000e+00 9.881800e-01
426 1.182000e-02 0.000000e+00 9.881800e-01
427 1.182000e-02 0.000000e+00 9.881800e-01
428 1.182000e-02 0.000000e+00 9.881800e-01
429 1.182000e-02 0.000000e+00 9.881800e-01
430 1.182000e-02 0.000000e+00 9.881800e-01
431 1.182000e-02 0.000000e+00 9.881800e-01
432 1.182000e-02 0.000000e+00 9.881800e-01
433 1.182000e-02 0.000000e+00 9.881800e-01
434 1.182000e-02 0.000000e+00 9.881800e-01
435 1.182000e-02 0.000000e+00 9.881800e-01
436 1.182000e-02 0.000000e+00 9.881800e-01
437 1.182000e-02 0.000000e+00 9.881800e-01
438 1.182000e-02 0.000000e+00 9.881800e-01
439 1.182000e-02 0.000000e+00 9.881800e-01
440 1.182000e-02 0.000000e+00 9.881800e-01
441 1.182000e-02 0.000000e+00 9.881800e-01
442 1.182000e-02 0.000000e+00 9.881800e-01
443 1.182000e-02 0.000000e+00 9.881800e-01
444 1.182000e-02 0.000000e+00 9.881800e-01
445 1.182000e-02 0.000000e+00 9.881800e-01
446 1.182000e-02 0.000000e+00 9.881800e-01
447 1.182000e-02 0.000000e+00 9.881800e-01
448 1.182000e-02 0.000000e+00 9.881800e-01
449 1.182000e-02 0.000000e+00 9.881800e-01
450 1.182000e-02 0.000000e+00 9.881800e-01
451 1.182000e-02 0.000000e+00 9.881800e-01
452 1.182000e-02 0.000000e+00 9.881800e-01
453 1.182000e-02 0.000000e+00 9.881800e-01
454 1.182000e-02 0.000000e+00 9.881800e-01
455 1.182000e-02 0.000000e+00 9.881800e-01
456 1.182000e-02 0.000000e+00 9.881800e-01
457 1.182000e-02 0.000000e+00 9.881800e-01
458 1.182000e-02 0.000000e+00 9.881800e-01
459 1.182000e-02 0.000000e+00 9.881800e-01
460 1.182000e-02 0.000000e+00 9.881800e-01
461 1.182000e-02 0.000000e+00 9.881800e-01
462 1.182000e-02 0.000000e+00 9.881800e-01
463 1.182000e-02 0.000000e+00 9.881800e-01
464 1.182000e-02 0.000000e+00 9.881800e-01
465 1.182000e-02 0.000000e+00 9.881800e-01
466 1.182000e-02 0.000000e+00 9.881800e-01
467 1.182000e-02 0.000000e+00 9.881800e-01
468 1.182000e-02 0.000000e+00 9.881800e-01
469 1.182000e-02 0.000000e+00 9.881800e-01
470 1.182000e-02 0.000000e+00 9.881800e-01
471 1.182000e-02 0.000000e+00 9.881800e-01
472 1.182000e-02 0.000000e+00 9.881800e-01
473 1.182000e-02 0.000000e+00 9.881800e-01
474 1.182000e-02 0.000000e+00 9.881800e-01
475 1.182000e-02 0.000000e+00 9.881800e-01
476 1.182000e-02 0.000000e+00 9.881800e-01
477 1.182000e-02 0.000000e+00 9.881800e-01
478 1.182000e-02 0.000000e+00 9.881800e-01
479 1.182000e-02 0.000000e+00 9.881800e-01
480 1.182000e-02 0.000000e+00 9.881800e-01
481 1.182000e-02 0.000000e+00 9.881800e-01
482 1.182000e-02 0.000000e+00 9.881800e-01
483 1.182000e-02 0.000000e+00 9.881800e-01
484 1.182000e-02 0.000000e+00 9.881800e-01
485 1.182000e-02 0.000000e+00 9.881800e-01
486 1.182000e-02 0.000000e+00 9.881800e-01
487 1.182000e-02 0.000000e+00 9.881800e-01
488 1.182000e-02 0.000000e+00 9.881800e-01
489 1.182000e-02 0.000000e+00 9.881800e-01
490 1.182000e-02 0.000000e+00 9.881800e-01
491 1.182000e-02 0.000000e+00 9.881800e-01
492 1.182000e-02 0.000000e+00 9.881800e-01
493 1.182000e-02 0.000000e+00 9.881800e-01
494 1.182000e-02 0.000000e+00 9.881800e-01
495 1.182000e-02 0.000000e+00 9.881800e-01
496 1.182000e-02 0.000000e+00 9.881800e-01
497 1.182000e-02 0.000000e+00 9.881800e-01
498 1.182000e-02 0.000000e+00 9.881800e-01
499 1.182000e-02 0.000000e+00 9.881800e-01
500 1.182000e-02 0.000000e+00 9.881800e-01
