0 9999 1 0
1 9972 2 26
2 9948 2 50
3 9914 5 81
4 9888 7 105
5 9850 12 138
6 9829 18 153
7 9793 28 179
8 9760 40 200
9 9723 50 227
10 9693 57 250
11 9667 64 269
12 9625 79 296
13 9591 93 316
14 9551 106 343
15 9513 114 373
16 9479 126 395
17 9440 140 420
18 9392 160 448
19 9355 173 472
20 9310 195 495
21 9272 209 519
22 9221 230 549
23 9177 255 568
24 9140 275 585
25 9102 287 611
26 9056 313 631
27 8999 343 658
28 8945 369 686
29 8899 394 707
30 8841 431 728
31 8788 460 752
32 8751 481 768
33 8712 510 778
34 8673 531 796
35 8625 555 820
36 8582 581 837
37 8532 608 860
38 8467 643 890
39 8405 685 910
40 8339 724 937
41 8279 767 954
42 8212 803 985
43 8172 834 994
44 8097 881 1022
45 8044 917 1039
46 7969 965 1066
47 7885 1019 1096
48 7829 1060 1111
49 7782 1095 1123
50 7719 1142 1139
51 7666 1182 1152
52 7613 1218 1169
53 7557 1255 1188
54 7504 1288 1208
55 7429 1345 1226
56 7357 1396 1247
57 7292 1447 1261
58 7210 1515 1275
59 7153 1554 1293
60 7086 1608 1306
61 7011 1662 1327
62 6953 1706 1341
63 6887 1747 1366
64 6801 1813 1386
65 6732 1865 1403
66 6662 1922 1416
67 6593 1976 1431
68 6529 2027 1444
69 6460 2075 1465
70 6390 2130 1480
71 6328 2177 1495
72 6269 2218 1513
73 6203 2269 1528
74 6139 2324 1537
75 6070 2377 1553
76 6005 2429 1566
77 5932 2487 1581
78 5860 2546 1594
79 5792 2601 1607
80 5709 2667 1624
81 5627 2729 1644
82 5562 2777 1661
83 5496 2829 1675
84 5418 2889 1693
85 5349 2946 1705
86 5258 3023 1719
87 5189 3074 1737
88 5109 3140 1751
89 5031 3203 1766
90 4950 3273 1777
91 4863 3349 1788
92 4784 3417 1799
93 4719 3471 1810
94 4654 3527 1819
95 4589 3582 1829
96 4503 3645 1852
97 4433 3702 1865
98 4356 3768 1876
99 4272 3844 1884
100 4194 3913 1893
101 4120 3975 1905
102 4046 4039 1915
103 3994 4084 1922
104 3919 4150 1931
105 3861 4202 1937
106 3783 4273 1944
107 3715 4327 1958
108 3649 4383 1968
109 3585 4439 1976
110 3520 4497 1983
111 3456 4555 1989
112 3391 4608 2001
113 3326 4664 2010
114 3255 4725 2020
115 3189 4783 2028
116 3125 4842 2033
117 3062 4898 2040
118 2995 4956 2049
119 2927 5017 2056
120 2850 5090 2060
121 2777 5155 2068
122 2726 5204 2070
123 2672 5249 2079
124 2610 5308 2082
125 2552 5359 2089
126 2483 5422 2095
127 2422 5475 2103
128 2351 5539 2110
129 2280 5602 2118
130 2203 5670 2127
131 2130 5737 2133
132 2055 5807 2138
133 1990 5866 2144
134 1929 5920 2151
135 1879 5964 2157
136 1826 6014 2160
137 1770 6062 2168
138 1720 6108 2172
139 1662 6163 2175
140 1603 6218 2179
141 1550 6266 2184
142 1505 6306 2189
143 1468 6340 2192
144 1421 6386 2193
145 1362 6442 2196
146 1319 6482 2199
147 1279 6519 2202
148 1227 6570 2203
149 1187 6607 2206
150 1140 6654 2206
151 1107 6686 2207
152 1076 6714 2210
153 1035 6754 2211
154 987 6799 2214
155 960 6821 2219
156 922 6859 2219
157 881 6898 2221
158 841 6936 2223
159 805 6968 2227
160 772 7001 2227
161 737 7036 2227
162 711 7061 2228
163 684 7085 2231
164 656 7112 2232
165 627 7139 2234
166 599 7166 2235
167 565 7200 2235
168 544 7219 2237
169 527 7236 2237
170 505 7258 2237
171 480 7283 2237
172 457 7306 2237
173 441 7322 2237
174 429 7333 2238
175 414 7348 2238
176 399 7361 2240
177 386 7373 2241
178 366 7391 2243
179 356 7401 2243
180 336 7420 2244
181 324 7430 2246
182 307 7445 2248
183 296 7456 2248
184 278 7472 2250
185 269 7481 2250
186 258 7492 2250
187 249 7500 2251
188 232 7515 2253
189 222 7522 2256
190 216 7527 2257
191 204 7537 2259
192 197 7543 2260
193 184 7555 2261
194 176 7563 2261
195 172 7567 2261
196 168 7569 2263
197 156 7580 2264
198 150 7586 2264
199 143 7592 2265
200 138 7597 2265
201 133 7602 2265
202 130 7605 2265
203 121 7614 2265
204 119 7616 2265
205 114 7621 2265
206 113 7622 2265
207 112 7623 2265
208 109 7625 2266
209 104 7630 2266
210 101 7633 2266
211 101 7633 2266
212 100 7634 2266
213 99 7634 2267
214 98 7635 2267
215 95 7638 2267
216 92 7640 2268
217 90 7641 2269
218 89 7642 2269
219 87 7644 2269
220 87 7644 2269
221 85 7646 2269
222 84 7647 2269
223 83 7648 2269
224 81 7649 2270
225 79 7650 2271
226 79 7650 2271
227 78 7651 2271
228 78 7651 2271
229 78 7651 2271
230 78 7651 2271
231 77 7651 2272
232 76 7652 2272
233 76 7652 2272
234 76 7652 2272
235 76 7652 2272
236 76 7652 2272
237 76 7652 2272
238 75 7652 2273
239 75 7652 2273
240 75 7652 2273
241 75 7652 2273
242 75 7652 2273
243 75 7652 2273
244 75 7652 2273
245 75 7652 2273
246 74 7652 2274
247 73 7652 2275
248 72 7652 2276
249 72 7652 2276
250 72 7652 2276
251 72 7652 2276
252 72 7652 2276
253 72 7652 2276
254 72 7652 2276
255 71 7652 2277
256 71 7652 2277
257 71 7652 2277
258 71 7652 2277
259 71 7652 2277
260 71 7652 2277
261 71 7652 2277
262 71 7652 2277
263 71 7652 2277
264 71 7652 2277
265 70 7652 2278
266 69 7652 2279
267 69 7652 2279
268 69 7652 2279
269 69 7652 2279
270 69 7652 2279
271 69 7652 2279
272 68 7652 2280
273 68 7652 2280
274 68 7652 2280
275 67 7652 2281
276 67 7652 2281
277 67 7652 2281
278 67 7652 2281
279 67 7652 2281
280 67 7652 2281
281 66 7652 2282
282 66 7652 2282
283 66 7652 2282
284 66 7652 2282
285 66 7652 2282
286 66 7652 2282
287 66 7652 2282
288 66 7652 2282
289 65 7652 2283
290 65 7652 2283
291 65 7652 2283
292 65 7652 2283
293 65 7652 2283
294 65 7652 2283
295 65 7652 2283
296 65 7652 2283
297 65 7652 2283
298 65 7652 2283
299 65 7652 2283
300 65 7652 2283
301 65 7652 2283
302 64 7652 2284
303 64 7652 2284
304 64 7652 2284
305 64 7652 2284
306 64 7652 2284
307 64 7652 2284
308 64 7652 2284
309 64 7652 2284
310 64 7652 2284
311 64 7652 2284
312 64 7652 2284
313 64 7652 2284
314 64 7652 2284
315 64 7652 2284
316 64 7652 2284
317 63 7652 2285
318 62 7652 2286
319 62 7652 2286
320 62 7652 2286
321 62 7652 2286
322 62 7652 2286
323 61 7652 2287
324 61 7652 2287
325 61 7652 2287
326 61 7652 2287
327 61 7652 2287
328 61 7652 2287
329 61 7652 2287
330 60 7652 2288
331 60 7652 2288
332 60 7652 2288
333 60 7652 2288
334 60 7652 2288
335 60 7652 2288
336 60 7652 2288
337 59 7652 2289
338 59 7652 2289
339 59 7652 2289
340 59 7652 2289
341 58 7652 2290
342 58 7652 2290
343 58 7652 2290
344 58 7652 2290
345 57 7652 2291
346 57 7652 2291
347 57 7652 2291
348 57 7652 2291
349 57 7652 2291
350 57 7652 2291
351 57 7652 2291
352 57 7652 2291
353 57 7652 2291
354 57 7652 2291
355 57 7652 2291
356 57 7652 2291
357 57 7652 2291
358 57 7652 2291
359 56 7652 2292
360 56 7652 2292
361 56 7652 2292
362 56 7652 2292
363 56 7652 2292
364 55 7652 2293
365 55 7652 2293
366 55 7652 2293
367 54 7652 2294
368 53 7652 2295
369 53 7652 2295
370 53 7652 2295
371 52 7652 2296
372 52 7652 2296
373 52 7652 2296
374 52 7652 2296
375 52 7652 2296
376 52 7652 2296
377 52 7652 2296
378 52 7652 2296
379 51 7652 2297
380 51 7652 2297
381 51 7652 2297
382 51 7652 2297
383 51 7652 2297
384 51 7652 2297
385 51 7652 2297
386 51 7652 2297
387 51 7652 2297
388 51 7652 2297
389 51 7652 2297
390 51 7652 2297
391 51 7652 2297
392 51 7652 2297
393 51 7652 2297
394 51 7652 2297
395 51 7652 2297
396 51 7652 2297
397 51 7652 2297
398 51 7652 2297
399 51 7652 2297
400 51 7652 2297
401 51 7652 2297
402 51 7652 2297
403 51 7652 2297
404 50 7652 2298
405 50 7652 2298
406 49 7652 2299
407 48 7652 2300
408 48 7652 2300
409 48 7652 2300
410 48 7652 2300
411 48 7652 2300
412 47 7652 2301
413 47 7652 2301
414 47 7652 2301
415 47 7652 2301
416 47 7652 2301
417 47 7652 2301
418 47 7652 2301
419 47 7652 2301
420 47 7652 2301
421 47 7652 2301
422 47 7652 2301
423 47 7652 2301
424 47 7652 2301
425 47 7652 2301
426 47 7652 2301
427 47 7652 2301
428 46 7652 2302
429 46 7652 2302
430 46 7652 2302
431 46 7652 2302
432 46 7652 2302
433 46 7652 2302
434 46 7652 2302
435 46 7652 2302
436 46 7652 2302
437 46 7652 2302
438 46 7652 2302
439 46 7652 2302
440 46 7652 2302
441 46 7652 2302
442 46 7652 2302
443 46 7652 2302
444 46 7652 2302
445 46 7652 2302
446 46 7652 2302
447 46 7652 2302
448 45 7652 2303
449 44 7652 2304
450 44 7652 2304
451 44 7652 2304
452 44 7652 2304
453 44 7652 2304
454 44 7652 2304
455 44 7652 2304
456 43 7652 2305
457 43 7652 2305
458 43 7652 2305
459 43 7652 2305
460 43 7652 2305
461 43 7652 2305
462 43 7652 2305
463 42 7652 2306
464 42 7652 2306
465 41 7652 2307
466 41 7652 2307
467 41 7652 2307
468 41 7652 2307
469 41 7652 2307
470 40 7652 2308
471 40 7652 2308
472 40 7652 2308
473 40 7652 2308
474 40 7652 2308
475 40 7652 2308
476 40 7652 2308
477 40 7652 2308
478 40 7652 2308
479 40 7652 2308
480 40 7652 2308
481 40 7652 2308
482 39 7652 2309
483 39 7652 2309
484 39 7652 2309
485 39 7652 2309
486 39 7652 2309
487 38 7652 2310
488 38 7652 2310
489 38 7652 2310
490 38 7652 2310
491 38 7652 2310
492 38 7652 2310
493 38 7652 2310
494 38 7652 2310
495 38 7652 2310
496 38 7652 2310
497 38 7652 2310
498 38 7652 2310
499 38 7652 2310
500 38 7652 2310
501 38 7652 2310
502 38 7652 2310
503 38 7652 2310
504 38 7652 2310
505 37 7652 2311
506 37 7652 2311
507 37 7652 2311
508 37 7652 2311
509 37 7652 2311
510 37 7652 2311
511 37 7652 2311
512 37 7652 2311
513 37 7652 2311
514 37 7652 2311
515 36 7652 2312
516 36 7652 2312
517 36 7652 2312
518 36 7652 2312
519 36 7652 2312
520 36 7652 2312
521 36 7652 2312
522 36 7652 2312
523 36 7652 2312
524 36 7652 2312
525 36 7652 2312
526 36 7652 2312
527 35 7652 2313
528 35 7652 2313
529 35 7652 2313
530 35 7652 2313
531 35 7652 2313
532 35 7652 2313
533 35 7652 2313
534 35 7652 2313
535 35 7652 2313
536 35 7652 2313
537 35 7652 2313
538 35 7652 2313
539 35 7652 2313
540 35 7652 2313
541 35 7652 2313
542 35 7652 2313
543 35 7652 2313
544 35 7652 2313
545 35 7652 2313
546 35 7652 2313
547 35 7652 2313
548 35 7652 2313
549 35 7652 2313
550 34 7652 2314
551 34 7652 2314
552 34 7652 2314
553 34 7652 2314
554 34 7652 2314
555 34 7652 2314
556 34 7652 2314
557 34 7652 2314
558 34 7652 2314
559 34 7652 2314
560 34 7652 2314
561 34 7652 2314
562 34 7652 2314
563 34 7652 2314
564 34 7652 2314
565 34 7652 2314
566 34 7652 2314
567 33 7652 2315
568 33 7652 2315
569 33 7652 2315
570 33 7652 2315
571 33 7652 2315
572 33 7652 2315
573 33 7652 2315
574 33 7652 2315
575 33 7652 2315
576 33 7652 2315
577 33 7652 2315
578 33 7652 2315
579 33 7652 2315
580 33 7652 2315
581 33 7652 2315
582 32 7652 2316
583 32 7652 2316
584 32 7652 2316
585 32 7652 2316
586 32 7652 2316
587 32 7652 2316
588 32 7652 2316
589 32 7652 2316
590 32 7652 2316
591 32 7652 2316
592 32 7652 2316
593 32 7652 2316
594 32 7652 2316
595 32 7652 2316
596 32 7652 2316
597 32 7652 2316
598 32 7652 2316
599 32 7652 2316
600 32 7652 2316
601 32 7652 2316
602 32 7652 2316
603 32 7652 2316
604 32 7652 2316
605 32 7652 2316
606 32 7652 2316
607 29 7652 2319
608 29 7652 2319
609 29 7652 2319
610 29 7652 2319
611 29 7652 2319
612 28 7652 2320
613 28 7652 2320
614 28 7652 2320
615 28 7652 2320
616 28 7652 2320
617 28 7652 2320
618 28 7652 2320
619 28 7652 2320
620 27 7652 2321
621 27 7652 2321
622 27 7652 2321
623 27 7652 2321
624 27 7652 2321
625 27 7652 2321
626 26 7652 2322
627 26 7652 2322
628 26 7652 2322
629 26 7652 2322
630 26 7652 2322
631 26 7652 2322
632 26 7652 2322
633 26 7652 2322
634 26 7652 2322
635 26 7652 2322
636 26 7652 2322
637 26 7652 2322
638 26 7652 2322
639 26 7652 2322
640 26 7652 2322
641 26 7652 2322
642 26 7652 2322
643 26 7652 2322
644 26 7652 2322
645 26 7652 2322
646 26 7652 2322
647 26 7652 2322
648 26 7652 2322
649 26 7652 2322
650 26 7652 2322
651 26 7652 2322
652 26 7652 2322
653 26 7652 2322
654 26 7652 2322
655 26 7652 2322
656 26 7652 2322
657 26 7652 2322
658 25 7652 2323
659 25 7652 2323
660 25 7652 2323
661 25 7652 2323
662 25 7652 2323
663 25 7652 2323
664 25 7652 2323
665 25 7652 2323
666 25 7652 2323
667 25 7652 2323
668 25 7652 2323
669 25 7652 2323
670 24 7652 2324
671 24 7652 2324
672 24 7652 2324
673 24 7652 2324
674 23 7652 2325
675 23 7652 2325
676 23 7652 2325
677 23 7652 2325
678 23 7652 2325
679 23 7652 2325
680 23 7652 2325
681 23 7652 2325
682 23 7652 2325
683 23 7652 2325
684 23 7652 2325
685 23 7652 2325
686 23 7652 2325
687 23 7652 2325
688 23 7652 2325
689 23 7652 2325
690 23 7652 2325
691 23 7652 2325
692 23 7652 2325
693 23 7652 2325
694 23 7652 2325
695 23 7652 2325
696 23 7652 2325
697 23 7652 2325
698 23 7652 2325
699 23 7652 2325
700 22 7652 2326
701 22 7652 2326
702 22 7652 2326
703 21 7652 2327
704 21 7652 2327
705 21 7652 2327
706 21 7652 2327
707 21 7652 2327
708 21 7652 2327
709 21 7652 2327
710 21 7652 2327
711 20 7652 2328
712 20 7652 2328
713 20 7652 2328
714 20 7652 2328
715 20 7652 2328
716 20 7652 2328
717 20 7652 2328
718 20 7652 2328
719 20 7652 2328
720 20 7652 2328
721 20 7652 2328
722 20 7652 2328
723 20 7652 2328
724 20 7652 2328
725 20 7652 2328
726 20 7652 2328
727 20 7652 2328
728 20 7652 2328
729 20 7652 2328
730 20 7652 2328
731 20 7652 2328
732 20 7652 2328
733 20 7652 2328
734 20 7652 2328
735 20 7652 2328
736 20 7652 2328
737 20 7652 2328
738 20 7652 2328
739 20 7652 2328
740 20 7652 2328
741 20 7652 2328
742 20 7652 2328
743 20 7652 2328
744 20 7652 2328
745 19 7652 2329
746 19 7652 2329
747 19 7652 2329
748 19 7652 2329
749 19 7652 2329
750 19 7652 2329
751 19 7652 2329
752 19 7652 2329
753 19 7652 2329
754 19 7652 2329
755 19 7652 2329
756 19 7652 2329
757 19 7652 2329
758 19 7652 2329
759 19 7652 2329
760 19 7652 2329
761 19 7652 2329
762 19 7652 2329
763 19 7652 2329
764 19 7652 2329
765 19 7652 2329
766 19 7652 2329
767 19 7652 2329
768 19 7652 2329
769 18 7652 2330
770 18 7652 2330
771 18 7652 2330
772 18 7652 2330
773 18 7652 2330
774 18 7652 2330
775 18 7652 2330
776 18 7652 2330
777 18 7652 2330
778 18 7652 2330
779 18 7652 2330
780 18 7652 2330
781 18 7652 2330
782 18 7652 2330
783 18 7652 2330
784 17 7652 2331
785 17 7652 2331
786 17 7652 2331
787 17 7652 2331
788 17 7652 2331
789 17 7652 2331
790 17 7652 2331
791 17 7652 2331
792 17 7652 2331
793 17 7652 2331
794 17 7652 2331
795 17 7652 2331
796 17 7652 2331
797 17 7652 2331
798 17 7652 2331
799 16 7652 2332
800 16 7652 2332
801 16 7652 2332
802 16 7652 2332
803 16 7652 2332
804 16 7652 2332
805 16 7652 2332
806 16 7652 2332
807 16 7652 2332
808 16 7652 2332
809 16 7652 2332
810 16 7652 2332
811 15 7652 2333
812 15 7652 2333
813 15 7652 2333
814 15 7652 2333
815 15 7652 2333
816 15 7652 2333
817 15 7652 2333
818 15 7652 2333
819 15 7652 2333
820 15 7652 2333
821 15 7652 2333
822 15 7652 2333
823 15 7652 2333
824 15 7652 2333
825 15 7652 2333
826 15 7652 2333
827 15 7652 2333
828 15 7652 2333
829 15 7652 2333
830 15 7652 2333
831 15 7652 2333
832 15 7652 2333
833 15 7652 2333
834 15 7652 2333
835 15 7652 2333
836 15 7652 2333
837 15 7652 2333
838 15 7652 2333
839 15 7652 2333
840 15 7652 2333
841 15 7652 2333
842 15 7652 2333
843 15 7652 2333
844 15 7652 2333
845 15 7652 2333
846 14 7652 2334
847 14 7652 2334
848 14 7652 2334
849 14 7652 2334
850 14 7652 2334
851 14 7652 2334
852 14 7652 2334
853 14 7652 2334
854 14 7652 2334
855 14 7652 2334
856 14 7652 2334
857 14 7652 2334
858 14 7652 2334
859 14 7652 2334
860 14 7652 2334
861 14 7652 2334
862 14 7652 2334
863 14 7652 2334
864 14 7652 2334
865 14 7652 2334
866 14 7652 2334
867 14 7652 2334
868 14 7652 2334
869 14 7652 2334
870 14 7652 2334
871 14 7652 2334
872 14 7652 2334
873 14 7652 2334
874 14 7652 2334
875 14 7652 2334
876 14 7652 2334
877 14 7652 2334
878 14 7652 2334
879 14 7652 2334
880 14 7652 2334
881 14 7652 2334
882 14 7652 2334
883 14 7652 2334
884 14 7652 2334
885 14 7652 2334
886 14 7652 2334
887 14 7652 2334
888 14 7652 2334
889 14 7652 2334
890 13 7652 2335
891 13 7652 2335
892 13 7652 2335
893 13 7652 2335
894 13 7652 2335
895 13 7652 2335
896 13 7652 2335
897 13 7652 2335
898 13 7652 2335
899 13 7652 2335
900 13 7652 2335
901 13 7652 2335
902 13 7652 2335
903 13 7652 2335
904 13 7652 2335
905 13 7652 2335
906 13 7652 2335
907 13 7652 2335
908 13 7652 2335
909 13 7652 2335
910 13 7652 2335
911 13 7652 2335
912 13 7652 2335
913 13 7652 2335
914 13 7652 2335
915 13 7652 2335
916 13 7652 2335
917 13 7652 2335
918 13 7652 2335
919 13 7652 2335
920 13 7652 2335
921 13 7652 2335
922 13 7652 2335
923 13 7652 2335
924 13 7652 2335
925 13 7652 2335
926 13 7652 2335
927 13 7652 2335
928 13 7652 2335
929 13 7652 2335
930 13 7652 2335
931 13 7652 2335
932 13 7652 2335
933 13 7652 2335
934 12 7652 2336
935 12 7652 2336
936 12 7652 2336
937 12 7652 2336
938 12 7652 2336
939 12 7652 2336
940 12 7652 2336
941 12 7652 2336
942 12 7652 2336
943 12 7652 2336
944 12 7652 2336
945 12 7652 2336
946 12 7652 2336
947 12 7652 2336
948 12 7652 2336
949 12 7652 2336
950 12 7652 2336
951 12 7652 2336
952 12 7652 2336
953 12 7652 2336
954 12 7652 2336
955 12 7652 2336
956 12 7652 2336
957 12 7652 2336
958 12 7652 2336
959 12 7652 2336
960 12 7652 2336
961 11 7652 2337
962 11 7652 2337
963 11 7652 2337
964 11 7652 2337
965 11 7652 2337
966 11 7652 2337
967 11 7652 2337
968 11 7652 2337
969 10 7652 2338
970 10 7652 2338
971 10 7652 2338
972 10 7652 2338
973 10 7652 2338
974 10 7652 2338
975 10 7652 2338
976 10 7652 2338
977 10 7652 2338
978 10 7652 2338
979 10 7652 2338
980 10 7652 2338
981 10 7652 2338
982 10 7652 2338
983 10 7652 2338
984 10 7652 2338
985 10 7652 2338
986 10 7652 2338
987 10 7652 2338
988 10 7652 2338
989 10 7652 2338
990 10 7652 2338
991 10 7652 2338
992 10 7652 2338
993 10 7652 2338
994 10 7652 2338
995 10 7652 2338
996 10 7652 2338
997 10 7652 2338
998 10 7652 2338
999 10 7652 2338
