0 9999 1 0
1 9966 4 30
2 9943 4 53
3 9915 6 79
4 9896 7 97
5 9869 9 122
6 9839 12 149
7 9820 13 167
8 9779 24 197
9 9744 35 221
10 9716 41 243
11 9683 47 270
12 9643 56 301
13 9615 61 324
14 9583 71 346
15 9552 80 368
16 9526 90 384
17 9499 96 405
18 9466 103 431
19 9426 118 456
20 9396 131 473
21 9358 146 496
22 9324 154 522
23 9276 180 544
24 9233 192 575
25 9196 208 596
26 9165 218 617
27 9114 247 639
28 9071 266 663
29 9023 292 685
30 8965 315 720
31 8912 347 741
32 8877 368 755
33 8832 387 781
34 8786 420 794
35 8738 445 817
36 8697 467 836
37 8650 489 861
38 8592 523 885
39 8529 561 910
40 8479 588 933
41 8421 628 951
42 8372 657 971
43 8324 690 986
44 8270 725 1005
45 8219 757 1024
46 8153 803 1044
47 8098 833 1069
48 8031 873 1096
49 7977 913 1110
50 7913 961 1126
51 7866 990 1144
52 7797 1029 1174
53 7754 1060 1186
54 7693 1103 1204
55 7636 1141 1223
56 7575 1187 1238
57 7507 1235 1258
58 7424 1290 1286
59 7348 1349 1303
60 7292 1394 1314
61 7228 1440 1332
62 7160 1497 1343
63 7088 1552 1360
64 7015 1598 1387
65 6942 1656 1402
66 6887 1698 1415
67 6813 1760 1427
68 6759 1796 1445
69 6679 1859 1462
70 6615 1908 1477
71 6548 1953 1499
72 6477 2006 1517
73 6406 2063 1531
74 6333 2121 1546
75 6248 2181 1571
76 6188 2227 1585
77 6102 2298 1600
78 6030 2352 1618
79 5949 2417 1634
80 5887 2461 1652
81 5811 2523 1666
82 5771 2550 1679
83 5712 2595 1693
84 5641 2656 1703
85 5592 2698 1710
86 5531 2741 1728
87 5461 2796 1743
88 5386 2856 1758
89 5320 2910 1770
90 5255 2961 1784
91 5187 3019 1794
92 5120 3078 1802
93 5043 3138 1819
94 4979 3188 1833
95 4921 3235 1844
96 4854 3289 1857
97 4792 3342 1866
98 4731 3396 1873
99 4681 3434 1885
100 4619 3486 1895
101 4541 3547 1912
102 4477 3596 1927
103 4420 3643 1937
104 4362 3685 1953
105 4315 3725 1960
106 4240 3788 1972
107 4173 3840 1987
108 4099 3904 1997
109 4041 3953 2006
110 3969 4024 2007
111 3897 4086 2017
112 3835 4138 2027
113 3774 4193 2033
114 3704 4252 2044
115 3623 4325 2052
116 3556 4387 2057
117 3490 4441 2069
118 3417 4501 2082
119 3362 4551 2087
120 3288 4616 2096
121 3228 4670 2102
122 3175 4714 2111
123 3121 4761 2118
124 3055 4817 2128
125 2991 4872 2137
126 2934 4919 2147
127 2887 4964 2149
128 2826 5018 2156
129 2766 5067 2167
130 2703 5124 2173
131 2648 5172 2180
132 2597 5219 2184
133 2545 5266 2189
134 2476 5326 2198
135 2426 5374 2200
136 2367 5428 2205
137 2321 5470 2209
138 2267 5518 2215
139 2217 5563 2220
140 2157 5616 2227
141 2103 5663 2234
142 2054 5703 2243
143 2005 5745 2250
144 1950 5794 2256
145 1903 5838 2259
146 1860 5876 2264
147 1822 5909 2269
148 1772 5958 2270
149 1729 5998 2273
150 1673 6050 2277
151 1627 6090 2283
152 1569 6142 2289
153 1523 6183 2294
154 1471 6234 2295
155 1434 6270 2296
156 1389 6312 2299
157 1347 6349 2304
158 1309 6383 2308
159 1277 6410 2313
160 1234 6448 2318
161 1200 6480 2320
162 1162 6514 2324
163 1117 6558 2325
164 1076 6597 2327
165 1043 6629 2328
166 1016 6654 2330
167 986 6682 2332
168 961 6705 2334
169 940 6726 2334
170 914 6750 2336
171 893 6770 2337
172 872 6786 2342
173 851 6804 2345
174 834 6819 2347
175 814 6837 2349
176 792 6857 2351
177 761 6884 2355
178 737 6907 2356
179 717 6926 2357
180 703 6940 2357
181 676 6964 2360
182 652 6986 2362
183 635 7002 2363
184 614 7023 2363
185 604 7033 2363
186 590 7047 2363
187 575 7061 2364
188 561 7073 2366
189 542 7089 2369
190 522 7105 2373
191 506 7120 2374
192 481 7144 2375
193 468 7157 2375
194 457 7168 2375
195 441 7183 2376
196 426 7196 2378
197 413 7207 2380
198 394 7224 2382
199 382 7235 2383
200 370 7247 2383
201 363 7253 2384
202 351 7265 2384
203 342 7273 2385
204 330 7285 2385
205 318 7297 2385
206 308 7306 2386
207 296 7318 2386
208 286 7328 2386
209 275 7339 2386
210 267 7347 2386
211 261 7353 2386
212 249 7365 2386
213 242 7372 2386
214 235 7379 2386
215 228 7386 2386
216 222 7392 2386
217 213 7401 2386
218 206 7408 2386
219 196 7418 2386
220 189 7425 2386
221 182 7432 2386
222 179 7435 2386
223 173 7441 2386
224 170 7443 2387
225 162 7450 2388
226 156 7456 2388
227 147 7464 2389
228 141 7469 2390
229 136 7473 2391
230 130 7479 2391
231 126 7482 2392
232 122 7485 2393
233 121 7486 2393
234 117 7490 2393
235 113 7494 2393
236 111 7496 2393
237 110 7497 2393
238 109 7497 2394
239 107 7499 2394
240 107 7499 2394
241 106 7500 2394
242 106 7500 2394
243 106 7500 2394
244 104 7501 2395
245 104 7501 2395
246 103 7501 2396
247 100 7502 2398
248 98 7504 2398
249 97 7504 2399
250 97 7504 2399
251 95 7505 2400
252 95 7505 2400
253 95 7505 2400
254 95 7505 2400
255 95 7505 2400
256 95 7505 2400
257 95 7505 2400
258 95 7505 2400
259 92 7505 2403
260 92 7505 2403
261 92 7505 2403
262 92 7505 2403
263 92 7505 2403
264 92 7505 2403
265 92 7505 2403
266 92 7505 2403
267 92 7505 2403
268 92 7505 2403
269 92 7505 2403
270 92 7505 2403
271 92 7505 2403
272 92 7505 2403
273 92 7505 2403
274 91 7505 2404
275 91 7505 2404
276 91 7505 2404
277 90 7505 2405
278 89 7505 2406
279 89 7505 2406
280 89 7505 2406
281 89 7505 2406
282 89 7505 2406
283 89 7505 2406
284 89 7505 2406
285 88 7505 2407
286 88 7505 2407
287 88 7505 2407
288 88 7505 2407
289 88 7505 2407
290 88 7505 2407
291 88 7505 2407
292 88 7505 2407
293 88 7505 2407
294 88 7505 2407
295 88 7505 2407
296 88 7505 2407
297 87 7505 2408
298 87 7505 2408
299 87 7505 2408
300 87 7505 2408
301 87 7505 2408
302 87 7505 2408
303 87 7505 2408
304 87 7505 2408
305 87 7505 2408
306 87 7505 2408
307 87 7505 2408
308 87 7505 2408
309 87 7505 2408
310 87 7505 2408
311 87 7505 2408
312 87 7505 2408
313 87 7505 2408
314 85 7505 2410
315 83 7505 2412
316 83 7505 2412
317 83 7505 2412
318 83 7505 2412
319 83 7505 2412
320 83 7505 2412
321 83 7505 2412
322 83 7505 2412
323 83 7505 2412
324 83 7505 2412
325 83 7505 2412
326 83 7505 2412
327 83 7505 2412
328 83 7505 2412
329 83 7505 2412
330 83 7505 2412
331 83 7505 2412
332 83 7505 2412
333 83 7505 2412
334 82 7505 2413
335 82 7505 2413
336 82 7505 2413
337 80 7505 2415
338 80 7505 2415
339 79 7505 2416
340 79 7505 2416
341 79 7505 2416
342 79 7505 2416
343 78 7505 2417
344 78 7505 2417
345 77 7505 2418
346 77 7505 2418
347 77 7505 2418
348 77 7505 2418
349 77 7505 2418
350 77 7505 2418
351 77 7505 2418
352 77 7505 2418
353 77 7505 2418
354 77 7505 2418
355 77 7505 2418
356 77 7505 2418
357 77 7505 2418
358 77 7505 2418
359 77 7505 2418
360 76 7505 2419
361 76 7505 2419
362 76 7505 2419
363 76 7505 2419
364 76 7505 2419
365 75 7505 2420
366 75 7505 2420
367 75 7505 2420
368 75 7505 2420
369 75 7505 2420
370 75 7505 2420
371 75 7505 2420
372 74 7505 2421
373 74 7505 2421
374 74 7505 2421
375 74 7505 2421
376 74 7505 2421
377 74 7505 2421
378 74 7505 2421
379 74 7505 2421
380 74 7505 2421
381 74 7505 2421
382 74 7505 2421
383 74 7505 2421
384 74 7505 2421
385 74 7505 2421
386 74 7505 2421
387 74 7505 2421
388 74 7505 2421
389 74 7505 2421
390 74 7505 2421
391 74 7505 2421
392 74 7505 2421
393 74 7505 2421
394 74 7505 2421
395 74 7505 2421
396 74 7505 2421
397 74 7505 2421
398 74 7505 2421
399 74 7505 2421
400 73 7505 2422
401 72 7505 2423
402 72 7505 2423
403 72 7505 2423
404 72 7505 2423
405 72 7505 2423
406 71 7505 2424
407 71 7505 2424
408 71 7505 2424
409 71 7505 2424
410 70 7505 2425
411 70 7505 2425
412 70 7505 2425
413 70 7505 2425
414 70 7505 2425
415 70 7505 2425
416 70 7505 2425
417 70 7505 2425
418 70 7505 2425
419 70 7505 2425
420 70 7505 2425
421 70 7505 2425
422 70 7505 2425
423 70 7505 2425
424 70 7505 2425
425 70 7505 2425
426 70 7505 2425
427 70 7505 2425
428 69 7505 2426
429 68 7505 2427
430 68 7505 2427
431 68 7505 2427
432 68 7505 2427
433 68 7505 2427
434 68 7505 2427
435 68 7505 2427
436 68 7505 2427
437 68 7505 2427
438 68 7505 2427
439 68 7505 2427
440 68 7505 2427
441 68 7505 2427
442 68 7505 2427
443 68 7505 2427
444 68 7505 2427
445 68 7505 2427
446 68 7505 2427
447 68 7505 2427
448 68 7505 2427
449 67 7505 2428
450 67 7505 2428
451 67 7505 2428
452 67 7505 2428
453 67 7505 2428
454 67 7505 2428
455 67 7505 2428
456 67 7505 2428
457 67 7505 2428
458 67 7505 2428
459 67 7505 2428
460 67 7505 2428
461 67 7505 2428
462 67 7505 2428
463 67 7505 2428
464 67 7505 2428
465 67 7505 2428
466 67 7505 2428
467 67 7505 2428
468 67 7505 2428
469 67 7505 2428
470 67 7505 2428
471 67 7505 2428
472 67 7505 2428
473 67 7505 2428
474 67 7505 2428
475 67 7505 2428
476 67 7505 2428
477 67 7505 2428
478 67 7505 2428
479 67 7505 2428
480 67 7505 2428
481 67 7505 2428
482 66 7505 2429
483 66 7505 2429
484 66 7505 2429
485 66 7505 2429
486 66 7505 2429
487 66 7505 2429
488 66 7505 2429
489 66 7505 2429
490 66 7505 2429
491 66 7505 2429
492 66 7505 2429
493 66 7505 2429
494 66 7505 2429
495 66 7505 2429
496 66 7505 2429
497 66 7505 2429
498 66 7505 2429
499 66 7505 2429
500 66 7505 2429
501 66 7505 2429
502 66 7505 2429
503 66 7505 2429
504 66 7505 2429
505 65 7505 2430
506 65 7505 2430
507 65 7505 2430
508 65 7505 2430
509 65 7505 2430
510 65 7505 2430
511 65 7505 2430
512 65 7505 2430
513 65 7505 2430
514 65 7505 2430
515 65 7505 2430
516 65 7505 2430
517 65 7505 2430
518 65 7505 2430
519 65 7505 2430
520 65 7505 2430
521 65 7505 2430
522 65 7505 2430
523 64 7505 2431
524 64 7505 2431
525 64 7505 2431
526 64 7505 2431
527 64 7505 2431
528 64 7505 2431
529 64 7505 2431
530 64 7505 2431
531 64 7505 2431
532 64 7505 2431
533 64 7505 2431
534 64 7505 2431
535 63 7505 2432
536 62 7505 2433
537 61 7505 2434
538 61 7505 2434
539 61 7505 2434
540 61 7505 2434
541 61 7505 2434
542 61 7505 2434
543 61 7505 2434
544 61 7505 2434
545 61 7505 2434
546 61 7505 2434
547 61 7505 2434
548 61 7505 2434
549 61 7505 2434
550 61 7505 2434
551 61 7505 2434
552 60 7505 2435
553 60 7505 2435
554 60 7505 2435
555 60 7505 2435
556 60 7505 2435
557 60 7505 2435
558 60 7505 2435
559 60 7505 2435
560 60 7505 2435
561 60 7505 2435
562 60 7505 2435
563 60 7505 2435
564 60 7505 2435
565 60 7505 2435
566 60 7505 2435
567 60 7505 2435
568 60 7505 2435
569 60 7505 2435
570 60 7505 2435
571 60 7505 2435
572 60 7505 2435
573 60 7505 2435
574 60 7505 2435
575 60 7505 2435
576 60 7505 2435
577 60 7505 2435
578 60 7505 2435
579 58 7505 2437
580 57 7505 2438
581 56 7505 2439
582 56 7505 2439
583 55 7505 2440
584 55 7505 2440
585 55 7505 2440
586 55 7505 2440
587 55 7505 2440
588 55 7505 2440
589 55 7505 2440
590 55 7505 2440
591 55 7505 2440
592 55 7505 2440
593 55 7505 2440
594 55 7505 2440
595 55 7505 2440
596 55 7505 2440
597 55 7505 2440
598 55 7505 2440
599 55 7505 2440
600 55 7505 2440
601 54 7505 2441
602 54 7505 2441
603 54 7505 2441
604 53 7505 2442
605 53 7505 2442
606 53 7505 2442
607 53 7505 2442
608 53 7505 2442
609 53 7505 2442
610 53 7505 2442
611 53 7505 2442
612 53 7505 2442
613 53 7505 2442
614 53 7505 2442
615 53 7505 2442
616 52 7505 2443
617 52 7505 2443
618 52 7505 2443
619 52 7505 2443
620 52 7505 2443
621 52 7505 2443
622 52 7505 2443
623 52 7505 2443
624 52 7505 2443
625 52 7505 2443
626 52 7505 2443
627 52 7505 2443
628 52 7505 2443
629 52 7505 2443
630 52 7505 2443
631 52 7505 2443
632 52 7505 2443
633 52 7505 2443
634 51 7505 2444
635 51 7505 2444
636 51 7505 2444
637 51 7505 2444
638 51 7505 2444
639 51 7505 2444
640 51 7505 2444
641 51 7505 2444
642 51 7505 2444
643 51 7505 2444
644 51 7505 2444
645 51 7505 2444
646 51 7505 2444
647 51 7505 2444
648 51 7505 2444
649 51 7505 2444
650 51 7505 2444
651 51 7505 2444
652 51 7505 2444
653 51 7505 2444
654 51 7505 2444
655 51 7505 2444
656 51 7505 2444
657 51 7505 2444
658 51 7505 2444
659 51 7505 2444
660 51 7505 2444
661 50 7505 2445
662 50 7505 2445
663 50 7505 2445
664 50 7505 2445
665 50 7505 2445
666 50 7505 2445
667 50 7505 2445
668 49 7505 2446
669 49 7505 2446
670 49 7505 2446
671 49 7505 2446
672 49 7505 2446
673 49 7505 2446
674 49 7505 2446
675 48 7505 2447
676 48 7505 2447
677 48 7505 2447
678 48 7505 2447
679 48 7505 2447
680 48 7505 2447
681 47 7505 2448
682 47 7505 2448
683 47 7505 2448
684 47 7505 2448
685 47 7505 2448
686 46 7505 2449
687 46 7505 2449
688 46 7505 2449
689 46 7505 2449
690 46 7505 2449
691 46 7505 2449
692 46 7505 2449
693 46 7505 2449
694 46 7505 2449
695 46 7505 2449
696 46 7505 2449
697 46 7505 2449
698 46 7505 2449
699 46 7505 2449
700 46 7505 2449
701 46 7505 2449
702 46 7505 2449
703 46 7505 2449
704 46 7505 2449
705 46 7505 2449
706 45 7505 2450
707 45 7505 2450
708 45 7505 2450
709 45 7505 2450
710 45 7505 2450
711 45 7505 2450
712 45 7505 2450
713 45 7505 2450
714 45 7505 2450
715 44 7505 2451
716 43 7505 2452
717 43 7505 2452
718 43 7505 2452
719 43 7505 2452
720 43 7505 2452
721 42 7505 2453
722 42 7505 2453
723 42 7505 2453
724 42 7505 2453
725 42 7505 2453
726 42 7505 2453
727 42 7505 2453
728 42 7505 2453
729 42 7505 2453
730 42 7505 2453
731 42 7505 2453
732 42 7505 2453
733 42 7505 2453
734 42 7505 2453
735 42 7505 2453
736 42 7505 2453
737 42 7505 2453
738 42 7505 2453
739 42 7505 2453
740 42 7505 2453
741 41 7505 2454
742 41 7505 2454
743 41 7505 2454
744 41 7505 2454
745 41 7505 2454
746 41 7505 2454
747 41 7505 2454
748 41 7505 2454
749 41 7505 2454
750 41 7505 2454
751 41 7505 2454
752 41 7505 2454
753 41 7505 2454
754 41 7505 2454
755 41 7505 2454
756 41 7505 2454
757 41 7505 2454
758 41 7505 2454
759 41 7505 2454
760 41 7505 2454
761 41 7505 2454
762 41 7505 2454
763 41 7505 2454
764 40 7505 2455
765 40 7505 2455
766 40 7505 2455
767 40 7505 2455
768 40 7505 2455
769 40 7505 2455
770 40 7505 2455
771 39 7505 2456
772 39 7505 2456
773 39 7505 2456
774 39 7505 2456
775 39 7505 2456
776 39 7505 2456
777 39 7505 2456
778 39 7505 2456
779 39 7505 2456
780 39 7505 2456
781 39 7505 2456
782 39 7505 2456
783 39 7505 2456
784 39 7505 2456
785 39 7505 2456
786 39 7505 2456
787 39 7505 2456
788 39 7505 2456
789 39 7505 2456
790 39 7505 2456
791 39 7505 2456
792 39 7505 2456
793 39 7505 2456
794 39 7505 2456
795 39 7505 2456
796 39 7505 2456
797 39 7505 2456
798 39 7505 2456
799 39 7505 2456
800 39 7505 2456
801 39 7505 2456
802 39 7505 2456
803 39 7505 2456
804 39 7505 2456
805 39 7505 2456
806 39 7505 2456
807 39 7505 2456
808 39 7505 2456
809 38 7505 2457
810 38 7505 2457
811 38 7505 2457
812 38 7505 2457
813 38 7505 2457
814 38 7505 2457
815 38 7505 2457
816 38 7505 2457
817 37 7505 2458
818 37 7505 2458
819 37 7505 2458
820 37 7505 2458
821 37 7505 2458
822 37 7505 2458
823 37 7505 2458
824 37 7505 2458
825 37 7505 2458
826 37 7505 2458
827 37 7505 2458
828 37 7505 2458
829 37 7505 2458
830 37 7505 2458
831 37 7505 2458
832 37 7505 2458
833 37 7505 2458
834 36 7505 2459
835 36 7505 2459
836 36 7505 2459
837 35 7505 2460
838 34 7505 2461
839 34 7505 2461
840 32 7505 2463
841 32 7505 2463
842 32 7505 2463
843 32 7505 2463
844 32 7505 2463
845 32 7505 2463
846 32 7505 2463
847 32 7505 2463
848 32 7505 2463
849 32 7505 2463
850 32 7505 2463
851 32 7505 2463
852 32 7505 2463
853 32 7505 2463
854 32 7505 2463
855 31 7505 2464
856 30 7505 2465
857 29 7505 2466
858 29 7505 2466
859 29 7505 2466
860 28 7505 2467
861 28 7505 2467
862 28 7505 2467
863 28 7505 2467
864 28 7505 2467
865 28 7505 2467
866 28 7505 2467
867 28 7505 2467
868 28 7505 2467
869 28 7505 2467
870 28 7505 2467
871 28 7505 2467
872 28 7505 2467
873 28 7505 2467
874 28 7505 2467
875 28 7505 2467
876 28 7505 2467
877 28 7505 2467
878 28 7505 2467
879 28 7505 2467
880 28 7505 2467
881 28 7505 2467
882 28 7505 2467
883 28 7505 2467
884 27 7505 2468
885 27 7505 2468
886 26 7505 2469
887 26 7505 2469
888 26 7505 2469
889 26 7505 2469
890 26 7505 2469
891 26 7505 2469
892 26 7505 2469
893 26 7505 2469
894 26 7505 2469
895 26 7505 2469
896 25 7505 2470
897 25 7505 2470
898 25 7505 2470
899 25 7505 2470
900 25 7505 2470
901 25 7505 2470
902 25 7505 2470
903 25 7505 2470
904 24 7505 2471
905 24 7505 2471
906 24 7505 2471
907 24 7505 2471
908 24 7505 2471
909 24 7505 2471
910 24 7505 2471
911 24 7505 2471
912 24 7505 2471
913 24 7505 2471
914 24 7505 2471
915 24 7505 2471
916 24 7505 2471
917 24 7505 2471
918 24 7505 2471
919 24 7505 2471
920 24 7505 2471
921 24 7505 2471
922 24 7505 2471
923 24 7505 2471
924 22 7505 2473
925 22 7505 2473
926 22 7505 2473
927 22 7505 2473
928 22 7505 2473
929 22 7505 2473
930 22 7505 2473
931 22 7505 2473
932 22 7505 2473
933 22 7505 2473
934 22 7505 2473
935 22 7505 2473
936 22 7505 2473
937 22 7505 2473
938 22 7505 2473
939 22 7505 2473
940 22 7505 2473
941 22 7505 2473
942 22 7505 2473
943 22 7505 2473
944 22 7505 2473
945 22 7505 2473
946 22 7505 2473
947 22 7505 2473
948 22 7505 2473
949 22 7505 2473
950 21 7505 2474
951 21 7505 2474
952 21 7505 2474
953 21 7505 2474
954 21 7505 2474
955 21 7505 2474
956 21 7505 2474
957 21 7505 2474
958 21 7505 2474
959 21 7505 2474
960 21 7505 2474
961 21 7505 2474
962 21 7505 2474
963 21 7505 2474
964 21 7505 2474
965 21 7505 2474
966 21 7505 2474
967 21 7505 2474
968 21 7505 2474
969 21 7505 2474
970 21 7505 2474
971 21 7505 2474
972 21 7505 2474
973 21 7505 2474
974 21 7505 2474
975 21 7505 2474
976 21 7505 2474
977 21 7505 2474
978 21 7505 2474
979 21 7505 2474
980 21 7505 2474
981 21 7505 2474
982 21 7505 2474
983 21 7505 2474
984 21 7505 2474
985 21 7505 2474
986 21 7505 2474
987 21 7505 2474
988 21 7505 2474
989 21 7505 2474
990 21 7505 2474
991 21 7505 2474
992 21 7505 2474
993 21 7505 2474
994 21 7505 2474
995 21 7505 2474
996 21 7505 2474
997 21 7505 2474
998 21 7505 2474
999 20 7505 2475
