0 9999 1 0
1 9974 2 24
2 9948 2 50
3 9923 3 74
4 9894 5 101
5 9861 13 126
6 9833 15 152
7 9791 17 192
8 9762 21 217
9 9725 28 247
10 9681 37 282
11 9649 50 301
12 9614 62 324
13 9576 78 346
14 9548 87 365
15 9510 104 386
16 9474 114 412
17 9434 131 435
18 9401 141 458
19 9368 156 476
20 9319 180 501
21 9266 208 526
22 9223 227 550
23 9178 246 576
24 9124 272 604
25 9087 289 624
26 9049 306 645
27 9017 326 657
28 8971 349 680
29 8929 373 698
30 8882 396 722
31 8833 424 743
32 8774 461 765
33 8719 493 788
34 8663 526 811
35 8604 562 834
36 8553 587 860
37 8490 628 882
38 8407 683 910
39 8333 735 932
40 8282 769 949
41 8222 803 975
42 8170 837 993
43 8111 876 1013
44 8040 919 1041
45 7965 972 1063
46 7912 1010 1078
47 7846 1055 1099
48 7770 1106 1124
49 7692 1159 1149
50 7632 1203 1165
51 7582 1242 1176
52 7529 1280 1191
53 7454 1335 1211
54 7389 1375 1236
55 7325 1416 1259
56 7256 1464 1280
57 7187 1512 1301
58 7126 1559 1315
59 7063 1607 1330
60 6978 1667 1355
61 6897 1728 1375
62 6825 1780 1395
63 6756 1836 1408
64 6699 1880 1421
65 6630 1935 1435
66 6567 1978 1455
67 6498 2026 1476
68 6427 2080 1493
69 6355 2130 1515
70 6302 2168 1530
71 6220 2226 1554
72 6148 2281 1571
73 6095 2315 1590
74 6017 2375 1608
75 5944 2427 1629
76 5882 2473 1645
77 5818 2521 1661
78 5755 2571 1674
79 5687 2622 1691
80 5630 2664 1706
81 5574 2707 1719
82 5487 2771 1742
83 5437 2812 1751
84 5355 2884 1761
85 5298 2928 1774
86 5242 2970 1788
87 5184 3014 1802
88 5121 3066 1813
89 5061 3118 1821
90 5005 3166 1829
91 4924 3231 1845
92 4865 3277 1858
93 4807 3329 1864
94 4733 3396 1871
95 4663 3456 1881
96 4603 3508 1889
97 4522 3578 1900
98 4443 3649 1908
99 4384 3696 1920
100 4313 3755 1932
101 4232 3826 1942
102 4160 3889 1951
103 4090 3944 1966
104 4017 4001 1982
105 3951 4058 1991
106 3892 4110 1998
107 3821 4168 2011
108 3744 4237 2019
109 3669 4295 2036
110 3601 4350 2049
111 3529 4413 2058
112 3457 4480 2063
113 3396 4535 2069
114 3333 4588 2079
115 3277 4638 2085
116 3230 4681 2089
117 3183 4717 2100
118 3112 4781 2107
119 3042 4844 2114
120 2974 4908 2118
121 2907 4968 2125
122 2845 5026 2129
123 2787 5078 2135
124 2733 5127 2140
125 2669 5182 2149
126 2602 5238 2160
127 2544 5295 2161
128 2484 5347 2169
129 2428 5398 2174
130 2359 5461 2180
131 2290 5525 2185
132 2219 5587 2194
133 2169 5634 2197
134 2108 5690 2202
135 2062 5732 2206
136 1995 5796 2209
137 1941 5842 2217
138 1891 5888 2221
139 1851 5927 2222
140 1803 5967 2230
141 1749 6013 2238
142 1706 6051 2243
143 1663 6087 2250
144 1615 6132 2253
145 1577 6168 2255
146 1542 6198 2260
147 1509 6226 2265
148 1488 6245 2267
149 1450 6277 2273
150 1420 6305 2275
151 1397 6326 2277
152 1361 6361 2278
153 1330 6391 2279
154 1290 6427 2283
155 1246 6466 2288
156 1220 6487 2293
157 1189 6515 2296
158 1172 6529 2299
159 1142 6556 2302
160 1114 6578 2308
161 1090 6597 2313
162 1065 6619 2316
163 1038 6645 2317
164 1018 6663 2319
165 999 6678 2323
166 974 6700 2326
167 950 6722 2328
168 927 6742 2331
169 907 6762 2331
170 894 6772 2334
171 878 6784 2338
172 868 6793 2339
173 855 6805 2340
174 847 6813 2340
175 826 6832 2342
176 812 6845 2343
177 791 6863 2346
178 782 6871 2347
179 773 6879 2348
180 761 6890 2349
181 745 6902 2353
182 732 6915 2353
183 713 6930 2357
184 697 6944 2359
185 683 6954 2363
186 670 6965 2365
187 654 6978 2368
188 641 6990 2369
189 626 7004 2370
190 613 7014 2373
191 600 7025 2375
192 591 7033 2376
193 573 7048 2379
194 564 7056 2380
195 558 7060 2382
196 547 7071 2382
197 535 7081 2384
198 530 7085 2385
199 527 7088 2385
200 518 7095 2387
201 514 7097 2389
202 512 7099 2389
203 507 7104 2389
204 498 7112 2390
205 492 7117 2391
206 485 7122 2393
207 476 7129 2395
208 474 7131 2395
209 468 7135 2397
210 465 7138 2397
211 462 7141 2397
212 460 7143 2397
213 456 7145 2399
214 453 7147 2400
215 449 7150 2401
216 445 7153 2402
217 442 7155 2403
218 441 7155 2404
219 440 7156 2404
220 437 7158 2405
221 436 7159 2405
222 430 7163 2407
223 426 7165 2409
224 426 7165 2409
225 424 7166 2410
226 421 7169 2410
227 417 7171 2412
228 414 7174 2412
229 408 7176 2416
230 405 7176 2419
231 403 7176 2421
232 400 7178 2422
233 395 7181 2424
234 393 7182 2425
235 390 7183 2427
236 388 7183 2429
237 381 7188 2431
238 378 7191 2431
239 377 7191 2432
240 373 7195 2432
241 369 7198 2433
242 366 7201 2433
243 364 7202 2434
244 360 7204 2436
245 356 7206 2438
246 354 7207 2439
247 351 7207 2442
248 348 7208 2444
249 345 7209 2446
250 343 7210 2447
251 340 7213 2447
252 339 7213 2448
253 336 7216 2448
254 334 7217 2449
255 332 7218 2450
256 330 7218 2452
257 328 7220 2452
258 326 7220 2454
259 324 7222 2454
260 324 7222 2454
261 322 7224 2454
262 322 7224 2454
263 319 7224 2457
264 319 7224 2457
265 318 7224 2458
266 314 7227 2459
267 311 7230 2459
268 309 7231 2460
269 306 7232 2462
270 301 7235 2464
271 301 7235 2464
272 300 7236 2464
273 300 7236 2464
274 296 7240 2464
275 291 7242 2467
276 291 7242 2467
277 291 7242 2467
278 291 7242 2467
279 289 7243 2468
280 288 7243 2469
281 287 7243 2470
282 285 7243 2472
283 285 7243 2472
284 285 7243 2472
285 285 7243 2472
286 284 7243 2473
287 282 7244 2474
288 282 7244 2474
289 282 7244 2474
290 281 7245 2474
291 278 7245 2477
292 277 7245 2478
293 276 7245 2479
294 275 7245 2480
295 275 7245 2480
296 275 7245 2480
297 274 7245 2481
298 272 7245 2483
299 269 7245 2486
300 269 7245 2486
301 269 7245 2486
302 269 7245 2486
303 269 7245 2486
304 267 7245 2488
305 266 7245 2489
306 266 7245 2489
307 265 7245 2490
308 264 7245 2491
309 263 7245 2492
310 261 7245 2494
311 261 7245 2494
312 261 7245 2494
313 260 7245 2495
314 259 7245 2496
315 258 7245 2497
316 256 7245 2499
317 256 7245 2499
318 256 7245 2499
319 256 7245 2499
320 255 7245 2500
321 254 7245 2501
322 252 7245 2503
323 252 7245 2503
324 251 7245 2504
325 251 7245 2504
326 251 7245 2504
327 251 7245 2504
328 250 7245 2505
329 249 7245 2506
330 248 7245 2507
331 248 7245 2507
332 248 7245 2507
333 247 7245 2508
334 247 7245 2508
335 245 7245 2510
336 245 7245 2510
337 245 7245 2510
338 243 7245 2512
339 243 7245 2512
340 243 7245 2512
341 242 7245 2513
342 242 7245 2513
343 241 7245 2514
344 239 7245 2516
345 239 7245 2516
346 238 7245 2517
347 238 7245 2517
348 236 7245 2519
349 235 7245 2520
350 235 7245 2520
351 235 7245 2520
352 235 7245 2520
353 235 7245 2520
354 234 7245 2521
355 234 7245 2521
356 234 7245 2521
357 233 7245 2522
358 233 7245 2522
359 232 7245 2523
360 231 7245 2524
361 230 7245 2525
362 230 7245 2525
363 230 7245 2525
364 228 7245 2527
365 228 7245 2527
366 227 7245 2528
367 225 7245 2530
368 224 7245 2531
369 223 7245 2532
370 223 7245 2532
371 223 7245 2532
372 222 7245 2533
373 222 7245 2533
374 220 7245 2535
375 219 7245 2536
376 219 7245 2536
377 219 7245 2536
378 217 7245 2538
379 217 7245 2538
380 217 7245 2538
381 216 7245 2539
382 216 7245 2539
383 216 7245 2539
384 214 7245 2541
385 214 7245 2541
386 212 7245 2543
387 212 7245 2543
388 211 7245 2544
389 211 7245 2544
390 211 7245 2544
391 211 7245 2544
392 211 7245 2544
393 210 7245 2545
394 209 7245 2546
395 209 7245 2546
396 209 7245 2546
397 209 7245 2546
398 208 7245 2547
399 208 7245 2547
400 206 7245 2549
401 205 7245 2550
402 205 7245 2550
403 204 7245 2551
404 204 7245 2551
405 203 7245 2552
406 203 7245 2552
407 202 7245 2553
408 202 7245 2553
409 201 7245 2554
410 200 7245 2555
411 199 7245 2556
412 199 7245 2556
413 199 7245 2556
414 198 7245 2557
415 198 7245 2557
416 198 7245 2557
417 198 7245 2557
418 196 7245 2559
419 195 7245 2560
420 193 7245 2562
421 191 7245 2564
422 191 7245 2564
423 191 7245 2564
424 191 7245 2564
425 191 7245 2564
426 191 7245 2564
427 189 7245 2566
428 188 7245 2567
429 187 7245 2568
430 184 7245 2571
431 183 7245 2572
432 181 7245 2574
433 180 7245 2575
434 180 7245 2575
435 180 7245 2575
436 180 7245 2575
437 180 7245 2575
438 178 7245 2577
439 177 7245 2578
440 175 7245 2580
441 174 7245 2581
442 174 7245 2581
443 173 7245 2582
444 173 7245 2582
445 172 7245 2583
446 172 7245 2583
447 172 7245 2583
448 172 7245 2583
449 172 7245 2583
450 172 7245 2583
451 172 7245 2583
452 171 7245 2584
453 171 7245 2584
454 171 7245 2584
455 171 7245 2584
456 171 7245 2584
457 170 7245 2585
458 168 7245 2587
459 168 7245 2587
460 168 7245 2587
461 168 7245 2587
462 168 7245 2587
463 167 7245 2588
464 167 7245 2588
465 167 7245 2588
466 167 7245 2588
467 167 7245 2588
468 167 7245 2588
469 167 7245 2588
470 166 7245 2589
471 166 7245 2589
472 166 7245 2589
473 166 7245 2589
474 166 7245 2589
475 166 7245 2589
476 166 7245 2589
477 165 7245 2590
478 165 7245 2590
479 164 7245 2591
480 164 7245 2591
481 164 7245 2591
482 163 7245 2592
483 162 7245 2593
484 162 7245 2593
485 160 7245 2595
486 160 7245 2595
487 157 7245 2598
488 155 7245 2600
489 154 7245 2601
490 154 7245 2601
491 154 7245 2601
492 154 7245 2601
493 154 7245 2601
494 154 7245 2601
495 153 7245 2602
496 153 7245 2602
497 152 7245 2603
498 152 7245 2603
499 152 7245 2603
500 152 7245 2603
501 152 7245 2603
502 152 7245 2603
503 152 7245 2603
504 152 7245 2603
505 151 7245 2604
506 150 7245 2605
507 150 7245 2605
508 150 7245 2605
509 150 7245 2605
510 150 7245 2605
511 150 7245 2605
512 150 7245 2605
513 150 7245 2605
514 149 7245 2606
515 149 7245 2606
516 149 7245 2606
517 149 7245 2606
518 149 7245 2606
519 149 7245 2606
520 149 7245 2606
521 149 7245 2606
522 149 7245 2606
523 148 7245 2607
524 148 7245 2607
525 148 7245 2607
526 148 7245 2607
527 148 7245 2607
528 148 7245 2607
529 148 7245 2607
530 148 7245 2607
531 148 7245 2607
532 148 7245 2607
533 148 7245 2607
534 147 7245 2608
535 147 7245 2608
536 146 7245 2609
537 146 7245 2609
538 145 7245 2610
539 145 7245 2610
540 145 7245 2610
541 144 7245 2611
542 143 7245 2612
543 143 7245 2612
544 143 7245 2612
545 143 7245 2612
546 143 7245 2612
547 143 7245 2612
548 141 7245 2614
549 140 7245 2615
550 140 7245 2615
551 139 7245 2616
552 139 7245 2616
553 138 7245 2617
554 138 7245 2617
555 137 7245 2618
556 135 7245 2620
557 135 7245 2620
558 135 7245 2620
559 135 7245 2620
560 134 7245 2621
561 134 7245 2621
562 134 7245 2621
563 133 7245 2622
564 132 7245 2623
565 132 7245 2623
566 129 7245 2626
567 129 7245 2626
568 129 7245 2626
569 128 7245 2627
570 128 7245 2627
571 128 7245 2627
572 128 7245 2627
573 128 7245 2627
574 128 7245 2627
575 128 7245 2627
576 127 7245 2628
577 127 7245 2628
578 126 7245 2629
579 126 7245 2629
580 124 7245 2631
581 124 7245 2631
582 123 7245 2632
583 122 7245 2633
584 121 7245 2634
585 120 7245 2635
586 119 7245 2636
587 119 7245 2636
588 119 7245 2636
589 119 7245 2636
590 118 7245 2637
591 118 7245 2637
592 118 7245 2637
593 118 7245 2637
594 117 7245 2638
595 116 7245 2639
596 116 7245 2639
597 116 7245 2639
598 114 7245 2641
599 113 7245 2642
600 113 7245 2642
601 113 7245 2642
602 113 7245 2642
603 113 7245 2642
604 113 7245 2642
605 113 7245 2642
606 112 7245 2643
607 111 7245 2644
608 111 7245 2644
609 110 7245 2645
610 110 7245 2645
611 109 7245 2646
612 109 7245 2646
613 109 7245 2646
614 108 7245 2647
615 106 7245 2649
616 105 7245 2650
617 104 7245 2651
618 104 7245 2651
619 104 7245 2651
620 104 7245 2651
621 104 7245 2651
622 104 7245 2651
623 104 7245 2651
624 103 7245 2652
625 103 7245 2652
626 102 7245 2653
627 102 7245 2653
628 102 7245 2653
629 101 7245 2654
630 101 7245 2654
631 101 7245 2654
632 100 7245 2655
633 99 7245 2656
634 99 7245 2656
635 99 7245 2656
636 99 7245 2656
637 99 7245 2656
638 98 7245 2657
639 98 7245 2657
640 98 7245 2657
641 98 7245 2657
642 97 7245 2658
643 96 7245 2659
644 96 7245 2659
645 96 7245 2659
646 96 7245 2659
647 96 7245 2659
648 96 7245 2659
649 96 7245 2659
650 96 7245 2659
651 96 7245 2659
652 96 7245 2659
653 96 7245 2659
654 95 7245 2660
655 95 7245 2660
656 95 7245 2660
657 95 7245 2660
658 94 7245 2661
659 94 7245 2661
660 93 7245 2662
661 92 7245 2663
662 92 7245 2663
663 92 7245 2663
664 92 7245 2663
665 91 7245 2664
666 90 7245 2665
667 90 7245 2665
668 90 7245 2665
669 90 7245 2665
670 90 7245 2665
671 89 7245 2666
672 89 7245 2666
673 89 7245 2666
674 89 7245 2666
675 88 7245 2667
676 87 7245 2668
677 87 7245 2668
678 87 7245 2668
679 87 7245 2668
680 87 7245 2668
681 87 7245 2668
682 87 7245 2668
683 87 7245 2668
684 87 7245 2668
685 87 7245 2668
686 87 7245 2668
687 87 7245 2668
688 87 7245 2668
689 87 7245 2668
690 87 7245 2668
691 87 7245 2668
692 87 7245 2668
693 87 7245 2668
694 87 7245 2668
695 87 7245 2668
696 87 7245 2668
697 87 7245 2668
698 86 7245 2669
699 86 7245 2669
700 85 7245 2670
701 85 7245 2670
702 85 7245 2670
703 85 7245 2670
704 85 7245 2670
705 85 7245 2670
706 85 7245 2670
707 85 7245 2670
708 85 7245 2670
709 85 7245 2670
710 85 7245 2670
711 85 7245 2670
712 85 7245 2670
713 85 7245 2670
714 84 7245 2671
715 84 7245 2671
716 84 7245 2671
717 84 7245 2671
718 83 7245 2672
719 83 7245 2672
720 82 7245 2673
721 82 7245 2673
722 80 7245 2675
723 79 7245 2676
724 78 7245 2677
725 78 7245 2677
726 78 7245 2677
727 78 7245 2677
728 78 7245 2677
729 77 7245 2678
730 77 7245 2678
731 77 7245 2678
732 76 7245 2679
733 76 7245 2679
734 76 7245 2679
735 76 7245 2679
736 76 7245 2679
737 76 7245 2679
738 76 7245 2679
739 76 7245 2679
740 76 7245 2679
741 76 7245 2679
742 76 7245 2679
743 76 7245 2679
744 76 7245 2679
745 76 7245 2679
746 76 7245 2679
747 75 7245 2680
748 75 7245 2680
749 73 7245 2682
750 73 7245 2682
751 73 7245 2682
752 72 7245 2683
753 72 7245 2683
754 70 7245 2685
755 70 7245 2685
756 70 7245 2685
757 70 7245 2685
758 70 7245 2685
759 69 7245 2686
760 69 7245 2686
761 69 7245 2686
762 69 7245 2686
763 69 7245 2686
764 69 7245 2686
765 68 7245 2687
766 68 7245 2687
767 68 7245 2687
768 68 7245 2687
769 68 7245 2687
770 68 7245 2687
771 68 7245 2687
772 68 7245 2687
773 68 7245 2687
774 68 7245 2687
775 68 7245 2687
776 68 7245 2687
777 68 7245 2687
778 67 7245 2688
779 66 7245 2689
780 65 7245 2690
781 65 7245 2690
782 65 7245 2690
783 65 7245 2690
784 65 7245 2690
785 65 7245 2690
786 65 7245 2690
787 65 7245 2690
788 65 7245 2690
789 65 7245 2690
790 64 7245 2691
791 64 7245 2691
792 64 7245 2691
793 64 7245 2691
794 64 7245 2691
795 64 7245 2691
796 64 7245 2691
797 63 7245 2692
798 61 7245 2694
799 61 7245 2694
800 61 7245 2694
801 60 7245 2695
802 59 7245 2696
803 59 7245 2696
804 59 7245 2696
805 58 7245 2697
806 58 7245 2697
807 58 7245 2697
808 58 7245 2697
809 58 7245 2697
810 58 7245 2697
811 58 7245 2697
812 58 7245 2697
813 58 7245 2697
814 58 7245 2697
815 58 7245 2697
816 58 7245 2697
817 58 7245 2697
818 58 7245 2697
819 57 7245 2698
820 57 7245 2698
821 57 7245 2698
822 57 7245 2698
823 57 7245 2698
824 57 7245 2698
825 57 7245 2698
826 57 7245 2698
827 57 7245 2698
828 57 7245 2698
829 56 7245 2699
830 56 7245 2699
831 56 7245 2699
832 55 7245 2700
833 55 7245 2700
834 55 7245 2700
835 55 7245 2700
836 55 7245 2700
837 55 7245 2700
838 55 7245 2700
839 55 7245 2700
840 55 7245 2700
841 55 7245 2700
842 54 7245 2701
843 54 7245 2701
844 54 7245 2701
845 54 7245 2701
846 54 7245 2701
847 54 7245 2701
848 54 7245 2701
849 54 7245 2701
850 54 7245 2701
851 52 7245 2703
852 51 7245 2704
853 51 7245 2704
854 50 7245 2705
855 50 7245 2705
856 50 7245 2705
857 50 7245 2705
858 49 7245 2706
859 49 7245 2706
860 49 7245 2706
861 49 7245 2706
862 49 7245 2706
863 49 7245 2706
864 49 7245 2706
865 49 7245 2706
866 49 7245 2706
867 49 7245 2706
868 48 7245 2707
869 48 7245 2707
870 48 7245 2707
871 48 7245 2707
872 48 7245 2707
873 48 7245 2707
874 48 7245 2707
875 48 7245 2707
876 47 7245 2708
877 47 7245 2708
878 47 7245 2708
879 47 7245 2708
880 47 7245 2708
881 47 7245 2708
882 47 7245 2708
883 47 7245 2708
884 47 7245 2708
885 47 7245 2708
886 47 7245 2708
887 46 7245 2709
888 46 7245 2709
889 46 7245 2709
890 46 7245 2709
891 45 7245 2710
892 45 7245 2710
893 45 7245 2710
894 45 7245 2710
895 45 7245 2710
896 45 7245 2710
897 45 7245 2710
898 44 7245 2711
899 44 7245 2711
900 44 7245 2711
901 44 7245 2711
902 44 7245 2711
903 44 7245 2711
904 44 7245 2711
905 44 7245 2711
906 44 7245 2711
907 44 7245 2711
908 44 7245 2711
909 44 7245 2711
910 44 7245 2711
911 44 7245 2711
912 44 7245 2711
913 44 7245 2711
914 44 7245 2711
915 44 7245 2711
916 44 7245 2711
917 43 7245 2712
918 43 7245 2712
919 43 7245 2712
920 43 7245 2712
921 43 7245 2712
922 43 7245 2712
923 43 7245 2712
924 43 7245 2712
925 43 7245 2712
926 43 7245 2712
927 43 7245 2712
928 42 7245 2713
929 42 7245 2713
930 42 7245 2713
931 42 7245 2713
932 42 7245 2713
933 42 7245 2713
934 42 7245 2713
935 42 7245 2713
936 42 7245 2713
937 42 7245 2713
938 42 7245 2713
939 42 7245 2713
940 42 7245 2713
941 42 7245 2713
942 42 7245 2713
943 42 7245 2713
944 42 7245 2713
945 42 7245 2713
946 42 7245 2713
947 42 7245 2713
948 42 7245 2713
949 42 7245 2713
950 42 7245 2713
951 42 7245 2713
952 42 7245 2713
953 42 7245 2713
954 42 7245 2713
955 42 7245 2713
956 42 7245 2713
957 42 7245 2713
958 42 7245 2713
959 42 7245 2713
960 42 7245 2713
961 42 7245 2713
962 42 7245 2713
963 42 7245 2713
964 42 7245 2713
965 42 7245 2713
966 41 7245 2714
967 41 7245 2714
968 41 7245 2714
969 41 7245 2714
970 41 7245 2714
971 41 7245 2714
972 41 7245 2714
973 41 7245 2714
974 41 7245 2714
975 41 7245 2714
976 41 7245 2714
977 41 7245 2714
978 41 7245 2714
979 41 7245 2714
980 41 7245 2714
981 41 7245 2714
982 41 7245 2714
983 41 7245 2714
984 41 7245 2714
985 41 7245 2714
986 41 7245 2714
987 41 7245 2714
988 41 7245 2714
989 41 7245 2714
990 41 7245 2714
991 41 7245 2714
992 40 7245 2715
993 40 7245 2715
994 40 7245 2715
995 40 7245 2715
996 40 7245 2715
997 39 7245 2716
998 39 7245 2716
999 38 7245 2717
