0 9999 1 0
1 9972 1 27
2 9944 4 52
3 9923 5 72
4 9893 11 96
5 9848 20 132
6 9818 24 158
7 9799 28 173
8 9776 32 192
9 9755 41 204
10 9730 47 223
11 9699 58 243
12 9669 69 262
13 9624 82 294
14 9585 99 316
15 9548 113 339
16 9506 131 363
17 9479 144 377
18 9436 161 403
19 9396 180 424
20 9357 194 449
21 9326 204 470
22 9293 219 488
23 9249 242 509
24 9208 266 526
25 9171 283 546
26 9128 311 561
27 9082 336 582
28 9031 354 615
29 8977 387 636
30 8926 416 658
31 8860 450 690
32 8809 471 720
33 8761 496 743
34 8709 527 764
35 8668 550 782
36 8626 575 799
37 8570 613 817
38 8511 649 840
39 8463 676 861
40 8409 711 880
41 8369 740 891
42 8325 766 909
43 8269 806 925
44 8208 847 945
45 8143 897 960
46 8082 937 981
47 8029 972 999
48 7967 1014 1019
49 7905 1059 1036
50 7851 1091 1058
51 7777 1150 1073
52 7713 1197 1090
53 7636 1258 1106
54 7575 1300 1125
55 7499 1350 1151
56 7424 1408 1168
57 7329 1480 1191
58 7267 1527 1206
59 7208 1575 1217
60 7142 1626 1232
61 7081 1672 1247
62 7025 1717 1258
63 6967 1756 1277
64 6898 1807 1295
65 6819 1866 1315
66 6759 1906 1335
67 6699 1950 1351
68 6629 1999 1372
69 6563 2051 1386
70 6496 2106 1398
71 6428 2162 1410
72 6360 2209 1431
73 6293 2260 1447
74 6210 2327 1463
75 6144 2384 1472
76 6074 2439 1487
77 5979 2512 1509
78 5908 2563 1529
79 5830 2625 1545
80 5771 2673 1556
81 5707 2725 1568
82 5629 2790 1581
83 5543 2864 1593
84 5486 2910 1604
85 5413 2973 1614
86 5344 3033 1623
87 5252 3113 1635
88 5170 3174 1656
89 5092 3240 1668
90 5021 3297 1682
91 4947 3359 1694
92 4883 3413 1704
93 4815 3470 1715
94 4740 3539 1721
95 4662 3607 1731
96 4585 3671 1744
97 4510 3739 1751
98 4435 3803 1762
99 4342 3883 1775
100 4250 3961 1789
101 4158 4037 1805
102 4086 4101 1813
103 4005 4172 1823
104 3926 4244 1830
105 3863 4297 1840
106 3788 4360 1852
107 3706 4433 1861
108 3626 4503 1871
109 3542 4576 1882
110 3469 4639 1892
111 3390 4707 1903
112 3323 4770 1907
113 3267 4816 1917
114 3188 4885 1927
115 3122 4937 1941
116 3053 4998 1949
117 2990 5055 1955
118 2932 5106 1962
119 2872 5166 1962
120 2801 5230 1969
121 2738 5284 1978
122 2662 5353 1985
123 2598 5413 1989
124 2526 5477 1997
125 2458 5537 2005
126 2384 5605 2011
127 2322 5664 2014
128 2264 5713 2023
129 2183 5787 2030
130 2122 5842 2036
131 2064 5893 2043
132 2003 5947 2050
133 1951 5995 2054
134 1886 6054 2060
135 1833 6105 2062
136 1772 6159 2069
137 1729 6196 2075
138 1678 6240 2082
139 1626 6287 2087
140 1579 6331 2090
141 1539 6365 2096
142 1484 6415 2101
143 1438 6457 2105
144 1401 6491 2108
145 1361 6527 2112
146 1323 6563 2114
147 1275 6607 2118
148 1232 6650 2118
149 1196 6684 2120
150 1162 6715 2123
151 1120 6750 2130
152 1088 6777 2135
153 1063 6800 2137
154 1037 6821 2142
155 1003 6852 2145
156 973 6881 2146
157 954 6899 2147
158 936 6915 2149
159 912 6935 2153
160 891 6955 2154
161 873 6971 2156
162 856 6986 2158
163 837 7003 2160
164 815 7023 2162
165 790 7048 2162
166 769 7069 2162
167 750 7086 2164
168 733 7101 2166
169 715 7117 2168
170 697 7133 2170
171 681 7147 2172
172 661 7165 2174
173 647 7179 2174
174 638 7188 2174
175 622 7204 2174
176 596 7229 2175
177 573 7249 2178
178 549 7272 2179
179 529 7289 2182
180 508 7310 2182
181 493 7325 2182
182 471 7347 2182
183 452 7365 2183
184 434 7381 2185
185 413 7401 2186
186 395 7417 2188
187 385 7427 2188
188 374 7438 2188
189 363 7449 2188
190 347 7464 2189
191 338 7473 2189
192 321 7490 2189
193 307 7503 2190
194 299 7510 2191
195 280 7528 2192
196 270 7537 2193
197 259 7548 2193
198 252 7555 2193
199 234 7572 2194
200 223 7583 2194
201 210 7596 2194
202 203 7603 2194
203 201 7605 2194
204 191 7615 2194
205 186 7620 2194
206 181 7624 2195
207 171 7633 2196
208 161 7642 2197
209 154 7649 2197
210 145 7658 2197
211 140 7663 2197
212 135 7666 2199
213 131 7669 2200
214 131 7669 2200
215 124 7675 2201
216 121 7678 2201
217 121 7678 2201
218 116 7682 2202
219 113 7685 2202
220 110 7688 2202
221 109 7689 2202
222 104 7693 2203
223 102 7695 2203
224 100 7697 2203
225 99 7698 2203
226 98 7699 2203
227 97 7700 2203
228 97 7700 2203
229 93 7702 2205
230 92 7703 2205
231 91 7704 2205
232 88 7706 2206
233 88 7706 2206
234 88 7706 2206
235 86 7708 2206
236 86 7708 2206
237 86 7708 2206
238 85 7709 2206
239 85 7709 2206
240 85 7709 2206
241 84 7710 2206
242 83 7711 2206
243 81 7713 2206
244 81 7713 2206
245 80 7714 2206
246 78 7716 2206
247 77 7716 2207
248 76 7716 2208
249 76 7716 2208
250 76 7716 2208
251 74 7717 2209
252 74 7717 2209
253 74 7717 2209
254 74 7717 2209
255 74 7717 2209
256 74 7717 2209
257 74 7717 2209
258 72 7717 2211
259 72 7717 2211
260 72 7717 2211
261 72 7717 2211
262 72 7717 2211
263 72 7717 2211
264 72 7717 2211
265 72 7717 2211
266 72 7717 2211
267 71 7717 2212
268 71 7717 2212
269 71 7717 2212
270 71 7717 2212
271 71 7717 2212
272 71 7717 2212
273 71 7717 2212
274 71 7717 2212
275 71 7717 2212
276 71 7717 2212
277 71 7717 2212
278 70 7717 2213
279 70 7717 2213
280 70 7717 2213
281 70 7717 2213
282 70 7717 2213
283 70 7717 2213
284 69 7717 2214
285 68 7717 2215
286 68 7717 2215
287 68 7717 2215
288 68 7717 2215
289 68 7717 2215
290 68 7717 2215
291 68 7717 2215
292 68 7717 2215
293 68 7717 2215
294 68 7717 2215
295 68 7717 2215
296 68 7717 2215
297 68 7717 2215
298 68 7717 2215
299 68 7717 2215
300 68 7717 2215
301 68 7717 2215
302 68 7717 2215
303 67 7717 2216
304 66 7717 2217
305 66 7717 2217
306 66 7717 2217
307 64 7717 2219
308 64 7717 2219
309 64 7717 2219
310 64 7717 2219
311 64 7717 2219
312 64 7717 2219
313 64 7717 2219
314 63 7717 2220
315 63 7717 2220
316 63 7717 2220
317 63 7717 2220
318 63 7717 2220
319 62 7717 2221
320 62 7717 2221
321 61 7717 2222
322 61 7717 2222
323 61 7717 2222
324 61 7717 2222
325 61 7717 2222
326 61 7717 2222
327 61 7717 2222
328 61 7717 2222
329 61 7717 2222
330 60 7717 2223
331 60 7717 2223
332 59 7717 2224
333 59 7717 2224
334 59 7717 2224
335 59 7717 2224
336 59 7717 2224
337 59 7717 2224
338 59 7717 2224
339 58 7717 2225
340 57 7717 2226
341 57 7717 2226
342 57 7717 2226
343 57 7717 2226
344 57 7717 2226
345 57 7717 2226
346 57 7717 2226
347 57 7717 2226
348 57 7717 2226
349 57 7717 2226
350 57 7717 2226
351 57 7717 2226
352 56 7717 2227
353 56 7717 2227
354 56 7717 2227
355 56 7717 2227
356 56 7717 2227
357 56 7717 2227
358 56 7717 2227
359 56 7717 2227
360 56 7717 2227
361 55 7717 2228
362 55 7717 2228
363 54 7717 2229
364 54 7717 2229
365 53 7717 2230
366 53 7717 2230
367 52 7717 2231
368 52 7717 2231
369 52 7717 2231
370 52 7717 2231
371 52 7717 2231
372 52 7717 2231
373 52 7717 2231
374 52 7717 2231
375 52 7717 2231
376 52 7717 2231
377 52 7717 2231
378 52 7717 2231
379 51 7717 2232
380 51 7717 2232
381 51 7717 2232
382 51 7717 2232
383 50 7717 2233
384 50 7717 2233
385 49 7717 2234
386 49 7717 2234
387 49 7717 2234
388 49 7717 2234
389 49 7717 2234
390 49 7717 2234
391 49 7717 2234
392 49 7717 2234
393 49 7717 2234
394 49 7717 2234
395 49 7717 2234
396 49 7717 2234
397 49 7717 2234
398 49 7717 2234
399 48 7717 2235
400 48 7717 2235
401 48 7717 2235
402 48 7717 2235
403 48 7717 2235
404 48 7717 2235
405 48 7717 2235
406 48 7717 2235
407 48 7717 2235
408 48 7717 2235
409 48 7717 2235
410 48 7717 2235
411 48 7717 2235
412 48 7717 2235
413 48 7717 2235
414 47 7717 2236
415 47 7717 2236
416 47 7717 2236
417 47 7717 2236
418 47 7717 2236
419 47 7717 2236
420 47 7717 2236
421 47 7717 2236
422 47 7717 2236
423 47 7717 2236
424 47 7717 2236
425 47 7717 2236
426 47 7717 2236
427 47 7717 2236
428 47 7717 2236
429 47 7717 2236
430 47 7717 2236
431 47 7717 2236
432 47 7717 2236
433 47 7717 2236
434 47 7717 2236
435 47 7717 2236
436 47 7717 2236
437 47 7717 2236
438 47 7717 2236
439 47 7717 2236
440 47 7717 2236
441 47 7717 2236
442 47 7717 2236
443 47 7717 2236
444 47 7717 2236
445 47 7717 2236
446 47 7717 2236
447 47 7717 2236
448 47 7717 2236
449 47 7717 2236
450 47 7717 2236
451 47 7717 2236
452 47 7717 2236
453 46 7717 2237
454 46 7717 2237
455 46 7717 2237
456 46 7717 2237
457 46 7717 2237
458 46 7717 2237
459 46 7717 2237
460 46 7717 2237
461 46 7717 2237
462 46 7717 2237
463 46 7717 2237
464 46 7717 2237
465 46 7717 2237
466 46 7717 2237
467 46 7717 2237
468 46 7717 2237
469 45 7717 2238
470 44 7717 2239
471 44 7717 2239
472 44 7717 2239
473 44 7717 2239
474 44 7717 2239
475 44 7717 2239
476 44 7717 2239
477 44 7717 2239
478 44 7717 2239
479 44 7717 2239
480 44 7717 2239
481 44 7717 2239
482 44 7717 2239
483 44 7717 2239
484 44 7717 2239
485 44 7717 2239
486 44 7717 2239
487 44 7717 2239
488 44 7717 2239
489 44 7717 2239
490 44 7717 2239
491 43 7717 2240
492 43 7717 2240
493 43 7717 2240
494 43 7717 2240
495 43 7717 2240
496 43 7717 2240
497 43 7717 2240
498 43 7717 2240
499 42 7717 2241
500 41 7717 2242
501 41 7717 2242
502 41 7717 2242
503 41 7717 2242
504 41 7717 2242
505 41 7717 2242
506 41 7717 2242
507 41 7717 2242
508 41 7717 2242
509 41 7717 2242
510 41 7717 2242
511 41 7717 2242
512 41 7717 2242
513 41 7717 2242
514 41 7717 2242
515 41 7717 2242
516 40 7717 2243
517 40 7717 2243
518 40 7717 2243
519 40 7717 2243
520 39 7717 2244
521 39 7717 2244
522 39 7717 2244
523 39 7717 2244
524 39 7717 2244
525 39 7717 2244
526 39 7717 2244
527 39 7717 2244
528 39 7717 2244
529 38 7717 2245
530 38 7717 2245
531 38 7717 2245
532 38 7717 2245
533 38 7717 2245
534 38 7717 2245
535 38 7717 2245
536 38 7717 2245
537 38 7717 2245
538 38 7717 2245
539 38 7717 2245
540 38 7717 2245
541 38 7717 2245
542 38 7717 2245
543 38 7717 2245
544 38 7717 2245
545 38 7717 2245
546 38 7717 2245
547 38 7717 2245
548 38 7717 2245
549 38 7717 2245
550 38 7717 2245
551 38 7717 2245
552 38 7717 2245
553 38 7717 2245
554 38 7717 2245
555 38 7717 2245
556 38 7717 2245
557 35 7717 2248
558 34 7717 2249
559 34 7717 2249
560 34 7717 2249
561 34 7717 2249
562 34 7717 2249
563 34 7717 2249
564 34 7717 2249
565 34 7717 2249
566 34 7717 2249
567 33 7717 2250
568 33 7717 2250
569 33 7717 2250
570 33 7717 2250
571 33 7717 2250
572 33 7717 2250
573 33 7717 2250
574 33 7717 2250
575 33 7717 2250
576 33 7717 2250
577 33 7717 2250
578 33 7717 2250
579 32 7717 2251
580 32 7717 2251
581 32 7717 2251
582 32 7717 2251
583 32 7717 2251
584 32 7717 2251
585 31 7717 2252
586 31 7717 2252
587 31 7717 2252
588 31 7717 2252
589 31 7717 2252
590 30 7717 2253
591 30 7717 2253
592 30 7717 2253
593 30 7717 2253
594 30 7717 2253
595 30 7717 2253
596 30 7717 2253
597 30 7717 2253
598 30 7717 2253
599 30 7717 2253
600 30 7717 2253
601 28 7717 2255
602 28 7717 2255
603 28 7717 2255
604 28 7717 2255
605 28 7717 2255
606 28 7717 2255
607 28 7717 2255
608 28 7717 2255
609 28 7717 2255
610 28 7717 2255
611 27 7717 2256
612 27 7717 2256
613 26 7717 2257
614 26 7717 2257
615 26 7717 2257
616 26 7717 2257
617 26 7717 2257
618 26 7717 2257
619 26 7717 2257
620 26 7717 2257
621 26 7717 2257
622 26 7717 2257
623 26 7717 2257
624 26 7717 2257
625 26 7717 2257
626 26 7717 2257
627 26 7717 2257
628 26 7717 2257
629 25 7717 2258
630 25 7717 2258
631 25 7717 2258
632 25 7717 2258
633 25 7717 2258
634 25 7717 2258
635 25 7717 2258
636 25 7717 2258
637 25 7717 2258
638 25 7717 2258
639 25 7717 2258
640 25 7717 2258
641 25 7717 2258
642 25 7717 2258
643 25 7717 2258
644 25 7717 2258
645 25 7717 2258
646 25 7717 2258
647 25 7717 2258
648 25 7717 2258
649 25 7717 2258
650 24 7717 2259
651 24 7717 2259
652 24 7717 2259
653 22 7717 2261
654 22 7717 2261
655 22 7717 2261
656 22 7717 2261
657 22 7717 2261
658 22 7717 2261
659 22 7717 2261
660 22 7717 2261
661 22 7717 2261
662 22 7717 2261
663 22 7717 2261
664 22 7717 2261
665 22 7717 2261
666 22 7717 2261
667 22 7717 2261
668 21 7717 2262
669 21 7717 2262
670 21 7717 2262
671 21 7717 2262
672 20 7717 2263
673 20 7717 2263
674 20 7717 2263
675 20 7717 2263
676 20 7717 2263
677 20 7717 2263
678 20 7717 2263
679 20 7717 2263
680 20 7717 2263
681 20 7717 2263
682 20 7717 2263
683 20 7717 2263
684 20 7717 2263
685 20 7717 2263
686 20 7717 2263
687 20 7717 2263
688 20 7717 2263
689 20 7717 2263
690 20 7717 2263
691 20 7717 2263
692 20 7717 2263
693 20 7717 2263
694 20 7717 2263
695 20 7717 2263
696 20 7717 2263
697 20 7717 2263
698 20 7717 2263
699 20 7717 2263
700 20 7717 2263
701 20 7717 2263
702 20 7717 2263
703 20 7717 2263
704 20 7717 2263
705 20 7717 2263
706 20 7717 2263
707 19 7717 2264
708 19 7717 2264
709 19 7717 2264
710 19 7717 2264
711 19 7717 2264
712 19 7717 2264
713 17 7717 2266
714 17 7717 2266
715 17 7717 2266
716 17 7717 2266
717 17 7717 2266
718 17 7717 2266
719 17 7717 2266
720 17 7717 2266
721 17 7717 2266
722 17 7717 2266
723 17 7717 2266
724 17 7717 2266
725 17 7717 2266
726 17 7717 2266
727 17 7717 2266
728 17 7717 2266
729 17 7717 2266
730 17 7717 2266
731 17 7717 2266
732 17 7717 2266
733 17 7717 2266
734 17 7717 2266
735 17 7717 2266
736 17 7717 2266
737 17 7717 2266
738 17 7717 2266
739 17 7717 2266
740 17 7717 2266
741 17 7717 2266
742 17 7717 2266
743 17 7717 2266
744 17 7717 2266
745 17 7717 2266
746 17 7717 2266
747 17 7717 2266
748 17 7717 2266
749 17 7717 2266
750 17 7717 2266
751 17 7717 2266
752 17 7717 2266
753 16 7717 2267
754 16 7717 2267
755 16 7717 2267
756 16 7717 2267
757 16 7717 2267
758 16 7717 2267
759 16 7717 2267
760 16 7717 2267
761 16 7717 2267
762 16 7717 2267
763 16 7717 2267
764 16 7717 2267
765 16 7717 2267
766 15 7717 2268
767 15 7717 2268
768 15 7717 2268
769 15 7717 2268
770 15 7717 2268
771 15 7717 2268
772 15 7717 2268
773 14 7717 2269
774 14 7717 2269
775 14 7717 2269
776 14 7717 2269
777 14 7717 2269
778 14 7717 2269
779 14 7717 2269
780 14 7717 2269
781 14 7717 2269
782 14 7717 2269
783 14 7717 2269
784 14 7717 2269
785 14 7717 2269
786 14 7717 2269
787 14 7717 2269
788 14 7717 2269
789 14 7717 2269
790 14 7717 2269
791 14 7717 2269
792 14 7717 2269
793 14 7717 2269
794 14 7717 2269
795 14 7717 2269
796 14 7717 2269
797 14 7717 2269
798 14 7717 2269
799 14 7717 2269
800 14 7717 2269
801 14 7717 2269
802 14 7717 2269
803 14 7717 2269
804 14 7717 2269
805 14 7717 2269
806 14 7717 2269
807 14 7717 2269
808 14 7717 2269
809 14 7717 2269
810 14 7717 2269
811 14 7717 2269
812 14 7717 2269
813 14 7717 2269
814 14 7717 2269
815 14 7717 2269
816 14 7717 2269
817 13 7717 2270
818 13 7717 2270
819 13 7717 2270
820 13 7717 2270
821 13 7717 2270
822 13 7717 2270
823 13 7717 2270
824 13 7717 2270
825 13 7717 2270
826 13 7717 2270
827 13 7717 2270
828 13 7717 2270
829 13 7717 2270
830 13 7717 2270
831 13 7717 2270
832 13 7717 2270
833 13 7717 2270
834 13 7717 2270
835 13 7717 2270
836 13 7717 2270
837 13 7717 2270
838 13 7717 2270
839 13 7717 2270
840 13 7717 2270
841 13 7717 2270
842 13 7717 2270
843 13 7717 2270
844 13 7717 2270
845 13 7717 2270
846 13 7717 2270
847 13 7717 2270
848 13 7717 2270
849 13 7717 2270
850 13 7717 2270
851 13 7717 2270
852 13 7717 2270
853 13 7717 2270
854 13 7717 2270
855 13 7717 2270
856 13 7717 2270
857 13 7717 2270
858 13 7717 2270
859 13 7717 2270
860 13 7717 2270
861 13 7717 2270
862 13 7717 2270
863 13 7717 2270
864 13 7717 2270
865 13 7717 2270
866 13 7717 2270
867 13 7717 2270
868 13 7717 2270
869 13 7717 2270
870 13 7717 2270
871 13 7717 2270
872 13 7717 2270
873 13 7717 2270
874 13 7717 2270
875 13 7717 2270
876 13 7717 2270
877 13 7717 2270
878 13 7717 2270
879 13 7717 2270
880 13 7717 2270
881 13 7717 2270
882 13 7717 2270
883 13 7717 2270
884 13 7717 2270
885 13 7717 2270
886 13 7717 2270
887 13 7717 2270
888 13 7717 2270
889 13 7717 2270
890 13 7717 2270
891 13 7717 2270
892 13 7717 2270
893 13 7717 2270
894 13 7717 2270
895 13 7717 2270
896 13 7717 2270
897 13 7717 2270
898 13 7717 2270
899 13 7717 2270
900 13 7717 2270
901 13 7717 2270
902 13 7717 2270
903 13 7717 2270
904 13 7717 2270
905 13 7717 2270
906 13 7717 2270
907 13 7717 2270
908 13 7717 2270
909 13 7717 2270
910 13 7717 2270
911 13 7717 2270
912 13 7717 2270
913 13 7717 2270
914 13 7717 2270
915 13 7717 2270
916 13 7717 2270
917 13 7717 2270
918 13 7717 2270
919 13 7717 2270
920 13 7717 2270
921 13 7717 2270
922 13 7717 2270
923 13 7717 2270
924 13 7717 2270
925 13 7717 2270
926 13 7717 2270
927 13 7717 2270
928 13 7717 2270
929 13 7717 2270
930 13 7717 2270
931 13 7717 2270
932 13 7717 2270
933 13 7717 2270
934 13 7717 2270
935 13 7717 2270
936 13 7717 2270
937 13 7717 2270
938 13 7717 2270
939 13 7717 2270
940 13 7717 2270
941 12 7717 2271
942 12 7717 2271
943 12 7717 2271
944 12 7717 2271
945 12 7717 2271
946 12 7717 2271
947 12 7717 2271
948 12 7717 2271
949 12 7717 2271
950 12 7717 2271
951 12 7717 2271
952 12 7717 2271
953 12 7717 2271
954 12 7717 2271
955 12 7717 2271
956 12 7717 2271
957 12 7717 2271
958 12 7717 2271
959 12 7717 2271
960 12 7717 2271
961 12 7717 2271
962 12 7717 2271
963 12 7717 2271
964 11 7717 2272
965 11 7717 2272
966 11 7717 2272
967 11 7717 2272
968 11 7717 2272
969 11 7717 2272
970 11 7717 2272
971 11 7717 2272
972 11 7717 2272
973 11 7717 2272
974 11 7717 2272
975 11 7717 2272
976 11 7717 2272
977 11 7717 2272
978 11 7717 2272
979 11 7717 2272
980 11 7717 2272
981 11 7717 2272
982 11 7717 2272
983 11 7717 2272
984 11 7717 2272
985 11 7717 2272
986 11 7717 2272
987 11 7717 2272
988 11 7717 2272
989 11 7717 2272
990 11 7717 2272
991 11 7717 2272
992 11 7717 2272
993 11 7717 2272
994 11 7717 2272
995 11 7717 2272
996 11 7717 2272
997 11 7717 2272
998 11 7717 2272
999 11 7717 2272
