0 9999 1 0
1 9976 2 22
2 9947 2 51
3 9918 7 75
4 9880 11 109
5 9837 24 139
6 9806 30 164
7 9782 36 182
8 9756 39 205
9 9728 47 225
10 9695 54 251
11 9671 57 272
12 9632 61 307
13 9594 70 336
14 9558 82 360
15 9524 91 385
16 9482 99 419
17 9435 122 443
18 9392 137 471
19 9352 152 496
20 9319 160 521
21 9283 175 542
22 9232 195 573
23 9196 210 594
24 9152 228 620
25 9115 247 638
26 9074 266 660
27 9023 289 688
28 8976 314 710
29 8940 332 728
30 8903 350 747
31 8865 372 763
32 8815 398 787
33 8759 432 809
34 8711 460 829
35 8661 484 855
36 8607 524 869
37 8550 553 897
38 8498 589 913
39 8432 631 937
40 8379 662 959
41 8316 700 984
42 8257 732 1011
43 8213 762 1025
44 8162 793 1045
45 8110 823 1067
46 8050 859 1091
47 7981 902 1117
48 7927 943 1130
49 7869 980 1151
50 7818 1015 1167
51 7754 1062 1184
52 7680 1112 1208
53 7624 1149 1227
54 7559 1192 1249
55 7518 1222 1260
56 7461 1264 1275
57 7419 1298 1283
58 7350 1346 1304
59 7291 1385 1324
60 7232 1420 1348
61 7164 1473 1363
62 7106 1511 1383
63 7057 1546 1397
64 6992 1596 1412
65 6936 1634 1430
66 6874 1679 1447
67 6815 1726 1459
68 6765 1764 1471
69 6708 1807 1485
70 6654 1844 1502
71 6578 1902 1520
72 6511 1957 1532
73 6456 2002 1542
74 6387 2058 1555
75 6308 2118 1574
76 6231 2182 1587
77 6156 2233 1611
78 6089 2284 1627
79 6030 2330 1640
80 5950 2385 1665
81 5892 2435 1673
82 5812 2497 1691
83 5744 2541 1715
84 5682 2591 1727
85 5630 2634 1736
86 5574 2675 1751
87 5507 2732 1761
88 5437 2788 1775
89 5377 2836 1787
90 5318 2887 1795
91 5237 2950 1813
92 5171 2997 1832
93 5101 3053 1846
94 5037 3106 1857
95 4961 3171 1868
96 4904 3217 1879
97 4834 3276 1890
98 4762 3336 1902
99 4697 3388 1915
100 4645 3425 1930
101 4591 3469 1940
102 4535 3515 1950
103 4471 3570 1959
104 4408 3616 1976
105 4350 3657 1993
106 4300 3695 2005
107 4236 3748 2016
108 4188 3792 2020
109 4125 3839 2036
110 4078 3879 2043
111 4019 3930 2051
112 3957 3979 2064
113 3901 4021 2078
114 3849 4063 2088
115 3786 4111 2103
116 3722 4163 2115
117 3681 4198 2121
118 3629 4239 2132
119 3571 4293 2136
120 3517 4340 2143
121 3465 4384 2151
122 3416 4426 2158
123 3374 4466 2160
124 3307 4526 2167
125 3241 4583 2176
126 3186 4631 2183
127 3125 4688 2187
128 3053 4746 2201
129 2982 4807 2211
130 2925 4860 2215
131 2871 4909 2220
132 2813 4961 2226
133 2755 5012 2233
134 2693 5062 2245
135 2633 5117 2250
136 2565 5177 2258
137 2512 5222 2266
138 2457 5272 2271
139 2407 5312 2281
140 2333 5374 2293
141 2282 5420 2298
142 2238 5460 2302
143 2182 5510 2308
144 2125 5559 2316
145 2070 5611 2319
146 2016 5661 2323
147 1953 5722 2325
148 1890 5780 2330
149 1834 5832 2334
150 1781 5880 2339
151 1737 5920 2343
152 1684 5966 2350
153 1643 6003 2354
154 1587 6055 2358
155 1537 6101 2362
156 1489 6146 2365
157 1455 6175 2370
158 1422 6205 2373
159 1377 6246 2377
160 1342 6279 2379
161 1299 6319 2382
162 1270 6344 2386
163 1229 6383 2388
164 1193 6415 2392
165 1155 6451 2394
166 1122 6484 2394
167 1083 6519 2398
168 1053 6548 2399
169 1017 6580 2403
170 974 6615 2411
171 943 6644 2413
172 912 6674 2414
173 880 6700 2420
174 851 6728 2421
175 828 6748 2424
176 801 6773 2426
177 771 6801 2428
178 740 6830 2430
179 720 6848 2432
180 695 6871 2434
181 667 6898 2435
182 650 6914 2436
183 636 6927 2437
184 622 6941 2437
185 608 6954 2438
186 590 6971 2439
187 572 6987 2441
188 553 7005 2442
189 540 7017 2443
190 521 7034 2445
191 507 7047 2446
192 493 7058 2449
193 477 7071 2452
194 467 7080 2453
195 461 7085 2454
196 448 7097 2455
197 435 7108 2457
198 425 7116 2459
199 417 7123 2460
200 411 7129 2460
201 396 7143 2461
202 378 7159 2463
203 368 7169 2463
204 358 7179 2463
205 351 7185 2464
206 342 7192 2466
207 332 7202 2466
208 330 7203 2467
209 323 7208 2469
210 314 7217 2469
211 305 7225 2470
212 299 7231 2470
213 287 7239 2474
214 282 7243 2475
215 274 7250 2476
216 266 7257 2477
217 263 7259 2478
218 258 7263 2479
219 254 7267 2479
220 250 7270 2480
221 245 7275 2480
222 244 7276 2480
223 243 7277 2480
224 237 7281 2482
225 235 7283 2482
226 233 7285 2482
227 228 7289 2483
228 226 7290 2484
229 220 7296 2484
230 214 7300 2486
231 207 7305 2488
232 204 7308 2488
233 201 7311 2488
234 198 7314 2488
235 194 7317 2489
236 190 7320 2490
237 186 7323 2491
238 183 7326 2491
239 177 7332 2491
240 174 7334 2492
241 173 7334 2493
242 171 7336 2493
243 167 7340 2493
244 163 7343 2494
245 161 7344 2495
246 161 7344 2495
247 158 7347 2495
248 157 7348 2495
249 154 7351 2495
250 154 7351 2495
251 151 7352 2497
252 151 7352 2497
253 151 7352 2497
254 151 7352 2497
255 150 7353 2497
256 149 7354 2497
257 149 7354 2497
258 149 7354 2497
259 148 7354 2498
260 147 7354 2499
261 147 7354 2499
262 146 7354 2500
263 145 7354 2501
264 145 7354 2501
265 145 7354 2501
266 144 7354 2502
267 143 7354 2503
268 143 7354 2503
269 142 7354 2504
270 142 7354 2504
271 141 7354 2505
272 141 7354 2505
273 141 7354 2505
274 141 7354 2505
275 140 7354 2506
276 140 7354 2506
277 139 7354 2507
278 138 7354 2508
279 138 7354 2508
280 138 7354 2508
281 137 7354 2509
282 137 7354 2509
283 137 7354 2509
284 137 7354 2509
285 137 7354 2509
286 137 7354 2509
287 137 7354 2509
288 137 7354 2509
289 137 7354 2509
290 135 7354 2511
291 135 7354 2511
292 135 7354 2511
293 134 7354 2512
294 133 7354 2513
295 133 7354 2513
296 133 7354 2513
297 133 7354 2513
298 133 7354 2513
299 133 7354 2513
300 133 7354 2513
301 132 7354 2514
302 132 7354 2514
303 132 7354 2514
304 132 7354 2514
305 132 7354 2514
306 132 7354 2514
307 132 7354 2514
308 132 7354 2514
309 131 7354 2515
310 131 7354 2515
311 131 7354 2515
312 131 7354 2515
313 131 7354 2515
314 131 7354 2515
315 131 7354 2515
316 131 7354 2515
317 131 7354 2515
318 131 7354 2515
319 130 7354 2516
320 130 7354 2516
321 130 7354 2516
322 130 7354 2516
323 130 7354 2516
324 129 7354 2517
325 129 7354 2517
326 129 7354 2517
327 129 7354 2517
328 129 7354 2517
329 129 7354 2517
330 128 7354 2518
331 127 7354 2519
332 127 7354 2519
333 126 7354 2520
334 125 7354 2521
335 124 7354 2522
336 124 7354 2522
337 121 7354 2525
338 120 7354 2526
339 120 7354 2526
340 120 7354 2526
341 118 7354 2528
342 118 7354 2528
343 118 7354 2528
344 118 7354 2528
345 117 7354 2529
346 117 7354 2529
347 117 7354 2529
348 117 7354 2529
349 117 7354 2529
350 117 7354 2529
351 117 7354 2529
352 117 7354 2529
353 116 7354 2530
354 116 7354 2530
355 116 7354 2530
356 115 7354 2531
357 115 7354 2531
358 114 7354 2532
359 114 7354 2532
360 114 7354 2532
361 114 7354 2532
362 113 7354 2533
363 113 7354 2533
364 113 7354 2533
365 112 7354 2534
366 111 7354 2535
367 111 7354 2535
368 111 7354 2535
369 111 7354 2535
370 110 7354 2536
371 109 7354 2537
372 109 7354 2537
373 108 7354 2538
374 108 7354 2538
375 108 7354 2538
376 108 7354 2538
377 108 7354 2538
378 108 7354 2538
379 108 7354 2538
380 108 7354 2538
381 108 7354 2538
382 108 7354 2538
383 108 7354 2538
384 108 7354 2538
385 108 7354 2538
386 107 7354 2539
387 107 7354 2539
388 106 7354 2540
389 106 7354 2540
390 106 7354 2540
391 106 7354 2540
392 106 7354 2540
393 106 7354 2540
394 106 7354 2540
395 106 7354 2540
396 106 7354 2540
397 106 7354 2540
398 106 7354 2540
399 106 7354 2540
400 106 7354 2540
401 106 7354 2540
402 104 7354 2542
403 104 7354 2542
404 103 7354 2543
405 103 7354 2543
406 103 7354 2543
407 103 7354 2543
408 103 7354 2543
409 103 7354 2543
410 103 7354 2543
411 102 7354 2544
412 102 7354 2544
413 102 7354 2544
414 102 7354 2544
415 102 7354 2544
416 102 7354 2544
417 101 7354 2545
418 100 7354 2546
419 99 7354 2547
420 99 7354 2547
421 99 7354 2547
422 99 7354 2547
423 99 7354 2547
424 99 7354 2547
425 99 7354 2547
426 99 7354 2547
427 99 7354 2547
428 99 7354 2547
429 99 7354 2547
430 99 7354 2547
431 99 7354 2547
432 98 7354 2548
433 98 7354 2548
434 97 7354 2549
435 96 7354 2550
436 96 7354 2550
437 96 7354 2550
438 96 7354 2550
439 96 7354 2550
440 96 7354 2550
441 96 7354 2550
442 95 7354 2551
443 94 7354 2552
444 94 7354 2552
445 94 7354 2552
446 94 7354 2552
447 94 7354 2552
448 94 7354 2552
449 92 7354 2554
450 92 7354 2554
451 92 7354 2554
452 92 7354 2554
453 92 7354 2554
454 92 7354 2554
455 92 7354 2554
456 92 7354 2554
457 92 7354 2554
458 92 7354 2554
459 92 7354 2554
460 92 7354 2554
461 92 7354 2554
462 92 7354 2554
463 92 7354 2554
464 92 7354 2554
465 92 7354 2554
466 90 7354 2556
467 90 7354 2556
468 89 7354 2557
469 89 7354 2557
470 89 7354 2557
471 89 7354 2557
472 89 7354 2557
473 89 7354 2557
474 89 7354 2557
475 89 7354 2557
476 89 7354 2557
477 88 7354 2558
478 88 7354 2558
479 87 7354 2559
480 86 7354 2560
481 85 7354 2561
482 85 7354 2561
483 85 7354 2561
484 85 7354 2561
485 85 7354 2561
486 85 7354 2561
487 85 7354 2561
488 85 7354 2561
489 85 7354 2561
490 85 7354 2561
491 85 7354 2561
492 85 7354 2561
493 85 7354 2561
494 85 7354 2561
495 84 7354 2562
496 84 7354 2562
497 84 7354 2562
498 84 7354 2562
499 84 7354 2562
500 83 7354 2563
501 83 7354 2563
502 83 7354 2563
503 83 7354 2563
504 83 7354 2563
505 83 7354 2563
506 82 7354 2564
507 82 7354 2564
508 82 7354 2564
509 81 7354 2565
510 81 7354 2565
511 81 7354 2565
512 81 7354 2565
513 81 7354 2565
514 80 7354 2566
515 80 7354 2566
516 80 7354 2566
517 79 7354 2567
518 78 7354 2568
519 78 7354 2568
520 78 7354 2568
521 78 7354 2568
522 78 7354 2568
523 77 7354 2569
524 77 7354 2569
525 77 7354 2569
526 76 7354 2570
527 76 7354 2570
528 76 7354 2570
529 76 7354 2570
530 76 7354 2570
531 75 7354 2571
532 74 7354 2572
533 74 7354 2572
534 74 7354 2572
535 74 7354 2572
536 74 7354 2572
537 74 7354 2572
538 73 7354 2573
539 73 7354 2573
540 71 7354 2575
541 70 7354 2576
542 70 7354 2576
543 70 7354 2576
544 70 7354 2576
545 70 7354 2576
546 69 7354 2577
547 69 7354 2577
548 69 7354 2577
549 69 7354 2577
550 68 7354 2578
551 68 7354 2578
552 68 7354 2578
553 68 7354 2578
554 68 7354 2578
555 68 7354 2578
556 68 7354 2578
557 68 7354 2578
558 67 7354 2579
559 67 7354 2579
560 67 7354 2579
561 67 7354 2579
562 66 7354 2580
563 66 7354 2580
564 65 7354 2581
565 65 7354 2581
566 65 7354 2581
567 65 7354 2581
568 65 7354 2581
569 65 7354 2581
570 65 7354 2581
571 65 7354 2581
572 65 7354 2581
573 65 7354 2581
574 65 7354 2581
575 65 7354 2581
576 65 7354 2581
577 65 7354 2581
578 65 7354 2581
579 65 7354 2581
580 65 7354 2581
581 65 7354 2581
582 65 7354 2581
583 65 7354 2581
584 65 7354 2581
585 65 7354 2581
586 65 7354 2581
587 65 7354 2581
588 65 7354 2581
589 65 7354 2581
590 64 7354 2582
591 64 7354 2582
592 63 7354 2583
593 63 7354 2583
594 63 7354 2583
595 63 7354 2583
596 63 7354 2583
597 63 7354 2583
598 63 7354 2583
599 63 7354 2583
600 63 7354 2583
601 63 7354 2583
602 63 7354 2583
603 62 7354 2584
604 62 7354 2584
605 62 7354 2584
606 61 7354 2585
607 61 7354 2585
608 61 7354 2585
609 60 7354 2586
610 60 7354 2586
611 60 7354 2586
612 60 7354 2586
613 60 7354 2586
614 59 7354 2587
615 59 7354 2587
616 59 7354 2587
617 59 7354 2587
618 59 7354 2587
619 59 7354 2587
620 59 7354 2587
621 59 7354 2587
622 59 7354 2587
623 59 7354 2587
624 59 7354 2587
625 59 7354 2587
626 59 7354 2587
627 59 7354 2587
628 59 7354 2587
629 58 7354 2588
630 58 7354 2588
631 58 7354 2588
632 58 7354 2588
633 58 7354 2588
634 58 7354 2588
635 58 7354 2588
636 58 7354 2588
637 58 7354 2588
638 58 7354 2588
639 58 7354 2588
640 58 7354 2588
641 58 7354 2588
642 58 7354 2588
643 56 7354 2590
644 56 7354 2590
645 56 7354 2590
646 56 7354 2590
647 56 7354 2590
648 56 7354 2590
649 56 7354 2590
650 56 7354 2590
651 55 7354 2591
652 55 7354 2591
653 55 7354 2591
654 55 7354 2591
655 55 7354 2591
656 54 7354 2592
657 54 7354 2592
658 53 7354 2593
659 53 7354 2593
660 53 7354 2593
661 52 7354 2594
662 52 7354 2594
663 52 7354 2594
664 52 7354 2594
665 52 7354 2594
666 52 7354 2594
667 52 7354 2594
668 52 7354 2594
669 52 7354 2594
670 52 7354 2594
671 52 7354 2594
672 52 7354 2594
673 52 7354 2594
674 52 7354 2594
675 52 7354 2594
676 52 7354 2594
677 52 7354 2594
678 52 7354 2594
679 52 7354 2594
680 52 7354 2594
681 52 7354 2594
682 52 7354 2594
683 52 7354 2594
684 52 7354 2594
685 52 7354 2594
686 52 7354 2594
687 52 7354 2594
688 51 7354 2595
689 51 7354 2595
690 51 7354 2595
691 51 7354 2595
692 51 7354 2595
693 51 7354 2595
694 51 7354 2595
695 51 7354 2595
696 51 7354 2595
697 51 7354 2595
698 51 7354 2595
699 51 7354 2595
700 51 7354 2595
701 50 7354 2596
702 50 7354 2596
703 48 7354 2598
704 48 7354 2598
705 48 7354 2598
706 48 7354 2598
707 47 7354 2599
708 47 7354 2599
709 47 7354 2599
710 47 7354 2599
711 46 7354 2600
712 46 7354 2600
713 46 7354 2600
714 46 7354 2600
715 45 7354 2601
716 45 7354 2601
717 45 7354 2601
718 45 7354 2601
719 45 7354 2601
720 45 7354 2601
721 45 7354 2601
722 45 7354 2601
723 45 7354 2601
724 45 7354 2601
725 44 7354 2602
726 44 7354 2602
727 44 7354 2602
728 44 7354 2602
729 44 7354 2602
730 44 7354 2602
731 43 7354 2603
732 43 7354 2603
733 43 7354 2603
734 43 7354 2603
735 43 7354 2603
736 43 7354 2603
737 43 7354 2603
738 43 7354 2603
739 43 7354 2603
740 43 7354 2603
741 43 7354 2603
742 43 7354 2603
743 43 7354 2603
744 43 7354 2603
745 43 7354 2603
746 42 7354 2604
747 42 7354 2604
748 42 7354 2604
749 42 7354 2604
750 42 7354 2604
751 42 7354 2604
752 42 7354 2604
753 41 7354 2605
754 41 7354 2605
755 41 7354 2605
756 41 7354 2605
757 41 7354 2605
758 41 7354 2605
759 41 7354 2605
760 41 7354 2605
761 41 7354 2605
762 41 7354 2605
763 41 7354 2605
764 41 7354 2605
765 41 7354 2605
766 41 7354 2605
767 41 7354 2605
768 41 7354 2605
769 41 7354 2605
770 41 7354 2605
771 41 7354 2605
772 41 7354 2605
773 41 7354 2605
774 41 7354 2605
775 41 7354 2605
776 41 7354 2605
777 41 7354 2605
778 41 7354 2605
779 41 7354 2605
780 40 7354 2606
781 40 7354 2606
782 40 7354 2606
783 40 7354 2606
784 40 7354 2606
785 40 7354 2606
786 40 7354 2606
787 40 7354 2606
788 40 7354 2606
789 40 7354 2606
790 40 7354 2606
791 40 7354 2606
792 40 7354 2606
793 40 7354 2606
794 40 7354 2606
795 40 7354 2606
796 40 7354 2606
797 40 7354 2606
798 40 7354 2606
799 40 7354 2606
800 39 7354 2607
801 39 7354 2607
802 39 7354 2607
803 39 7354 2607
804 39 7354 2607
805 39 7354 2607
806 39 7354 2607
807 38 7354 2608
808 38 7354 2608
809 38 7354 2608
810 38 7354 2608
811 38 7354 2608
812 37 7354 2609
813 37 7354 2609
814 37 7354 2609
815 37 7354 2609
816 37 7354 2609
817 37 7354 2609
818 37 7354 2609
819 36 7354 2610
820 36 7354 2610
821 36 7354 2610
822 35 7354 2611
823 35 7354 2611
824 35 7354 2611
825 35 7354 2611
826 34 7354 2612
827 34 7354 2612
828 34 7354 2612
829 34 7354 2612
830 34 7354 2612
831 34 7354 2612
832 34 7354 2612
833 34 7354 2612
834 34 7354 2612
835 34 7354 2612
836 33 7354 2613
837 33 7354 2613
838 33 7354 2613
839 33 7354 2613
840 33 7354 2613
841 33 7354 2613
842 33 7354 2613
843 33 7354 2613
844 33 7354 2613
845 33 7354 2613
846 33 7354 2613
847 33 7354 2613
848 33 7354 2613
849 33 7354 2613
850 33 7354 2613
851 33 7354 2613
852 33 7354 2613
853 33 7354 2613
854 33 7354 2613
855 32 7354 2614
856 32 7354 2614
857 32 7354 2614
858 32 7354 2614
859 32 7354 2614
860 32 7354 2614
861 32 7354 2614
862 32 7354 2614
863 32 7354 2614
864 32 7354 2614
865 32 7354 2614
866 32 7354 2614
867 32 7354 2614
868 32 7354 2614
869 32 7354 2614
870 32 7354 2614
871 32 7354 2614
872 32 7354 2614
873 32 7354 2614
874 32 7354 2614
875 32 7354 2614
876 32 7354 2614
877 32 7354 2614
878 32 7354 2614
879 32 7354 2614
880 32 7354 2614
881 32 7354 2614
882 31 7354 2615
883 31 7354 2615
884 31 7354 2615
885 31 7354 2615
886 31 7354 2615
887 31 7354 2615
888 31 7354 2615
889 31 7354 2615
890 31 7354 2615
891 31 7354 2615
892 31 7354 2615
893 31 7354 2615
894 31 7354 2615
895 31 7354 2615
896 31 7354 2615
897 31 7354 2615
898 31 7354 2615
899 31 7354 2615
900 31 7354 2615
901 31 7354 2615
902 31 7354 2615
903 31 7354 2615
904 31 7354 2615
905 31 7354 2615
906 31 7354 2615
907 31 7354 2615
908 31 7354 2615
909 31 7354 2615
910 30 7354 2616
911 30 7354 2616
912 30 7354 2616
913 30 7354 2616
914 30 7354 2616
915 29 7354 2617
916 29 7354 2617
917 29 7354 2617
918 29 7354 2617
919 29 7354 2617
920 29 7354 2617
921 29 7354 2617
922 29 7354 2617
923 29 7354 2617
924 29 7354 2617
925 29 7354 2617
926 29 7354 2617
927 29 7354 2617
928 29 7354 2617
929 29 7354 2617
930 29 7354 2617
931 29 7354 2617
932 29 7354 2617
933 29 7354 2617
934 29 7354 2617
935 29 7354 2617
936 29 7354 2617
937 28 7354 2618
938 28 7354 2618
939 28 7354 2618
940 28 7354 2618
941 28 7354 2618
942 28 7354 2618
943 28 7354 2618
944 27 7354 2619
945 27 7354 2619
946 27 7354 2619
947 27 7354 2619
948 27 7354 2619
949 27 7354 2619
950 27 7354 2619
951 27 7354 2619
952 27 7354 2619
953 27 7354 2619
954 27 7354 2619
955 27 7354 2619
956 27 7354 2619
957 27 7354 2619
958 27 7354 2619
959 27 7354 2619
960 27 7354 2619
961 27 7354 2619
962 27 7354 2619
963 27 7354 2619
964 27 7354 2619
965 27 7354 2619
966 27 7354 2619
967 27 7354 2619
968 27 7354 2619
969 27 7354 2619
970 27 7354 2619
971 27 7354 2619
972 27 7354 2619
973 27 7354 2619
974 27 7354 2619
975 27 7354 2619
976 27 7354 2619
977 27 7354 2619
978 27 7354 2619
979 27 7354 2619
980 27 7354 2619
981 27 7354 2619
982 27 7354 2619
983 27 7354 2619
984 27 7354 2619
985 27 7354 2619
986 27 7354 2619
987 27 7354 2619
988 27 7354 2619
989 27 7354 2619
990 27 7354 2619
991 27 7354 2619
992 27 7354 2619
993 27 7354 2619
994 27 7354 2619
995 27 7354 2619
996 27 7354 2619
997 27 7354 2619
998 27 7354 2619
999 27 7354 2619
