0 9999 1 0
1 9997 2 1
2 9996 3 1
3 9991 8 1
4 9987 12 1
5 9979 16 5
6 9965 25 10
7 9952 35 13
8 9942 39 19
9 9920 53 27
10 9904 55 41
11 9894 54 52
12 9878 57 65
13 9864 63 73
14 9848 67 85
15 9831 70 99
16 9813 80 107
17 9795 86 119
18 9781 87 132
19 9769 82 149
20 9754 81 165
21 9737 85 178
22 9722 93 185
23 9707 91 202
24 9681 100 219
25 9657 101 242
26 9641 101 258
27 9611 112 277
28 9584 117 299
29 9548 130 322
30 9515 146 339
31 9486 153 361
32 9461 145 394
33 9433 158 409
34 9407 150 443
35 9374 164 462
36 9331 177 492
37 9292 184 524
38 9245 196 559
39 9196 211 593
40 9148 228 624
41 9086 250 664
42 9029 260 711
43 8976 261 763
44 8915 275 810
45 8854 290 856
46 8788 315 897
47 8732 307 961
48 8659 325 1016
49 8588 345 1067
50 8522 346 1132
51 8447 381 1172
52 8356 393 1251
53 8250 436 1314
54 8170 451 1379
55 8088 457 1455
56 8009 455 1536
57 7911 474 1615
58 7810 507 1683
59 7679 540 1781
60 7570 555 1875
61 7477 545 1978
62 7367 574 2059
63 7280 568 2152
64 7182 547 2271
65 7100 540 2360
66 6985 554 2461
67 6859 597 2544
68 6751 604 2645
69 6635 613 2752
70 6530 613 2857
71 6419 630 2951
72 6298 650 3052
73 6179 657 3164
74 6094 610 3296
75 5969 643 3388
76 5832 670 3498
77 5709 675 3616
78 5565 714 3721
79 5400 743 3857
80 5255 756 3989
81 5106 754 4140
82 4955 760 4285
83 4799 764 4437
84 4654 793 4553
85 4515 794 4691
86 4375 795 4830
87 4248 784 4968
88 4095 780 5125
89 3964 778 5258
90 3807 790 5403
91 3665 778 5557
92 3506 800 5694
93 3383 798 5819
94 3239 788 5973
95 3120 798 6082
96 2980 802 6218
97 2844 808 6348
98 2727 805 6468
99 2593 802 6605
100 2424 829 6747
101 2294 813 6893
102 2127 838 7035
103 1970 856 7174
104 1838 848 7314
105 1717 825 7458
106 1606 803 7591
107 1478 798 7724
108 1363 780 7857
109 1256 776 7968
110 1164 729 8107
111 1053 715 8232
112 955 687 8358
113 875 642 8483
114 821 573 8606
115 759 543 8698
116 682 522 8796
117 634 479 8887
118 579 462 8959
119 539 431 9030
120 499 396 9105
121 462 361 9177
122 427 339 9234
123 406 308 9286
124 386 278 9336
125 374 242 9384
126 370 207 9423
127 358 182 9460
128 348 166 9486
129 337 149 9514
130 334 131 9535
131 332 110 9558
132 331 88 9581
133 330 67 9603
134 330 59 9611
135 330 48 9622
136 330 41 9629
137 330 31 9639
138 330 28 9642
139 330 20 9650
140 330 14 9656
141 330 12 9658
142 329 10 9661
143 329 7 9664
144 329 7 9664
145 329 6 9665
146 329 4 9667
147 329 4 9667
148 329 4 9667
149 329 3 9668
150 329 3 9668
151 329 3 9668
152 329 3 9668
153 329 1 9670
154 329 1 9670
155 329 0 9671
156 329 0 9671
157 329 0 9671
158 329 0 9671
159 329 0 9671
160 329 0 9671
161 329 0 9671
162 329 0 9671
163 329 0 9671
164 329 0 9671
165 329 0 9671
166 329 0 9671
167 329 0 9671
168 329 0 9671
169 329 0 9671
170 329 0 9671
171 329 0 9671
172 329 0 9671
173 329 0 9671
174 329 0 9671
175 329 0 9671
176 329 0 9671
177 329 0 9671
178 329 0 9671
179 329 0 9671
180 329 0 9671
181 329 0 9671
182 329 0 9671
183 329 0 9671
184 329 0 9671
185 329 0 9671
186 329 0 9671
187 329 0 9671
188 329 0 9671
189 329 0 9671
190 329 0 9671
191 329 0 9671
192 329 0 9671
193 329 0 9671
194 329 0 9671
195 329 0 9671
196 329 0 9671
197 329 0 9671
198 329 0 9671
199 329 0 9671
200 329 0 9671
201 329 0 9671
202 329 0 9671
203 329 0 9671
204 329 0 9671
205 329 0 9671
206 329 0 9671
207 329 0 9671
208 329 0 9671
209 329 0 9671
210 329 0 9671
211 329 0 9671
212 329 0 9671
213 329 0 9671
214 329 0 9671
215 329 0 9671
216 329 0 9671
217 329 0 9671
218 329 0 9671
219 329 0 9671
220 329 0 9671
221 329 0 9671
222 329 0 9671
223 329 0 9671
224 329 0 9671
225 329 0 9671
226 329 0 9671
227 329 0 9671
228 329 0 9671
229 329 0 9671
230 329 0 9671
231 329 0 9671
232 329 0 9671
233 329 0 9671
234 329 0 9671
235 329 0 9671
236 329 0 9671
237 329 0 9671
238 329 0 9671
239 329 0 9671
240 329 0 9671
241 329 0 9671
242 329 0 9671
243 329 0 9671
244 329 0 9671
245 329 0 9671
246 329 0 9671
247 329 0 9671
248 329 0 9671
249 329 0 9671
250 329 0 9671
251 329 0 9671
252 329 0 9671
253 329 0 9671
254 329 0 9671
255 329 0 9671
256 329 0 9671
257 329 0 9671
258 329 0 9671
259 329 0 9671
260 329 0 9671
261 329 0 9671
262 329 0 9671
263 329 0 9671
264 329 0 9671
265 329 0 9671
266 329 0 9671
267 329 0 9671
268 329 0 9671
269 329 0 9671
270 329 0 9671
271 329 0 9671
272 329 0 9671
273 329 0 9671
274 329 0 9671
275 329 0 9671
276 329 0 9671
277 329 0 9671
278 329 0 9671
279 329 0 9671
280 329 0 9671
281 329 0 9671
282 329 0 9671
283 329 0 9671
284 329 0 9671
285 329 0 9671
286 329 0 9671
287 329 0 9671
288 329 0 9671
289 329 0 9671
290 329 0 9671
291 329 0 9671
292 329 0 9671
293 329 0 9671
294 329 0 9671
295 329 0 9671
296 329 0 9671
297 329 0 9671
298 329 0 9671
299 329 0 9671
300 329 0 9671
301 329 0 9671
302 329 0 9671
303 329 0 9671
304 329 0 9671
305 329 0 9671
306 329 0 9671
307 329 0 9671
308 329 0 9671
309 329 0 9671
310 329 0 9671
311 329 0 9671
312 329 0 9671
313 329 0 9671
314 329 0 9671
315 329 0 9671
316 329 0 9671
317 329 0 9671
318 329 0 9671
319 329 0 9671
320 329 0 9671
321 329 0 9671
322 329 0 9671
323 329 0 9671
324 329 0 9671
325 329 0 9671
326 329 0 9671
327 329 0 9671
328 329 0 9671
329 329 0 9671
330 329 0 9671
331 329 0 9671
332 329 0 9671
333 329 0 9671
334 329 0 9671
335 329 0 9671
336 329 0 9671
337 329 0 9671
338 329 0 9671
339 329 0 9671
340 329 0 9671
341 329 0 9671
342 329 0 9671
343 329 0 9671
344 329 0 9671
345 329 0 9671
346 329 0 9671
347 329 0 9671
348 329 0 9671
349 329 0 9671
350 329 0 9671
351 329 0 9671
352 329 0 9671
353 329 0 9671
354 329 0 9671
355 329 0 9671
356 329 0 9671
357 329 0 9671
358 329 0 9671
359 329 0 9671
360 329 0 9671
361 329 0 9671
362 329 0 9671
363 329 0 9671
364 329 0 9671
365 329 0 9671
366 329 0 9671
367 329 0 9671
368 329 0 9671
369 329 0 9671
370 329 0 9671
371 329 0 9671
372 329 0 9671
373 329 0 9671
374 329 0 9671
375 329 0 9671
376 329 0 9671
377 329 0 9671
378 329 0 9671
379 329 0 9671
380 329 0 9671
381 329 0 9671
382 329 0 9671
383 329 0 9671
384 329 0 9671
385 329 0 9671
386 329 0 9671
387 329 0 9671
388 329 0 9671
389 329 0 9671
390 329 0 9671
391 329 0 9671
392 329 0 9671
393 329 0 9671
394 329 0 9671
395 329 0 9671
396 329 0 9671
397 329 0 9671
398 329 0 9671
399 329 0 9671
400 329 0 9671
401 329 0 9671
402 329 0 9671
403 329 0 9671
404 329 0 9671
405 329 0 9671
406 329 0 9671
407 329 0 9671
408 329 0 9671
409 329 0 9671
410 329 0 9671
411 329 0 9671
412 329 0 9671
413 329 0 9671
414 329 0 9671
415 329 0 9671
416 329 0 9671
417 329 0 9671
418 329 0 9671
419 329 0 9671
420 329 0 9671
421 329 0 9671
422 329 0 9671
423 329 0 9671
424 329 0 9671
425 329 0 9671
426 329 0 9671
427 329 0 9671
428 329 0 9671
429 329 0 9671
430 329 0 9671
431 329 0 9671
432 329 0 9671
433 329 0 9671
434 329 0 9671
435 329 0 9671
436 329 0 9671
437 329 0 9671
438 329 0 9671
439 329 0 9671
440 329 0 9671
441 329 0 9671
442 329 0 9671
443 329 0 9671
444 329 0 9671
445 329 0 9671
446 329 0 9671
447 329 0 9671
448 329 0 9671
449 329 0 9671
450 329 0 9671
451 329 0 9671
452 329 0 9671
453 329 0 9671
454 329 0 9671
455 329 0 9671
456 329 0 9671
457 329 0 9671
458 329 0 9671
459 329 0 9671
460 329 0 9671
461 329 0 9671
462 329 0 9671
463 329 0 9671
464 329 0 9671
465 329 0 9671
466 329 0 9671
467 329 0 9671
468 329 0 9671
469 329 0 9671
470 329 0 9671
471 329 0 9671
472 329 0 9671
473 329 0 9671
474 329 0 9671
475 329 0 9671
476 329 0 9671
477 329 0 9671
478 329 0 9671
479 329 0 9671
480 329 0 9671
481 329 0 9671
482 329 0 9671
483 329 0 9671
484 329 0 9671
485 329 0 9671
486 329 0 9671
487 329 0 9671
488 329 0 9671
489 329 0 9671
490 329 0 9671
491 329 0 9671
492 329 0 9671
493 329 0 9671
494 329 0 9671
495 329 0 9671
496 329 0 9671
497 329 0 9671
498 329 0 9671
499 329 0 9671
500 329 0 9671
501 329 0 9671
502 329 0 9671
503 329 0 9671
504 329 0 9671
505 329 0 9671
506 329 0 9671
507 329 0 9671
508 329 0 9671
509 329 0 9671
510 329 0 9671
511 329 0 9671
512 329 0 9671
513 329 0 9671
514 329 0 9671
515 329 0 9671
516 329 0 9671
517 329 0 9671
518 329 0 9671
519 329 0 9671
520 329 0 9671
521 329 0 9671
522 329 0 9671
523 329 0 9671
524 329 0 9671
525 329 0 9671
526 329 0 9671
527 329 0 9671
528 329 0 9671
529 329 0 9671
530 329 0 9671
531 329 0 9671
532 329 0 9671
533 329 0 9671
534 329 0 9671
535 329 0 9671
536 329 0 9671
537 329 0 9671
538 329 0 9671
539 329 0 9671
540 329 0 9671
541 329 0 9671
542 329 0 9671
543 329 0 9671
544 329 0 9671
545 329 0 9671
546 329 0 9671
547 329 0 9671
548 329 0 9671
549 329 0 9671
550 329 0 9671
551 329 0 9671
552 329 0 9671
553 329 0 9671
554 329 0 9671
555 329 0 9671
556 329 0 9671
557 329 0 9671
558 329 0 9671
559 329 0 9671
560 329 0 9671
561 329 0 9671
562 329 0 9671
563 329 0 9671
564 329 0 9671
565 329 0 9671
566 329 0 9671
567 329 0 9671
568 329 0 9671
569 329 0 9671
570 329 0 9671
571 329 0 9671
572 329 0 9671
573 329 0 9671
574 329 0 9671
575 329 0 9671
576 329 0 9671
577 329 0 9671
578 329 0 9671
579 329 0 9671
580 329 0 9671
581 329 0 9671
582 329 0 9671
583 329 0 9671
584 329 0 9671
585 329 0 9671
586 329 0 9671
587 329 0 9671
588 329 0 9671
589 329 0 9671
590 329 0 9671
591 329 0 9671
592 329 0 9671
593 329 0 9671
594 329 0 9671
595 329 0 9671
596 329 0 9671
597 329 0 9671
598 329 0 9671
599 329 0 9671
600 329 0 9671
601 329 0 9671
602 329 0 9671
603 329 0 9671
604 329 0 9671
605 329 0 9671
606 329 0 9671
607 329 0 9671
608 329 0 9671
609 329 0 9671
610 329 0 9671
611 329 0 9671
612 329 0 9671
613 329 0 9671
614 329 0 9671
615 329 0 9671
616 329 0 9671
617 329 0 9671
618 329 0 9671
619 329 0 9671
620 329 0 9671
621 329 0 9671
622 329 0 9671
623 329 0 9671
624 329 0 9671
625 329 0 9671
626 329 0 9671
627 329 0 9671
628 329 0 9671
629 329 0 9671
630 329 0 9671
631 329 0 9671
632 329 0 9671
633 329 0 9671
634 329 0 9671
635 329 0 9671
636 329 0 9671
637 329 0 9671
638 329 0 9671
639 329 0 9671
640 329 0 9671
641 329 0 9671
642 329 0 9671
643 329 0 9671
644 329 0 9671
645 329 0 9671
646 329 0 9671
647 329 0 9671
648 329 0 9671
649 329 0 9671
650 329 0 9671
651 329 0 9671
652 329 0 9671
653 329 0 9671
654 329 0 9671
655 329 0 9671
656 329 0 9671
657 329 0 9671
658 329 0 9671
659 329 0 9671
660 329 0 9671
661 329 0 9671
662 329 0 9671
663 329 0 9671
664 329 0 9671
665 329 0 9671
666 329 0 9671
667 329 0 9671
668 329 0 9671
669 329 0 9671
670 329 0 9671
671 329 0 9671
672 329 0 9671
673 329 0 9671
674 329 0 9671
675 329 0 9671
676 329 0 9671
677 329 0 9671
678 329 0 9671
679 329 0 9671
680 329 0 9671
681 329 0 9671
682 329 0 9671
683 329 0 9671
684 329 0 9671
685 329 0 9671
686 329 0 9671
687 329 0 9671
688 329 0 9671
689 329 0 9671
690 329 0 9671
691 329 0 9671
692 329 0 9671
693 329 0 9671
694 329 0 9671
695 329 0 9671
696 329 0 9671
697 329 0 9671
698 329 0 9671
699 329 0 9671
700 329 0 9671
701 329 0 9671
702 329 0 9671
703 329 0 9671
704 329 0 9671
705 329 0 9671
706 329 0 9671
707 329 0 9671
708 329 0 9671
709 329 0 9671
710 329 0 9671
711 329 0 9671
712 329 0 9671
713 329 0 9671
714 329 0 9671
715 329 0 9671
716 329 0 9671
717 329 0 9671
718 329 0 9671
719 329 0 9671
720 329 0 9671
721 329 0 9671
722 329 0 9671
723 329 0 9671
724 329 0 9671
725 329 0 9671
726 329 0 9671
727 329 0 9671
728 329 0 9671
729 329 0 9671
730 329 0 9671
731 329 0 9671
732 329 0 9671
733 329 0 9671
734 329 0 9671
735 329 0 9671
736 329 0 9671
737 329 0 9671
738 329 0 9671
739 329 0 9671
740 329 0 9671
741 329 0 9671
742 329 0 9671
743 329 0 9671
744 329 0 9671
745 329 0 9671
746 329 0 9671
747 329 0 9671
748 329 0 9671
749 329 0 9671
750 329 0 9671
751 329 0 9671
752 329 0 9671
753 329 0 9671
754 329 0 9671
755 329 0 9671
756 329 0 9671
757 329 0 9671
758 329 0 9671
759 329 0 9671
760 329 0 9671
761 329 0 9671
762 329 0 9671
763 329 0 9671
764 329 0 9671
765 329 0 9671
766 329 0 9671
767 329 0 9671
768 329 0 9671
769 329 0 9671
770 329 0 9671
771 329 0 9671
772 329 0 9671
773 329 0 9671
774 329 0 9671
775 329 0 9671
776 329 0 9671
777 329 0 9671
778 329 0 9671
779 329 0 9671
780 329 0 9671
781 329 0 9671
782 329 0 9671
783 329 0 9671
784 329 0 9671
785 329 0 9671
786 329 0 9671
787 329 0 9671
788 329 0 9671
789 329 0 9671
790 329 0 9671
791 329 0 9671
792 329 0 9671
793 329 0 9671
794 329 0 9671
795 329 0 9671
796 329 0 9671
797 329 0 9671
798 329 0 9671
799 329 0 9671
800 329 0 9671
801 329 0 9671
802 329 0 9671
803 329 0 9671
804 329 0 9671
805 329 0 9671
806 329 0 9671
807 329 0 9671
808 329 0 9671
809 329 0 9671
810 329 0 9671
811 329 0 9671
812 329 0 9671
813 329 0 9671
814 329 0 9671
815 329 0 9671
816 329 0 9671
817 329 0 9671
818 329 0 9671
819 329 0 9671
820 329 0 9671
821 329 0 9671
822 329 0 9671
823 329 0 9671
824 329 0 9671
825 329 0 9671
826 329 0 9671
827 329 0 9671
828 329 0 9671
829 329 0 9671
830 329 0 9671
831 329 0 9671
832 329 0 9671
833 329 0 9671
834 329 0 9671
835 329 0 9671
836 329 0 9671
837 329 0 9671
838 329 0 9671
839 329 0 9671
840 329 0 9671
841 329 0 9671
842 329 0 9671
843 329 0 9671
844 329 0 9671
845 329 0 9671
846 329 0 9671
847 329 0 9671
848 329 0 9671
849 329 0 9671
850 329 0 9671
851 329 0 9671
852 329 0 9671
853 329 0 9671
854 329 0 9671
855 329 0 9671
856 329 0 9671
857 329 0 9671
858 329 0 9671
859 329 0 9671
860 329 0 9671
861 329 0 9671
862 329 0 9671
863 329 0 9671
864 329 0 9671
865 329 0 9671
866 329 0 9671
867 329 0 9671
868 329 0 9671
869 329 0 9671
870 329 0 9671
871 329 0 9671
872 329 0 9671
873 329 0 9671
874 329 0 9671
875 329 0 9671
876 329 0 9671
877 329 0 9671
878 329 0 9671
879 329 0 9671
880 329 0 9671
881 329 0 9671
882 329 0 9671
883 329 0 9671
884 329 0 9671
885 329 0 9671
886 329 0 9671
887 329 0 9671
888 329 0 9671
889 329 0 9671
890 329 0 9671
891 329 0 9671
892 329 0 9671
893 329 0 9671
894 329 0 9671
895 329 0 9671
896 329 0 9671
897 329 0 9671
898 329 0 9671
899 329 0 9671
900 329 0 9671
901 329 0 9671
902 329 0 9671
903 329 0 9671
904 329 0 9671
905 329 0 9671
906 329 0 9671
907 329 0 9671
908 329 0 9671
909 329 0 9671
910 329 0 9671
911 329 0 9671
912 329 0 9671
913 329 0 9671
914 329 0 9671
915 329 0 9671
916 329 0 9671
917 329 0 9671
918 329 0 9671
919 329 0 9671
920 329 0 9671
921 329 0 9671
922 329 0 9671
923 329 0 9671
924 329 0 9671
925 329 0 9671
926 329 0 9671
927 329 0 9671
928 329 0 9671
929 329 0 9671
930 329 0 9671
931 329 0 9671
932 329 0 9671
933 329 0 9671
934 329 0 9671
935 329 0 9671
936 329 0 9671
937 329 0 9671
938 329 0 9671
939 329 0 9671
940 329 0 9671
941 329 0 9671
942 329 0 9671
943 329 0 9671
944 329 0 9671
945 329 0 9671
946 329 0 9671
947 329 0 9671
948 329 0 9671
949 329 0 9671
950 329 0 9671
951 329 0 9671
952 329 0 9671
953 329 0 9671
954 329 0 9671
955 329 0 9671
956 329 0 9671
957 329 0 9671
958 329 0 9671
959 329 0 9671
960 329 0 9671
961 329 0 9671
962 329 0 9671
963 329 0 9671
964 329 0 9671
965 329 0 9671
966 329 0 9671
967 329 0 9671
968 329 0 9671
969 329 0 9671
970 329 0 9671
971 329 0 9671
972 329 0 9671
973 329 0 9671
974 329 0 9671
975 329 0 9671
976 329 0 9671
977 329 0 9671
978 329 0 9671
979 329 0 9671
980 329 0 9671
981 329 0 9671
982 329 0 9671
983 329 0 9671
984 329 0 9671
985 329 0 9671
986 329 0 9671
987 329 0 9671
988 329 0 9671
989 329 0 9671
990 329 0 9671
991 329 0 9671
992 329 0 9671
993 329 0 9671
994 329 0 9671
995 329 0 9671
996 329 0 9671
997 329 0 9671
998 329 0 9671
999 329 0 9671
