1 9.991000e-01 8.000000e-04 1.000000e-04
2 9.981560e-01 1.532000e-03 3.120000e-04
3 9.965800e-01 2.800000e-03 6.200000e-04
4 9.935280e-01 5.152000e-03 1.320000e-03
5 9.884720e-01 9.056000e-03 2.472000e-03
6 9.794240e-01 1.597600e-02 4.600000e-03
7 9.648920e-01 2.690400e-02 8.204000e-03
8 9.427480e-01 4.302000e-02 1.423200e-02
9 9.101760e-01 6.593600e-02 2.388800e-02
10 8.661640e-01 9.594800e-02 3.788800e-02
11 8.109200e-01 1.311840e-01 5.789600e-02
12 7.456480e-01 1.700280e-01 8.432400e-02
13 6.714400e-01 2.110520e-01 1.175080e-01
14 5.912440e-01 2.506640e-01 1.580920e-01
15 5.086440e-01 2.863880e-01 2.049680e-01
16 4.287080e-01 3.139360e-01 2.573560e-01
17 3.541000e-01 3.310240e-01 3.148760e-01
18 2.858000e-01 3.395720e-01 3.746280e-01
19 2.266880e-01 3.386240e-01 4.346880e-01
20 1.752080e-01 3.320680e-01 4.927240e-01
21 1.339520e-01 3.162880e-01 5.497600e-01
22 1.022240e-01 2.941080e-01 6.036680e-01
23 7.772800e-02 2.691760e-01 6.530960e-01
24 5.905600e-02 2.428400e-01 6.981040e-01
25 4.548400e-02 2.156920e-01 7.388240e-01
26 3.578800e-02 1.904720e-01 7.737400e-01
27 2.849600e-02 1.665480e-01 8.049560e-01
28 2.403200e-02 1.439680e-01 8.320000e-01
29 2.074000e-02 1.241080e-01 8.551520e-01
30 1.831200e-02 1.060760e-01 8.756120e-01
31 1.653200e-02 9.098000e-02 8.924880e-01
32 1.514800e-02 7.751200e-02 9.073400e-01
33 1.407600e-02 6.608400e-02 9.198400e-01
34 1.336000e-02 5.582800e-02 9.308120e-01
35 1.270000e-02 4.760000e-02 9.397000e-01
36 1.223600e-02 4.026400e-02 9.475000e-01
37 1.184800e-02 3.417600e-02 9.539760e-01
38 1.150400e-02 2.900000e-02 9.594960e-01
39 1.124000e-02 2.468000e-02 9.640800e-01
40 1.106800e-02 2.089600e-02 9.680360e-01
41 1.090400e-02 1.778800e-02 9.713080e-01
42 1.076800e-02 1.517200e-02 9.740600e-01
43 1.065600e-02 1.282800e-02 9.765160e-01
44 1.057200e-02 1.079600e-02 9.786320e-01
45 1.051200e-02 9.288000e-03 9.802000e-01
46 1.042000e-02 7.864000e-03 9.817160e-01
47 1.040400e-02 6.528000e-03 9.830680e-01
48 1.034000e-02 5.584000e-03 9.840760e-01
49 1.031200e-02 4.628000e-03 9.850600e-01
50 1.028800e-02 3.960000e-03 9.857520e-01
51 1.025200e-02 3.356000e-03 9.863920e-01
52 1.022800e-02 2.832000e-03 9.869400e-01
53 1.020400e-02 2.404000e-03 9.873920e-01
54 1.019600e-02 2.020000e-03 9.877840e-01
55 1.018400e-02 1.716000e-03 9.881000e-01
56 1.017600e-02 1.436000e-03 9.883880e-01
57 1.016800e-02 1.268000e-03 9.885640e-01
58 1.015200e-02 1.056000e-03 9.887920e-01
59 1.014800e-02 9.000000e-04 9.889520e-01
60 1.014000e-02 7.280000e-04 9.891320e-01
61 1.014000e-02 5.920000e-04 9.892680e-01
62 1.013200e-02 4.680000e-04 9.894000e-01
63 1.013200e-02 3.960000e-04 9.894720e-01
64 1.013200e-02 3.200000e-04 9.895480e-01
65 1.012800e-02 2.720000e-04 9.896000e-01
66 1.012400e-02 2.320000e-04 9.896440e-01
67 1.012000e-02 1.840000e-04 9.896960e-01
68 1.012000e-02 1.360000e-04 9.897440e-01
69 1.012000e-02 1.000000e-04 9.897800e-01
70 1.011600e-02 8.400000e-05 9.898000e-01
71 1.011200e-02 7.600000e-05 9.898120e-01
72 1.011200e-02 6.800000e-05 9.898200e-01
73 1.011200e-02 6.800000e-05 9.898200e-01
74 1.011200e-02 6.000000e-05 9.898280e-01
75 1.011200e-02 5.600000e-05 9.898320e-01
76 1.011200e-02 4.400000e-05 9.898440e-01
77 1.011200e-02 4.000000e-05 9.898480e-01
78 1.010800e-02 4.000000e-05 9.898520e-01
79 1.010800e-02 2.800000e-05 9.898640e-01
80 1.010800e-02 2.400000e-05 9.898680e-01
81 1.010800e-02 2.000000e-05 9.898720e-01
82 1.010800e-02 8.000000e-06 9.898840e-01
83 1.010800e-02 4.000000e-06 9.898880e-01
84 1.010800e-02 4.000000e-06 9.898880e-01
85 1.010800e-02 4.000000e-06 9.898880e-01
86 1.010800e-02 4.000000e-06 9.898880e-01
87 1.010800e-02 4.000000e-06 9.898880e-01
88 1.010800e-02 4.000000e-06 9.898880e-01
89 1.010800e-02 4.000000e-06 9.898880e-01
90 1.010800e-02 0.000000e+00 9.898920e-01
91 1.010800e-02 0.000000e+00 9.898920e-01
92 1.010800e-02 0.000000e+00 9.898920e-01
93 1.010800e-02 0.000000e+00 9.898920e-01
94 1.010800e-02 0.000000e+00 9.898920e-01
95 1.010800e-02 0.000000e+00 9.898920e-01
96 1.010800e-02 0.000000e+00 9.898920e-01
97 1.010800e-02 0.000000e+00 9.898920e-01
98 1.010800e-02 0.000000e+00 9.898920e-01
99 1.010800e-02 0.000000e+00 9.898920e-01
100 1.010800e-02 0.000000e+00 9.898920e-01
101 1.010800e-02 0.000000e+00 9.898920e-01
102 1.010800e-02 0.000000e+00 9.898920e-01
103 1.010800e-02 0.000000e+00 9.898920e-01
104 1.010800e-02 0.000000e+00 9.898920e-01
105 1.010800e-02 0.000000e+00 9.898920e-01
106 1.010800e-02 0.000000e+00 9.898920e-01
107 1.010800e-02 0.000000e+00 9.898920e-01
108 1.010800e-02 0.000000e+00 9.898920e-01
109 1.010800e-02 0.000000e+00 9.898920e-01
110 1.010800e-02 0.000000e+00 9.898920e-01
111 1.010800e-02 0.000000e+00 9.898920e-01
112 1.010800e-02 0.000000e+00 9.898920e-01
113 1.010800e-02 0.000000e+00 9.898920e-01
114 1.010800e-02 0.000000e+00 9.898920e-01
115 1.010800e-02 0.000000e+00 9.898920e-01
116 1.010800e-02 0.000000e+00 9.898920e-01
117 1.010800e-02 0.000000e+00 9.898920e-01
118 1.010800e-02 0.000000e+00 9.898920e-01
119 1.010800e-02 0.000000e+00 9.898920e-01
120 1.010800e-02 0.000000e+00 9.898920e-01
121 1.010800e-02 0.000000e+00 9.898920e-01
122 1.010800e-02 0.000000e+00 9.898920e-01
123 1.010800e-02 0.000000e+00 9.898920e-01
124 1.010800e-02 0.000000e+00 9.898920e-01
125 1.010800e-02 0.000000e+00 9.898920e-01
126 1.010800e-02 0.000000e+00 9.898920e-01
127 1.010800e-02 0.000000e+00 9.898920e-01
128 1.010800e-02 0.000000e+00 9.898920e-01
129 1.010800e-02 0.000000e+00 9.898920e-01
130 1.010800e-02 0.000000e+00 9.898920e-01
131 1.010800e-02 0.000000e+00 9.898920e-01
132 1.010800e-02 0.000000e+00 9.898920e-01
133 1.010800e-02 0.000000e+00 9.898920e-01
134 1.010800e-02 0.000000e+00 9.898920e-01
135 1.010800e-02 0.000000e+00 9.898920e-01
136 1.010800e-02 0.000000e+00 9.898920e-01
137 1.010800e-02 0.000000e+00 9.898920e-01
138 1.010800e-02 0.000000e+00 9.898920e-01
139 1.010800e-02 0.000000e+00 9.898920e-01
140 1.010800e-02 0.000000e+00 9.898920e-01
141 1.010800e-02 0.000000e+00 9.898920e-01
142 1.010800e-02 0.000000e+00 9.898920e-01
143 1.010800e-02 0.000000e+00 9.898920e-01
144 1.010800e-02 0.000000e+00 9.898920e-01
145 1.010800e-02 0.000000e+00 9.898920e-01
146 1.010800e-02 0.000000e+00 9.898920e-01
147 1.010800e-02 0.000000e+00 9.898920e-01
148 1.010800e-02 0.000000e+00 9.898920e-01
149 1.010800e-02 0.000000e+00 9.898920e-01
150 1.010800e-02 0.000000e+00 9.898920e-01
151 1.010800e-02 0.000000e+00 9.898920e-01
152 1.010800e-02 0.000000e+00 9.898920e-01
153 1.010800e-02 0.000000e+00 9.898920e-01
154 1.010800e-02 0.000000e+00 9.898920e-01
155 1.010800e-02 0.000000e+00 9.898920e-01
156 1.010800e-02 0.000000e+00 9.898920e-01
157 1.010800e-02 0.000000e+00 9.898920e-01
158 1.010800e-02 0.000000e+00 9.898920e-01
159 1.010800e-02 0.000000e+00 9.898920e-01
160 1.010800e-02 0.000000e+00 9.898920e-01
161 1.010800e-02 0.000000e+00 9.898920e-01
162 1.010800e-02 0.000000e+00 9.898920e-01
163 1.010800e-02 0.000000e+00 9.898920e-01
164 1.010800e-02 0.000000e+00 9.898920e-01
165 1.010800e-02 0.000000e+00 9.898920e-01
166 1.010800e-02 0.000000e+00 9.898920e-01
167 1.010800e-02 0.000000e+00 9.898920e-01
168 1.010800e-02 0.000000e+00 9.898920e-01
169 1.010800e-02 0.000000e+00 9.898920e-01
170 1.010800e-02 0.000000e+00 9.898920e-01
171 1.010800e-02 0.000000e+00 9.898920e-01
172 1.010800e-02 0.000000e+00 9.898920e-01
173 1.010800e-02 0.000000e+00 9.898920e-01
174 1.010800e-02 0.000000e+00 9.898920e-01
175 1.010800e-02 0.000000e+00 9.898920e-01
176 1.010800e-02 0.000000e+00 9.898920e-01
177 1.010800e-02 0.000000e+00 9.898920e-01
178 1.010800e-02 0.000000e+00 9.898920e-01
179 1.010800e-02 0.000000e+00 9.898920e-01
180 1.010800e-02 0.000000e+00 9.898920e-01
181 1.010800e-02 0.000000e+00 9.898920e-01
182 1.010800e-02 0.000000e+00 9.898920e-01
183 1.010800e-02 0.000000e+00 9.898920e-01
184 1.010800e-02 0.000000e+00 9.898920e-01
185 1.010800e-02 0.000000e+00 9.898920e-01
186 1.010800e-02 0.000000e+00 9.898920e-01
187 1.010800e-02 0.000000e+00 9.898920e-01
188 1.010800e-02 0.000000e+00 9.898920e-01
189 1.010800e-02 0.000000e+00 9.898920e-01
190 1.010800e-02 0.000000e+00 9.898920e-01
191 1.010800e-02 0.000000e+00 9.898920e-01
192 1.010800e-02 0.000000e+00 9.898920e-01
193 1.010800e-02 0.000000e+00 9.898920e-01
194 1.010800e-02 0.000000e+00 9.898920e-01
195 1.010800e-02 0.000000e+00 9.898920e-01
196 1.010800e-02 0.000000e+00 9.898920e-01
197 1.010800e-02 0.000000e+00 9.898920e-01
198 1.010800e-02 0.000000e+00 9.898920e-01
199 1.010800e-02 0.000000e+00 9.898920e-01
200 1.010800e-02 0.000000e+00 9.898920e-01
201 1.010800e-02 0.000000e+00 9.898920e-01
202 1.010800e-02 0.000000e+00 9.898920e-01
203 1.010800e-02 0.000000e+00 9.898920e-01
204 1.010800e-02 0.000000e+00 9.898920e-01
205 1.010800e-02 0.000000e+00 9.898920e-01
206 1.010800e-02 0.000000e+00 9.898920e-01
207 1.010800e-02 0.000000e+00 9.898920e-01
208 1.010800e-02 0.000000e+00 9.898920e-01
209 1.010800e-02 0.000000e+00 9.898920e-01
210 1.010800e-02 0.000000e+00 9.898920e-01
211 1.010800e-02 0.000000e+00 9.898920e-01
212 1.010800e-02 0.000000e+00 9.898920e-01
213 1.010800e-02 0.000000e+00 9.898920e-01
214 1.010800e-02 0.000000e+00 9.898920e-01
215 1.010800e-02 0.000000e+00 9.898920e-01
216 1.010800e-02 0.000000e+00 9.898920e-01
217 1.010800e-02 0.000000e+00 9.898920e-01
218 1.010800e-02 0.000000e+00 9.898920e-01
219 1.010800e-02 0.000000e+00 9.898920e-01
220 1.010800e-02 0.000000e+00 9.898920e-01
221 1.010800e-02 0.000000e+00 9.898920e-01
222 1.010800e-02 0.000000e+00 9.898920e-01
223 1.010800e-02 0.000000e+00 9.898920e-01
224 1.010800e-02 0.000000e+00 9.898920e-01
225 1.010800e-02 0.000000e+00 9.898920e-01
226 1.010800e-02 0.000000e+00 9.898920e-01
227 1.010800e-02 0.000000e+00 9.898920e-01
228 1.010800e-02 0.000000e+00 9.898920e-01
229 1.010800e-02 0.000000e+00 9.898920e-01
230 1.010800e-02 0.000000e+00 9.898920e-01
231 1.010800e-02 0.000000e+00 9.898920e-01
232 1.010800e-02 0.000000e+00 9.898920e-01
233 1.010800e-02 0.000000e+00 9.898920e-01
234 1.010800e-02 0.000000e+00 9.898920e-01
235 1.010800e-02 0.000000e+00 9.898920e-01
236 1.010800e-02 0.000000e+00 9.898920e-01
237 1.010800e-02 0.000000e+00 9.898920e-01
238 1.010800e-02 0.000000e+00 9.898920e-01
239 1.010800e-02 0.000000e+00 9.898920e-01
240 1.010800e-02 0.000000e+00 9.898920e-01
241 1.010800e-02 0.000000e+00 9.898920e-01
242 1.010800e-02 0.000000e+00 9.898920e-01
243 1.010800e-02 0.000000e+00 9.898920e-01
244 1.010800e-02 0.000000e+00 9.898920e-01
245 1.010800e-02 0.000000e+00 9.898920e-01
246 1.010800e-02 0.000000e+00 9.898920e-01
247 1.010800e-02 0.000000e+00 9.898920e-01
248 1.010800e-02 0.000000e+00 9.898920e-01
249 1.010800e-02 0.000000e+00 9.898920e-01
250 1.010800e-02 0.000000e+00 9.898920e-01
251 1.010800e-02 0.000000e+00 9.898920e-01
252 1.010800e-02 0.000000e+00 9.898920e-01
253 1.010800e-02 0.000000e+00 9.898920e-01
254 1.010800e-02 0.000000e+00 9.898920e-01
255 1.010800e-02 0.000000e+00 9.898920e-01
256 1.010800e-02 0.000000e+00 9.898920e-01
257 1.010800e-02 0.000000e+00 9.898920e-01
258 1.010800e-02 0.000000e+00 9.898920e-01
259 1.010800e-02 0.000000e+00 9.898920e-01
260 1.010800e-02 0.000000e+00 9.898920e-01
261 1.010800e-02 0.000000e+00 9.898920e-01
262 1.010800e-02 0.000000e+00 9.898920e-01
263 1.010800e-02 0.000000e+00 9.898920e-01
264 1.010800e-02 0.000000e+00 9.898920e-01
265 1.010800e-02 0.000000e+00 9.898920e-01
266 1.010800e-02 0.000000e+00 9.898920e-01
267 1.010800e-02 0.000000e+00 9.898920e-01
268 1.010800e-02 0.000000e+00 9.898920e-01
269 1.010800e-02 0.000000e+00 9.898920e-01
270 1.010800e-02 0.000000e+00 9.898920e-01
271 1.010800e-02 0.000000e+00 9.898920e-01
272 1.010800e-02 0.000000e+00 9.898920e-01
273 1.010800e-02 0.000000e+00 9.898920e-01
274 1.010800e-02 0.000000e+00 9.898920e-01
275 1.010800e-02 0.000000e+00 9.898920e-01
276 1.010800e-02 0.000000e+00 9.898920e-01
277 1.010800e-02 0.000000e+00 9.898920e-01
278 1.010800e-02 0.000000e+00 9.898920e-01
279 1.010800e-02 0.000000e+00 9.898920e-01
280 1.010800e-02 0.000000e+00 9.898920e-01
281 1.010800e-02 0.000000e+00 9.898920e-01
282 1.010800e-02 0.000000e+00 9.898920e-01
283 1.010800e-02 0.000000e+00 9.898920e-01
284 1.010800e-02 0.000000e+00 9.898920e-01
285 1.010800e-02 0.000000e+00 9.898920e-01
286 1.010800e-02 0.000000e+00 9.898920e-01
287 1.010800e-02 0.000000e+00 9.898920e-01
288 1.010800e-02 0.000000e+00 9.898920e-01
289 1.010800e-02 0.000000e+00 9.898920e-01
290 1.010800e-02 0.000000e+00 9.898920e-01
291 1.010800e-02 0.000000e+00 9.898920e-01
292 1.010800e-02 0.000000e+00 9.898920e-01
293 1.010800e-02 0.000000e+00 9.898920e-01
294 1.010800e-02 0.000000e+00 9.898920e-01
295 1.010800e-02 0.000000e+00 9.898920e-01
296 1.010800e-02 0.000000e+00 9.898920e-01
297 1.010800e-02 0.000000e+00 9.898920e-01
298 1.010800e-02 0.000000e+00 9.898920e-01
299 1.010800e-02 0.000000e+00 9.898920e-01
300 1.010800e-02 0.000000e+00 9.898920e-01
301 1.010800e-02 0.000000e+00 9.898920e-01
302 1.010800e-02 0.000000e+00 9.898920e-01
303 1.010800e-02 0.000000e+00 9.898920e-01
304 1.010800e-02 0.000000e+00 9.898920e-01
305 1.010800e-02 0.000000e+00 9.898920e-01
306 1.010800e-02 0.000000e+00 9.898920e-01
307 1.010800e-02 0.000000e+00 9.898920e-01
308 1.010800e-02 0.000000e+00 9.898920e-01
309 1.010800e-02 0.000000e+00 9.898920e-01
310 1.010800e-02 0.000000e+00 9.898920e-01
311 1.010800e-02 0.000000e+00 9.898920e-01
312 1.010800e-02 0.000000e+00 9.898920e-01
313 1.010800e-02 0.000000e+00 9.898920e-01
314 1.010800e-02 0.000000e+00 9.898920e-01
315 1.010800e-02 0.000000e+00 9.898920e-01
316 1.010800e-02 0.000000e+00 9.898920e-01
317 1.010800e-02 0.000000e+00 9.898920e-01
318 1.010800e-02 0.000000e+00 9.898920e-01
319 1.010800e-02 0.000000e+00 9.898920e-01
320 1.010800e-02 0.000000e+00 9.898920e-01
321 1.010800e-02 0.000000e+00 9.898920e-01
322 1.010800e-02 0.000000e+00 9.898920e-01
323 1.010800e-02 0.000000e+00 9.898920e-01
324 1.010800e-02 0.000000e+00 9.898920e-01
325 1.010800e-02 0.000000e+00 9.898920e-01
326 1.010800e-02 0.000000e+00 9.898920e-01
327 1.010800e-02 0.000000e+00 9.898920e-01
328 1.010800e-02 0.000000e+00 9.898920e-01
329 1.010800e-02 0.000000e+00 9.898920e-01
330 1.010800e-02 0.000000e+00 9.898920e-01
331 1.010800e-02 0.000000e+00 9.898920e-01
332 1.010800e-02 0.000000e+00 9.898920e-01
333 1.010800e-02 0.000000e+00 9.898920e-01
334 1.010800e-02 0.000000e+00 9.898920e-01
335 1.010800e-02 0.000000e+00 9.898920e-01
336 1.010800e-02 0.000000e+00 9.898920e-01
337 1.010800e-02 0.000000e+00 9.898920e-01
338 1.010800e-02 0.000000e+00 9.898920e-01
339 1.010800e-02 0.000000e+00 9.898920e-01
340 1.010800e-02 0.000000e+00 9.898920e-01
341 1.010800e-02 0.000000e+00 9.898920e-01
342 1.010800e-02 0.000000e+00 9.898920e-01
343 1.010800e-02 0.000000e+00 9.898920e-01
344 1.010800e-02 0.000000e+00 9.898920e-01
345 1.010800e-02 0.000000e+00 9.898920e-01
346 1.010800e-02 0.000000e+00 9.898920e-01
347 1.010800e-02 0.000000e+00 9.898920e-01
348 1.010800e-02 0.000000e+00 9.898920e-01
349 1.010800e-02 0.000000e+00 9.898920e-01
350 1.010800e-02 0.000000e+00 9.898920e-01
351 1.010800e-02 0.000000e+00 9.898920e-01
352 1.010800e-02 0.000000e+00 9.898920e-01
353 1.010800e-02 0.000000e+00 9.898920e-01
354 1.010800e-02 0.000000e+00 9.898920e-01
355 1.010800e-02 0.000000e+00 9.898920e-01
356 1.010800e-02 0.000000e+00 9.898920e-01
357 1.010800e-02 0.000000e+00 9.898920e-01
358 1.010800e-02 0.000000e+00 9.898920e-01
359 1.010800e-02 0.000000e+00 9.898920e-01
360 1.010800e-02 0.000000e+00 9.898920e-01
361 1.010800e-02 0.000000e+00 9.898920e-01
362 1.010800e-02 0.000000e+00 9.898920e-01
363 1.010800e-02 0.000000e+00 9.898920e-01
364 1.010800e-02 0.000000e+00 9.898920e-01
365 1.010800e-02 0.000000e+00 9.898920e-01
366 1.010800e-02 0.000000e+00 9.898920e-01
367 1.010800e-02 0.000000e+00 9.898920e-01
368 1.010800e-02 0.000000e+00 9.898920e-01
369 1.010800e-02 0.000000e+00 9.898920e-01
370 1.010800e-02 0.000000e+00 9.898920e-01
371 1.010800e-02 0.000000e+00 9.898920e-01
372 1.010800e-02 0.000000e+00 9.898920e-01
373 1.010800e-02 0.000000e+00 9.898920e-01
374 1.010800e-02 0.000000e+00 9.898920e-01
375 1.010800e-02 0.000000e+00 9.898920e-01
376 1.010800e-02 0.000000e+00 9.898920e-01
377 1.010800e-02 0.000000e+00 9.898920e-01
378 1.010800e-02 0.000000e+00 9.898920e-01
379 1.010800e-02 0.000000e+00 9.898920e-01
380 1.010800e-02 0.000000e+00 9.898920e-01
381 1.010800e-02 0.000000e+00 9.898920e-01
382 1.010800e-02 0.000000e+00 9.898920e-01
383 1.010800e-02 0.000000e+00 9.898920e-01
384 1.010800e-02 0.000000e+00 9.898920e-01
385 1.010800e-02 0.000000e+00 9.898920e-01
386 1.010800e-02 0.000000e+00 9.898920e-01
387 1.010800e-02 0.000000e+00 9.898920e-01
388 1.010800e-02 0.000000e+00 9.898920e-01
389 1.010800e-02 0.000000e+00 9.898920e-01
390 1.010800e-02 0.000000e+00 9.898920e-01
391 1.010800e-02 0.000000e+00 9.898920e-01
392 1.010800e-02 0.000000e+00 9.898920e-01
393 1.010800e-02 0.000000e+00 9.898920e-01
394 1.010800e-02 0.000000e+00 9.898920e-01
395 1.010800e-02 0.000000e+00 9.898920e-01
396 1.010800e-02 0.000000e+00 9.898920e-01
397 1.010800e-02 0.000000e+00 9.898920e-01
398 1.010800e-02 0.000000e+00 9.898920e-01
399 1.010800e-02 0.000000e+00 9.898920e-01
400 1.010800e-02 0.000000e+00 9.898920e-01
401 1.010800e-02 0.000000e+00 9.898920e-01
402 1.010800e-02 0.000000e+00 9.898920e-01
403 1.010800e-02 0.000000e+00 9.898920e-01
404 1.010800e-02 0.000000e+00 9.898920e-01
405 1.010800e-02 0.000000e+00 9.898920e-01
406 1.010800e-02 0.000000e+00 9.898920e-01
407 1.010800e-02 0.000000e+00 9.898920e-01
408 1.010800e-02 0.000000e+00 9.898920e-01
409 1.010800e-02 0.000000e+00 9.898920e-01
410 1.010800e-02 0.000000e+00 9.898920e-01
411 1.010800e-02 0.000000e+00 9.898920e-01
412 1.010800e-02 0.000000e+00 9.898920e-01
413 1.010800e-02 0.000000e+00 9.898920e-01
414 1.010800e-02 0.000000e+00 9.898920e-01
415 1.010800e-02 0.000000e+00 9.898920e-01
416 1.010800e-02 0.000000e+00 9.898920e-01
417 1.010800e-02 0.000000e+00 9.898920e-01
418 1.010800e-02 0.000000e+00 9.898920e-01
419 1.010800e-02 0.000000e+00 9.898920e-01
420 1.010800e-02 0.000000e+00 9.898920e-01
421 1.010800e-02 0.000000e+00 9.898920e-01
422 1.010800e-02 0.000000e+00 9.898920e-01
423 1.010800e-02 0.000000e+00 9.898920e-01
424 1.010800e-02 0.000000e+00 9.898920e-01
425 1.010800e-02 0.000000e+00 9.898920e-01
426 1.010800e-02 0.000000e+00 9.898920e-01
427 1.010800e-02 0.000000e+00 9.898920e-01
428 1.010800e-02 0.000000e+00 9.898920e-01
429 1.010800e-02 0.000000e+00 9.898920e-01
430 1.010800e-02 0.000000e+00 9.898920e-01
431 1.010800e-02 0.000000e+00 9.898920e-01
432 1.010800e-02 0.000000e+00 9.898920e-01
433 1.010800e-02 0.000000e+00 9.898920e-01
434 1.010800e-02 0.000000e+00 9.898920e-01
435 1.010800e-02 0.000000e+00 9.898920e-01
436 1.010800e-02 0.000000e+00 9.898920e-01
437 1.010800e-02 0.000000e+00 9.898920e-01
438 1.010800e-02 0.000000e+00 9.898920e-01
439 1.010800e-02 0.000000e+00 9.898920e-01
440 1.010800e-02 0.000000e+00 9.898920e-01
441 1.010800e-02 0.000000e+00 9.898920e-01
442 1.010800e-02 0.000000e+00 9.898920e-01
443 1.010800e-02 0.000000e+00 9.898920e-01
444 1.010800e-02 0.000000e+00 9.898920e-01
445 1.010800e-02 0.000000e+00 9.898920e-01
446 1.010800e-02 0.000000e+00 9.898920e-01
447 1.010800e-02 0.000000e+00 9.898920e-01
448 1.010800e-02 0.000000e+00 9.898920e-01
449 1.010800e-02 0.000000e+00 9.898920e-01
450 1.010800e-02 0.000000e+00 9.898920e-01
451 1.010800e-02 0.000000e+00 9.898920e-01
452 1.010800e-02 0.000000e+00 9.898920e-01
453 1.010800e-02 0.000000e+00 9.898920e-01
454 1.010800e-02 0.000000e+00 9.898920e-01
455 1.010800e-02 0.000000e+00 9.898920e-01
456 1.010800e-02 0.000000e+00 9.898920e-01
457 1.010800e-02 0.000000e+00 9.898920e-01
458 1.010800e-02 0.000000e+00 9.898920e-01
459 1.010800e-02 0.000000e+00 9.898920e-01
460 1.010800e-02 0.000000e+00 9.898920e-01
461 1.010800e-02 0.000000e+00 9.898920e-01
462 1.010800e-02 0.000000e+00 9.898920e-01
463 1.010800e-02 0.000000e+00 9.898920e-01
464 1.010800e-02 0.000000e+00 9.898920e-01
465 1.010800e-02 0.000000e+00 9.898920e-01
466 1.010800e-02 0.000000e+00 9.898920e-01
467 1.010800e-02 0.000000e+00 9.898920e-01
468 1.010800e-02 0.000000e+00 9.898920e-01
469 1.010800e-02 0.000000e+00 9.898920e-01
470 1.010800e-02 0.000000e+00 9.898920e-01
471 1.010800e-02 0.000000e+00 9.898920e-01
472 1.010800e-02 0.000000e+00 9.898920e-01
473 1.010800e-02 0.000000e+00 9.898920e-01
474 1.010800e-02 0.000000e+00 9.898920e-01
475 1.010800e-02 0.000000e+00 9.898920e-01
476 1.010800e-02 0.000000e+00 9.898920e-01
477 1.010800e-02 0.000000e+00 9.898920e-01
478 1.010800e-02 0.000000e+00 9.898920e-01
479 1.010800e-02 0.000000e+00 9.898920e-01
480 1.010800e-02 0.000000e+00 9.898920e-01
481 1.010800e-02 0.000000e+00 9.898920e-01
482 1.010800e-02 0.000000e+00 9.898920e-01
483 1.010800e-02 0.000000e+00 9.898920e-01
484 1.010800e-02 0.000000e+00 9.898920e-01
485 1.010800e-02 0.000000e+00 9.898920e-01
486 1.010800e-02 0.000000e+00 9.898920e-01
487 1.010800e-02 0.000000e+00 9.898920e-01
488 1.010800e-02 0.000000e+00 9.898920e-01
489 1.010800e-02 0.000000e+00 9.898920e-01
490 1.010800e-02 0.000000e+00 9.898920e-01
491 1.010800e-02 0.000000e+00 9.898920e-01
492 1.010800e-02 0.000000e+00 9.898920e-01
493 1.010800e-02 0.000000e+00 9.898920e-01
494 1.010800e-02 0.000000e+00 9.898920e-01
495 1.010800e-02 0.000000e+00 9.898920e-01
496 1.010800e-02 0.000000e+00 9.898920e-01
497 1.010800e-02 0.000000e+00 9.898920e-01
498 1.010800e-02 0.000000e+00 9.898920e-01
499 1.010800e-02 0.000000e+00 9.898920e-01
500 1.010800e-02 0.000000e+00 9.898920e-01
