1 9.991840e-01 7.240000e-04 9.200000e-05
2 9.983680e-01 1.340000e-03 2.920000e-04
3 9.966920e-01 2.692000e-03 6.160000e-04
4 9.936040e-01 5.224000e-03 1.172000e-03
5 9.881800e-01 9.476000e-03 2.344000e-03
6 9.786720e-01 1.677200e-02 4.556000e-03
7 9.633240e-01 2.821600e-02 8.460000e-03
8 9.391960e-01 4.617200e-02 1.463200e-02
9 9.032200e-01 7.194800e-02 2.483200e-02
10 8.551640e-01 1.047480e-01 4.008800e-02
11 7.941640e-01 1.438480e-01 6.198800e-02
12 7.232400e-01 1.862720e-01 9.048800e-02
13 6.451280e-01 2.282080e-01 1.266640e-01
14 5.617160e-01 2.686120e-01 1.696720e-01
15 4.782760e-01 3.018240e-01 2.199000e-01
16 3.955560e-01 3.288600e-01 2.755840e-01
17 3.184400e-01 3.461600e-01 3.354000e-01
18 2.498360e-01 3.532600e-01 3.969040e-01
19 1.904160e-01 3.502920e-01 4.592920e-01
20 1.420600e-01 3.381560e-01 5.197840e-01
21 1.051160e-01 3.168920e-01 5.779920e-01
22 7.793600e-02 2.907520e-01 6.313120e-01
23 5.849600e-02 2.611360e-01 6.803680e-01
24 4.505200e-02 2.322680e-01 7.226800e-01
25 3.580000e-02 2.033560e-01 7.608440e-01
26 2.922400e-02 1.765120e-01 7.942640e-01
27 2.460800e-02 1.525480e-01 8.228440e-01
28 2.134000e-02 1.310680e-01 8.475920e-01
29 1.884800e-02 1.126800e-01 8.684720e-01
30 1.712400e-02 9.573600e-02 8.871400e-01
31 1.565600e-02 8.159200e-02 9.027520e-01
32 1.459200e-02 6.966800e-02 9.157400e-01
33 1.378400e-02 5.920800e-02 9.270080e-01
34 1.310000e-02 5.048000e-02 9.364200e-01
35 1.260400e-02 4.276800e-02 9.446280e-01
36 1.216000e-02 3.618000e-02 9.516600e-01
37 1.182000e-02 3.066400e-02 9.575160e-01
38 1.149200e-02 2.596000e-02 9.625480e-01
39 1.128400e-02 2.194000e-02 9.667760e-01
40 1.110800e-02 1.875200e-02 9.701400e-01
41 1.098000e-02 1.582000e-02 9.732000e-01
42 1.086000e-02 1.336400e-02 9.757760e-01
43 1.074800e-02 1.123200e-02 9.780200e-01
44 1.066400e-02 9.356000e-03 9.799800e-01
45 1.060800e-02 7.876000e-03 9.815160e-01
46 1.055200e-02 6.608000e-03 9.828400e-01
47 1.052400e-02 5.576000e-03 9.839000e-01
48 1.048000e-02 4.744000e-03 9.847760e-01
49 1.045200e-02 3.908000e-03 9.856400e-01
50 1.041200e-02 3.300000e-03 9.862880e-01
51 1.037200e-02 2.824000e-03 9.868040e-01
52 1.034800e-02 2.444000e-03 9.872080e-01
53 1.032400e-02 2.044000e-03 9.876320e-01
54 1.030400e-02 1.776000e-03 9.879200e-01
55 1.028800e-02 1.472000e-03 9.882400e-01
56 1.025600e-02 1.264000e-03 9.884800e-01
57 1.024400e-02 1.092000e-03 9.886640e-01
58 1.023200e-02 9.520000e-04 9.888160e-01
59 1.022400e-02 8.440000e-04 9.889320e-01
60 1.021600e-02 6.920000e-04 9.890920e-01
61 1.020000e-02 5.840000e-04 9.892160e-01
62 1.020000e-02 5.120000e-04 9.892880e-01
63 1.019200e-02 4.480000e-04 9.893600e-01
64 1.018800e-02 4.040000e-04 9.894080e-01
65 1.018400e-02 3.280000e-04 9.894880e-01
66 1.018000e-02 2.920000e-04 9.895280e-01
67 1.018000e-02 2.640000e-04 9.895560e-01
68 1.017600e-02 2.240000e-04 9.896000e-01
69 1.017200e-02 1.960000e-04 9.896320e-01
70 1.017200e-02 1.640000e-04 9.896640e-01
71 1.017200e-02 1.240000e-04 9.897040e-01
72 1.017200e-02 1.160000e-04 9.897120e-01
73 1.017200e-02 1.000000e-04 9.897280e-01
74 1.017200e-02 8.400000e-05 9.897440e-01
75 1.017200e-02 6.800000e-05 9.897600e-01
76 1.017200e-02 5.200000e-05 9.897760e-01
77 1.017200e-02 4.400000e-05 9.897840e-01
78 1.017200e-02 4.000000e-05 9.897880e-01
79 1.016800e-02 3.600000e-05 9.897960e-01
80 1.016400e-02 3.200000e-05 9.898040e-01
81 1.016400e-02 2.800000e-05 9.898080e-01
82 1.016400e-02 2.800000e-05 9.898080e-01
83 1.016400e-02 2.000000e-05 9.898160e-01
84 1.016400e-02 1.600000e-05 9.898200e-01
85 1.016400e-02 1.600000e-05 9.898200e-01
86 1.016400e-02 1.200000e-05 9.898240e-01
87 1.016400e-02 1.200000e-05 9.898240e-01
88 1.016400e-02 1.200000e-05 9.898240e-01
89 1.016400e-02 8.000000e-06 9.898280e-01
90 1.016400e-02 8.000000e-06 9.898280e-01
91 1.016400e-02 8.000000e-06 9.898280e-01
92 1.016400e-02 8.000000e-06 9.898280e-01
93 1.016400e-02 4.000000e-06 9.898320e-01
94 1.016400e-02 4.000000e-06 9.898320e-01
95 1.016400e-02 4.000000e-06 9.898320e-01
96 1.016400e-02 4.000000e-06 9.898320e-01
97 1.016400e-02 4.000000e-06 9.898320e-01
98 1.016400e-02 0.000000e+00 9.898360e-01
99 1.016400e-02 0.000000e+00 9.898360e-01
100 1.016400e-02 0.000000e+00 9.898360e-01
101 1.016400e-02 0.000000e+00 9.898360e-01
102 1.016400e-02 0.000000e+00 9.898360e-01
103 1.016400e-02 0.000000e+00 9.898360e-01
104 1.016400e-02 0.000000e+00 9.898360e-01
105 1.016400e-02 0.000000e+00 9.898360e-01
106 1.016400e-02 0.000000e+00 9.898360e-01
107 1.016400e-02 0.000000e+00 9.898360e-01
108 1.016400e-02 0.000000e+00 9.898360e-01
109 1.016400e-02 0.000000e+00 9.898360e-01
110 1.016400e-02 0.000000e+00 9.898360e-01
111 1.016400e-02 0.000000e+00 9.898360e-01
112 1.016400e-02 0.000000e+00 9.898360e-01
113 1.016400e-02 0.000000e+00 9.898360e-01
114 1.016400e-02 0.000000e+00 9.898360e-01
115 1.016400e-02 0.000000e+00 9.898360e-01
116 1.016400e-02 0.000000e+00 9.898360e-01
117 1.016400e-02 0.000000e+00 9.898360e-01
118 1.016400e-02 0.000000e+00 9.898360e-01
119 1.016400e-02 0.000000e+00 9.898360e-01
120 1.016400e-02 0.000000e+00 9.898360e-01
121 1.016400e-02 0.000000e+00 9.898360e-01
122 1.016400e-02 0.000000e+00 9.898360e-01
123 1.016400e-02 0.000000e+00 9.898360e-01
124 1.016400e-02 0.000000e+00 9.898360e-01
125 1.016400e-02 0.000000e+00 9.898360e-01
126 1.016400e-02 0.000000e+00 9.898360e-01
127 1.016400e-02 0.000000e+00 9.898360e-01
128 1.016400e-02 0.000000e+00 9.898360e-01
129 1.016400e-02 0.000000e+00 9.898360e-01
130 1.016400e-02 0.000000e+00 9.898360e-01
131 1.016400e-02 0.000000e+00 9.898360e-01
132 1.016400e-02 0.000000e+00 9.898360e-01
133 1.016400e-02 0.000000e+00 9.898360e-01
134 1.016400e-02 0.000000e+00 9.898360e-01
135 1.016400e-02 0.000000e+00 9.898360e-01
136 1.016400e-02 0.000000e+00 9.898360e-01
137 1.016400e-02 0.000000e+00 9.898360e-01
138 1.016400e-02 0.000000e+00 9.898360e-01
139 1.016400e-02 0.000000e+00 9.898360e-01
140 1.016400e-02 0.000000e+00 9.898360e-01
141 1.016400e-02 0.000000e+00 9.898360e-01
142 1.016400e-02 0.000000e+00 9.898360e-01
143 1.016400e-02 0.000000e+00 9.898360e-01
144 1.016400e-02 0.000000e+00 9.898360e-01
145 1.016400e-02 0.000000e+00 9.898360e-01
146 1.016400e-02 0.000000e+00 9.898360e-01
147 1.016400e-02 0.000000e+00 9.898360e-01
148 1.016400e-02 0.000000e+00 9.898360e-01
149 1.016400e-02 0.000000e+00 9.898360e-01
150 1.016400e-02 0.000000e+00 9.898360e-01
151 1.016400e-02 0.000000e+00 9.898360e-01
152 1.016400e-02 0.000000e+00 9.898360e-01
153 1.016400e-02 0.000000e+00 9.898360e-01
154 1.016400e-02 0.000000e+00 9.898360e-01
155 1.016400e-02 0.000000e+00 9.898360e-01
156 1.016400e-02 0.000000e+00 9.898360e-01
157 1.016400e-02 0.000000e+00 9.898360e-01
158 1.016400e-02 0.000000e+00 9.898360e-01
159 1.016400e-02 0.000000e+00 9.898360e-01
160 1.016400e-02 0.000000e+00 9.898360e-01
161 1.016400e-02 0.000000e+00 9.898360e-01
162 1.016400e-02 0.000000e+00 9.898360e-01
163 1.016400e-02 0.000000e+00 9.898360e-01
164 1.016400e-02 0.000000e+00 9.898360e-01
165 1.016400e-02 0.000000e+00 9.898360e-01
166 1.016400e-02 0.000000e+00 9.898360e-01
167 1.016400e-02 0.000000e+00 9.898360e-01
168 1.016400e-02 0.000000e+00 9.898360e-01
169 1.016400e-02 0.000000e+00 9.898360e-01
170 1.016400e-02 0.000000e+00 9.898360e-01
171 1.016400e-02 0.000000e+00 9.898360e-01
172 1.016400e-02 0.000000e+00 9.898360e-01
173 1.016400e-02 0.000000e+00 9.898360e-01
174 1.016400e-02 0.000000e+00 9.898360e-01
175 1.016400e-02 0.000000e+00 9.898360e-01
176 1.016400e-02 0.000000e+00 9.898360e-01
177 1.016400e-02 0.000000e+00 9.898360e-01
178 1.016400e-02 0.000000e+00 9.898360e-01
179 1.016400e-02 0.000000e+00 9.898360e-01
180 1.016400e-02 0.000000e+00 9.898360e-01
181 1.016400e-02 0.000000e+00 9.898360e-01
182 1.016400e-02 0.000000e+00 9.898360e-01
183 1.016400e-02 0.000000e+00 9.898360e-01
184 1.016400e-02 0.000000e+00 9.898360e-01
185 1.016400e-02 0.000000e+00 9.898360e-01
186 1.016400e-02 0.000000e+00 9.898360e-01
187 1.016400e-02 0.000000e+00 9.898360e-01
188 1.016400e-02 0.000000e+00 9.898360e-01
189 1.016400e-02 0.000000e+00 9.898360e-01
190 1.016400e-02 0.000000e+00 9.898360e-01
191 1.016400e-02 0.000000e+00 9.898360e-01
192 1.016400e-02 0.000000e+00 9.898360e-01
193 1.016400e-02 0.000000e+00 9.898360e-01
194 1.016400e-02 0.000000e+00 9.898360e-01
195 1.016400e-02 0.000000e+00 9.898360e-01
196 1.016400e-02 0.000000e+00 9.898360e-01
197 1.016400e-02 0.000000e+00 9.898360e-01
198 1.016400e-02 0.000000e+00 9.898360e-01
199 1.016400e-02 0.000000e+00 9.898360e-01
200 1.016400e-02 0.000000e+00 9.898360e-01
201 1.016400e-02 0.000000e+00 9.898360e-01
202 1.016400e-02 0.000000e+00 9.898360e-01
203 1.016400e-02 0.000000e+00 9.898360e-01
204 1.016400e-02 0.000000e+00 9.898360e-01
205 1.016400e-02 0.000000e+00 9.898360e-01
206 1.016400e-02 0.000000e+00 9.898360e-01
207 1.016400e-02 0.000000e+00 9.898360e-01
208 1.016400e-02 0.000000e+00 9.898360e-01
209 1.016400e-02 0.000000e+00 9.898360e-01
210 1.016400e-02 0.000000e+00 9.898360e-01
211 1.016400e-02 0.000000e+00 9.898360e-01
212 1.016400e-02 0.000000e+00 9.898360e-01
213 1.016400e-02 0.000000e+00 9.898360e-01
214 1.016400e-02 0.000000e+00 9.898360e-01
215 1.016400e-02 0.000000e+00 9.898360e-01
216 1.016400e-02 0.000000e+00 9.898360e-01
217 1.016400e-02 0.000000e+00 9.898360e-01
218 1.016400e-02 0.000000e+00 9.898360e-01
219 1.016400e-02 0.000000e+00 9.898360e-01
220 1.016400e-02 0.000000e+00 9.898360e-01
221 1.016400e-02 0.000000e+00 9.898360e-01
222 1.016400e-02 0.000000e+00 9.898360e-01
223 1.016400e-02 0.000000e+00 9.898360e-01
224 1.016400e-02 0.000000e+00 9.898360e-01
225 1.016400e-02 0.000000e+00 9.898360e-01
226 1.016400e-02 0.000000e+00 9.898360e-01
227 1.016400e-02 0.000000e+00 9.898360e-01
228 1.016400e-02 0.000000e+00 9.898360e-01
229 1.016400e-02 0.000000e+00 9.898360e-01
230 1.016400e-02 0.000000e+00 9.898360e-01
231 1.016400e-02 0.000000e+00 9.898360e-01
232 1.016400e-02 0.000000e+00 9.898360e-01
233 1.016400e-02 0.000000e+00 9.898360e-01
234 1.016400e-02 0.000000e+00 9.898360e-01
235 1.016400e-02 0.000000e+00 9.898360e-01
236 1.016400e-02 0.000000e+00 9.898360e-01
237 1.016400e-02 0.000000e+00 9.898360e-01
238 1.016400e-02 0.000000e+00 9.898360e-01
239 1.016400e-02 0.000000e+00 9.898360e-01
240 1.016400e-02 0.000000e+00 9.898360e-01
241 1.016400e-02 0.000000e+00 9.898360e-01
242 1.016400e-02 0.000000e+00 9.898360e-01
243 1.016400e-02 0.000000e+00 9.898360e-01
244 1.016400e-02 0.000000e+00 9.898360e-01
245 1.016400e-02 0.000000e+00 9.898360e-01
246 1.016400e-02 0.000000e+00 9.898360e-01
247 1.016400e-02 0.000000e+00 9.898360e-01
248 1.016400e-02 0.000000e+00 9.898360e-01
249 1.016400e-02 0.000000e+00 9.898360e-01
250 1.016400e-02 0.000000e+00 9.898360e-01
251 1.016400e-02 0.000000e+00 9.898360e-01
252 1.016400e-02 0.000000e+00 9.898360e-01
253 1.016400e-02 0.000000e+00 9.898360e-01
254 1.016400e-02 0.000000e+00 9.898360e-01
255 1.016400e-02 0.000000e+00 9.898360e-01
256 1.016400e-02 0.000000e+00 9.898360e-01
257 1.016400e-02 0.000000e+00 9.898360e-01
258 1.016400e-02 0.000000e+00 9.898360e-01
259 1.016400e-02 0.000000e+00 9.898360e-01
260 1.016400e-02 0.000000e+00 9.898360e-01
261 1.016400e-02 0.000000e+00 9.898360e-01
262 1.016400e-02 0.000000e+00 9.898360e-01
263 1.016400e-02 0.000000e+00 9.898360e-01
264 1.016400e-02 0.000000e+00 9.898360e-01
265 1.016400e-02 0.000000e+00 9.898360e-01
266 1.016400e-02 0.000000e+00 9.898360e-01
267 1.016400e-02 0.000000e+00 9.898360e-01
268 1.016400e-02 0.000000e+00 9.898360e-01
269 1.016400e-02 0.000000e+00 9.898360e-01
270 1.016400e-02 0.000000e+00 9.898360e-01
271 1.016400e-02 0.000000e+00 9.898360e-01
272 1.016400e-02 0.000000e+00 9.898360e-01
273 1.016400e-02 0.000000e+00 9.898360e-01
274 1.016400e-02 0.000000e+00 9.898360e-01
275 1.016400e-02 0.000000e+00 9.898360e-01
276 1.016400e-02 0.000000e+00 9.898360e-01
277 1.016400e-02 0.000000e+00 9.898360e-01
278 1.016400e-02 0.000000e+00 9.898360e-01
279 1.016400e-02 0.000000e+00 9.898360e-01
280 1.016400e-02 0.000000e+00 9.898360e-01
281 1.016400e-02 0.000000e+00 9.898360e-01
282 1.016400e-02 0.000000e+00 9.898360e-01
283 1.016400e-02 0.000000e+00 9.898360e-01
284 1.016400e-02 0.000000e+00 9.898360e-01
285 1.016400e-02 0.000000e+00 9.898360e-01
286 1.016400e-02 0.000000e+00 9.898360e-01
287 1.016400e-02 0.000000e+00 9.898360e-01
288 1.016400e-02 0.000000e+00 9.898360e-01
289 1.016400e-02 0.000000e+00 9.898360e-01
290 1.016400e-02 0.000000e+00 9.898360e-01
291 1.016400e-02 0.000000e+00 9.898360e-01
292 1.016400e-02 0.000000e+00 9.898360e-01
293 1.016400e-02 0.000000e+00 9.898360e-01
294 1.016400e-02 0.000000e+00 9.898360e-01
295 1.016400e-02 0.000000e+00 9.898360e-01
296 1.016400e-02 0.000000e+00 9.898360e-01
297 1.016400e-02 0.000000e+00 9.898360e-01
298 1.016400e-02 0.000000e+00 9.898360e-01
299 1.016400e-02 0.000000e+00 9.898360e-01
300 1.016400e-02 0.000000e+00 9.898360e-01
301 1.016400e-02 0.000000e+00 9.898360e-01
302 1.016400e-02 0.000000e+00 9.898360e-01
303 1.016400e-02 0.000000e+00 9.898360e-01
304 1.016400e-02 0.000000e+00 9.898360e-01
305 1.016400e-02 0.000000e+00 9.898360e-01
306 1.016400e-02 0.000000e+00 9.898360e-01
307 1.016400e-02 0.000000e+00 9.898360e-01
308 1.016400e-02 0.000000e+00 9.898360e-01
309 1.016400e-02 0.000000e+00 9.898360e-01
310 1.016400e-02 0.000000e+00 9.898360e-01
311 1.016400e-02 0.000000e+00 9.898360e-01
312 1.016400e-02 0.000000e+00 9.898360e-01
313 1.016400e-02 0.000000e+00 9.898360e-01
314 1.016400e-02 0.000000e+00 9.898360e-01
315 1.016400e-02 0.000000e+00 9.898360e-01
316 1.016400e-02 0.000000e+00 9.898360e-01
317 1.016400e-02 0.000000e+00 9.898360e-01
318 1.016400e-02 0.000000e+00 9.898360e-01
319 1.016400e-02 0.000000e+00 9.898360e-01
320 1.016400e-02 0.000000e+00 9.898360e-01
321 1.016400e-02 0.000000e+00 9.898360e-01
322 1.016400e-02 0.000000e+00 9.898360e-01
323 1.016400e-02 0.000000e+00 9.898360e-01
324 1.016400e-02 0.000000e+00 9.898360e-01
325 1.016400e-02 0.000000e+00 9.898360e-01
326 1.016400e-02 0.000000e+00 9.898360e-01
327 1.016400e-02 0.000000e+00 9.898360e-01
328 1.016400e-02 0.000000e+00 9.898360e-01
329 1.016400e-02 0.000000e+00 9.898360e-01
330 1.016400e-02 0.000000e+00 9.898360e-01
331 1.016400e-02 0.000000e+00 9.898360e-01
332 1.016400e-02 0.000000e+00 9.898360e-01
333 1.016400e-02 0.000000e+00 9.898360e-01
334 1.016400e-02 0.000000e+00 9.898360e-01
335 1.016400e-02 0.000000e+00 9.898360e-01
336 1.016400e-02 0.000000e+00 9.898360e-01
337 1.016400e-02 0.000000e+00 9.898360e-01
338 1.016400e-02 0.000000e+00 9.898360e-01
339 1.016400e-02 0.000000e+00 9.898360e-01
340 1.016400e-02 0.000000e+00 9.898360e-01
341 1.016400e-02 0.000000e+00 9.898360e-01
342 1.016400e-02 0.000000e+00 9.898360e-01
343 1.016400e-02 0.000000e+00 9.898360e-01
344 1.016400e-02 0.000000e+00 9.898360e-01
345 1.016400e-02 0.000000e+00 9.898360e-01
346 1.016400e-02 0.000000e+00 9.898360e-01
347 1.016400e-02 0.000000e+00 9.898360e-01
348 1.016400e-02 0.000000e+00 9.898360e-01
349 1.016400e-02 0.000000e+00 9.898360e-01
350 1.016400e-02 0.000000e+00 9.898360e-01
351 1.016400e-02 0.000000e+00 9.898360e-01
352 1.016400e-02 0.000000e+00 9.898360e-01
353 1.016400e-02 0.000000e+00 9.898360e-01
354 1.016400e-02 0.000000e+00 9.898360e-01
355 1.016400e-02 0.000000e+00 9.898360e-01
356 1.016400e-02 0.000000e+00 9.898360e-01
357 1.016400e-02 0.000000e+00 9.898360e-01
358 1.016400e-02 0.000000e+00 9.898360e-01
359 1.016400e-02 0.000000e+00 9.898360e-01
360 1.016400e-02 0.000000e+00 9.898360e-01
361 1.016400e-02 0.000000e+00 9.898360e-01
362 1.016400e-02 0.000000e+00 9.898360e-01
363 1.016400e-02 0.000000e+00 9.898360e-01
364 1.016400e-02 0.000000e+00 9.898360e-01
365 1.016400e-02 0.000000e+00 9.898360e-01
366 1.016400e-02 0.000000e+00 9.898360e-01
367 1.016400e-02 0.000000e+00 9.898360e-01
368 1.016400e-02 0.000000e+00 9.898360e-01
369 1.016400e-02 0.000000e+00 9.898360e-01
370 1.016400e-02 0.000000e+00 9.898360e-01
371 1.016400e-02 0.000000e+00 9.898360e-01
372 1.016400e-02 0.000000e+00 9.898360e-01
373 1.016400e-02 0.000000e+00 9.898360e-01
374 1.016400e-02 0.000000e+00 9.898360e-01
375 1.016400e-02 0.000000e+00 9.898360e-01
376 1.016400e-02 0.000000e+00 9.898360e-01
377 1.016400e-02 0.000000e+00 9.898360e-01
378 1.016400e-02 0.000000e+00 9.898360e-01
379 1.016400e-02 0.000000e+00 9.898360e-01
380 1.016400e-02 0.000000e+00 9.898360e-01
381 1.016400e-02 0.000000e+00 9.898360e-01
382 1.016400e-02 0.000000e+00 9.898360e-01
383 1.016400e-02 0.000000e+00 9.898360e-01
384 1.016400e-02 0.000000e+00 9.898360e-01
385 1.016400e-02 0.000000e+00 9.898360e-01
386 1.016400e-02 0.000000e+00 9.898360e-01
387 1.016400e-02 0.000000e+00 9.898360e-01
388 1.016400e-02 0.000000e+00 9.898360e-01
389 1.016400e-02 0.000000e+00 9.898360e-01
390 1.016400e-02 0.000000e+00 9.898360e-01
391 1.016400e-02 0.000000e+00 9.898360e-01
392 1.016400e-02 0.000000e+00 9.898360e-01
393 1.016400e-02 0.000000e+00 9.898360e-01
394 1.016400e-02 0.000000e+00 9.898360e-01
395 1.016400e-02 0.000000e+00 9.898360e-01
396 1.016400e-02 0.000000e+00 9.898360e-01
397 1.016400e-02 0.000000e+00 9.898360e-01
398 1.016400e-02 0.000000e+00 9.898360e-01
399 1.016400e-02 0.000000e+00 9.898360e-01
400 1.016400e-02 0.000000e+00 9.898360e-01
401 1.016400e-02 0.000000e+00 9.898360e-01
402 1.016400e-02 0.000000e+00 9.898360e-01
403 1.016400e-02 0.000000e+00 9.898360e-01
404 1.016400e-02 0.000000e+00 9.898360e-01
405 1.016400e-02 0.000000e+00 9.898360e-01
406 1.016400e-02 0.000000e+00 9.898360e-01
407 1.016400e-02 0.000000e+00 9.898360e-01
408 1.016400e-02 0.000000e+00 9.898360e-01
409 1.016400e-02 0.000000e+00 9.898360e-01
410 1.016400e-02 0.000000e+00 9.898360e-01
411 1.016400e-02 0.000000e+00 9.898360e-01
412 1.016400e-02 0.000000e+00 9.898360e-01
413 1.016400e-02 0.000000e+00 9.898360e-01
414 1.016400e-02 0.000000e+00 9.898360e-01
415 1.016400e-02 0.000000e+00 9.898360e-01
416 1.016400e-02 0.000000e+00 9.898360e-01
417 1.016400e-02 0.000000e+00 9.898360e-01
418 1.016400e-02 0.000000e+00 9.898360e-01
419 1.016400e-02 0.000000e+00 9.898360e-01
420 1.016400e-02 0.000000e+00 9.898360e-01
421 1.016400e-02 0.000000e+00 9.898360e-01
422 1.016400e-02 0.000000e+00 9.898360e-01
423 1.016400e-02 0.000000e+00 9.898360e-01
424 1.016400e-02 0.000000e+00 9.898360e-01
425 1.016400e-02 0.000000e+00 9.898360e-01
426 1.016400e-02 0.000000e+00 9.898360e-01
427 1.016400e-02 0.000000e+00 9.898360e-01
428 1.016400e-02 0.000000e+00 9.898360e-01
429 1.016400e-02 0.000000e+00 9.898360e-01
430 1.016400e-02 0.000000e+00 9.898360e-01
431 1.016400e-02 0.000000e+00 9.898360e-01
432 1.016400e-02 0.000000e+00 9.898360e-01
433 1.016400e-02 0.000000e+00 9.898360e-01
434 1.016400e-02 0.000000e+00 9.898360e-01
435 1.016400e-02 0.000000e+00 9.898360e-01
436 1.016400e-02 0.000000e+00 9.898360e-01
437 1.016400e-02 0.000000e+00 9.898360e-01
438 1.016400e-02 0.000000e+00 9.898360e-01
439 1.016400e-02 0.000000e+00 9.898360e-01
440 1.016400e-02 0.000000e+00 9.898360e-01
441 1.016400e-02 0.000000e+00 9.898360e-01
442 1.016400e-02 0.000000e+00 9.898360e-01
443 1.016400e-02 0.000000e+00 9.898360e-01
444 1.016400e-02 0.000000e+00 9.898360e-01
445 1.016400e-02 0.000000e+00 9.898360e-01
446 1.016400e-02 0.000000e+00 9.898360e-01
447 1.016400e-02 0.000000e+00 9.898360e-01
448 1.016400e-02 0.000000e+00 9.898360e-01
449 1.016400e-02 0.000000e+00 9.898360e-01
450 1.016400e-02 0.000000e+00 9.898360e-01
451 1.016400e-02 0.000000e+00 9.898360e-01
452 1.016400e-02 0.000000e+00 9.898360e-01
453 1.016400e-02 0.000000e+00 9.898360e-01
454 1.016400e-02 0.000000e+00 9.898360e-01
455 1.016400e-02 0.000000e+00 9.898360e-01
456 1.016400e-02 0.000000e+00 9.898360e-01
457 1.016400e-02 0.000000e+00 9.898360e-01
458 1.016400e-02 0.000000e+00 9.898360e-01
459 1.016400e-02 0.000000e+00 9.898360e-01
460 1.016400e-02 0.000000e+00 9.898360e-01
461 1.016400e-02 0.000000e+00 9.898360e-01
462 1.016400e-02 0.000000e+00 9.898360e-01
463 1.016400e-02 0.000000e+00 9.898360e-01
464 1.016400e-02 0.000000e+00 9.898360e-01
465 1.016400e-02 0.000000e+00 9.898360e-01
466 1.016400e-02 0.000000e+00 9.898360e-01
467 1.016400e-02 0.000000e+00 9.898360e-01
468 1.016400e-02 0.000000e+00 9.898360e-01
469 1.016400e-02 0.000000e+00 9.898360e-01
470 1.016400e-02 0.000000e+00 9.898360e-01
471 1.016400e-02 0.000000e+00 9.898360e-01
472 1.016400e-02 0.000000e+00 9.898360e-01
473 1.016400e-02 0.000000e+00 9.898360e-01
474 1.016400e-02 0.000000e+00 9.898360e-01
475 1.016400e-02 0.000000e+00 9.898360e-01
476 1.016400e-02 0.000000e+00 9.898360e-01
477 1.016400e-02 0.000000e+00 9.898360e-01
478 1.016400e-02 0.000000e+00 9.898360e-01
479 1.016400e-02 0.000000e+00 9.898360e-01
480 1.016400e-02 0.000000e+00 9.898360e-01
481 1.016400e-02 0.000000e+00 9.898360e-01
482 1.016400e-02 0.000000e+00 9.898360e-01
483 1.016400e-02 0.000000e+00 9.898360e-01
484 1.016400e-02 0.000000e+00 9.898360e-01
485 1.016400e-02 0.000000e+00 9.898360e-01
486 1.016400e-02 0.000000e+00 9.898360e-01
487 1.016400e-02 0.000000e+00 9.898360e-01
488 1.016400e-02 0.000000e+00 9.898360e-01
489 1.016400e-02 0.000000e+00 9.898360e-01
490 1.016400e-02 0.000000e+00 9.898360e-01
491 1.016400e-02 0.000000e+00 9.898360e-01
492 1.016400e-02 0.000000e+00 9.898360e-01
493 1.016400e-02 0.000000e+00 9.898360e-01
494 1.016400e-02 0.000000e+00 9.898360e-01
495 1.016400e-02 0.000000e+00 9.898360e-01
496 1.016400e-02 0.000000e+00 9.898360e-01
497 1.016400e-02 0.000000e+00 9.898360e-01
498 1.016400e-02 0.000000e+00 9.898360e-01
499 1.016400e-02 0.000000e+00 9.898360e-01
500 1.016400e-02 0.000000e+00 9.898360e-01
