1 9.991200e-01 7.400000e-04 1.400000e-04
2 9.983680e-01 1.324000e-03 3.080000e-04
3 9.965760e-01 2.788000e-03 6.360000e-04
4 9.935600e-01 5.128000e-03 1.312000e-03
5 9.878080e-01 9.676000e-03 2.516000e-03
6 9.780360e-01 1.715200e-02 4.812000e-03
7 9.621160e-01 2.897600e-02 8.908000e-03
8 9.378520e-01 4.716800e-02 1.498000e-02
9 9.025800e-01 7.229200e-02 2.512800e-02
10 8.550960e-01 1.041960e-01 4.070800e-02
11 7.956080e-01 1.424680e-01 6.192400e-02
12 7.261680e-01 1.831840e-01 9.064800e-02
13 6.489000e-01 2.245680e-01 1.265320e-01
14 5.669080e-01 2.632640e-01 1.698280e-01
15 4.852880e-01 2.953160e-01 2.193960e-01
16 4.070960e-01 3.198800e-01 2.730240e-01
17 3.343120e-01 3.356080e-01 3.300800e-01
18 2.694000e-01 3.410800e-01 3.895200e-01
19 2.129840e-01 3.383400e-01 4.486760e-01
20 1.644200e-01 3.283440e-01 5.072360e-01
21 1.255640e-01 3.113920e-01 5.630440e-01
22 9.488000e-02 2.893320e-01 6.157880e-01
23 7.112800e-02 2.641880e-01 6.646840e-01
24 5.424800e-02 2.376440e-01 7.081080e-01
25 4.215200e-02 2.105120e-01 7.473360e-01
26 3.348400e-02 1.845360e-01 7.819800e-01
27 2.721600e-02 1.605280e-01 8.122560e-01
28 2.259200e-02 1.393400e-01 8.380680e-01
29 1.966400e-02 1.197720e-01 8.605640e-01
30 1.736000e-02 1.023480e-01 8.802920e-01
31 1.568400e-02 8.769200e-02 8.966240e-01
32 1.439600e-02 7.501600e-02 9.105880e-01
33 1.356000e-02 6.341600e-02 9.230240e-01
34 1.285600e-02 5.365200e-02 9.334920e-01
35 1.220800e-02 4.559600e-02 9.421960e-01
36 1.178800e-02 3.845600e-02 9.497560e-01
37 1.145600e-02 3.248000e-02 9.560640e-01
38 1.114000e-02 2.723200e-02 9.616280e-01
39 1.092400e-02 2.301600e-02 9.660600e-01
40 1.078000e-02 1.952400e-02 9.696960e-01
41 1.064400e-02 1.668400e-02 9.726720e-01
42 1.047600e-02 1.426000e-02 9.752640e-01
43 1.032400e-02 1.208400e-02 9.775920e-01
44 1.022800e-02 1.022800e-02 9.795440e-01
45 1.014800e-02 8.652000e-03 9.812000e-01
46 1.008800e-02 7.244000e-03 9.826680e-01
47 1.003600e-02 6.052000e-03 9.839120e-01
48 1.001200e-02 5.140000e-03 9.848480e-01
49 9.948000e-03 4.420000e-03 9.856320e-01
50 9.916000e-03 3.612000e-03 9.864720e-01
51 9.888000e-03 3.100000e-03 9.870120e-01
52 9.876000e-03 2.588000e-03 9.875360e-01
53 9.852000e-03 2.196000e-03 9.879520e-01
54 9.848000e-03 1.852000e-03 9.883000e-01
55 9.836000e-03 1.568000e-03 9.885960e-01
56 9.824000e-03 1.328000e-03 9.888480e-01
57 9.820000e-03 1.120000e-03 9.890600e-01
58 9.816000e-03 9.640000e-04 9.892200e-01
59 9.808000e-03 8.200000e-04 9.893720e-01
60 9.804000e-03 6.920000e-04 9.895040e-01
61 9.800000e-03 5.760000e-04 9.896240e-01
62 9.792000e-03 5.080000e-04 9.897000e-01
63 9.792000e-03 4.600000e-04 9.897480e-01
64 9.792000e-03 3.880000e-04 9.898200e-01
65 9.788000e-03 3.120000e-04 9.899000e-01
66 9.788000e-03 2.600000e-04 9.899520e-01
67 9.788000e-03 2.120000e-04 9.900000e-01
68 9.784000e-03 1.760000e-04 9.900400e-01
69 9.784000e-03 1.560000e-04 9.900600e-01
70 9.776000e-03 1.440000e-04 9.900800e-01
71 9.776000e-03 1.360000e-04 9.900880e-01
72 9.776000e-03 1.320000e-04 9.900920e-01
73 9.772000e-03 1.200000e-04 9.901080e-01
74 9.772000e-03 8.800000e-05 9.901400e-01
75 9.772000e-03 7.600000e-05 9.901520e-01
76 9.768000e-03 6.400000e-05 9.901680e-01
77 9.768000e-03 5.200000e-05 9.901800e-01
78 9.768000e-03 5.200000e-05 9.901800e-01
79 9.768000e-03 4.800000e-05 9.901840e-01
80 9.768000e-03 4.000000e-05 9.901920e-01
81 9.768000e-03 3.200000e-05 9.902000e-01
82 9.768000e-03 2.800000e-05 9.902040e-01
83 9.768000e-03 2.000000e-05 9.902120e-01
84 9.768000e-03 2.000000e-05 9.902120e-01
85 9.768000e-03 1.600000e-05 9.902160e-01
86 9.768000e-03 1.600000e-05 9.902160e-01
87 9.768000e-03 1.200000e-05 9.902200e-01
88 9.768000e-03 1.200000e-05 9.902200e-01
89 9.768000e-03 1.200000e-05 9.902200e-01
90 9.768000e-03 0.000000e+00 9.902320e-01
91 9.768000e-03 0.000000e+00 9.902320e-01
92 9.768000e-03 0.000000e+00 9.902320e-01
93 9.768000e-03 0.000000e+00 9.902320e-01
94 9.768000e-03 0.000000e+00 9.902320e-01
95 9.768000e-03 0.000000e+00 9.902320e-01
96 9.768000e-03 0.000000e+00 9.902320e-01
97 9.768000e-03 0.000000e+00 9.902320e-01
98 9.768000e-03 0.000000e+00 9.902320e-01
99 9.768000e-03 0.000000e+00 9.902320e-01
100 9.768000e-03 0.000000e+00 9.902320e-01
101 9.768000e-03 0.000000e+00 9.902320e-01
102 9.768000e-03 0.000000e+00 9.902320e-01
103 9.768000e-03 0.000000e+00 9.902320e-01
104 9.768000e-03 0.000000e+00 9.902320e-01
105 9.768000e-03 0.000000e+00 9.902320e-01
106 9.768000e-03 0.000000e+00 9.902320e-01
107 9.768000e-03 0.000000e+00 9.902320e-01
108 9.768000e-03 0.000000e+00 9.902320e-01
109 9.768000e-03 0.000000e+00 9.902320e-01
110 9.768000e-03 0.000000e+00 9.902320e-01
111 9.768000e-03 0.000000e+00 9.902320e-01
112 9.768000e-03 0.000000e+00 9.902320e-01
113 9.768000e-03 0.000000e+00 9.902320e-01
114 9.768000e-03 0.000000e+00 9.902320e-01
115 9.768000e-03 0.000000e+00 9.902320e-01
116 9.768000e-03 0.000000e+00 9.902320e-01
117 9.768000e-03 0.000000e+00 9.902320e-01
118 9.768000e-03 0.000000e+00 9.902320e-01
119 9.768000e-03 0.000000e+00 9.902320e-01
120 9.768000e-03 0.000000e+00 9.902320e-01
121 9.768000e-03 0.000000e+00 9.902320e-01
122 9.768000e-03 0.000000e+00 9.902320e-01
123 9.768000e-03 0.000000e+00 9.902320e-01
124 9.768000e-03 0.000000e+00 9.902320e-01
125 9.768000e-03 0.000000e+00 9.902320e-01
126 9.768000e-03 0.000000e+00 9.902320e-01
127 9.768000e-03 0.000000e+00 9.902320e-01
128 9.768000e-03 0.000000e+00 9.902320e-01
129 9.768000e-03 0.000000e+00 9.902320e-01
130 9.768000e-03 0.000000e+00 9.902320e-01
131 9.768000e-03 0.000000e+00 9.902320e-01
132 9.768000e-03 0.000000e+00 9.902320e-01
133 9.768000e-03 0.000000e+00 9.902320e-01
134 9.768000e-03 0.000000e+00 9.902320e-01
135 9.768000e-03 0.000000e+00 9.902320e-01
136 9.768000e-03 0.000000e+00 9.902320e-01
137 9.768000e-03 0.000000e+00 9.902320e-01
138 9.768000e-03 0.000000e+00 9.902320e-01
139 9.768000e-03 0.000000e+00 9.902320e-01
140 9.768000e-03 0.000000e+00 9.902320e-01
141 9.768000e-03 0.000000e+00 9.902320e-01
142 9.768000e-03 0.000000e+00 9.902320e-01
143 9.768000e-03 0.000000e+00 9.902320e-01
144 9.768000e-03 0.000000e+00 9.902320e-01
145 9.768000e-03 0.000000e+00 9.902320e-01
146 9.768000e-03 0.000000e+00 9.902320e-01
147 9.768000e-03 0.000000e+00 9.902320e-01
148 9.768000e-03 0.000000e+00 9.902320e-01
149 9.768000e-03 0.000000e+00 9.902320e-01
150 9.768000e-03 0.000000e+00 9.902320e-01
151 9.768000e-03 0.000000e+00 9.902320e-01
152 9.768000e-03 0.000000e+00 9.902320e-01
153 9.768000e-03 0.000000e+00 9.902320e-01
154 9.768000e-03 0.000000e+00 9.902320e-01
155 9.768000e-03 0.000000e+00 9.902320e-01
156 9.768000e-03 0.000000e+00 9.902320e-01
157 9.768000e-03 0.000000e+00 9.902320e-01
158 9.768000e-03 0.000000e+00 9.902320e-01
159 9.768000e-03 0.000000e+00 9.902320e-01
160 9.768000e-03 0.000000e+00 9.902320e-01
161 9.768000e-03 0.000000e+00 9.902320e-01
162 9.768000e-03 0.000000e+00 9.902320e-01
163 9.768000e-03 0.000000e+00 9.902320e-01
164 9.768000e-03 0.000000e+00 9.902320e-01
165 9.768000e-03 0.000000e+00 9.902320e-01
166 9.768000e-03 0.000000e+00 9.902320e-01
167 9.768000e-03 0.000000e+00 9.902320e-01
168 9.768000e-03 0.000000e+00 9.902320e-01
169 9.768000e-03 0.000000e+00 9.902320e-01
170 9.768000e-03 0.000000e+00 9.902320e-01
171 9.768000e-03 0.000000e+00 9.902320e-01
172 9.768000e-03 0.000000e+00 9.902320e-01
173 9.768000e-03 0.000000e+00 9.902320e-01
174 9.768000e-03 0.000000e+00 9.902320e-01
175 9.768000e-03 0.000000e+00 9.902320e-01
176 9.768000e-03 0.000000e+00 9.902320e-01
177 9.768000e-03 0.000000e+00 9.902320e-01
178 9.768000e-03 0.000000e+00 9.902320e-01
179 9.768000e-03 0.000000e+00 9.902320e-01
180 9.768000e-03 0.000000e+00 9.902320e-01
181 9.768000e-03 0.000000e+00 9.902320e-01
182 9.768000e-03 0.000000e+00 9.902320e-01
183 9.768000e-03 0.000000e+00 9.902320e-01
184 9.768000e-03 0.000000e+00 9.902320e-01
185 9.768000e-03 0.000000e+00 9.902320e-01
186 9.768000e-03 0.000000e+00 9.902320e-01
187 9.768000e-03 0.000000e+00 9.902320e-01
188 9.768000e-03 0.000000e+00 9.902320e-01
189 9.768000e-03 0.000000e+00 9.902320e-01
190 9.768000e-03 0.000000e+00 9.902320e-01
191 9.768000e-03 0.000000e+00 9.902320e-01
192 9.768000e-03 0.000000e+00 9.902320e-01
193 9.768000e-03 0.000000e+00 9.902320e-01
194 9.768000e-03 0.000000e+00 9.902320e-01
195 9.768000e-03 0.000000e+00 9.902320e-01
196 9.768000e-03 0.000000e+00 9.902320e-01
197 9.768000e-03 0.000000e+00 9.902320e-01
198 9.768000e-03 0.000000e+00 9.902320e-01
199 9.768000e-03 0.000000e+00 9.902320e-01
200 9.768000e-03 0.000000e+00 9.902320e-01
201 9.768000e-03 0.000000e+00 9.902320e-01
202 9.768000e-03 0.000000e+00 9.902320e-01
203 9.768000e-03 0.000000e+00 9.902320e-01
204 9.768000e-03 0.000000e+00 9.902320e-01
205 9.768000e-03 0.000000e+00 9.902320e-01
206 9.768000e-03 0.000000e+00 9.902320e-01
207 9.768000e-03 0.000000e+00 9.902320e-01
208 9.768000e-03 0.000000e+00 9.902320e-01
209 9.768000e-03 0.000000e+00 9.902320e-01
210 9.768000e-03 0.000000e+00 9.902320e-01
211 9.768000e-03 0.000000e+00 9.902320e-01
212 9.768000e-03 0.000000e+00 9.902320e-01
213 9.768000e-03 0.000000e+00 9.902320e-01
214 9.768000e-03 0.000000e+00 9.902320e-01
215 9.768000e-03 0.000000e+00 9.902320e-01
216 9.768000e-03 0.000000e+00 9.902320e-01
217 9.768000e-03 0.000000e+00 9.902320e-01
218 9.768000e-03 0.000000e+00 9.902320e-01
219 9.768000e-03 0.000000e+00 9.902320e-01
220 9.768000e-03 0.000000e+00 9.902320e-01
221 9.768000e-03 0.000000e+00 9.902320e-01
222 9.768000e-03 0.000000e+00 9.902320e-01
223 9.768000e-03 0.000000e+00 9.902320e-01
224 9.768000e-03 0.000000e+00 9.902320e-01
225 9.768000e-03 0.000000e+00 9.902320e-01
226 9.768000e-03 0.000000e+00 9.902320e-01
227 9.768000e-03 0.000000e+00 9.902320e-01
228 9.768000e-03 0.000000e+00 9.902320e-01
229 9.768000e-03 0.000000e+00 9.902320e-01
230 9.768000e-03 0.000000e+00 9.902320e-01
231 9.768000e-03 0.000000e+00 9.902320e-01
232 9.768000e-03 0.000000e+00 9.902320e-01
233 9.768000e-03 0.000000e+00 9.902320e-01
234 9.768000e-03 0.000000e+00 9.902320e-01
235 9.768000e-03 0.000000e+00 9.902320e-01
236 9.768000e-03 0.000000e+00 9.902320e-01
237 9.768000e-03 0.000000e+00 9.902320e-01
238 9.768000e-03 0.000000e+00 9.902320e-01
239 9.768000e-03 0.000000e+00 9.902320e-01
240 9.768000e-03 0.000000e+00 9.902320e-01
241 9.768000e-03 0.000000e+00 9.902320e-01
242 9.768000e-03 0.000000e+00 9.902320e-01
243 9.768000e-03 0.000000e+00 9.902320e-01
244 9.768000e-03 0.000000e+00 9.902320e-01
245 9.768000e-03 0.000000e+00 9.902320e-01
246 9.768000e-03 0.000000e+00 9.902320e-01
247 9.768000e-03 0.000000e+00 9.902320e-01
248 9.768000e-03 0.000000e+00 9.902320e-01
249 9.768000e-03 0.000000e+00 9.902320e-01
250 9.768000e-03 0.000000e+00 9.902320e-01
251 9.768000e-03 0.000000e+00 9.902320e-01
252 9.768000e-03 0.000000e+00 9.902320e-01
253 9.768000e-03 0.000000e+00 9.902320e-01
254 9.768000e-03 0.000000e+00 9.902320e-01
255 9.768000e-03 0.000000e+00 9.902320e-01
256 9.768000e-03 0.000000e+00 9.902320e-01
257 9.768000e-03 0.000000e+00 9.902320e-01
258 9.768000e-03 0.000000e+00 9.902320e-01
259 9.768000e-03 0.000000e+00 9.902320e-01
260 9.768000e-03 0.000000e+00 9.902320e-01
261 9.768000e-03 0.000000e+00 9.902320e-01
262 9.768000e-03 0.000000e+00 9.902320e-01
263 9.768000e-03 0.000000e+00 9.902320e-01
264 9.768000e-03 0.000000e+00 9.902320e-01
265 9.768000e-03 0.000000e+00 9.902320e-01
266 9.768000e-03 0.000000e+00 9.902320e-01
267 9.768000e-03 0.000000e+00 9.902320e-01
268 9.768000e-03 0.000000e+00 9.902320e-01
269 9.768000e-03 0.000000e+00 9.902320e-01
270 9.768000e-03 0.000000e+00 9.902320e-01
271 9.768000e-03 0.000000e+00 9.902320e-01
272 9.768000e-03 0.000000e+00 9.902320e-01
273 9.768000e-03 0.000000e+00 9.902320e-01
274 9.768000e-03 0.000000e+00 9.902320e-01
275 9.768000e-03 0.000000e+00 9.902320e-01
276 9.768000e-03 0.000000e+00 9.902320e-01
277 9.768000e-03 0.000000e+00 9.902320e-01
278 9.768000e-03 0.000000e+00 9.902320e-01
279 9.768000e-03 0.000000e+00 9.902320e-01
280 9.768000e-03 0.000000e+00 9.902320e-01
281 9.768000e-03 0.000000e+00 9.902320e-01
282 9.768000e-03 0.000000e+00 9.902320e-01
283 9.768000e-03 0.000000e+00 9.902320e-01
284 9.768000e-03 0.000000e+00 9.902320e-01
285 9.768000e-03 0.000000e+00 9.902320e-01
286 9.768000e-03 0.000000e+00 9.902320e-01
287 9.768000e-03 0.000000e+00 9.902320e-01
288 9.768000e-03 0.000000e+00 9.902320e-01
289 9.768000e-03 0.000000e+00 9.902320e-01
290 9.768000e-03 0.000000e+00 9.902320e-01
291 9.768000e-03 0.000000e+00 9.902320e-01
292 9.768000e-03 0.000000e+00 9.902320e-01
293 9.768000e-03 0.000000e+00 9.902320e-01
294 9.768000e-03 0.000000e+00 9.902320e-01
295 9.768000e-03 0.000000e+00 9.902320e-01
296 9.768000e-03 0.000000e+00 9.902320e-01
297 9.768000e-03 0.000000e+00 9.902320e-01
298 9.768000e-03 0.000000e+00 9.902320e-01
299 9.768000e-03 0.000000e+00 9.902320e-01
300 9.768000e-03 0.000000e+00 9.902320e-01
301 9.768000e-03 0.000000e+00 9.902320e-01
302 9.768000e-03 0.000000e+00 9.902320e-01
303 9.768000e-03 0.000000e+00 9.902320e-01
304 9.768000e-03 0.000000e+00 9.902320e-01
305 9.768000e-03 0.000000e+00 9.902320e-01
306 9.768000e-03 0.000000e+00 9.902320e-01
307 9.768000e-03 0.000000e+00 9.902320e-01
308 9.768000e-03 0.000000e+00 9.902320e-01
309 9.768000e-03 0.000000e+00 9.902320e-01
310 9.768000e-03 0.000000e+00 9.902320e-01
311 9.768000e-03 0.000000e+00 9.902320e-01
312 9.768000e-03 0.000000e+00 9.902320e-01
313 9.768000e-03 0.000000e+00 9.902320e-01
314 9.768000e-03 0.000000e+00 9.902320e-01
315 9.768000e-03 0.000000e+00 9.902320e-01
316 9.768000e-03 0.000000e+00 9.902320e-01
317 9.768000e-03 0.000000e+00 9.902320e-01
318 9.768000e-03 0.000000e+00 9.902320e-01
319 9.768000e-03 0.000000e+00 9.902320e-01
320 9.768000e-03 0.000000e+00 9.902320e-01
321 9.768000e-03 0.000000e+00 9.902320e-01
322 9.768000e-03 0.000000e+00 9.902320e-01
323 9.768000e-03 0.000000e+00 9.902320e-01
324 9.768000e-03 0.000000e+00 9.902320e-01
325 9.768000e-03 0.000000e+00 9.902320e-01
326 9.768000e-03 0.000000e+00 9.902320e-01
327 9.768000e-03 0.000000e+00 9.902320e-01
328 9.768000e-03 0.000000e+00 9.902320e-01
329 9.768000e-03 0.000000e+00 9.902320e-01
330 9.768000e-03 0.000000e+00 9.902320e-01
331 9.768000e-03 0.000000e+00 9.902320e-01
332 9.768000e-03 0.000000e+00 9.902320e-01
333 9.768000e-03 0.000000e+00 9.902320e-01
334 9.768000e-03 0.000000e+00 9.902320e-01
335 9.768000e-03 0.000000e+00 9.902320e-01
336 9.768000e-03 0.000000e+00 9.902320e-01
337 9.768000e-03 0.000000e+00 9.902320e-01
338 9.768000e-03 0.000000e+00 9.902320e-01
339 9.768000e-03 0.000000e+00 9.902320e-01
340 9.768000e-03 0.000000e+00 9.902320e-01
341 9.768000e-03 0.000000e+00 9.902320e-01
342 9.768000e-03 0.000000e+00 9.902320e-01
343 9.768000e-03 0.000000e+00 9.902320e-01
344 9.768000e-03 0.000000e+00 9.902320e-01
345 9.768000e-03 0.000000e+00 9.902320e-01
346 9.768000e-03 0.000000e+00 9.902320e-01
347 9.768000e-03 0.000000e+00 9.902320e-01
348 9.768000e-03 0.000000e+00 9.902320e-01
349 9.768000e-03 0.000000e+00 9.902320e-01
350 9.768000e-03 0.000000e+00 9.902320e-01
351 9.768000e-03 0.000000e+00 9.902320e-01
352 9.768000e-03 0.000000e+00 9.902320e-01
353 9.768000e-03 0.000000e+00 9.902320e-01
354 9.768000e-03 0.000000e+00 9.902320e-01
355 9.768000e-03 0.000000e+00 9.902320e-01
356 9.768000e-03 0.000000e+00 9.902320e-01
357 9.768000e-03 0.000000e+00 9.902320e-01
358 9.768000e-03 0.000000e+00 9.902320e-01
359 9.768000e-03 0.000000e+00 9.902320e-01
360 9.768000e-03 0.000000e+00 9.902320e-01
361 9.768000e-03 0.000000e+00 9.902320e-01
362 9.768000e-03 0.000000e+00 9.902320e-01
363 9.768000e-03 0.000000e+00 9.902320e-01
364 9.768000e-03 0.000000e+00 9.902320e-01
365 9.768000e-03 0.000000e+00 9.902320e-01
366 9.768000e-03 0.000000e+00 9.902320e-01
367 9.768000e-03 0.000000e+00 9.902320e-01
368 9.768000e-03 0.000000e+00 9.902320e-01
369 9.768000e-03 0.000000e+00 9.902320e-01
370 9.768000e-03 0.000000e+00 9.902320e-01
371 9.768000e-03 0.000000e+00 9.902320e-01
372 9.768000e-03 0.000000e+00 9.902320e-01
373 9.768000e-03 0.000000e+00 9.902320e-01
374 9.768000e-03 0.000000e+00 9.902320e-01
375 9.768000e-03 0.000000e+00 9.902320e-01
376 9.768000e-03 0.000000e+00 9.902320e-01
377 9.768000e-03 0.000000e+00 9.902320e-01
378 9.768000e-03 0.000000e+00 9.902320e-01
379 9.768000e-03 0.000000e+00 9.902320e-01
380 9.768000e-03 0.000000e+00 9.902320e-01
381 9.768000e-03 0.000000e+00 9.902320e-01
382 9.768000e-03 0.000000e+00 9.902320e-01
383 9.768000e-03 0.000000e+00 9.902320e-01
384 9.768000e-03 0.000000e+00 9.902320e-01
385 9.768000e-03 0.000000e+00 9.902320e-01
386 9.768000e-03 0.000000e+00 9.902320e-01
387 9.768000e-03 0.000000e+00 9.902320e-01
388 9.768000e-03 0.000000e+00 9.902320e-01
389 9.768000e-03 0.000000e+00 9.902320e-01
390 9.768000e-03 0.000000e+00 9.902320e-01
391 9.768000e-03 0.000000e+00 9.902320e-01
392 9.768000e-03 0.000000e+00 9.902320e-01
393 9.768000e-03 0.000000e+00 9.902320e-01
394 9.768000e-03 0.000000e+00 9.902320e-01
395 9.768000e-03 0.000000e+00 9.902320e-01
396 9.768000e-03 0.000000e+00 9.902320e-01
397 9.768000e-03 0.000000e+00 9.902320e-01
398 9.768000e-03 0.000000e+00 9.902320e-01
399 9.768000e-03 0.000000e+00 9.902320e-01
400 9.768000e-03 0.000000e+00 9.902320e-01
401 9.768000e-03 0.000000e+00 9.902320e-01
402 9.768000e-03 0.000000e+00 9.902320e-01
403 9.768000e-03 0.000000e+00 9.902320e-01
404 9.768000e-03 0.000000e+00 9.902320e-01
405 9.768000e-03 0.000000e+00 9.902320e-01
406 9.768000e-03 0.000000e+00 9.902320e-01
407 9.768000e-03 0.000000e+00 9.902320e-01
408 9.768000e-03 0.000000e+00 9.902320e-01
409 9.768000e-03 0.000000e+00 9.902320e-01
410 9.768000e-03 0.000000e+00 9.902320e-01
411 9.768000e-03 0.000000e+00 9.902320e-01
412 9.768000e-03 0.000000e+00 9.902320e-01
413 9.768000e-03 0.000000e+00 9.902320e-01
414 9.768000e-03 0.000000e+00 9.902320e-01
415 9.768000e-03 0.000000e+00 9.902320e-01
416 9.768000e-03 0.000000e+00 9.902320e-01
417 9.768000e-03 0.000000e+00 9.902320e-01
418 9.768000e-03 0.000000e+00 9.902320e-01
419 9.768000e-03 0.000000e+00 9.902320e-01
420 9.768000e-03 0.000000e+00 9.902320e-01
421 9.768000e-03 0.000000e+00 9.902320e-01
422 9.768000e-03 0.000000e+00 9.902320e-01
423 9.768000e-03 0.000000e+00 9.902320e-01
424 9.768000e-03 0.000000e+00 9.902320e-01
425 9.768000e-03 0.000000e+00 9.902320e-01
426 9.768000e-03 0.000000e+00 9.902320e-01
427 9.768000e-03 0.000000e+00 9.902320e-01
428 9.768000e-03 0.000000e+00 9.902320e-01
429 9.768000e-03 0.000000e+00 9.902320e-01
430 9.768000e-03 0.000000e+00 9.902320e-01
431 9.768000e-03 0.000000e+00 9.902320e-01
432 9.768000e-03 0.000000e+00 9.902320e-01
433 9.768000e-03 0.000000e+00 9.902320e-01
434 9.768000e-03 0.000000e+00 9.902320e-01
435 9.768000e-03 0.000000e+00 9.902320e-01
436 9.768000e-03 0.000000e+00 9.902320e-01
437 9.768000e-03 0.000000e+00 9.902320e-01
438 9.768000e-03 0.000000e+00 9.902320e-01
439 9.768000e-03 0.000000e+00 9.902320e-01
440 9.768000e-03 0.000000e+00 9.902320e-01
441 9.768000e-03 0.000000e+00 9.902320e-01
442 9.768000e-03 0.000000e+00 9.902320e-01
443 9.768000e-03 0.000000e+00 9.902320e-01
444 9.768000e-03 0.000000e+00 9.902320e-01
445 9.768000e-03 0.000000e+00 9.902320e-01
446 9.768000e-03 0.000000e+00 9.902320e-01
447 9.768000e-03 0.000000e+00 9.902320e-01
448 9.768000e-03 0.000000e+00 9.902320e-01
449 9.768000e-03 0.000000e+00 9.902320e-01
450 9.768000e-03 0.000000e+00 9.902320e-01
451 9.768000e-03 0.000000e+00 9.902320e-01
452 9.768000e-03 0.000000e+00 9.902320e-01
453 9.768000e-03 0.000000e+00 9.902320e-01
454 9.768000e-03 0.000000e+00 9.902320e-01
455 9.768000e-03 0.000000e+00 9.902320e-01
456 9.768000e-03 0.000000e+00 9.902320e-01
457 9.768000e-03 0.000000e+00 9.902320e-01
458 9.768000e-03 0.000000e+00 9.902320e-01
459 9.768000e-03 0.000000e+00 9.902320e-01
460 9.768000e-03 0.000000e+00 9.902320e-01
461 9.768000e-03 0.000000e+00 9.902320e-01
462 9.768000e-03 0.000000e+00 9.902320e-01
463 9.768000e-03 0.000000e+00 9.902320e-01
464 9.768000e-03 0.000000e+00 9.902320e-01
465 9.768000e-03 0.000000e+00 9.902320e-01
466 9.768000e-03 0.000000e+00 9.902320e-01
467 9.768000e-03 0.000000e+00 9.902320e-01
468 9.768000e-03 0.000000e+00 9.902320e-01
469 9.768000e-03 0.000000e+00 9.902320e-01
470 9.768000e-03 0.000000e+00 9.902320e-01
471 9.768000e-03 0.000000e+00 9.902320e-01
472 9.768000e-03 0.000000e+00 9.902320e-01
473 9.768000e-03 0.000000e+00 9.902320e-01
474 9.768000e-03 0.000000e+00 9.902320e-01
475 9.768000e-03 0.000000e+00 9.902320e-01
476 9.768000e-03 0.000000e+00 9.902320e-01
477 9.768000e-03 0.000000e+00 9.902320e-01
478 9.768000e-03 0.000000e+00 9.902320e-01
479 9.768000e-03 0.000000e+00 9.902320e-01
480 9.768000e-03 0.000000e+00 9.902320e-01
481 9.768000e-03 0.000000e+00 9.902320e-01
482 9.768000e-03 0.000000e+00 9.902320e-01
483 9.768000e-03 0.000000e+00 9.902320e-01
484 9.768000e-03 0.000000e+00 9.902320e-01
485 9.768000e-03 0.000000e+00 9.902320e-01
486 9.768000e-03 0.000000e+00 9.902320e-01
487 9.768000e-03 0.000000e+00 9.902320e-01
488 9.768000e-03 0.000000e+00 9.902320e-01
489 9.768000e-03 0.000000e+00 9.902320e-01
490 9.768000e-03 0.000000e+00 9.902320e-01
491 9.768000e-03 0.000000e+00 9.902320e-01
492 9.768000e-03 0.000000e+00 9.902320e-01
493 9.768000e-03 0.000000e+00 9.902320e-01
494 9.768000e-03 0.000000e+00 9.902320e-01
495 9.768000e-03 0.000000e+00 9.902320e-01
496 9.768000e-03 0.000000e+00 9.902320e-01
497 9.768000e-03 0.000000e+00 9.902320e-01
498 9.768000e-03 0.000000e+00 9.902320e-01
499 9.768000e-03 0.000000e+00 9.902320e-01
500 9.768000e-03 0.000000e+00 9.902320e-01
