1 9.992080e-01 7.080000e-04 8.400000e-05
2 9.983720e-01 1.344000e-03 2.840000e-04
3 9.970600e-01 2.312000e-03 6.280000e-04
4 9.942600e-01 4.552000e-03 1.188000e-03
5 9.893600e-01 8.352000e-03 2.288000e-03
6 9.809120e-01 1.484400e-02 4.244000e-03
7 9.673200e-01 2.499600e-02 7.684000e-03
8 9.449440e-01 4.173200e-02 1.332400e-02
9 9.134640e-01 6.417200e-02 2.236400e-02
10 8.708200e-01 9.335200e-02 3.582800e-02
11 8.144600e-01 1.299840e-01 5.555600e-02
12 7.480400e-01 1.698760e-01 8.208400e-02
13 6.729240e-01 2.113920e-01 1.156840e-01
14 5.938880e-01 2.494880e-01 1.566240e-01
15 5.118240e-01 2.845640e-01 2.036120e-01
16 4.330560e-01 3.105280e-01 2.564160e-01
17 3.593800e-01 3.284560e-01 3.121640e-01
18 2.924960e-01 3.369840e-01 3.705200e-01
19 2.333080e-01 3.369440e-01 4.297480e-01
20 1.821320e-01 3.303520e-01 4.875160e-01
21 1.404120e-01 3.155760e-01 5.440120e-01
22 1.068480e-01 2.958320e-01 5.973200e-01
23 8.019200e-02 2.728920e-01 6.469160e-01
24 6.064000e-02 2.472080e-01 6.921520e-01
25 4.636000e-02 2.202400e-01 7.334000e-01
26 3.658000e-02 1.935240e-01 7.698960e-01
27 2.948400e-02 1.690600e-01 8.014560e-01
28 2.427600e-02 1.469800e-01 8.287440e-01
29 2.091600e-02 1.259720e-01 8.531120e-01
30 1.857600e-02 1.077160e-01 8.737080e-01
31 1.670800e-02 9.209200e-02 8.912000e-01
32 1.523200e-02 7.862400e-02 9.061440e-01
33 1.428400e-02 6.682800e-02 9.188880e-01
34 1.357200e-02 5.661600e-02 9.298120e-01
35 1.294400e-02 4.801600e-02 9.390400e-01
36 1.240800e-02 4.098800e-02 9.466040e-01
37 1.202800e-02 3.472800e-02 9.532440e-01
38 1.173200e-02 2.941600e-02 9.588520e-01
39 1.147200e-02 2.499600e-02 9.635320e-01
40 1.126800e-02 2.116800e-02 9.675640e-01
41 1.105600e-02 1.800000e-02 9.709440e-01
42 1.092400e-02 1.505200e-02 9.740240e-01
43 1.080400e-02 1.280400e-02 9.763920e-01
44 1.067600e-02 1.083200e-02 9.784920e-01
45 1.061200e-02 9.192000e-03 9.801960e-01
46 1.053600e-02 7.836000e-03 9.816280e-01
47 1.050800e-02 6.696000e-03 9.827960e-01
48 1.045600e-02 5.620000e-03 9.839240e-01
49 1.039200e-02 4.840000e-03 9.847680e-01
50 1.035600e-02 4.092000e-03 9.855520e-01
51 1.033600e-02 3.432000e-03 9.862320e-01
52 1.032000e-02 2.924000e-03 9.867560e-01
53 1.030800e-02 2.472000e-03 9.872200e-01
54 1.029200e-02 2.088000e-03 9.876200e-01
55 1.028400e-02 1.756000e-03 9.879600e-01
56 1.027600e-02 1.452000e-03 9.882720e-01
57 1.025600e-02 1.236000e-03 9.885080e-01
58 1.025200e-02 1.084000e-03 9.886640e-01
59 1.024400e-02 8.840000e-04 9.888720e-01
60 1.024000e-02 7.440000e-04 9.890160e-01
61 1.023600e-02 6.280000e-04 9.891360e-01
62 1.023600e-02 5.280000e-04 9.892360e-01
63 1.023200e-02 4.400000e-04 9.893280e-01
64 1.023200e-02 4.040000e-04 9.893640e-01
65 1.023200e-02 3.360000e-04 9.894320e-01
66 1.023200e-02 2.840000e-04 9.894840e-01
67 1.023200e-02 2.320000e-04 9.895360e-01
68 1.023200e-02 2.000000e-04 9.895680e-01
69 1.023200e-02 1.720000e-04 9.895960e-01
70 1.023200e-02 1.480000e-04 9.896200e-01
71 1.022800e-02 1.320000e-04 9.896400e-01
72 1.022800e-02 9.600000e-05 9.896760e-01
73 1.022800e-02 8.000000e-05 9.896920e-01
74 1.022800e-02 7.200000e-05 9.897000e-01
75 1.022800e-02 5.600000e-05 9.897160e-01
76 1.022800e-02 4.800000e-05 9.897240e-01
77 1.022800e-02 4.400000e-05 9.897280e-01
78 1.022800e-02 3.200000e-05 9.897400e-01
79 1.022800e-02 2.800000e-05 9.897440e-01
80 1.022800e-02 2.400000e-05 9.897480e-01
81 1.022800e-02 2.400000e-05 9.897480e-01
82 1.022800e-02 1.600000e-05 9.897560e-01
83 1.022800e-02 1.200000e-05 9.897600e-01
84 1.022800e-02 1.200000e-05 9.897600e-01
85 1.022800e-02 1.200000e-05 9.897600e-01
86 1.022800e-02 8.000000e-06 9.897640e-01
87 1.022800e-02 8.000000e-06 9.897640e-01
88 1.022800e-02 4.000000e-06 9.897680e-01
89 1.022800e-02 4.000000e-06 9.897680e-01
90 1.022800e-02 4.000000e-06 9.897680e-01
91 1.022800e-02 4.000000e-06 9.897680e-01
92 1.022800e-02 4.000000e-06 9.897680e-01
93 1.022800e-02 4.000000e-06 9.897680e-01
94 1.022800e-02 4.000000e-06 9.897680e-01
95 1.022800e-02 0.000000e+00 9.897720e-01
96 1.022800e-02 0.000000e+00 9.897720e-01
97 1.022800e-02 0.000000e+00 9.897720e-01
98 1.022800e-02 0.000000e+00 9.897720e-01
99 1.022800e-02 0.000000e+00 9.897720e-01
100 1.022800e-02 0.000000e+00 9.897720e-01
101 1.022800e-02 0.000000e+00 9.897720e-01
102 1.022800e-02 0.000000e+00 9.897720e-01
103 1.022800e-02 0.000000e+00 9.897720e-01
104 1.022800e-02 0.000000e+00 9.897720e-01
105 1.022800e-02 0.000000e+00 9.897720e-01
106 1.022800e-02 0.000000e+00 9.897720e-01
107 1.022800e-02 0.000000e+00 9.897720e-01
108 1.022800e-02 0.000000e+00 9.897720e-01
109 1.022800e-02 0.000000e+00 9.897720e-01
110 1.022800e-02 0.000000e+00 9.897720e-01
111 1.022800e-02 0.000000e+00 9.897720e-01
112 1.022800e-02 0.000000e+00 9.897720e-01
113 1.022800e-02 0.000000e+00 9.897720e-01
114 1.022800e-02 0.000000e+00 9.897720e-01
115 1.022800e-02 0.000000e+00 9.897720e-01
116 1.022800e-02 0.000000e+00 9.897720e-01
117 1.022800e-02 0.000000e+00 9.897720e-01
118 1.022800e-02 0.000000e+00 9.897720e-01
119 1.022800e-02 0.000000e+00 9.897720e-01
120 1.022800e-02 0.000000e+00 9.897720e-01
121 1.022800e-02 0.000000e+00 9.897720e-01
122 1.022800e-02 0.000000e+00 9.897720e-01
123 1.022800e-02 0.000000e+00 9.897720e-01
124 1.022800e-02 0.000000e+00 9.897720e-01
125 1.022800e-02 0.000000e+00 9.897720e-01
126 1.022800e-02 0.000000e+00 9.897720e-01
127 1.022800e-02 0.000000e+00 9.897720e-01
128 1.022800e-02 0.000000e+00 9.897720e-01
129 1.022800e-02 0.000000e+00 9.897720e-01
130 1.022800e-02 0.000000e+00 9.897720e-01
131 1.022800e-02 0.000000e+00 9.897720e-01
132 1.022800e-02 0.000000e+00 9.897720e-01
133 1.022800e-02 0.000000e+00 9.897720e-01
134 1.022800e-02 0.000000e+00 9.897720e-01
135 1.022800e-02 0.000000e+00 9.897720e-01
136 1.022800e-02 0.000000e+00 9.897720e-01
137 1.022800e-02 0.000000e+00 9.897720e-01
138 1.022800e-02 0.000000e+00 9.897720e-01
139 1.022800e-02 0.000000e+00 9.897720e-01
140 1.022800e-02 0.000000e+00 9.897720e-01
141 1.022800e-02 0.000000e+00 9.897720e-01
142 1.022800e-02 0.000000e+00 9.897720e-01
143 1.022800e-02 0.000000e+00 9.897720e-01
144 1.022800e-02 0.000000e+00 9.897720e-01
145 1.022800e-02 0.000000e+00 9.897720e-01
146 1.022800e-02 0.000000e+00 9.897720e-01
147 1.022800e-02 0.000000e+00 9.897720e-01
148 1.022800e-02 0.000000e+00 9.897720e-01
149 1.022800e-02 0.000000e+00 9.897720e-01
150 1.022800e-02 0.000000e+00 9.897720e-01
151 1.022800e-02 0.000000e+00 9.897720e-01
152 1.022800e-02 0.000000e+00 9.897720e-01
153 1.022800e-02 0.000000e+00 9.897720e-01
154 1.022800e-02 0.000000e+00 9.897720e-01
155 1.022800e-02 0.000000e+00 9.897720e-01
156 1.022800e-02 0.000000e+00 9.897720e-01
157 1.022800e-02 0.000000e+00 9.897720e-01
158 1.022800e-02 0.000000e+00 9.897720e-01
159 1.022800e-02 0.000000e+00 9.897720e-01
160 1.022800e-02 0.000000e+00 9.897720e-01
161 1.022800e-02 0.000000e+00 9.897720e-01
162 1.022800e-02 0.000000e+00 9.897720e-01
163 1.022800e-02 0.000000e+00 9.897720e-01
164 1.022800e-02 0.000000e+00 9.897720e-01
165 1.022800e-02 0.000000e+00 9.897720e-01
166 1.022800e-02 0.000000e+00 9.897720e-01
167 1.022800e-02 0.000000e+00 9.897720e-01
168 1.022800e-02 0.000000e+00 9.897720e-01
169 1.022800e-02 0.000000e+00 9.897720e-01
170 1.022800e-02 0.000000e+00 9.897720e-01
171 1.022800e-02 0.000000e+00 9.897720e-01
172 1.022800e-02 0.000000e+00 9.897720e-01
173 1.022800e-02 0.000000e+00 9.897720e-01
174 1.022800e-02 0.000000e+00 9.897720e-01
175 1.022800e-02 0.000000e+00 9.897720e-01
176 1.022800e-02 0.000000e+00 9.897720e-01
177 1.022800e-02 0.000000e+00 9.897720e-01
178 1.022800e-02 0.000000e+00 9.897720e-01
179 1.022800e-02 0.000000e+00 9.897720e-01
180 1.022800e-02 0.000000e+00 9.897720e-01
181 1.022800e-02 0.000000e+00 9.897720e-01
182 1.022800e-02 0.000000e+00 9.897720e-01
183 1.022800e-02 0.000000e+00 9.897720e-01
184 1.022800e-02 0.000000e+00 9.897720e-01
185 1.022800e-02 0.000000e+00 9.897720e-01
186 1.022800e-02 0.000000e+00 9.897720e-01
187 1.022800e-02 0.000000e+00 9.897720e-01
188 1.022800e-02 0.000000e+00 9.897720e-01
189 1.022800e-02 0.000000e+00 9.897720e-01
190 1.022800e-02 0.000000e+00 9.897720e-01
191 1.022800e-02 0.000000e+00 9.897720e-01
192 1.022800e-02 0.000000e+00 9.897720e-01
193 1.022800e-02 0.000000e+00 9.897720e-01
194 1.022800e-02 0.000000e+00 9.897720e-01
195 1.022800e-02 0.000000e+00 9.897720e-01
196 1.022800e-02 0.000000e+00 9.897720e-01
197 1.022800e-02 0.000000e+00 9.897720e-01
198 1.022800e-02 0.000000e+00 9.897720e-01
199 1.022800e-02 0.000000e+00 9.897720e-01
200 1.022800e-02 0.000000e+00 9.897720e-01
201 1.022800e-02 0.000000e+00 9.897720e-01
202 1.022800e-02 0.000000e+00 9.897720e-01
203 1.022800e-02 0.000000e+00 9.897720e-01
204 1.022800e-02 0.000000e+00 9.897720e-01
205 1.022800e-02 0.000000e+00 9.897720e-01
206 1.022800e-02 0.000000e+00 9.897720e-01
207 1.022800e-02 0.000000e+00 9.897720e-01
208 1.022800e-02 0.000000e+00 9.897720e-01
209 1.022800e-02 0.000000e+00 9.897720e-01
210 1.022800e-02 0.000000e+00 9.897720e-01
211 1.022800e-02 0.000000e+00 9.897720e-01
212 1.022800e-02 0.000000e+00 9.897720e-01
213 1.022800e-02 0.000000e+00 9.897720e-01
214 1.022800e-02 0.000000e+00 9.897720e-01
215 1.022800e-02 0.000000e+00 9.897720e-01
216 1.022800e-02 0.000000e+00 9.897720e-01
217 1.022800e-02 0.000000e+00 9.897720e-01
218 1.022800e-02 0.000000e+00 9.897720e-01
219 1.022800e-02 0.000000e+00 9.897720e-01
220 1.022800e-02 0.000000e+00 9.897720e-01
221 1.022800e-02 0.000000e+00 9.897720e-01
222 1.022800e-02 0.000000e+00 9.897720e-01
223 1.022800e-02 0.000000e+00 9.897720e-01
224 1.022800e-02 0.000000e+00 9.897720e-01
225 1.022800e-02 0.000000e+00 9.897720e-01
226 1.022800e-02 0.000000e+00 9.897720e-01
227 1.022800e-02 0.000000e+00 9.897720e-01
228 1.022800e-02 0.000000e+00 9.897720e-01
229 1.022800e-02 0.000000e+00 9.897720e-01
230 1.022800e-02 0.000000e+00 9.897720e-01
231 1.022800e-02 0.000000e+00 9.897720e-01
232 1.022800e-02 0.000000e+00 9.897720e-01
233 1.022800e-02 0.000000e+00 9.897720e-01
234 1.022800e-02 0.000000e+00 9.897720e-01
235 1.022800e-02 0.000000e+00 9.897720e-01
236 1.022800e-02 0.000000e+00 9.897720e-01
237 1.022800e-02 0.000000e+00 9.897720e-01
238 1.022800e-02 0.000000e+00 9.897720e-01
239 1.022800e-02 0.000000e+00 9.897720e-01
240 1.022800e-02 0.000000e+00 9.897720e-01
241 1.022800e-02 0.000000e+00 9.897720e-01
242 1.022800e-02 0.000000e+00 9.897720e-01
243 1.022800e-02 0.000000e+00 9.897720e-01
244 1.022800e-02 0.000000e+00 9.897720e-01
245 1.022800e-02 0.000000e+00 9.897720e-01
246 1.022800e-02 0.000000e+00 9.897720e-01
247 1.022800e-02 0.000000e+00 9.897720e-01
248 1.022800e-02 0.000000e+00 9.897720e-01
249 1.022800e-02 0.000000e+00 9.897720e-01
250 1.022800e-02 0.000000e+00 9.897720e-01
251 1.022800e-02 0.000000e+00 9.897720e-01
252 1.022800e-02 0.000000e+00 9.897720e-01
253 1.022800e-02 0.000000e+00 9.897720e-01
254 1.022800e-02 0.000000e+00 9.897720e-01
255 1.022800e-02 0.000000e+00 9.897720e-01
256 1.022800e-02 0.000000e+00 9.897720e-01
257 1.022800e-02 0.000000e+00 9.897720e-01
258 1.022800e-02 0.000000e+00 9.897720e-01
259 1.022800e-02 0.000000e+00 9.897720e-01
260 1.022800e-02 0.000000e+00 9.897720e-01
261 1.022800e-02 0.000000e+00 9.897720e-01
262 1.022800e-02 0.000000e+00 9.897720e-01
263 1.022800e-02 0.000000e+00 9.897720e-01
264 1.022800e-02 0.000000e+00 9.897720e-01
265 1.022800e-02 0.000000e+00 9.897720e-01
266 1.022800e-02 0.000000e+00 9.897720e-01
267 1.022800e-02 0.000000e+00 9.897720e-01
268 1.022800e-02 0.000000e+00 9.897720e-01
269 1.022800e-02 0.000000e+00 9.897720e-01
270 1.022800e-02 0.000000e+00 9.897720e-01
271 1.022800e-02 0.000000e+00 9.897720e-01
272 1.022800e-02 0.000000e+00 9.897720e-01
273 1.022800e-02 0.000000e+00 9.897720e-01
274 1.022800e-02 0.000000e+00 9.897720e-01
275 1.022800e-02 0.000000e+00 9.897720e-01
276 1.022800e-02 0.000000e+00 9.897720e-01
277 1.022800e-02 0.000000e+00 9.897720e-01
278 1.022800e-02 0.000000e+00 9.897720e-01
279 1.022800e-02 0.000000e+00 9.897720e-01
280 1.022800e-02 0.000000e+00 9.897720e-01
281 1.022800e-02 0.000000e+00 9.897720e-01
282 1.022800e-02 0.000000e+00 9.897720e-01
283 1.022800e-02 0.000000e+00 9.897720e-01
284 1.022800e-02 0.000000e+00 9.897720e-01
285 1.022800e-02 0.000000e+00 9.897720e-01
286 1.022800e-02 0.000000e+00 9.897720e-01
287 1.022800e-02 0.000000e+00 9.897720e-01
288 1.022800e-02 0.000000e+00 9.897720e-01
289 1.022800e-02 0.000000e+00 9.897720e-01
290 1.022800e-02 0.000000e+00 9.897720e-01
291 1.022800e-02 0.000000e+00 9.897720e-01
292 1.022800e-02 0.000000e+00 9.897720e-01
293 1.022800e-02 0.000000e+00 9.897720e-01
294 1.022800e-02 0.000000e+00 9.897720e-01
295 1.022800e-02 0.000000e+00 9.897720e-01
296 1.022800e-02 0.000000e+00 9.897720e-01
297 1.022800e-02 0.000000e+00 9.897720e-01
298 1.022800e-02 0.000000e+00 9.897720e-01
299 1.022800e-02 0.000000e+00 9.897720e-01
300 1.022800e-02 0.000000e+00 9.897720e-01
301 1.022800e-02 0.000000e+00 9.897720e-01
302 1.022800e-02 0.000000e+00 9.897720e-01
303 1.022800e-02 0.000000e+00 9.897720e-01
304 1.022800e-02 0.000000e+00 9.897720e-01
305 1.022800e-02 0.000000e+00 9.897720e-01
306 1.022800e-02 0.000000e+00 9.897720e-01
307 1.022800e-02 0.000000e+00 9.897720e-01
308 1.022800e-02 0.000000e+00 9.897720e-01
309 1.022800e-02 0.000000e+00 9.897720e-01
310 1.022800e-02 0.000000e+00 9.897720e-01
311 1.022800e-02 0.000000e+00 9.897720e-01
312 1.022800e-02 0.000000e+00 9.897720e-01
313 1.022800e-02 0.000000e+00 9.897720e-01
314 1.022800e-02 0.000000e+00 9.897720e-01
315 1.022800e-02 0.000000e+00 9.897720e-01
316 1.022800e-02 0.000000e+00 9.897720e-01
317 1.022800e-02 0.000000e+00 9.897720e-01
318 1.022800e-02 0.000000e+00 9.897720e-01
319 1.022800e-02 0.000000e+00 9.897720e-01
320 1.022800e-02 0.000000e+00 9.897720e-01
321 1.022800e-02 0.000000e+00 9.897720e-01
322 1.022800e-02 0.000000e+00 9.897720e-01
323 1.022800e-02 0.000000e+00 9.897720e-01
324 1.022800e-02 0.000000e+00 9.897720e-01
325 1.022800e-02 0.000000e+00 9.897720e-01
326 1.022800e-02 0.000000e+00 9.897720e-01
327 1.022800e-02 0.000000e+00 9.897720e-01
328 1.022800e-02 0.000000e+00 9.897720e-01
329 1.022800e-02 0.000000e+00 9.897720e-01
330 1.022800e-02 0.000000e+00 9.897720e-01
331 1.022800e-02 0.000000e+00 9.897720e-01
332 1.022800e-02 0.000000e+00 9.897720e-01
333 1.022800e-02 0.000000e+00 9.897720e-01
334 1.022800e-02 0.000000e+00 9.897720e-01
335 1.022800e-02 0.000000e+00 9.897720e-01
336 1.022800e-02 0.000000e+00 9.897720e-01
337 1.022800e-02 0.000000e+00 9.897720e-01
338 1.022800e-02 0.000000e+00 9.897720e-01
339 1.022800e-02 0.000000e+00 9.897720e-01
340 1.022800e-02 0.000000e+00 9.897720e-01
341 1.022800e-02 0.000000e+00 9.897720e-01
342 1.022800e-02 0.000000e+00 9.897720e-01
343 1.022800e-02 0.000000e+00 9.897720e-01
344 1.022800e-02 0.000000e+00 9.897720e-01
345 1.022800e-02 0.000000e+00 9.897720e-01
346 1.022800e-02 0.000000e+00 9.897720e-01
347 1.022800e-02 0.000000e+00 9.897720e-01
348 1.022800e-02 0.000000e+00 9.897720e-01
349 1.022800e-02 0.000000e+00 9.897720e-01
350 1.022800e-02 0.000000e+00 9.897720e-01
351 1.022800e-02 0.000000e+00 9.897720e-01
352 1.022800e-02 0.000000e+00 9.897720e-01
353 1.022800e-02 0.000000e+00 9.897720e-01
354 1.022800e-02 0.000000e+00 9.897720e-01
355 1.022800e-02 0.000000e+00 9.897720e-01
356 1.022800e-02 0.000000e+00 9.897720e-01
357 1.022800e-02 0.000000e+00 9.897720e-01
358 1.022800e-02 0.000000e+00 9.897720e-01
359 1.022800e-02 0.000000e+00 9.897720e-01
360 1.022800e-02 0.000000e+00 9.897720e-01
361 1.022800e-02 0.000000e+00 9.897720e-01
362 1.022800e-02 0.000000e+00 9.897720e-01
363 1.022800e-02 0.000000e+00 9.897720e-01
364 1.022800e-02 0.000000e+00 9.897720e-01
365 1.022800e-02 0.000000e+00 9.897720e-01
366 1.022800e-02 0.000000e+00 9.897720e-01
367 1.022800e-02 0.000000e+00 9.897720e-01
368 1.022800e-02 0.000000e+00 9.897720e-01
369 1.022800e-02 0.000000e+00 9.897720e-01
370 1.022800e-02 0.000000e+00 9.897720e-01
371 1.022800e-02 0.000000e+00 9.897720e-01
372 1.022800e-02 0.000000e+00 9.897720e-01
373 1.022800e-02 0.000000e+00 9.897720e-01
374 1.022800e-02 0.000000e+00 9.897720e-01
375 1.022800e-02 0.000000e+00 9.897720e-01
376 1.022800e-02 0.000000e+00 9.897720e-01
377 1.022800e-02 0.000000e+00 9.897720e-01
378 1.022800e-02 0.000000e+00 9.897720e-01
379 1.022800e-02 0.000000e+00 9.897720e-01
380 1.022800e-02 0.000000e+00 9.897720e-01
381 1.022800e-02 0.000000e+00 9.897720e-01
382 1.022800e-02 0.000000e+00 9.897720e-01
383 1.022800e-02 0.000000e+00 9.897720e-01
384 1.022800e-02 0.000000e+00 9.897720e-01
385 1.022800e-02 0.000000e+00 9.897720e-01
386 1.022800e-02 0.000000e+00 9.897720e-01
387 1.022800e-02 0.000000e+00 9.897720e-01
388 1.022800e-02 0.000000e+00 9.897720e-01
389 1.022800e-02 0.000000e+00 9.897720e-01
390 1.022800e-02 0.000000e+00 9.897720e-01
391 1.022800e-02 0.000000e+00 9.897720e-01
392 1.022800e-02 0.000000e+00 9.897720e-01
393 1.022800e-02 0.000000e+00 9.897720e-01
394 1.022800e-02 0.000000e+00 9.897720e-01
395 1.022800e-02 0.000000e+00 9.897720e-01
396 1.022800e-02 0.000000e+00 9.897720e-01
397 1.022800e-02 0.000000e+00 9.897720e-01
398 1.022800e-02 0.000000e+00 9.897720e-01
399 1.022800e-02 0.000000e+00 9.897720e-01
400 1.022800e-02 0.000000e+00 9.897720e-01
401 1.022800e-02 0.000000e+00 9.897720e-01
402 1.022800e-02 0.000000e+00 9.897720e-01
403 1.022800e-02 0.000000e+00 9.897720e-01
404 1.022800e-02 0.000000e+00 9.897720e-01
405 1.022800e-02 0.000000e+00 9.897720e-01
406 1.022800e-02 0.000000e+00 9.897720e-01
407 1.022800e-02 0.000000e+00 9.897720e-01
408 1.022800e-02 0.000000e+00 9.897720e-01
409 1.022800e-02 0.000000e+00 9.897720e-01
410 1.022800e-02 0.000000e+00 9.897720e-01
411 1.022800e-02 0.000000e+00 9.897720e-01
412 1.022800e-02 0.000000e+00 9.897720e-01
413 1.022800e-02 0.000000e+00 9.897720e-01
414 1.022800e-02 0.000000e+00 9.897720e-01
415 1.022800e-02 0.000000e+00 9.897720e-01
416 1.022800e-02 0.000000e+00 9.897720e-01
417 1.022800e-02 0.000000e+00 9.897720e-01
418 1.022800e-02 0.000000e+00 9.897720e-01
419 1.022800e-02 0.000000e+00 9.897720e-01
420 1.022800e-02 0.000000e+00 9.897720e-01
421 1.022800e-02 0.000000e+00 9.897720e-01
422 1.022800e-02 0.000000e+00 9.897720e-01
423 1.022800e-02 0.000000e+00 9.897720e-01
424 1.022800e-02 0.000000e+00 9.897720e-01
425 1.022800e-02 0.000000e+00 9.897720e-01
426 1.022800e-02 0.000000e+00 9.897720e-01
427 1.022800e-02 0.000000e+00 9.897720e-01
428 1.022800e-02 0.000000e+00 9.897720e-01
429 1.022800e-02 0.000000e+00 9.897720e-01
430 1.022800e-02 0.000000e+00 9.897720e-01
431 1.022800e-02 0.000000e+00 9.897720e-01
432 1.022800e-02 0.000000e+00 9.897720e-01
433 1.022800e-02 0.000000e+00 9.897720e-01
434 1.022800e-02 0.000000e+00 9.897720e-01
435 1.022800e-02 0.000000e+00 9.897720e-01
436 1.022800e-02 0.000000e+00 9.897720e-01
437 1.022800e-02 0.000000e+00 9.897720e-01
438 1.022800e-02 0.000000e+00 9.897720e-01
439 1.022800e-02 0.000000e+00 9.897720e-01
440 1.022800e-02 0.000000e+00 9.897720e-01
441 1.022800e-02 0.000000e+00 9.897720e-01
442 1.022800e-02 0.000000e+00 9.897720e-01
443 1.022800e-02 0.000000e+00 9.897720e-01
444 1.022800e-02 0.000000e+00 9.897720e-01
445 1.022800e-02 0.000000e+00 9.897720e-01
446 1.022800e-02 0.000000e+00 9.897720e-01
447 1.022800e-02 0.000000e+00 9.897720e-01
448 1.022800e-02 0.000000e+00 9.897720e-01
449 1.022800e-02 0.000000e+00 9.897720e-01
450 1.022800e-02 0.000000e+00 9.897720e-01
451 1.022800e-02 0.000000e+00 9.897720e-01
452 1.022800e-02 0.000000e+00 9.897720e-01
453 1.022800e-02 0.000000e+00 9.897720e-01
454 1.022800e-02 0.000000e+00 9.897720e-01
455 1.022800e-02 0.000000e+00 9.897720e-01
456 1.022800e-02 0.000000e+00 9.897720e-01
457 1.022800e-02 0.000000e+00 9.897720e-01
458 1.022800e-02 0.000000e+00 9.897720e-01
459 1.022800e-02 0.000000e+00 9.897720e-01
460 1.022800e-02 0.000000e+00 9.897720e-01
461 1.022800e-02 0.000000e+00 9.897720e-01
462 1.022800e-02 0.000000e+00 9.897720e-01
463 1.022800e-02 0.000000e+00 9.897720e-01
464 1.022800e-02 0.000000e+00 9.897720e-01
465 1.022800e-02 0.000000e+00 9.897720e-01
466 1.022800e-02 0.000000e+00 9.897720e-01
467 1.022800e-02 0.000000e+00 9.897720e-01
468 1.022800e-02 0.000000e+00 9.897720e-01
469 1.022800e-02 0.000000e+00 9.897720e-01
470 1.022800e-02 0.000000e+00 9.897720e-01
471 1.022800e-02 0.000000e+00 9.897720e-01
472 1.022800e-02 0.000000e+00 9.897720e-01
473 1.022800e-02 0.000000e+00 9.897720e-01
474 1.022800e-02 0.000000e+00 9.897720e-01
475 1.022800e-02 0.000000e+00 9.897720e-01
476 1.022800e-02 0.000000e+00 9.897720e-01
477 1.022800e-02 0.000000e+00 9.897720e-01
478 1.022800e-02 0.000000e+00 9.897720e-01
479 1.022800e-02 0.000000e+00 9.897720e-01
480 1.022800e-02 0.000000e+00 9.897720e-01
481 1.022800e-02 0.000000e+00 9.897720e-01
482 1.022800e-02 0.000000e+00 9.897720e-01
483 1.022800e-02 0.000000e+00 9.897720e-01
484 1.022800e-02 0.000000e+00 9.897720e-01
485 1.022800e-02 0.000000e+00 9.897720e-01
486 1.022800e-02 0.000000e+00 9.897720e-01
487 1.022800e-02 0.000000e+00 9.897720e-01
488 1.022800e-02 0.000000e+00 9.897720e-01
489 1.022800e-02 0.000000e+00 9.897720e-01
490 1.022800e-02 0.000000e+00 9.897720e-01
491 1.022800e-02 0.000000e+00 9.897720e-01
492 1.022800e-02 0.000000e+00 9.897720e-01
493 1.022800e-02 0.000000e+00 9.897720e-01
494 1.022800e-02 0.000000e+00 9.897720e-01
495 1.022800e-02 0.000000e+00 9.897720e-01
496 1.022800e-02 0.000000e+00 9.897720e-01
497 1.022800e-02 0.000000e+00 9.897720e-01
498 1.022800e-02 0.000000e+00 9.897720e-01
499 1.022800e-02 0.000000e+00 9.897720e-01
500 1.022800e-02 0.000000e+00 9.897720e-01
