1 9.990480e-01 8.400000e-04 1.120000e-04
2 9.981080e-01 1.584000e-03 3.080000e-04
3 9.962960e-01 3.024000e-03 6.800000e-04
4 9.928000e-01 5.812000e-03 1.388000e-03
5 9.865200e-01 1.065200e-02 2.828000e-03
6 9.766520e-01 1.824400e-02 5.104000e-03
7 9.595920e-01 3.097200e-02 9.436000e-03
8 9.337120e-01 4.992800e-02 1.636000e-02
9 8.948200e-01 7.789200e-02 2.728800e-02
10 8.433160e-01 1.127200e-01 4.396400e-02
11 7.785920e-01 1.543760e-01 6.703200e-02
12 7.039400e-01 1.981480e-01 9.791200e-02
13 6.225040e-01 2.414120e-01 1.360840e-01
14 5.371840e-01 2.817160e-01 1.811000e-01
15 4.531440e-01 3.139160e-01 2.329400e-01
16 3.743760e-01 3.354520e-01 2.901720e-01
17 3.028160e-01 3.474920e-01 3.496920e-01
18 2.402480e-01 3.497520e-01 4.100000e-01
19 1.884480e-01 3.409440e-01 4.706080e-01
20 1.456080e-01 3.257200e-01 5.286720e-01
21 1.117720e-01 3.041040e-01 5.841240e-01
22 8.537600e-02 2.794840e-01 6.351400e-01
23 6.532000e-02 2.530960e-01 6.815840e-01
24 5.030400e-02 2.266320e-01 7.230640e-01
25 3.947600e-02 1.994120e-01 7.611120e-01
26 3.156000e-02 1.744920e-01 7.939480e-01
27 2.588000e-02 1.513960e-01 8.227240e-01
28 2.184000e-02 1.313480e-01 8.468120e-01
29 1.890800e-02 1.129880e-01 8.681040e-01
30 1.662000e-02 9.688800e-02 8.864920e-01
31 1.504800e-02 8.228400e-02 9.026680e-01
32 1.394000e-02 6.995200e-02 9.161080e-01
33 1.308800e-02 6.006400e-02 9.268480e-01
34 1.240400e-02 5.095200e-02 9.366440e-01
35 1.188800e-02 4.278800e-02 9.453240e-01
36 1.154000e-02 3.612800e-02 9.523320e-01
37 1.125200e-02 3.038400e-02 9.583640e-01
38 1.095200e-02 2.575200e-02 9.632960e-01
39 1.074400e-02 2.175200e-02 9.675040e-01
40 1.059600e-02 1.827600e-02 9.711280e-01
41 1.047200e-02 1.544000e-02 9.740880e-01
42 1.035200e-02 1.310800e-02 9.765400e-01
43 1.028000e-02 1.106400e-02 9.786560e-01
44 1.016400e-02 9.368000e-03 9.804680e-01
45 1.008800e-02 7.976000e-03 9.819360e-01
46 1.004000e-02 6.728000e-03 9.832320e-01
47 9.980000e-03 5.596000e-03 9.844240e-01
48 9.944000e-03 4.756000e-03 9.853000e-01
49 9.896000e-03 4.156000e-03 9.859480e-01
50 9.868000e-03 3.500000e-03 9.866320e-01
51 9.848000e-03 2.964000e-03 9.871880e-01
52 9.832000e-03 2.544000e-03 9.876240e-01
53 9.812000e-03 2.188000e-03 9.880000e-01
54 9.792000e-03 1.860000e-03 9.883480e-01
55 9.780000e-03 1.624000e-03 9.885960e-01
56 9.760000e-03 1.392000e-03 9.888480e-01
57 9.748000e-03 1.200000e-03 9.890520e-01
58 9.744000e-03 1.020000e-03 9.892360e-01
59 9.740000e-03 8.480000e-04 9.894120e-01
60 9.732000e-03 7.000000e-04 9.895680e-01
61 9.728000e-03 5.680000e-04 9.897040e-01
62 9.716000e-03 5.040000e-04 9.897800e-01
63 9.716000e-03 4.240000e-04 9.898600e-01
64 9.712000e-03 3.640000e-04 9.899240e-01
65 9.708000e-03 2.800000e-04 9.900120e-01
66 9.708000e-03 2.400000e-04 9.900520e-01
67 9.704000e-03 2.200000e-04 9.900760e-01
68 9.704000e-03 1.800000e-04 9.901160e-01
69 9.700000e-03 1.640000e-04 9.901360e-01
70 9.696000e-03 1.400000e-04 9.901640e-01
71 9.696000e-03 1.160000e-04 9.901880e-01
72 9.696000e-03 9.600000e-05 9.902080e-01
73 9.696000e-03 8.400000e-05 9.902200e-01
74 9.696000e-03 6.400000e-05 9.902400e-01
75 9.696000e-03 5.200000e-05 9.902520e-01
76 9.696000e-03 4.400000e-05 9.902600e-01
77 9.696000e-03 4.400000e-05 9.902600e-01
78 9.696000e-03 4.000000e-05 9.902640e-01
79 9.696000e-03 4.000000e-05 9.902640e-01
80 9.696000e-03 3.600000e-05 9.902680e-01
81 9.696000e-03 2.800000e-05 9.902760e-01
82 9.696000e-03 2.400000e-05 9.902800e-01
83 9.696000e-03 2.400000e-05 9.902800e-01
84 9.696000e-03 2.000000e-05 9.902840e-01
85 9.696000e-03 2.000000e-05 9.902840e-01
86 9.696000e-03 1.600000e-05 9.902880e-01
87 9.696000e-03 8.000000e-06 9.902960e-01
88 9.696000e-03 8.000000e-06 9.902960e-01
89 9.696000e-03 8.000000e-06 9.902960e-01
90 9.696000e-03 8.000000e-06 9.902960e-01
91 9.696000e-03 8.000000e-06 9.902960e-01
92 9.696000e-03 8.000000e-06 9.902960e-01
93 9.696000e-03 4.000000e-06 9.903000e-01
94 9.696000e-03 4.000000e-06 9.903000e-01
95 9.696000e-03 4.000000e-06 9.903000e-01
96 9.696000e-03 4.000000e-06 9.903000e-01
97 9.696000e-03 4.000000e-06 9.903000e-01
98 9.696000e-03 4.000000e-06 9.903000e-01
99 9.696000e-03 4.000000e-06 9.903000e-01
100 9.696000e-03 0.000000e+00 9.903040e-01
101 9.696000e-03 0.000000e+00 9.903040e-01
102 9.696000e-03 0.000000e+00 9.903040e-01
103 9.696000e-03 0.000000e+00 9.903040e-01
104 9.696000e-03 0.000000e+00 9.903040e-01
105 9.696000e-03 0.000000e+00 9.903040e-01
106 9.696000e-03 0.000000e+00 9.903040e-01
107 9.696000e-03 0.000000e+00 9.903040e-01
108 9.696000e-03 0.000000e+00 9.903040e-01
109 9.696000e-03 0.000000e+00 9.903040e-01
110 9.696000e-03 0.000000e+00 9.903040e-01
111 9.696000e-03 0.000000e+00 9.903040e-01
112 9.696000e-03 0.000000e+00 9.903040e-01
113 9.696000e-03 0.000000e+00 9.903040e-01
114 9.696000e-03 0.000000e+00 9.903040e-01
115 9.696000e-03 0.000000e+00 9.903040e-01
116 9.696000e-03 0.000000e+00 9.903040e-01
117 9.696000e-03 0.000000e+00 9.903040e-01
118 9.696000e-03 0.000000e+00 9.903040e-01
119 9.696000e-03 0.000000e+00 9.903040e-01
120 9.696000e-03 0.000000e+00 9.903040e-01
121 9.696000e-03 0.000000e+00 9.903040e-01
122 9.696000e-03 0.000000e+00 9.903040e-01
123 9.696000e-03 0.000000e+00 9.903040e-01
124 9.696000e-03 0.000000e+00 9.903040e-01
125 9.696000e-03 0.000000e+00 9.903040e-01
126 9.696000e-03 0.000000e+00 9.903040e-01
127 9.696000e-03 0.000000e+00 9.903040e-01
128 9.696000e-03 0.000000e+00 9.903040e-01
129 9.696000e-03 0.000000e+00 9.903040e-01
130 9.696000e-03 0.000000e+00 9.903040e-01
131 9.696000e-03 0.000000e+00 9.903040e-01
132 9.696000e-03 0.000000e+00 9.903040e-01
133 9.696000e-03 0.000000e+00 9.903040e-01
134 9.696000e-03 0.000000e+00 9.903040e-01
135 9.696000e-03 0.000000e+00 9.903040e-01
136 9.696000e-03 0.000000e+00 9.903040e-01
137 9.696000e-03 0.000000e+00 9.903040e-01
138 9.696000e-03 0.000000e+00 9.903040e-01
139 9.696000e-03 0.000000e+00 9.903040e-01
140 9.696000e-03 0.000000e+00 9.903040e-01
141 9.696000e-03 0.000000e+00 9.903040e-01
142 9.696000e-03 0.000000e+00 9.903040e-01
143 9.696000e-03 0.000000e+00 9.903040e-01
144 9.696000e-03 0.000000e+00 9.903040e-01
145 9.696000e-03 0.000000e+00 9.903040e-01
146 9.696000e-03 0.000000e+00 9.903040e-01
147 9.696000e-03 0.000000e+00 9.903040e-01
148 9.696000e-03 0.000000e+00 9.903040e-01
149 9.696000e-03 0.000000e+00 9.903040e-01
150 9.696000e-03 0.000000e+00 9.903040e-01
151 9.696000e-03 0.000000e+00 9.903040e-01
152 9.696000e-03 0.000000e+00 9.903040e-01
153 9.696000e-03 0.000000e+00 9.903040e-01
154 9.696000e-03 0.000000e+00 9.903040e-01
155 9.696000e-03 0.000000e+00 9.903040e-01
156 9.696000e-03 0.000000e+00 9.903040e-01
157 9.696000e-03 0.000000e+00 9.903040e-01
158 9.696000e-03 0.000000e+00 9.903040e-01
159 9.696000e-03 0.000000e+00 9.903040e-01
160 9.696000e-03 0.000000e+00 9.903040e-01
161 9.696000e-03 0.000000e+00 9.903040e-01
162 9.696000e-03 0.000000e+00 9.903040e-01
163 9.696000e-03 0.000000e+00 9.903040e-01
164 9.696000e-03 0.000000e+00 9.903040e-01
165 9.696000e-03 0.000000e+00 9.903040e-01
166 9.696000e-03 0.000000e+00 9.903040e-01
167 9.696000e-03 0.000000e+00 9.903040e-01
168 9.696000e-03 0.000000e+00 9.903040e-01
169 9.696000e-03 0.000000e+00 9.903040e-01
170 9.696000e-03 0.000000e+00 9.903040e-01
171 9.696000e-03 0.000000e+00 9.903040e-01
172 9.696000e-03 0.000000e+00 9.903040e-01
173 9.696000e-03 0.000000e+00 9.903040e-01
174 9.696000e-03 0.000000e+00 9.903040e-01
175 9.696000e-03 0.000000e+00 9.903040e-01
176 9.696000e-03 0.000000e+00 9.903040e-01
177 9.696000e-03 0.000000e+00 9.903040e-01
178 9.696000e-03 0.000000e+00 9.903040e-01
179 9.696000e-03 0.000000e+00 9.903040e-01
180 9.696000e-03 0.000000e+00 9.903040e-01
181 9.696000e-03 0.000000e+00 9.903040e-01
182 9.696000e-03 0.000000e+00 9.903040e-01
183 9.696000e-03 0.000000e+00 9.903040e-01
184 9.696000e-03 0.000000e+00 9.903040e-01
185 9.696000e-03 0.000000e+00 9.903040e-01
186 9.696000e-03 0.000000e+00 9.903040e-01
187 9.696000e-03 0.000000e+00 9.903040e-01
188 9.696000e-03 0.000000e+00 9.903040e-01
189 9.696000e-03 0.000000e+00 9.903040e-01
190 9.696000e-03 0.000000e+00 9.903040e-01
191 9.696000e-03 0.000000e+00 9.903040e-01
192 9.696000e-03 0.000000e+00 9.903040e-01
193 9.696000e-03 0.000000e+00 9.903040e-01
194 9.696000e-03 0.000000e+00 9.903040e-01
195 9.696000e-03 0.000000e+00 9.903040e-01
196 9.696000e-03 0.000000e+00 9.903040e-01
197 9.696000e-03 0.000000e+00 9.903040e-01
198 9.696000e-03 0.000000e+00 9.903040e-01
199 9.696000e-03 0.000000e+00 9.903040e-01
200 9.696000e-03 0.000000e+00 9.903040e-01
201 9.696000e-03 0.000000e+00 9.903040e-01
202 9.696000e-03 0.000000e+00 9.903040e-01
203 9.696000e-03 0.000000e+00 9.903040e-01
204 9.696000e-03 0.000000e+00 9.903040e-01
205 9.696000e-03 0.000000e+00 9.903040e-01
206 9.696000e-03 0.000000e+00 9.903040e-01
207 9.696000e-03 0.000000e+00 9.903040e-01
208 9.696000e-03 0.000000e+00 9.903040e-01
209 9.696000e-03 0.000000e+00 9.903040e-01
210 9.696000e-03 0.000000e+00 9.903040e-01
211 9.696000e-03 0.000000e+00 9.903040e-01
212 9.696000e-03 0.000000e+00 9.903040e-01
213 9.696000e-03 0.000000e+00 9.903040e-01
214 9.696000e-03 0.000000e+00 9.903040e-01
215 9.696000e-03 0.000000e+00 9.903040e-01
216 9.696000e-03 0.000000e+00 9.903040e-01
217 9.696000e-03 0.000000e+00 9.903040e-01
218 9.696000e-03 0.000000e+00 9.903040e-01
219 9.696000e-03 0.000000e+00 9.903040e-01
220 9.696000e-03 0.000000e+00 9.903040e-01
221 9.696000e-03 0.000000e+00 9.903040e-01
222 9.696000e-03 0.000000e+00 9.903040e-01
223 9.696000e-03 0.000000e+00 9.903040e-01
224 9.696000e-03 0.000000e+00 9.903040e-01
225 9.696000e-03 0.000000e+00 9.903040e-01
226 9.696000e-03 0.000000e+00 9.903040e-01
227 9.696000e-03 0.000000e+00 9.903040e-01
228 9.696000e-03 0.000000e+00 9.903040e-01
229 9.696000e-03 0.000000e+00 9.903040e-01
230 9.696000e-03 0.000000e+00 9.903040e-01
231 9.696000e-03 0.000000e+00 9.903040e-01
232 9.696000e-03 0.000000e+00 9.903040e-01
233 9.696000e-03 0.000000e+00 9.903040e-01
234 9.696000e-03 0.000000e+00 9.903040e-01
235 9.696000e-03 0.000000e+00 9.903040e-01
236 9.696000e-03 0.000000e+00 9.903040e-01
237 9.696000e-03 0.000000e+00 9.903040e-01
238 9.696000e-03 0.000000e+00 9.903040e-01
239 9.696000e-03 0.000000e+00 9.903040e-01
240 9.696000e-03 0.000000e+00 9.903040e-01
241 9.696000e-03 0.000000e+00 9.903040e-01
242 9.696000e-03 0.000000e+00 9.903040e-01
243 9.696000e-03 0.000000e+00 9.903040e-01
244 9.696000e-03 0.000000e+00 9.903040e-01
245 9.696000e-03 0.000000e+00 9.903040e-01
246 9.696000e-03 0.000000e+00 9.903040e-01
247 9.696000e-03 0.000000e+00 9.903040e-01
248 9.696000e-03 0.000000e+00 9.903040e-01
249 9.696000e-03 0.000000e+00 9.903040e-01
250 9.696000e-03 0.000000e+00 9.903040e-01
251 9.696000e-03 0.000000e+00 9.903040e-01
252 9.696000e-03 0.000000e+00 9.903040e-01
253 9.696000e-03 0.000000e+00 9.903040e-01
254 9.696000e-03 0.000000e+00 9.903040e-01
255 9.696000e-03 0.000000e+00 9.903040e-01
256 9.696000e-03 0.000000e+00 9.903040e-01
257 9.696000e-03 0.000000e+00 9.903040e-01
258 9.696000e-03 0.000000e+00 9.903040e-01
259 9.696000e-03 0.000000e+00 9.903040e-01
260 9.696000e-03 0.000000e+00 9.903040e-01
261 9.696000e-03 0.000000e+00 9.903040e-01
262 9.696000e-03 0.000000e+00 9.903040e-01
263 9.696000e-03 0.000000e+00 9.903040e-01
264 9.696000e-03 0.000000e+00 9.903040e-01
265 9.696000e-03 0.000000e+00 9.903040e-01
266 9.696000e-03 0.000000e+00 9.903040e-01
267 9.696000e-03 0.000000e+00 9.903040e-01
268 9.696000e-03 0.000000e+00 9.903040e-01
269 9.696000e-03 0.000000e+00 9.903040e-01
270 9.696000e-03 0.000000e+00 9.903040e-01
271 9.696000e-03 0.000000e+00 9.903040e-01
272 9.696000e-03 0.000000e+00 9.903040e-01
273 9.696000e-03 0.000000e+00 9.903040e-01
274 9.696000e-03 0.000000e+00 9.903040e-01
275 9.696000e-03 0.000000e+00 9.903040e-01
276 9.696000e-03 0.000000e+00 9.903040e-01
277 9.696000e-03 0.000000e+00 9.903040e-01
278 9.696000e-03 0.000000e+00 9.903040e-01
279 9.696000e-03 0.000000e+00 9.903040e-01
280 9.696000e-03 0.000000e+00 9.903040e-01
281 9.696000e-03 0.000000e+00 9.903040e-01
282 9.696000e-03 0.000000e+00 9.903040e-01
283 9.696000e-03 0.000000e+00 9.903040e-01
284 9.696000e-03 0.000000e+00 9.903040e-01
285 9.696000e-03 0.000000e+00 9.903040e-01
286 9.696000e-03 0.000000e+00 9.903040e-01
287 9.696000e-03 0.000000e+00 9.903040e-01
288 9.696000e-03 0.000000e+00 9.903040e-01
289 9.696000e-03 0.000000e+00 9.903040e-01
290 9.696000e-03 0.000000e+00 9.903040e-01
291 9.696000e-03 0.000000e+00 9.903040e-01
292 9.696000e-03 0.000000e+00 9.903040e-01
293 9.696000e-03 0.000000e+00 9.903040e-01
294 9.696000e-03 0.000000e+00 9.903040e-01
295 9.696000e-03 0.000000e+00 9.903040e-01
296 9.696000e-03 0.000000e+00 9.903040e-01
297 9.696000e-03 0.000000e+00 9.903040e-01
298 9.696000e-03 0.000000e+00 9.903040e-01
299 9.696000e-03 0.000000e+00 9.903040e-01
300 9.696000e-03 0.000000e+00 9.903040e-01
301 9.696000e-03 0.000000e+00 9.903040e-01
302 9.696000e-03 0.000000e+00 9.903040e-01
303 9.696000e-03 0.000000e+00 9.903040e-01
304 9.696000e-03 0.000000e+00 9.903040e-01
305 9.696000e-03 0.000000e+00 9.903040e-01
306 9.696000e-03 0.000000e+00 9.903040e-01
307 9.696000e-03 0.000000e+00 9.903040e-01
308 9.696000e-03 0.000000e+00 9.903040e-01
309 9.696000e-03 0.000000e+00 9.903040e-01
310 9.696000e-03 0.000000e+00 9.903040e-01
311 9.696000e-03 0.000000e+00 9.903040e-01
312 9.696000e-03 0.000000e+00 9.903040e-01
313 9.696000e-03 0.000000e+00 9.903040e-01
314 9.696000e-03 0.000000e+00 9.903040e-01
315 9.696000e-03 0.000000e+00 9.903040e-01
316 9.696000e-03 0.000000e+00 9.903040e-01
317 9.696000e-03 0.000000e+00 9.903040e-01
318 9.696000e-03 0.000000e+00 9.903040e-01
319 9.696000e-03 0.000000e+00 9.903040e-01
320 9.696000e-03 0.000000e+00 9.903040e-01
321 9.696000e-03 0.000000e+00 9.903040e-01
322 9.696000e-03 0.000000e+00 9.903040e-01
323 9.696000e-03 0.000000e+00 9.903040e-01
324 9.696000e-03 0.000000e+00 9.903040e-01
325 9.696000e-03 0.000000e+00 9.903040e-01
326 9.696000e-03 0.000000e+00 9.903040e-01
327 9.696000e-03 0.000000e+00 9.903040e-01
328 9.696000e-03 0.000000e+00 9.903040e-01
329 9.696000e-03 0.000000e+00 9.903040e-01
330 9.696000e-03 0.000000e+00 9.903040e-01
331 9.696000e-03 0.000000e+00 9.903040e-01
332 9.696000e-03 0.000000e+00 9.903040e-01
333 9.696000e-03 0.000000e+00 9.903040e-01
334 9.696000e-03 0.000000e+00 9.903040e-01
335 9.696000e-03 0.000000e+00 9.903040e-01
336 9.696000e-03 0.000000e+00 9.903040e-01
337 9.696000e-03 0.000000e+00 9.903040e-01
338 9.696000e-03 0.000000e+00 9.903040e-01
339 9.696000e-03 0.000000e+00 9.903040e-01
340 9.696000e-03 0.000000e+00 9.903040e-01
341 9.696000e-03 0.000000e+00 9.903040e-01
342 9.696000e-03 0.000000e+00 9.903040e-01
343 9.696000e-03 0.000000e+00 9.903040e-01
344 9.696000e-03 0.000000e+00 9.903040e-01
345 9.696000e-03 0.000000e+00 9.903040e-01
346 9.696000e-03 0.000000e+00 9.903040e-01
347 9.696000e-03 0.000000e+00 9.903040e-01
348 9.696000e-03 0.000000e+00 9.903040e-01
349 9.696000e-03 0.000000e+00 9.903040e-01
350 9.696000e-03 0.000000e+00 9.903040e-01
351 9.696000e-03 0.000000e+00 9.903040e-01
352 9.696000e-03 0.000000e+00 9.903040e-01
353 9.696000e-03 0.000000e+00 9.903040e-01
354 9.696000e-03 0.000000e+00 9.903040e-01
355 9.696000e-03 0.000000e+00 9.903040e-01
356 9.696000e-03 0.000000e+00 9.903040e-01
357 9.696000e-03 0.000000e+00 9.903040e-01
358 9.696000e-03 0.000000e+00 9.903040e-01
359 9.696000e-03 0.000000e+00 9.903040e-01
360 9.696000e-03 0.000000e+00 9.903040e-01
361 9.696000e-03 0.000000e+00 9.903040e-01
362 9.696000e-03 0.000000e+00 9.903040e-01
363 9.696000e-03 0.000000e+00 9.903040e-01
364 9.696000e-03 0.000000e+00 9.903040e-01
365 9.696000e-03 0.000000e+00 9.903040e-01
366 9.696000e-03 0.000000e+00 9.903040e-01
367 9.696000e-03 0.000000e+00 9.903040e-01
368 9.696000e-03 0.000000e+00 9.903040e-01
369 9.696000e-03 0.000000e+00 9.903040e-01
370 9.696000e-03 0.000000e+00 9.903040e-01
371 9.696000e-03 0.000000e+00 9.903040e-01
372 9.696000e-03 0.000000e+00 9.903040e-01
373 9.696000e-03 0.000000e+00 9.903040e-01
374 9.696000e-03 0.000000e+00 9.903040e-01
375 9.696000e-03 0.000000e+00 9.903040e-01
376 9.696000e-03 0.000000e+00 9.903040e-01
377 9.696000e-03 0.000000e+00 9.903040e-01
378 9.696000e-03 0.000000e+00 9.903040e-01
379 9.696000e-03 0.000000e+00 9.903040e-01
380 9.696000e-03 0.000000e+00 9.903040e-01
381 9.696000e-03 0.000000e+00 9.903040e-01
382 9.696000e-03 0.000000e+00 9.903040e-01
383 9.696000e-03 0.000000e+00 9.903040e-01
384 9.696000e-03 0.000000e+00 9.903040e-01
385 9.696000e-03 0.000000e+00 9.903040e-01
386 9.696000e-03 0.000000e+00 9.903040e-01
387 9.696000e-03 0.000000e+00 9.903040e-01
388 9.696000e-03 0.000000e+00 9.903040e-01
389 9.696000e-03 0.000000e+00 9.903040e-01
390 9.696000e-03 0.000000e+00 9.903040e-01
391 9.696000e-03 0.000000e+00 9.903040e-01
392 9.696000e-03 0.000000e+00 9.903040e-01
393 9.696000e-03 0.000000e+00 9.903040e-01
394 9.696000e-03 0.000000e+00 9.903040e-01
395 9.696000e-03 0.000000e+00 9.903040e-01
396 9.696000e-03 0.000000e+00 9.903040e-01
397 9.696000e-03 0.000000e+00 9.903040e-01
398 9.696000e-03 0.000000e+00 9.903040e-01
399 9.696000e-03 0.000000e+00 9.903040e-01
400 9.696000e-03 0.000000e+00 9.903040e-01
401 9.696000e-03 0.000000e+00 9.903040e-01
402 9.696000e-03 0.000000e+00 9.903040e-01
403 9.696000e-03 0.000000e+00 9.903040e-01
404 9.696000e-03 0.000000e+00 9.903040e-01
405 9.696000e-03 0.000000e+00 9.903040e-01
406 9.696000e-03 0.000000e+00 9.903040e-01
407 9.696000e-03 0.000000e+00 9.903040e-01
408 9.696000e-03 0.000000e+00 9.903040e-01
409 9.696000e-03 0.000000e+00 9.903040e-01
410 9.696000e-03 0.000000e+00 9.903040e-01
411 9.696000e-03 0.000000e+00 9.903040e-01
412 9.696000e-03 0.000000e+00 9.903040e-01
413 9.696000e-03 0.000000e+00 9.903040e-01
414 9.696000e-03 0.000000e+00 9.903040e-01
415 9.696000e-03 0.000000e+00 9.903040e-01
416 9.696000e-03 0.000000e+00 9.903040e-01
417 9.696000e-03 0.000000e+00 9.903040e-01
418 9.696000e-03 0.000000e+00 9.903040e-01
419 9.696000e-03 0.000000e+00 9.903040e-01
420 9.696000e-03 0.000000e+00 9.903040e-01
421 9.696000e-03 0.000000e+00 9.903040e-01
422 9.696000e-03 0.000000e+00 9.903040e-01
423 9.696000e-03 0.000000e+00 9.903040e-01
424 9.696000e-03 0.000000e+00 9.903040e-01
425 9.696000e-03 0.000000e+00 9.903040e-01
426 9.696000e-03 0.000000e+00 9.903040e-01
427 9.696000e-03 0.000000e+00 9.903040e-01
428 9.696000e-03 0.000000e+00 9.903040e-01
429 9.696000e-03 0.000000e+00 9.903040e-01
430 9.696000e-03 0.000000e+00 9.903040e-01
431 9.696000e-03 0.000000e+00 9.903040e-01
432 9.696000e-03 0.000000e+00 9.903040e-01
433 9.696000e-03 0.000000e+00 9.903040e-01
434 9.696000e-03 0.000000e+00 9.903040e-01
435 9.696000e-03 0.000000e+00 9.903040e-01
436 9.696000e-03 0.000000e+00 9.903040e-01
437 9.696000e-03 0.000000e+00 9.903040e-01
438 9.696000e-03 0.000000e+00 9.903040e-01
439 9.696000e-03 0.000000e+00 9.903040e-01
440 9.696000e-03 0.000000e+00 9.903040e-01
441 9.696000e-03 0.000000e+00 9.903040e-01
442 9.696000e-03 0.000000e+00 9.903040e-01
443 9.696000e-03 0.000000e+00 9.903040e-01
444 9.696000e-03 0.000000e+00 9.903040e-01
445 9.696000e-03 0.000000e+00 9.903040e-01
446 9.696000e-03 0.000000e+00 9.903040e-01
447 9.696000e-03 0.000000e+00 9.903040e-01
448 9.696000e-03 0.000000e+00 9.903040e-01
449 9.696000e-03 0.000000e+00 9.903040e-01
450 9.696000e-03 0.000000e+00 9.903040e-01
451 9.696000e-03 0.000000e+00 9.903040e-01
452 9.696000e-03 0.000000e+00 9.903040e-01
453 9.696000e-03 0.000000e+00 9.903040e-01
454 9.696000e-03 0.000000e+00 9.903040e-01
455 9.696000e-03 0.000000e+00 9.903040e-01
456 9.696000e-03 0.000000e+00 9.903040e-01
457 9.696000e-03 0.000000e+00 9.903040e-01
458 9.696000e-03 0.000000e+00 9.903040e-01
459 9.696000e-03 0.000000e+00 9.903040e-01
460 9.696000e-03 0.000000e+00 9.903040e-01
461 9.696000e-03 0.000000e+00 9.903040e-01
462 9.696000e-03 0.000000e+00 9.903040e-01
463 9.696000e-03 0.000000e+00 9.903040e-01
464 9.696000e-03 0.000000e+00 9.903040e-01
465 9.696000e-03 0.000000e+00 9.903040e-01
466 9.696000e-03 0.000000e+00 9.903040e-01
467 9.696000e-03 0.000000e+00 9.903040e-01
468 9.696000e-03 0.000000e+00 9.903040e-01
469 9.696000e-03 0.000000e+00 9.903040e-01
470 9.696000e-03 0.000000e+00 9.903040e-01
471 9.696000e-03 0.000000e+00 9.903040e-01
472 9.696000e-03 0.000000e+00 9.903040e-01
473 9.696000e-03 0.000000e+00 9.903040e-01
474 9.696000e-03 0.000000e+00 9.903040e-01
475 9.696000e-03 0.000000e+00 9.903040e-01
476 9.696000e-03 0.000000e+00 9.903040e-01
477 9.696000e-03 0.000000e+00 9.903040e-01
478 9.696000e-03 0.000000e+00 9.903040e-01
479 9.696000e-03 0.000000e+00 9.903040e-01
480 9.696000e-03 0.000000e+00 9.903040e-01
481 9.696000e-03 0.000000e+00 9.903040e-01
482 9.696000e-03 0.000000e+00 9.903040e-01
483 9.696000e-03 0.000000e+00 9.903040e-01
484 9.696000e-03 0.000000e+00 9.903040e-01
485 9.696000e-03 0.000000e+00 9.903040e-01
486 9.696000e-03 0.000000e+00 9.903040e-01
487 9.696000e-03 0.000000e+00 9.903040e-01
488 9.696000e-03 0.000000e+00 9.903040e-01
489 9.696000e-03 0.000000e+00 9.903040e-01
490 9.696000e-03 0.000000e+00 9.903040e-01
491 9.696000e-03 0.000000e+00 9.903040e-01
492 9.696000e-03 0.000000e+00 9.903040e-01
493 9.696000e-03 0.000000e+00 9.903040e-01
494 9.696000e-03 0.000000e+00 9.903040e-01
495 9.696000e-03 0.000000e+00 9.903040e-01
496 9.696000e-03 0.000000e+00 9.903040e-01
497 9.696000e-03 0.000000e+00 9.903040e-01
498 9.696000e-03 0.000000e+00 9.903040e-01
499 9.696000e-03 0.000000e+00 9.903040e-01
500 9.696000e-03 0.000000e+00 9.903040e-01
