0 9999 1 0
1 9999 1 0
2 9998 2 0
3 9995 4 1
4 9995 2 3
5 9993 3 4
6 9992 4 4
7 9991 5 4
8 9988 8 4
9 9987 7 6
10 9985 8 7
11 9984 6 10
12 9983 7 10
13 9982 8 10
14 9978 12 10
15 9975 11 14
16 9967 18 15
17 9956 27 17
18 9948 30 22
19 9947 29 24
20 9938 32 30
21 9930 36 34
22 9927 34 39
23 9924 31 45
24 9917 34 49
25 9907 40 53
26 9903 38 59
27 9891 42 67
28 9883 43 74
29 9881 40 79
30 9874 41 85
31 9862 42 96
32 9858 42 100
33 9848 47 105
34 9836 50 114
35 9829 50 121
36 9825 45 130
37 9818 48 134
38 9811 49 140
39 9802 46 152
40 9798 42 160
41 9791 41 168
42 9789 36 175
43 9787 32 181
44 9768 49 183
45 9761 42 197
46 9745 52 203
47 9731 61 208
48 9718 61 221
49 9712 55 233
50 9696 64 240
51 9678 70 252
52 9663 69 268
53 9654 70 276
54 9644 72 284
55 9634 69 297
56 9628 66 306
57 9613 72 315
58 9604 67 329
59 9589 77 334
60 9572 77 351
61 9556 79 365
62 9544 76 380
63 9526 79 395
64 9506 82 412
65 9490 85 425
66 9470 85 445
67 9452 89 459
68 9433 82 485
69 9414 92 494
70 9391 105 504
71 9369 110 521
72 9354 107 539
73 9330 108 562
74 9313 106 581
75 9300 101 599
76 9285 94 621
77 9277 89 634
78 9265 93 642
79 9256 91 653
80 9239 93 668
81 9229 83 688
82 9221 79 700
83 9208 77 715
84 9198 70 732
85 9184 78 738
86 9174 79 747
87 9166 73 761
88 9144 82 774
89 9134 84 782
90 9118 81 801
91 9107 82 811
92 9094 79 827
93 9079 76 845
94 9070 71 859
95 9058 74 868
96 9040 77 883
97 9032 67 901
98 9019 70 911
99 9008 67 925
100 8998 59 943
101 8991 54 955
102 8984 48 968
103 8968 57 975
104 8953 64 983
105 8939 67 994
106 8922 71 1007
107 8906 72 1022
108 8889 79 1032
109 8861 88 1051
110 8843 95 1062
111 8820 100 1080
112 8794 109 1097
113 8768 116 1116
114 8749 117 1134
115 8716 129 1155
116 8698 128 1174
117 8685 109 1206
118 8665 111 1224
119 8646 111 1243
120 8629 105 1266
121 8618 99 1283
122 8611 83 1306
123 8605 79 1316
124 8596 83 1321
125 8586 75 1339
126 8579 73 1348
127 8569 70 1361
128 8557 76 1367
129 8547 78 1375
130 8532 74 1394
131 8515 77 1408
132 8506 64 1430
133 8500 58 1442
134 8496 53 1451
135 8493 49 1458
136 8479 57 1464
137 8474 57 1469
138 8468 53 1479
139 8462 48 1490
140 8458 45 1497
141 8454 39 1507
142 8450 35 1515
143 8441 38 1521
144 8438 32 1530
145 8427 39 1534
146 8415 42 1543
147 8411 41 1548
148 8408 40 1552
149 8399 42 1559
150 8396 32 1572
151 8390 32 1578
152 8383 35 1582
153 8377 39 1584
154 8369 43 1588
155 8361 44 1595
156 8347 48 1605
157 8337 52 1611
158 8330 54 1616
159 8320 53 1627
160 8308 58 1634
161 8301 54 1645
162 8295 53 1652
163 8281 55 1664
164 8273 55 1672
165 8266 56 1678
166 8259 59 1682
167 8247 58 1695
168 8240 55 1705
169 8233 50 1717
170 8221 59 1720
171 8206 68 1726
172 8196 71 1733
173 8190 60 1750
174 8180 63 1757
175 8169 67 1764
176 8160 62 1778
177 8143 65 1792
178 8125 71 1804
179 8112 73 1815
180 8089 82 1829
181 8075 81 1844
182 8062 74 1864
183 8047 81 1872
184 8027 88 1885
185 8009 90 1901
186 7999 83 1918
187 7990 78 1932
188 7983 77 1940
189 7976 68 1956
190 7970 63 1967
191 7956 65 1979
192 7949 60 1991
193 7939 61 2000
194 7924 61 2015
195 7916 60 2024
196 7905 64 2031
197 7895 61 2044
198 7888 55 2057
199 7878 58 2064
200 7870 55 2075
201 7865 44 2091
202 7864 37 2099
203 7859 38 2103
204 7847 46 2107
205 7841 44 2115
206 7834 42 2124
207 7827 42 2131
208 7819 40 2141
209 7815 40 2145
210 7806 45 2149
211 7796 43 2161
212 7789 43 2168
213 7771 48 2181
214 7758 50 2192
215 7750 45 2205
216 7735 56 2209
217 7726 58 2216
218 7715 60 2225
219 7704 57 2239
220 7696 57 2247
221 7686 60 2254
222 7672 64 2264
223 7654 64 2282
224 7632 72 2296
225 7619 70 2311
226 7610 65 2325
227 7597 70 2333
228 7582 77 2341
229 7570 77 2353
230 7553 80 2367
231 7538 79 2383
232 7527 74 2399
233 7517 70 2413
234 7505 65 2430
235 7494 71 2435
236 7483 68 2449
237 7474 68 2458
238 7464 58 2478
239 7452 54 2494
240 7434 67 2499
241 7419 71 2510
242 7407 71 2522
243 7386 78 2536
244 7369 77 2554
245 7354 80 2566
246 7333 85 2582
247 7315 91 2594
248 7294 92 2614
249 7278 93 2629
250 7250 109 2641
251 7230 103 2667
252 7202 116 2682
253 7184 118 2698
254 7158 127 2715
255 7135 131 2734
256 7113 123 2764
257 7091 119 2790
258 7071 112 2817
259 7055 114 2831
260 7039 111 2850
261 7020 110 2870
262 6992 122 2886
263 6971 123 2906
264 6954 118 2928
265 6937 111 2952
266 6915 110 2975
267 6897 109 2994
268 6879 103 3018
269 6863 100 3037
270 6850 95 3055
271 6840 92 3068
272 6827 92 3081
273 6812 93 3095
274 6796 95 3109
275 6786 90 3124
276 6774 91 3135
277 6764 83 3153
278 6752 84 3164
279 6747 76 3177
280 6736 77 3187
281 6724 68 3208
282 6717 63 3220
283 6710 59 3231
284 6701 61 3238
285 6697 54 3249
286 6688 51 3261
287 6685 45 3270
288 6675 45 3280
289 6673 39 3288
290 6667 40 3293
291 6663 38 3299
292 6652 46 3302
293 6641 49 3310
294 6635 44 3321
295 6631 41 3328
296 6628 39 3333
297 6624 40 3336
298 6618 37 3345
299 6617 30 3353
300 6615 27 3358
301 6615 25 3360
302 6612 23 3365
303 6611 19 3370
304 6608 21 3371
305 6602 22 3376
306 6594 27 3379
307 6587 31 3382
308 6581 28 3391
309 6579 24 3397
310 6578 22 3400
311 6576 19 3405
312 6576 19 3405
313 6576 16 3408
314 6575 15 3410
315 6573 16 3411
316 6571 16 3413
317 6569 14 3417
318 6568 11 3421
319 6567 10 3423
320 6566 11 3423
321 6564 12 3424
322 6558 16 3426
323 6554 18 3428
324 6543 24 3433
325 6539 25 3436
326 6531 29 3440
327 6525 30 3445
328 6520 32 3448
329 6515 28 3457
330 6514 24 3462
331 6512 19 3469
332 6508 23 3469
333 6504 20 3476
334 6503 17 3480
335 6502 15 3483
336 6501 15 3484
337 6499 14 3487
338 6497 10 3493
339 6496 11 3493
340 6493 10 3497
341 6487 13 3500
342 6484 15 3501
343 6481 16 3503
344 6475 17 3508
345 6470 20 3510
346 6463 21 3516
347 6459 24 3517
348 6457 23 3520
349 6452 24 3524
350 6449 26 3525
351 6443 27 3530
352 6439 27 3534
353 6436 26 3538
354 6431 29 3540
355 6425 32 3543
356 6419 32 3549
357 6415 29 3556
358 6414 25 3561
359 6407 29 3564
360 6401 29 3570
361 6399 25 3576
362 6396 26 3578
363 6396 19 3585
364 6394 19 3587
365 6394 16 3590
366 6393 16 3591
367 6393 12 3595
368 6393 9 3598
369 6392 10 3598
370 6390 12 3598
371 6389 12 3599
372 6387 10 3603
373 6385 10 3605
374 6380 13 3607
375 6375 16 3609
376 6371 20 3609
377 6367 22 3611
378 6364 19 3617
379 6358 22 3620
380 6351 26 3623
381 6339 33 3628
382 6337 26 3637
383 6331 30 3639
384 6324 30 3646
385 6317 32 3651
386 6312 29 3659
387 6307 23 3670
388 6303 21 3676
389 6298 23 3679
390 6293 22 3685
391 6290 23 3687
392 6288 21 3691
393 6282 23 3695
394 6277 26 3697
395 6273 27 3700
396 6265 32 3703
397 6262 31 3707
398 6256 34 3710
399 6253 30 3717
400 6245 32 3723
401 6243 28 3729
402 6240 27 3733
403 6234 29 3737
404 6230 27 3743
405 6226 26 3748
406 6222 28 3750
407 6214 30 3756
408 6206 33 3761
409 6199 36 3765
410 6191 37 3772
411 6182 40 3778
412 6169 49 3782
413 6151 58 3791
414 6142 54 3804
415 6133 55 3812
416 6120 54 3826
417 6114 49 3837
418 6107 52 3841
419 6100 49 3851
420 6082 58 3860
421 6070 56 3874
422 6061 55 3884
423 6051 51 3898
424 6034 56 3910
425 6019 61 3920
426 6007 60 3933
427 5989 61 3950
428 5974 62 3964
429 5951 73 3976
430 5937 71 3992
431 5930 65 4005
432 5918 65 4017
433 5914 57 4029
434 5907 53 4040
435 5898 53 4049
436 5889 52 4059
437 5882 50 4068
438 5878 43 4079
439 5872 39 4089
440 5867 38 4095
441 5864 38 4098
442 5850 43 4107
443 5844 44 4112
444 5838 36 4126
445 5834 33 4133
446 5830 32 4138
447 5828 31 4141
448 5823 32 4145
449 5819 34 4147
450 5815 31 4154
451 5811 33 4156
452 5806 34 4160
453 5802 34 4164
454 5797 32 4171
455 5791 32 4177
456 5788 29 4183
457 5784 28 4188
458 5781 25 4194
459 5779 21 4200
460 5776 19 4205
461 5769 22 4209
462 5764 23 4213
463 5761 23 4216
464 5758 20 4222
465 5754 21 4225
466 5751 21 4228
467 5749 21 4230
468 5745 24 4231
469 5735 29 4236
470 5731 26 4243
471 5730 22 4248
472 5729 22 4249
473 5726 22 4252
474 5723 20 4257
475 5720 20 4260
476 5716 19 4265
477 5711 19 4270
478 5708 17 4275
479 5702 18 4280
480 5702 14 4284
481 5701 13 4286
482 5694 18 4288
483 5690 20 4290
484 5687 17 4296
485 5678 24 4298
486 5675 22 4303
487 5670 26 4304
488 5666 29 4305
489 5665 25 4310
490 5664 23 4313
491 5660 23 4317
492 5658 21 4321
493 5658 17 4325
494 5656 16 4328
495 5653 18 4329
496 5652 17 4331
497 5650 18 4332
498 5649 16 4335
499 5649 15 4336
500 5649 13 4338
501 5648 13 4339
502 5646 12 4342
503 5644 11 4345
504 5640 12 4348
505 5638 12 4350
506 5637 11 4352
507 5636 10 4354
508 5636 6 4358
509 5636 5 4359
510 5636 5 4359
511 5635 6 4359
512 5634 4 4362
513 5633 5 4362
514 5632 5 4363
515 5632 4 4364
516 5631 3 4366
517 5631 3 4366
518 5631 3 4366
519 5631 3 4366
520 5631 1 4368
521 5631 1 4368
522 5631 1 4368
523 5631 1 4368
524 5631 1 4368
525 5631 1 4368
526 5631 1 4368
527 5631 1 4368
528 5631 1 4368
529 5631 1 4368
530 5631 0 4369
531 5631 0 4369
532 5631 0 4369
533 5631 0 4369
534 5631 0 4369
535 5631 0 4369
536 5631 0 4369
537 5631 0 4369
538 5631 0 4369
539 5631 0 4369
540 5631 0 4369
541 5631 0 4369
542 5631 0 4369
543 5631 0 4369
544 5631 0 4369
545 5631 0 4369
546 5631 0 4369
547 5631 0 4369
548 5631 0 4369
549 5631 0 4369
550 5631 0 4369
551 5631 0 4369
552 5631 0 4369
553 5631 0 4369
554 5631 0 4369
555 5631 0 4369
556 5631 0 4369
557 5631 0 4369
558 5631 0 4369
559 5631 0 4369
560 5631 0 4369
561 5631 0 4369
562 5631 0 4369
563 5631 0 4369
564 5631 0 4369
565 5631 0 4369
566 5631 0 4369
567 5631 0 4369
568 5631 0 4369
569 5631 0 4369
570 5631 0 4369
571 5631 0 4369
572 5631 0 4369
573 5631 0 4369
574 5631 0 4369
575 5631 0 4369
576 5631 0 4369
577 5631 0 4369
578 5631 0 4369
579 5631 0 4369
580 5631 0 4369
581 5631 0 4369
582 5631 0 4369
583 5631 0 4369
584 5631 0 4369
585 5631 0 4369
586 5631 0 4369
587 5631 0 4369
588 5631 0 4369
589 5631 0 4369
590 5631 0 4369
591 5631 0 4369
592 5631 0 4369
593 5631 0 4369
594 5631 0 4369
595 5631 0 4369
596 5631 0 4369
597 5631 0 4369
598 5631 0 4369
599 5631 0 4369
600 5631 0 4369
601 5631 0 4369
602 5631 0 4369
603 5631 0 4369
604 5631 0 4369
605 5631 0 4369
606 5631 0 4369
607 5631 0 4369
608 5631 0 4369
609 5631 0 4369
610 5631 0 4369
611 5631 0 4369
612 5631 0 4369
613 5631 0 4369
614 5631 0 4369
615 5631 0 4369
616 5631 0 4369
617 5631 0 4369
618 5631 0 4369
619 5631 0 4369
620 5631 0 4369
621 5631 0 4369
622 5631 0 4369
623 5631 0 4369
624 5631 0 4369
625 5631 0 4369
626 5631 0 4369
627 5631 0 4369
628 5631 0 4369
629 5631 0 4369
630 5631 0 4369
631 5631 0 4369
632 5631 0 4369
633 5631 0 4369
634 5631 0 4369
635 5631 0 4369
636 5631 0 4369
637 5631 0 4369
638 5631 0 4369
639 5631 0 4369
640 5631 0 4369
641 5631 0 4369
642 5631 0 4369
643 5631 0 4369
644 5631 0 4369
645 5631 0 4369
646 5631 0 4369
647 5631 0 4369
648 5631 0 4369
649 5631 0 4369
650 5631 0 4369
651 5631 0 4369
652 5631 0 4369
653 5631 0 4369
654 5631 0 4369
655 5631 0 4369
656 5631 0 4369
657 5631 0 4369
658 5631 0 4369
659 5631 0 4369
660 5631 0 4369
661 5631 0 4369
662 5631 0 4369
663 5631 0 4369
664 5631 0 4369
665 5631 0 4369
666 5631 0 4369
667 5631 0 4369
668 5631 0 4369
669 5631 0 4369
670 5631 0 4369
671 5631 0 4369
672 5631 0 4369
673 5631 0 4369
674 5631 0 4369
675 5631 0 4369
676 5631 0 4369
677 5631 0 4369
678 5631 0 4369
679 5631 0 4369
680 5631 0 4369
681 5631 0 4369
682 5631 0 4369
683 5631 0 4369
684 5631 0 4369
685 5631 0 4369
686 5631 0 4369
687 5631 0 4369
688 5631 0 4369
689 5631 0 4369
690 5631 0 4369
691 5631 0 4369
692 5631 0 4369
693 5631 0 4369
694 5631 0 4369
695 5631 0 4369
696 5631 0 4369
697 5631 0 4369
698 5631 0 4369
699 5631 0 4369
700 5631 0 4369
701 5631 0 4369
702 5631 0 4369
703 5631 0 4369
704 5631 0 4369
705 5631 0 4369
706 5631 0 4369
707 5631 0 4369
708 5631 0 4369
709 5631 0 4369
710 5631 0 4369
711 5631 0 4369
712 5631 0 4369
713 5631 0 4369
714 5631 0 4369
715 5631 0 4369
716 5631 0 4369
717 5631 0 4369
718 5631 0 4369
719 5631 0 4369
720 5631 0 4369
721 5631 0 4369
722 5631 0 4369
723 5631 0 4369
724 5631 0 4369
725 5631 0 4369
726 5631 0 4369
727 5631 0 4369
728 5631 0 4369
729 5631 0 4369
730 5631 0 4369
731 5631 0 4369
732 5631 0 4369
733 5631 0 4369
734 5631 0 4369
735 5631 0 4369
736 5631 0 4369
737 5631 0 4369
738 5631 0 4369
739 5631 0 4369
740 5631 0 4369
741 5631 0 4369
742 5631 0 4369
743 5631 0 4369
744 5631 0 4369
745 5631 0 4369
746 5631 0 4369
747 5631 0 4369
748 5631 0 4369
749 5631 0 4369
750 5631 0 4369
751 5631 0 4369
752 5631 0 4369
753 5631 0 4369
754 5631 0 4369
755 5631 0 4369
756 5631 0 4369
757 5631 0 4369
758 5631 0 4369
759 5631 0 4369
760 5631 0 4369
761 5631 0 4369
762 5631 0 4369
763 5631 0 4369
764 5631 0 4369
765 5631 0 4369
766 5631 0 4369
767 5631 0 4369
768 5631 0 4369
769 5631 0 4369
770 5631 0 4369
771 5631 0 4369
772 5631 0 4369
773 5631 0 4369
774 5631 0 4369
775 5631 0 4369
776 5631 0 4369
777 5631 0 4369
778 5631 0 4369
779 5631 0 4369
780 5631 0 4369
781 5631 0 4369
782 5631 0 4369
783 5631 0 4369
784 5631 0 4369
785 5631 0 4369
786 5631 0 4369
787 5631 0 4369
788 5631 0 4369
789 5631 0 4369
790 5631 0 4369
791 5631 0 4369
792 5631 0 4369
793 5631 0 4369
794 5631 0 4369
795 5631 0 4369
796 5631 0 4369
797 5631 0 4369
798 5631 0 4369
799 5631 0 4369
800 5631 0 4369
801 5631 0 4369
802 5631 0 4369
803 5631 0 4369
804 5631 0 4369
805 5631 0 4369
806 5631 0 4369
807 5631 0 4369
808 5631 0 4369
809 5631 0 4369
810 5631 0 4369
811 5631 0 4369
812 5631 0 4369
813 5631 0 4369
814 5631 0 4369
815 5631 0 4369
816 5631 0 4369
817 5631 0 4369
818 5631 0 4369
819 5631 0 4369
820 5631 0 4369
821 5631 0 4369
822 5631 0 4369
823 5631 0 4369
824 5631 0 4369
825 5631 0 4369
826 5631 0 4369
827 5631 0 4369
828 5631 0 4369
829 5631 0 4369
830 5631 0 4369
831 5631 0 4369
832 5631 0 4369
833 5631 0 4369
834 5631 0 4369
835 5631 0 4369
836 5631 0 4369
837 5631 0 4369
838 5631 0 4369
839 5631 0 4369
840 5631 0 4369
841 5631 0 4369
842 5631 0 4369
843 5631 0 4369
844 5631 0 4369
845 5631 0 4369
846 5631 0 4369
847 5631 0 4369
848 5631 0 4369
849 5631 0 4369
850 5631 0 4369
851 5631 0 4369
852 5631 0 4369
853 5631 0 4369
854 5631 0 4369
855 5631 0 4369
856 5631 0 4369
857 5631 0 4369
858 5631 0 4369
859 5631 0 4369
860 5631 0 4369
861 5631 0 4369
862 5631 0 4369
863 5631 0 4369
864 5631 0 4369
865 5631 0 4369
866 5631 0 4369
867 5631 0 4369
868 5631 0 4369
869 5631 0 4369
870 5631 0 4369
871 5631 0 4369
872 5631 0 4369
873 5631 0 4369
874 5631 0 4369
875 5631 0 4369
876 5631 0 4369
877 5631 0 4369
878 5631 0 4369
879 5631 0 4369
880 5631 0 4369
881 5631 0 4369
882 5631 0 4369
883 5631 0 4369
884 5631 0 4369
885 5631 0 4369
886 5631 0 4369
887 5631 0 4369
888 5631 0 4369
889 5631 0 4369
890 5631 0 4369
891 5631 0 4369
892 5631 0 4369
893 5631 0 4369
894 5631 0 4369
895 5631 0 4369
896 5631 0 4369
897 5631 0 4369
898 5631 0 4369
899 5631 0 4369
900 5631 0 4369
901 5631 0 4369
902 5631 0 4369
903 5631 0 4369
904 5631 0 4369
905 5631 0 4369
906 5631 0 4369
907 5631 0 4369
908 5631 0 4369
909 5631 0 4369
910 5631 0 4369
911 5631 0 4369
912 5631 0 4369
913 5631 0 4369
914 5631 0 4369
915 5631 0 4369
916 5631 0 4369
917 5631 0 4369
918 5631 0 4369
919 5631 0 4369
920 5631 0 4369
921 5631 0 4369
922 5631 0 4369
923 5631 0 4369
924 5631 0 4369
925 5631 0 4369
926 5631 0 4369
927 5631 0 4369
928 5631 0 4369
929 5631 0 4369
930 5631 0 4369
931 5631 0 4369
932 5631 0 4369
933 5631 0 4369
934 5631 0 4369
935 5631 0 4369
936 5631 0 4369
937 5631 0 4369
938 5631 0 4369
939 5631 0 4369
940 5631 0 4369
941 5631 0 4369
942 5631 0 4369
943 5631 0 4369
944 5631 0 4369
945 5631 0 4369
946 5631 0 4369
947 5631 0 4369
948 5631 0 4369
949 5631 0 4369
950 5631 0 4369
951 5631 0 4369
952 5631 0 4369
953 5631 0 4369
954 5631 0 4369
955 5631 0 4369
956 5631 0 4369
957 5631 0 4369
958 5631 0 4369
959 5631 0 4369
960 5631 0 4369
961 5631 0 4369
962 5631 0 4369
963 5631 0 4369
964 5631 0 4369
965 5631 0 4369
966 5631 0 4369
967 5631 0 4369
968 5631 0 4369
969 5631 0 4369
970 5631 0 4369
971 5631 0 4369
972 5631 0 4369
973 5631 0 4369
974 5631 0 4369
975 5631 0 4369
976 5631 0 4369
977 5631 0 4369
978 5631 0 4369
979 5631 0 4369
980 5631 0 4369
981 5631 0 4369
982 5631 0 4369
983 5631 0 4369
984 5631 0 4369
985 5631 0 4369
986 5631 0 4369
987 5631 0 4369
988 5631 0 4369
989 5631 0 4369
990 5631 0 4369
991 5631 0 4369
992 5631 0 4369
993 5631 0 4369
994 5631 0 4369
995 5631 0 4369
996 5631 0 4369
997 5631 0 4369
998 5631 0 4369
999 5631 0 4369
