0 9999 1 0
1 9966 2 32
2 9945 3 52
3 9921 6 73
4 9898 9 93
5 9877 13 110
6 9845 19 136
7 9820 25 155
8 9788 34 178
9 9751 45 204
10 9711 61 228
11 9676 74 250
12 9631 95 274
13 9585 112 303
14 9540 131 329
15 9491 149 360
16 9452 169 379
17 9392 209 399
18 9333 237 430
19 9269 281 450
20 9222 309 469
21 9162 349 489
22 9102 388 510
23 9045 430 525
24 8997 466 537
25 8917 518 565
26 8827 579 594
27 8746 639 615
28 8674 692 634
29 8596 748 656
30 8515 811 674
31 8426 885 689
32 8335 955 710
33 8249 1022 729
34 8156 1094 750
35 8061 1161 778
36 7954 1241 805
37 7866 1311 823
38 7767 1389 844
39 7653 1486 861
40 7546 1582 872
41 7444 1672 884
42 7355 1743 902
43 7225 1851 924
44 7107 1950 943
45 6999 2038 963
46 6883 2140 977
47 6764 2239 997
48 6642 2345 1013
49 6507 2467 1026
50 6390 2574 1036
51 6247 2697 1056
52 6136 2800 1064
53 6014 2907 1079
54 5890 3019 1091
55 5763 3130 1107
56 5630 3243 1127
57 5498 3361 1141
58 5370 3483 1147
59 5210 3624 1166
60 5068 3754 1178
61 4916 3895 1189
62 4791 4007 1202
63 4652 4131 1217
64 4503 4265 1232
65 4362 4398 1240
66 4230 4514 1256
67 4099 4628 1273
68 3968 4746 1286
69 3837 4865 1298
70 3721 4969 1310
71 3587 5095 1318
72 3434 5236 1330
73 3310 5352 1338
74 3178 5478 1344
75 3040 5610 1350
76 2912 5733 1355
77 2761 5875 1364
78 2641 5988 1371
79 2505 6115 1380
80 2372 6240 1388
81 2244 6361 1395
82 2129 6465 1406
83 1967 6622 1411
84 1848 6740 1412
85 1736 6849 1415
86 1634 6945 1421
87 1532 7044 1424
88 1429 7143 1428
89 1324 7248 1428
90 1236 7334 1430
91 1148 7420 1432
92 1063 7504 1433
93 969 7595 1436
94 902 7657 1441
95 843 7715 1442
96 762 7793 1445
97 700 7854 1446
98 648 7905 1447
99 607 7945 1448
100 567 7984 1449
101 525 8025 1450
102 494 8056 1450
103 469 8080 1451
104 434 8114 1452
105 394 8154 1452
106 370 8178 1452
107 332 8216 1452
108 300 8246 1454
109 258 8288 1454
110 226 8318 1456
111 172 8371 1457
112 143 8400 1457
113 116 8427 1457
114 100 8443 1457
115 78 8465 1457
116 60 8483 1457
117 43 8500 1457
118 33 8510 1457
119 29 8514 1457
120 18 8525 1457
121 12 8531 1457
122 9 8534 1457
123 7 8536 1457
124 6 8537 1457
125 5 8538 1457
126 2 8541 1457
127 2 8541 1457
128 0 8543 1457
129 0 8543 1457
130 0 8543 1457
131 0 8543 1457
132 0 8543 1457
133 0 8543 1457
134 0 8543 1457
135 0 8543 1457
136 0 8543 1457
137 0 8543 1457
138 0 8543 1457
139 0 8543 1457
140 0 8543 1457
141 0 8543 1457
142 0 8543 1457
143 0 8543 1457
144 0 8543 1457
145 0 8543 1457
146 0 8543 1457
147 0 8543 1457
148 0 8543 1457
149 0 8543 1457
150 0 8543 1457
151 0 8543 1457
152 0 8543 1457
153 0 8543 1457
154 0 8543 1457
155 0 8543 1457
156 0 8543 1457
157 0 8543 1457
158 0 8543 1457
159 0 8543 1457
160 0 8543 1457
161 0 8543 1457
162 0 8543 1457
163 0 8543 1457
164 0 8543 1457
165 0 8543 1457
166 0 8543 1457
167 0 8543 1457
168 0 8543 1457
169 0 8543 1457
170 0 8543 1457
171 0 8543 1457
172 0 8543 1457
173 0 8543 1457
174 0 8543 1457
175 0 8543 1457
176 0 8543 1457
177 0 8543 1457
178 0 8543 1457
179 0 8543 1457
180 0 8543 1457
181 0 8543 1457
182 0 8543 1457
183 0 8543 1457
184 0 8543 1457
185 0 8543 1457
186 0 8543 1457
187 0 8543 1457
188 0 8543 1457
189 0 8543 1457
190 0 8543 1457
191 0 8543 1457
192 0 8543 1457
193 0 8543 1457
194 0 8543 1457
195 0 8543 1457
196 0 8543 1457
197 0 8543 1457
198 0 8543 1457
199 0 8543 1457
200 0 8543 1457
201 0 8543 1457
202 0 8543 1457
203 0 8543 1457
204 0 8543 1457
205 0 8543 1457
206 0 8543 1457
207 0 8543 1457
208 0 8543 1457
209 0 8543 1457
210 0 8543 1457
211 0 8543 1457
212 0 8543 1457
213 0 8543 1457
214 0 8543 1457
215 0 8543 1457
216 0 8543 1457
217 0 8543 1457
218 0 8543 1457
219 0 8543 1457
220 0 8543 1457
221 0 8543 1457
222 0 8543 1457
223 0 8543 1457
224 0 8543 1457
225 0 8543 1457
226 0 8543 1457
227 0 8543 1457
228 0 8543 1457
229 0 8543 1457
230 0 8543 1457
231 0 8543 1457
232 0 8543 1457
233 0 8543 1457
234 0 8543 1457
235 0 8543 1457
236 0 8543 1457
237 0 8543 1457
238 0 8543 1457
239 0 8543 1457
240 0 8543 1457
241 0 8543 1457
242 0 8543 1457
243 0 8543 1457
244 0 8543 1457
245 0 8543 1457
246 0 8543 1457
247 0 8543 1457
248 0 8543 1457
249 0 8543 1457
250 0 8543 1457
251 0 8543 1457
252 0 8543 1457
253 0 8543 1457
254 0 8543 1457
255 0 8543 1457
256 0 8543 1457
257 0 8543 1457
258 0 8543 1457
259 0 8543 1457
260 0 8543 1457
261 0 8543 1457
262 0 8543 1457
263 0 8543 1457
264 0 8543 1457
265 0 8543 1457
266 0 8543 1457
267 0 8543 1457
268 0 8543 1457
269 0 8543 1457
270 0 8543 1457
271 0 8543 1457
272 0 8543 1457
273 0 8543 1457
274 0 8543 1457
275 0 8543 1457
276 0 8543 1457
277 0 8543 1457
278 0 8543 1457
279 0 8543 1457
280 0 8543 1457
281 0 8543 1457
282 0 8543 1457
283 0 8543 1457
284 0 8543 1457
285 0 8543 1457
286 0 8543 1457
287 0 8543 1457
288 0 8543 1457
289 0 8543 1457
290 0 8543 1457
291 0 8543 1457
292 0 8543 1457
293 0 8543 1457
294 0 8543 1457
295 0 8543 1457
296 0 8543 1457
297 0 8543 1457
298 0 8543 1457
299 0 8543 1457
300 0 8543 1457
301 0 8543 1457
302 0 8543 1457
303 0 8543 1457
304 0 8543 1457
305 0 8543 1457
306 0 8543 1457
307 0 8543 1457
308 0 8543 1457
309 0 8543 1457
310 0 8543 1457
311 0 8543 1457
312 0 8543 1457
313 0 8543 1457
314 0 8543 1457
315 0 8543 1457
316 0 8543 1457
317 0 8543 1457
318 0 8543 1457
319 0 8543 1457
320 0 8543 1457
321 0 8543 1457
322 0 8543 1457
323 0 8543 1457
324 0 8543 1457
325 0 8543 1457
326 0 8543 1457
327 0 8543 1457
328 0 8543 1457
329 0 8543 1457
330 0 8543 1457
331 0 8543 1457
332 0 8543 1457
333 0 8543 1457
334 0 8543 1457
335 0 8543 1457
336 0 8543 1457
337 0 8543 1457
338 0 8543 1457
339 0 8543 1457
340 0 8543 1457
341 0 8543 1457
342 0 8543 1457
343 0 8543 1457
344 0 8543 1457
345 0 8543 1457
346 0 8543 1457
347 0 8543 1457
348 0 8543 1457
349 0 8543 1457
350 0 8543 1457
351 0 8543 1457
352 0 8543 1457
353 0 8543 1457
354 0 8543 1457
355 0 8543 1457
356 0 8543 1457
357 0 8543 1457
358 0 8543 1457
359 0 8543 1457
360 0 8543 1457
361 0 8543 1457
362 0 8543 1457
363 0 8543 1457
364 0 8543 1457
365 0 8543 1457
366 0 8543 1457
367 0 8543 1457
368 0 8543 1457
369 0 8543 1457
370 0 8543 1457
371 0 8543 1457
372 0 8543 1457
373 0 8543 1457
374 0 8543 1457
375 0 8543 1457
376 0 8543 1457
377 0 8543 1457
378 0 8543 1457
379 0 8543 1457
380 0 8543 1457
381 0 8543 1457
382 0 8543 1457
383 0 8543 1457
384 0 8543 1457
385 0 8543 1457
386 0 8543 1457
387 0 8543 1457
388 0 8543 1457
389 0 8543 1457
390 0 8543 1457
391 0 8543 1457
392 0 8543 1457
393 0 8543 1457
394 0 8543 1457
395 0 8543 1457
396 0 8543 1457
397 0 8543 1457
398 0 8543 1457
399 0 8543 1457
400 0 8543 1457
401 0 8543 1457
402 0 8543 1457
403 0 8543 1457
404 0 8543 1457
405 0 8543 1457
406 0 8543 1457
407 0 8543 1457
408 0 8543 1457
409 0 8543 1457
410 0 8543 1457
411 0 8543 1457
412 0 8543 1457
413 0 8543 1457
414 0 8543 1457
415 0 8543 1457
416 0 8543 1457
417 0 8543 1457
418 0 8543 1457
419 0 8543 1457
420 0 8543 1457
421 0 8543 1457
422 0 8543 1457
423 0 8543 1457
424 0 8543 1457
425 0 8543 1457
426 0 8543 1457
427 0 8543 1457
428 0 8543 1457
429 0 8543 1457
430 0 8543 1457
431 0 8543 1457
432 0 8543 1457
433 0 8543 1457
434 0 8543 1457
435 0 8543 1457
436 0 8543 1457
437 0 8543 1457
438 0 8543 1457
439 0 8543 1457
440 0 8543 1457
441 0 8543 1457
442 0 8543 1457
443 0 8543 1457
444 0 8543 1457
445 0 8543 1457
446 0 8543 1457
447 0 8543 1457
448 0 8543 1457
449 0 8543 1457
450 0 8543 1457
451 0 8543 1457
452 0 8543 1457
453 0 8543 1457
454 0 8543 1457
455 0 8543 1457
456 0 8543 1457
457 0 8543 1457
458 0 8543 1457
459 0 8543 1457
460 0 8543 1457
461 0 8543 1457
462 0 8543 1457
463 0 8543 1457
464 0 8543 1457
465 0 8543 1457
466 0 8543 1457
467 0 8543 1457
468 0 8543 1457
469 0 8543 1457
470 0 8543 1457
471 0 8543 1457
472 0 8543 1457
473 0 8543 1457
474 0 8543 1457
475 0 8543 1457
476 0 8543 1457
477 0 8543 1457
478 0 8543 1457
479 0 8543 1457
480 0 8543 1457
481 0 8543 1457
482 0 8543 1457
483 0 8543 1457
484 0 8543 1457
485 0 8543 1457
486 0 8543 1457
487 0 8543 1457
488 0 8543 1457
489 0 8543 1457
490 0 8543 1457
491 0 8543 1457
492 0 8543 1457
493 0 8543 1457
494 0 8543 1457
495 0 8543 1457
496 0 8543 1457
497 0 8543 1457
498 0 8543 1457
499 0 8543 1457
500 0 8543 1457
501 0 8543 1457
502 0 8543 1457
503 0 8543 1457
504 0 8543 1457
505 0 8543 1457
506 0 8543 1457
507 0 8543 1457
508 0 8543 1457
509 0 8543 1457
510 0 8543 1457
511 0 8543 1457
512 0 8543 1457
513 0 8543 1457
514 0 8543 1457
515 0 8543 1457
516 0 8543 1457
517 0 8543 1457
518 0 8543 1457
519 0 8543 1457
520 0 8543 1457
521 0 8543 1457
522 0 8543 1457
523 0 8543 1457
524 0 8543 1457
525 0 8543 1457
526 0 8543 1457
527 0 8543 1457
528 0 8543 1457
529 0 8543 1457
530 0 8543 1457
531 0 8543 1457
532 0 8543 1457
533 0 8543 1457
534 0 8543 1457
535 0 8543 1457
536 0 8543 1457
537 0 8543 1457
538 0 8543 1457
539 0 8543 1457
540 0 8543 1457
541 0 8543 1457
542 0 8543 1457
543 0 8543 1457
544 0 8543 1457
545 0 8543 1457
546 0 8543 1457
547 0 8543 1457
548 0 8543 1457
549 0 8543 1457
550 0 8543 1457
551 0 8543 1457
552 0 8543 1457
553 0 8543 1457
554 0 8543 1457
555 0 8543 1457
556 0 8543 1457
557 0 8543 1457
558 0 8543 1457
559 0 8543 1457
560 0 8543 1457
561 0 8543 1457
562 0 8543 1457
563 0 8543 1457
564 0 8543 1457
565 0 8543 1457
566 0 8543 1457
567 0 8543 1457
568 0 8543 1457
569 0 8543 1457
570 0 8543 1457
571 0 8543 1457
572 0 8543 1457
573 0 8543 1457
574 0 8543 1457
575 0 8543 1457
576 0 8543 1457
577 0 8543 1457
578 0 8543 1457
579 0 8543 1457
580 0 8543 1457
581 0 8543 1457
582 0 8543 1457
583 0 8543 1457
584 0 8543 1457
585 0 8543 1457
586 0 8543 1457
587 0 8543 1457
588 0 8543 1457
589 0 8543 1457
590 0 8543 1457
591 0 8543 1457
592 0 8543 1457
593 0 8543 1457
594 0 8543 1457
595 0 8543 1457
596 0 8543 1457
597 0 8543 1457
598 0 8543 1457
599 0 8543 1457
600 0 8543 1457
601 0 8543 1457
602 0 8543 1457
603 0 8543 1457
604 0 8543 1457
605 0 8543 1457
606 0 8543 1457
607 0 8543 1457
608 0 8543 1457
609 0 8543 1457
610 0 8543 1457
611 0 8543 1457
612 0 8543 1457
613 0 8543 1457
614 0 8543 1457
615 0 8543 1457
616 0 8543 1457
617 0 8543 1457
618 0 8543 1457
619 0 8543 1457
620 0 8543 1457
621 0 8543 1457
622 0 8543 1457
623 0 8543 1457
624 0 8543 1457
625 0 8543 1457
626 0 8543 1457
627 0 8543 1457
628 0 8543 1457
629 0 8543 1457
630 0 8543 1457
631 0 8543 1457
632 0 8543 1457
633 0 8543 1457
634 0 8543 1457
635 0 8543 1457
636 0 8543 1457
637 0 8543 1457
638 0 8543 1457
639 0 8543 1457
640 0 8543 1457
641 0 8543 1457
642 0 8543 1457
643 0 8543 1457
644 0 8543 1457
645 0 8543 1457
646 0 8543 1457
647 0 8543 1457
648 0 8543 1457
649 0 8543 1457
650 0 8543 1457
651 0 8543 1457
652 0 8543 1457
653 0 8543 1457
654 0 8543 1457
655 0 8543 1457
656 0 8543 1457
657 0 8543 1457
658 0 8543 1457
659 0 8543 1457
660 0 8543 1457
661 0 8543 1457
662 0 8543 1457
663 0 8543 1457
664 0 8543 1457
665 0 8543 1457
666 0 8543 1457
667 0 8543 1457
668 0 8543 1457
669 0 8543 1457
670 0 8543 1457
671 0 8543 1457
672 0 8543 1457
673 0 8543 1457
674 0 8543 1457
675 0 8543 1457
676 0 8543 1457
677 0 8543 1457
678 0 8543 1457
679 0 8543 1457
680 0 8543 1457
681 0 8543 1457
682 0 8543 1457
683 0 8543 1457
684 0 8543 1457
685 0 8543 1457
686 0 8543 1457
687 0 8543 1457
688 0 8543 1457
689 0 8543 1457
690 0 8543 1457
691 0 8543 1457
692 0 8543 1457
693 0 8543 1457
694 0 8543 1457
695 0 8543 1457
696 0 8543 1457
697 0 8543 1457
698 0 8543 1457
699 0 8543 1457
700 0 8543 1457
701 0 8543 1457
702 0 8543 1457
703 0 8543 1457
704 0 8543 1457
705 0 8543 1457
706 0 8543 1457
707 0 8543 1457
708 0 8543 1457
709 0 8543 1457
710 0 8543 1457
711 0 8543 1457
712 0 8543 1457
713 0 8543 1457
714 0 8543 1457
715 0 8543 1457
716 0 8543 1457
717 0 8543 1457
718 0 8543 1457
719 0 8543 1457
720 0 8543 1457
721 0 8543 1457
722 0 8543 1457
723 0 8543 1457
724 0 8543 1457
725 0 8543 1457
726 0 8543 1457
727 0 8543 1457
728 0 8543 1457
729 0 8543 1457
730 0 8543 1457
731 0 8543 1457
732 0 8543 1457
733 0 8543 1457
734 0 8543 1457
735 0 8543 1457
736 0 8543 1457
737 0 8543 1457
738 0 8543 1457
739 0 8543 1457
740 0 8543 1457
741 0 8543 1457
742 0 8543 1457
743 0 8543 1457
744 0 8543 1457
745 0 8543 1457
746 0 8543 1457
747 0 8543 1457
748 0 8543 1457
749 0 8543 1457
750 0 8543 1457
751 0 8543 1457
752 0 8543 1457
753 0 8543 1457
754 0 8543 1457
755 0 8543 1457
756 0 8543 1457
757 0 8543 1457
758 0 8543 1457
759 0 8543 1457
760 0 8543 1457
761 0 8543 1457
762 0 8543 1457
763 0 8543 1457
764 0 8543 1457
765 0 8543 1457
766 0 8543 1457
767 0 8543 1457
768 0 8543 1457
769 0 8543 1457
770 0 8543 1457
771 0 8543 1457
772 0 8543 1457
773 0 8543 1457
774 0 8543 1457
775 0 8543 1457
776 0 8543 1457
777 0 8543 1457
778 0 8543 1457
779 0 8543 1457
780 0 8543 1457
781 0 8543 1457
782 0 8543 1457
783 0 8543 1457
784 0 8543 1457
785 0 8543 1457
786 0 8543 1457
787 0 8543 1457
788 0 8543 1457
789 0 8543 1457
790 0 8543 1457
791 0 8543 1457
792 0 8543 1457
793 0 8543 1457
794 0 8543 1457
795 0 8543 1457
796 0 8543 1457
797 0 8543 1457
798 0 8543 1457
799 0 8543 1457
800 0 8543 1457
801 0 8543 1457
802 0 8543 1457
803 0 8543 1457
804 0 8543 1457
805 0 8543 1457
806 0 8543 1457
807 0 8543 1457
808 0 8543 1457
809 0 8543 1457
810 0 8543 1457
811 0 8543 1457
812 0 8543 1457
813 0 8543 1457
814 0 8543 1457
815 0 8543 1457
816 0 8543 1457
817 0 8543 1457
818 0 8543 1457
819 0 8543 1457
820 0 8543 1457
821 0 8543 1457
822 0 8543 1457
823 0 8543 1457
824 0 8543 1457
825 0 8543 1457
826 0 8543 1457
827 0 8543 1457
828 0 8543 1457
829 0 8543 1457
830 0 8543 1457
831 0 8543 1457
832 0 8543 1457
833 0 8543 1457
834 0 8543 1457
835 0 8543 1457
836 0 8543 1457
837 0 8543 1457
838 0 8543 1457
839 0 8543 1457
840 0 8543 1457
841 0 8543 1457
842 0 8543 1457
843 0 8543 1457
844 0 8543 1457
845 0 8543 1457
846 0 8543 1457
847 0 8543 1457
848 0 8543 1457
849 0 8543 1457
850 0 8543 1457
851 0 8543 1457
852 0 8543 1457
853 0 8543 1457
854 0 8543 1457
855 0 8543 1457
856 0 8543 1457
857 0 8543 1457
858 0 8543 1457
859 0 8543 1457
860 0 8543 1457
861 0 8543 1457
862 0 8543 1457
863 0 8543 1457
864 0 8543 1457
865 0 8543 1457
866 0 8543 1457
867 0 8543 1457
868 0 8543 1457
869 0 8543 1457
870 0 8543 1457
871 0 8543 1457
872 0 8543 1457
873 0 8543 1457
874 0 8543 1457
875 0 8543 1457
876 0 8543 1457
877 0 8543 1457
878 0 8543 1457
879 0 8543 1457
880 0 8543 1457
881 0 8543 1457
882 0 8543 1457
883 0 8543 1457
884 0 8543 1457
885 0 8543 1457
886 0 8543 1457
887 0 8543 1457
888 0 8543 1457
889 0 8543 1457
890 0 8543 1457
891 0 8543 1457
892 0 8543 1457
893 0 8543 1457
894 0 8543 1457
895 0 8543 1457
896 0 8543 1457
897 0 8543 1457
898 0 8543 1457
899 0 8543 1457
900 0 8543 1457
901 0 8543 1457
902 0 8543 1457
903 0 8543 1457
904 0 8543 1457
905 0 8543 1457
906 0 8543 1457
907 0 8543 1457
908 0 8543 1457
909 0 8543 1457
910 0 8543 1457
911 0 8543 1457
912 0 8543 1457
913 0 8543 1457
914 0 8543 1457
915 0 8543 1457
916 0 8543 1457
917 0 8543 1457
918 0 8543 1457
919 0 8543 1457
920 0 8543 1457
921 0 8543 1457
922 0 8543 1457
923 0 8543 1457
924 0 8543 1457
925 0 8543 1457
926 0 8543 1457
927 0 8543 1457
928 0 8543 1457
929 0 8543 1457
930 0 8543 1457
931 0 8543 1457
932 0 8543 1457
933 0 8543 1457
934 0 8543 1457
935 0 8543 1457
936 0 8543 1457
937 0 8543 1457
938 0 8543 1457
939 0 8543 1457
940 0 8543 1457
941 0 8543 1457
942 0 8543 1457
943 0 8543 1457
944 0 8543 1457
945 0 8543 1457
946 0 8543 1457
947 0 8543 1457
948 0 8543 1457
949 0 8543 1457
950 0 8543 1457
951 0 8543 1457
952 0 8543 1457
953 0 8543 1457
954 0 8543 1457
955 0 8543 1457
956 0 8543 1457
957 0 8543 1457
958 0 8543 1457
959 0 8543 1457
960 0 8543 1457
961 0 8543 1457
962 0 8543 1457
963 0 8543 1457
964 0 8543 1457
965 0 8543 1457
966 0 8543 1457
967 0 8543 1457
968 0 8543 1457
969 0 8543 1457
970 0 8543 1457
971 0 8543 1457
972 0 8543 1457
973 0 8543 1457
974 0 8543 1457
975 0 8543 1457
976 0 8543 1457
977 0 8543 1457
978 0 8543 1457
979 0 8543 1457
980 0 8543 1457
981 0 8543 1457
982 0 8543 1457
983 0 8543 1457
984 0 8543 1457
985 0 8543 1457
986 0 8543 1457
987 0 8543 1457
988 0 8543 1457
989 0 8543 1457
990 0 8543 1457
991 0 8543 1457
992 0 8543 1457
993 0 8543 1457
994 0 8543 1457
995 0 8543 1457
996 0 8543 1457
997 0 8543 1457
998 0 8543 1457
999 0 8543 1457
