0 9999 1 0
1 9997 3 0
2 9991 8 1
3 9989 10 1
4 9982 16 2
5 9979 17 4
6 9973 21 6
7 9972 19 9
8 9965 22 13
9 9960 23 17
10 9960 18 22
11 9957 16 27
12 9956 14 30
13 9956 10 34
14 9956 7 37
15 9956 6 38
16 9955 5 40
17 9952 7 41
18 9949 10 41
19 9944 13 43
20 9940 15 45
21 9934 19 47
22 9928 20 52
23 9923 23 54
24 9918 24 58
25 9912 26 62
26 9907 25 68
27 9898 27 75
28 9886 33 81
29 9879 33 88
30 9874 33 93
31 9872 27 101
32 9865 29 106
33 9856 33 111
34 9851 32 117
35 9846 34 120
36 9836 38 126
37 9832 38 130
38 9828 40 132
39 9821 39 140
40 9817 40 143
41 9811 38 151
42 9806 34 160
43 9797 35 168
44 9788 38 174
45 9779 36 185
46 9770 42 188
47 9763 44 193
48 9757 42 201
49 9743 48 209
50 9729 47 224
51 9720 45 235
52 9710 43 247
53 9702 46 252
54 9697 44 259
55 9689 42 269
56 9681 43 276
57 9674 42 284
58 9664 49 287
59 9652 57 291
60 9639 67 294
61 9629 67 304
62 9619 69 312
63 9609 63 328
64 9599 58 343
65 9581 66 353
66 9571 66 363
67 9562 63 375
68 9548 62 390
69 9536 62 402
70 9528 66 406
71 9519 63 418
72 9512 63 425
73 9498 68 434
74 9485 70 445
75 9463 79 458
76 9449 78 473
77 9431 80 489
78 9419 75 506
79 9409 74 517
80 9397 74 529
81 9385 75 540
82 9370 76 554
83 9349 80 571
84 9330 84 586
85 9313 83 604
86 9302 83 615
87 9287 87 626
88 9269 95 636
89 9259 85 656
90 9245 83 672
91 9230 86 684
92 9220 80 700
93 9209 79 712
94 9199 78 723
95 9189 81 730
96 9170 87 743
97 9153 89 758
98 9136 94 770
99 9119 97 784
100 9104 88 808
101 9085 87 828
102 9068 91 841
103 9055 91 854
104 9042 91 867
105 9022 96 882
106 9004 94 902
107 8986 102 912
108 8972 101 927
109 8959 98 943
110 8940 106 954
111 8918 115 967
112 8902 111 987
113 8892 107 1001
114 8879 102 1019
115 8862 100 1038
116 8850 92 1058
117 8839 87 1074
118 8825 86 1089
119 8809 92 1099
120 8799 86 1115
121 8790 74 1136
122 8785 66 1149
123 8769 72 1159
124 8747 82 1171
125 8723 88 1189
126 8710 87 1203
127 8700 79 1221
128 8689 73 1238
129 8683 66 1251
130 8670 60 1270
131 8661 58 1281
132 8645 62 1293
133 8635 61 1304
134 8623 63 1314
135 8617 60 1323
136 8612 54 1334
137 8603 59 1338
138 8594 59 1347
139 8583 62 1355
140 8576 57 1367
141 8567 55 1378
142 8544 65 1391
143 8522 75 1403
144 8508 78 1414
145 8487 86 1427
146 8466 92 1442
147 8455 85 1460
148 8437 80 1483
149 8420 83 1497
150 8407 79 1514
151 8396 85 1519
152 8377 93 1530
153 8358 96 1546
154 8331 110 1559
155 8306 120 1574
156 8276 130 1594
157 8245 136 1619
158 8219 139 1642
159 8196 135 1669
160 8174 130 1696
161 8156 118 1726
162 8119 123 1758
163 8101 120 1779
164 8076 120 1804
165 8054 123 1823
166 8027 125 1848
167 8007 126 1867
168 7975 141 1884
169 7948 145 1907
170 7919 148 1933
171 7901 137 1962
172 7879 132 1989
173 7855 126 2019
174 7834 123 2043
175 7823 117 2060
176 7805 118 2077
177 7780 125 2095
178 7760 121 2119
179 7745 120 2135
180 7723 123 2154
181 7699 118 2183
182 7679 129 2192
183 7661 128 2211
184 7648 121 2231
185 7632 116 2252
186 7617 113 2270
187 7602 110 2288
188 7588 97 2315
189 7569 102 2329
190 7547 103 2350
191 7529 99 2372
192 7507 98 2395
193 7487 100 2413
194 7464 109 2427
195 7443 103 2454
196 7416 111 2473
197 7391 122 2487
198 7372 119 2509
199 7350 123 2527
200 7333 114 2553
201 7315 105 2580
202 7291 106 2603
203 7270 105 2625
204 7247 114 2639
205 7226 118 2656
206 7189 129 2682
207 7166 131 2703
208 7148 125 2727
209 7128 118 2754
210 7105 114 2781
211 7080 120 2800
212 7063 117 2820
213 7049 104 2847
214 7036 93 2871
215 7023 88 2889
216 7006 93 2901
217 6996 78 2926
218 6991 72 2937
219 6984 61 2955
220 6983 52 2965
221 6977 47 2976
222 6970 47 2983
223 6962 39 2999
224 6958 37 3005
225 6953 35 3012
226 6947 37 3016
227 6942 31 3027
228 6938 26 3036
229 6932 28 3040
230 6927 29 3044
231 6918 33 3049
232 6911 31 3058
233 6909 26 3065
234 6906 25 3069
235 6901 24 3075
236 6892 30 3078
237 6885 28 3087
238 6875 33 3092
239 6869 33 3098
240 6856 41 3103
241 6851 36 3113
242 6843 36 3121
243 6837 34 3129
244 6832 32 3136
245 6825 35 3140
246 6824 32 3144
247 6820 32 3148
248 6815 31 3154
249 6805 37 3158
250 6795 42 3163
251 6781 46 3173
252 6767 52 3181
253 6760 47 3193
254 6749 50 3201
255 6738 50 3212
256 6732 45 3223
257 6722 49 3229
258 6715 48 3237
259 6706 49 3245
260 6699 45 3256
261 6690 42 3268
262 6686 38 3276
263 6679 44 3277
264 6661 57 3282
265 6645 61 3294
266 6638 58 3304
267 6628 51 3321
268 6618 49 3333
269 6609 49 3342
270 6597 54 3349
271 6588 54 3358
272 6576 61 3363
273 6566 62 3372
274 6551 63 3386
275 6536 68 3396
276 6515 80 3405
277 6508 76 3416
278 6490 76 3434
279 6479 65 3456
280 6471 67 3462
281 6456 70 3474
282 6442 76 3482
283 6429 66 3505
284 6414 75 3511
285 6403 68 3529
286 6390 68 3542
287 6374 72 3554
288 6362 76 3562
289 6351 78 3571
290 6339 82 3579
291 6328 87 3585
292 6298 104 3598
293 6290 95 3615
294 6270 100 3630
295 6245 104 3651
296 6226 109 3665
297 6207 103 3690
298 6187 103 3710
299 6167 107 3726
300 6139 120 3741
301 6120 119 3761
302 6096 122 3782
303 6079 120 3801
304 6065 117 3818
305 6053 111 3836
306 6042 108 3850
307 6029 104 3867
308 6007 109 3884
309 5991 103 3906
310 5970 109 3921
311 5953 108 3939
312 5933 114 3953
313 5919 113 3968
314 5908 110 3982
315 5894 99 4007
316 5872 108 4020
317 5848 114 4038
318 5831 113 4056
319 5820 108 4072
320 5804 102 4094
321 5795 87 4118
322 5788 77 4135
323 5776 78 4146
324 5760 79 4161
325 5755 69 4176
326 5742 70 4188
327 5729 74 4197
328 5719 73 4208
329 5713 64 4223
330 5697 75 4228
331 5685 74 4241
332 5674 73 4253
333 5661 68 4271
334 5647 67 4286
335 5633 69 4298
336 5624 72 4304
337 5612 60 4328
338 5599 59 4342
339 5583 65 4352
340 5564 72 4364
341 5554 67 4379
342 5536 72 4392
343 5524 68 4408
344 5513 68 4419
345 5501 62 4437
346 5489 61 4450
347 5478 65 4457
348 5460 71 4469
349 5453 60 4487
350 5444 60 4496
351 5441 47 4512
352 5434 47 4519
353 5421 52 4527
354 5411 56 4533
355 5406 48 4546
356 5403 46 4551
357 5398 40 4562
358 5385 49 4566
359 5377 54 4569
360 5364 56 4580
361 5355 56 4589
362 5346 52 4602
363 5339 50 4611
364 5327 51 4622
365 5310 62 4628
366 5298 60 4642
367 5280 63 4657
368 5270 61 4669
369 5262 55 4683
370 5250 57 4693
371 5234 64 4702
372 5221 67 4712
373 5212 67 4721
374 5202 68 4730
375 5186 73 4741
376 5178 69 4753
377 5170 68 4762
378 5161 62 4777
379 5153 59 4788
380 5144 65 4791
381 5138 56 4806
382 5131 55 4814
383 5123 49 4828
384 5113 53 4834
385 5105 56 4839
386 5090 59 4851
387 5081 56 4863
388 5073 57 4870
389 5063 53 4884
390 5061 48 4891
391 5043 59 4898
392 5034 60 4906
393 5025 62 4913
394 5016 63 4921
395 5006 60 4934
396 4998 58 4944
397 4989 53 4958
398 4976 56 4968
399 4962 61 4977
400 4950 60 4990
401 4929 66 5005
402 4908 78 5014
403 4884 91 5025
404 4867 93 5040
405 4858 74 5068
406 4840 81 5079
407 4824 77 5099
408 4812 71 5117
409 4797 72 5131
410 4787 75 5138
411 4776 74 5150
412 4759 83 5158
413 4745 84 5171
414 4734 83 5183
415 4723 83 5194
416 4715 80 5205
417 4705 78 5217
418 4697 71 5232
419 4682 77 5241
420 4666 82 5252
421 4660 77 5263
422 4650 73 5277
423 4646 62 5292
424 4639 62 5299
425 4635 53 5312
426 4629 51 5320
427 4623 54 5323
428 4621 50 5329
429 4617 49 5334
430 4614 45 5341
431 4612 44 5344
432 4611 36 5353
433 4609 31 5360
434 4607 26 5367
435 4605 24 5371
436 4603 22 5375
437 4600 20 5380
438 4599 17 5384
439 4598 15 5387
440 4597 14 5389
441 4597 12 5391
442 4597 10 5393
443 4597 10 5393
444 4597 8 5395
445 4597 7 5396
446 4595 8 5397
447 4595 7 5398
448 4595 4 5401
449 4595 4 5401
450 4595 3 5402
451 4595 2 5403
452 4595 2 5403
453 4595 2 5403
454 4595 1 5404
455 4595 1 5404
456 4595 1 5404
457 4595 0 5405
458 4595 0 5405
459 4595 0 5405
460 4595 0 5405
461 4595 0 5405
462 4595 0 5405
463 4595 0 5405
464 4595 0 5405
465 4595 0 5405
466 4595 0 5405
467 4595 0 5405
468 4595 0 5405
469 4595 0 5405
470 4595 0 5405
471 4595 0 5405
472 4595 0 5405
473 4595 0 5405
474 4595 0 5405
475 4595 0 5405
476 4595 0 5405
477 4595 0 5405
478 4595 0 5405
479 4595 0 5405
480 4595 0 5405
481 4595 0 5405
482 4595 0 5405
483 4595 0 5405
484 4595 0 5405
485 4595 0 5405
486 4595 0 5405
487 4595 0 5405
488 4595 0 5405
489 4595 0 5405
490 4595 0 5405
491 4595 0 5405
492 4595 0 5405
493 4595 0 5405
494 4595 0 5405
495 4595 0 5405
496 4595 0 5405
497 4595 0 5405
498 4595 0 5405
499 4595 0 5405
500 4595 0 5405
501 4595 0 5405
502 4595 0 5405
503 4595 0 5405
504 4595 0 5405
505 4595 0 5405
506 4595 0 5405
507 4595 0 5405
508 4595 0 5405
509 4595 0 5405
510 4595 0 5405
511 4595 0 5405
512 4595 0 5405
513 4595 0 5405
514 4595 0 5405
515 4595 0 5405
516 4595 0 5405
517 4595 0 5405
518 4595 0 5405
519 4595 0 5405
520 4595 0 5405
521 4595 0 5405
522 4595 0 5405
523 4595 0 5405
524 4595 0 5405
525 4595 0 5405
526 4595 0 5405
527 4595 0 5405
528 4595 0 5405
529 4595 0 5405
530 4595 0 5405
531 4595 0 5405
532 4595 0 5405
533 4595 0 5405
534 4595 0 5405
535 4595 0 5405
536 4595 0 5405
537 4595 0 5405
538 4595 0 5405
539 4595 0 5405
540 4595 0 5405
541 4595 0 5405
542 4595 0 5405
543 4595 0 5405
544 4595 0 5405
545 4595 0 5405
546 4595 0 5405
547 4595 0 5405
548 4595 0 5405
549 4595 0 5405
550 4595 0 5405
551 4595 0 5405
552 4595 0 5405
553 4595 0 5405
554 4595 0 5405
555 4595 0 5405
556 4595 0 5405
557 4595 0 5405
558 4595 0 5405
559 4595 0 5405
560 4595 0 5405
561 4595 0 5405
562 4595 0 5405
563 4595 0 5405
564 4595 0 5405
565 4595 0 5405
566 4595 0 5405
567 4595 0 5405
568 4595 0 5405
569 4595 0 5405
570 4595 0 5405
571 4595 0 5405
572 4595 0 5405
573 4595 0 5405
574 4595 0 5405
575 4595 0 5405
576 4595 0 5405
577 4595 0 5405
578 4595 0 5405
579 4595 0 5405
580 4595 0 5405
581 4595 0 5405
582 4595 0 5405
583 4595 0 5405
584 4595 0 5405
585 4595 0 5405
586 4595 0 5405
587 4595 0 5405
588 4595 0 5405
589 4595 0 5405
590 4595 0 5405
591 4595 0 5405
592 4595 0 5405
593 4595 0 5405
594 4595 0 5405
595 4595 0 5405
596 4595 0 5405
597 4595 0 5405
598 4595 0 5405
599 4595 0 5405
600 4595 0 5405
601 4595 0 5405
602 4595 0 5405
603 4595 0 5405
604 4595 0 5405
605 4595 0 5405
606 4595 0 5405
607 4595 0 5405
608 4595 0 5405
609 4595 0 5405
610 4595 0 5405
611 4595 0 5405
612 4595 0 5405
613 4595 0 5405
614 4595 0 5405
615 4595 0 5405
616 4595 0 5405
617 4595 0 5405
618 4595 0 5405
619 4595 0 5405
620 4595 0 5405
621 4595 0 5405
622 4595 0 5405
623 4595 0 5405
624 4595 0 5405
625 4595 0 5405
626 4595 0 5405
627 4595 0 5405
628 4595 0 5405
629 4595 0 5405
630 4595 0 5405
631 4595 0 5405
632 4595 0 5405
633 4595 0 5405
634 4595 0 5405
635 4595 0 5405
636 4595 0 5405
637 4595 0 5405
638 4595 0 5405
639 4595 0 5405
640 4595 0 5405
641 4595 0 5405
642 4595 0 5405
643 4595 0 5405
644 4595 0 5405
645 4595 0 5405
646 4595 0 5405
647 4595 0 5405
648 4595 0 5405
649 4595 0 5405
650 4595 0 5405
651 4595 0 5405
652 4595 0 5405
653 4595 0 5405
654 4595 0 5405
655 4595 0 5405
656 4595 0 5405
657 4595 0 5405
658 4595 0 5405
659 4595 0 5405
660 4595 0 5405
661 4595 0 5405
662 4595 0 5405
663 4595 0 5405
664 4595 0 5405
665 4595 0 5405
666 4595 0 5405
667 4595 0 5405
668 4595 0 5405
669 4595 0 5405
670 4595 0 5405
671 4595 0 5405
672 4595 0 5405
673 4595 0 5405
674 4595 0 5405
675 4595 0 5405
676 4595 0 5405
677 4595 0 5405
678 4595 0 5405
679 4595 0 5405
680 4595 0 5405
681 4595 0 5405
682 4595 0 5405
683 4595 0 5405
684 4595 0 5405
685 4595 0 5405
686 4595 0 5405
687 4595 0 5405
688 4595 0 5405
689 4595 0 5405
690 4595 0 5405
691 4595 0 5405
692 4595 0 5405
693 4595 0 5405
694 4595 0 5405
695 4595 0 5405
696 4595 0 5405
697 4595 0 5405
698 4595 0 5405
699 4595 0 5405
700 4595 0 5405
701 4595 0 5405
702 4595 0 5405
703 4595 0 5405
704 4595 0 5405
705 4595 0 5405
706 4595 0 5405
707 4595 0 5405
708 4595 0 5405
709 4595 0 5405
710 4595 0 5405
711 4595 0 5405
712 4595 0 5405
713 4595 0 5405
714 4595 0 5405
715 4595 0 5405
716 4595 0 5405
717 4595 0 5405
718 4595 0 5405
719 4595 0 5405
720 4595 0 5405
721 4595 0 5405
722 4595 0 5405
723 4595 0 5405
724 4595 0 5405
725 4595 0 5405
726 4595 0 5405
727 4595 0 5405
728 4595 0 5405
729 4595 0 5405
730 4595 0 5405
731 4595 0 5405
732 4595 0 5405
733 4595 0 5405
734 4595 0 5405
735 4595 0 5405
736 4595 0 5405
737 4595 0 5405
738 4595 0 5405
739 4595 0 5405
740 4595 0 5405
741 4595 0 5405
742 4595 0 5405
743 4595 0 5405
744 4595 0 5405
745 4595 0 5405
746 4595 0 5405
747 4595 0 5405
748 4595 0 5405
749 4595 0 5405
750 4595 0 5405
751 4595 0 5405
752 4595 0 5405
753 4595 0 5405
754 4595 0 5405
755 4595 0 5405
756 4595 0 5405
757 4595 0 5405
758 4595 0 5405
759 4595 0 5405
760 4595 0 5405
761 4595 0 5405
762 4595 0 5405
763 4595 0 5405
764 4595 0 5405
765 4595 0 5405
766 4595 0 5405
767 4595 0 5405
768 4595 0 5405
769 4595 0 5405
770 4595 0 5405
771 4595 0 5405
772 4595 0 5405
773 4595 0 5405
774 4595 0 5405
775 4595 0 5405
776 4595 0 5405
777 4595 0 5405
778 4595 0 5405
779 4595 0 5405
780 4595 0 5405
781 4595 0 5405
782 4595 0 5405
783 4595 0 5405
784 4595 0 5405
785 4595 0 5405
786 4595 0 5405
787 4595 0 5405
788 4595 0 5405
789 4595 0 5405
790 4595 0 5405
791 4595 0 5405
792 4595 0 5405
793 4595 0 5405
794 4595 0 5405
795 4595 0 5405
796 4595 0 5405
797 4595 0 5405
798 4595 0 5405
799 4595 0 5405
800 4595 0 5405
801 4595 0 5405
802 4595 0 5405
803 4595 0 5405
804 4595 0 5405
805 4595 0 5405
806 4595 0 5405
807 4595 0 5405
808 4595 0 5405
809 4595 0 5405
810 4595 0 5405
811 4595 0 5405
812 4595 0 5405
813 4595 0 5405
814 4595 0 5405
815 4595 0 5405
816 4595 0 5405
817 4595 0 5405
818 4595 0 5405
819 4595 0 5405
820 4595 0 5405
821 4595 0 5405
822 4595 0 5405
823 4595 0 5405
824 4595 0 5405
825 4595 0 5405
826 4595 0 5405
827 4595 0 5405
828 4595 0 5405
829 4595 0 5405
830 4595 0 5405
831 4595 0 5405
832 4595 0 5405
833 4595 0 5405
834 4595 0 5405
835 4595 0 5405
836 4595 0 5405
837 4595 0 5405
838 4595 0 5405
839 4595 0 5405
840 4595 0 5405
841 4595 0 5405
842 4595 0 5405
843 4595 0 5405
844 4595 0 5405
845 4595 0 5405
846 4595 0 5405
847 4595 0 5405
848 4595 0 5405
849 4595 0 5405
850 4595 0 5405
851 4595 0 5405
852 4595 0 5405
853 4595 0 5405
854 4595 0 5405
855 4595 0 5405
856 4595 0 5405
857 4595 0 5405
858 4595 0 5405
859 4595 0 5405
860 4595 0 5405
861 4595 0 5405
862 4595 0 5405
863 4595 0 5405
864 4595 0 5405
865 4595 0 5405
866 4595 0 5405
867 4595 0 5405
868 4595 0 5405
869 4595 0 5405
870 4595 0 5405
871 4595 0 5405
872 4595 0 5405
873 4595 0 5405
874 4595 0 5405
875 4595 0 5405
876 4595 0 5405
877 4595 0 5405
878 4595 0 5405
879 4595 0 5405
880 4595 0 5405
881 4595 0 5405
882 4595 0 5405
883 4595 0 5405
884 4595 0 5405
885 4595 0 5405
886 4595 0 5405
887 4595 0 5405
888 4595 0 5405
889 4595 0 5405
890 4595 0 5405
891 4595 0 5405
892 4595 0 5405
893 4595 0 5405
894 4595 0 5405
895 4595 0 5405
896 4595 0 5405
897 4595 0 5405
898 4595 0 5405
899 4595 0 5405
900 4595 0 5405
901 4595 0 5405
902 4595 0 5405
903 4595 0 5405
904 4595 0 5405
905 4595 0 5405
906 4595 0 5405
907 4595 0 5405
908 4595 0 5405
909 4595 0 5405
910 4595 0 5405
911 4595 0 5405
912 4595 0 5405
913 4595 0 5405
914 4595 0 5405
915 4595 0 5405
916 4595 0 5405
917 4595 0 5405
918 4595 0 5405
919 4595 0 5405
920 4595 0 5405
921 4595 0 5405
922 4595 0 5405
923 4595 0 5405
924 4595 0 5405
925 4595 0 5405
926 4595 0 5405
927 4595 0 5405
928 4595 0 5405
929 4595 0 5405
930 4595 0 5405
931 4595 0 5405
932 4595 0 5405
933 4595 0 5405
934 4595 0 5405
935 4595 0 5405
936 4595 0 5405
937 4595 0 5405
938 4595 0 5405
939 4595 0 5405
940 4595 0 5405
941 4595 0 5405
942 4595 0 5405
943 4595 0 5405
944 4595 0 5405
945 4595 0 5405
946 4595 0 5405
947 4595 0 5405
948 4595 0 5405
949 4595 0 5405
950 4595 0 5405
951 4595 0 5405
952 4595 0 5405
953 4595 0 5405
954 4595 0 5405
955 4595 0 5405
956 4595 0 5405
957 4595 0 5405
958 4595 0 5405
959 4595 0 5405
960 4595 0 5405
961 4595 0 5405
962 4595 0 5405
963 4595 0 5405
964 4595 0 5405
965 4595 0 5405
966 4595 0 5405
967 4595 0 5405
968 4595 0 5405
969 4595 0 5405
970 4595 0 5405
971 4595 0 5405
972 4595 0 5405
973 4595 0 5405
974 4595 0 5405
975 4595 0 5405
976 4595 0 5405
977 4595 0 5405
978 4595 0 5405
979 4595 0 5405
980 4595 0 5405
981 4595 0 5405
982 4595 0 5405
983 4595 0 5405
984 4595 0 5405
985 4595 0 5405
986 4595 0 5405
987 4595 0 5405
988 4595 0 5405
989 4595 0 5405
990 4595 0 5405
991 4595 0 5405
992 4595 0 5405
993 4595 0 5405
994 4595 0 5405
995 4595 0 5405
996 4595 0 5405
997 4595 0 5405
998 4595 0 5405
999 4595 0 5405
