0 9999 1 0
1 9999 1 0
2 9998 2 0
3 9998 2 0
4 9995 5 0
5 9992 7 1
6 9989 9 2
7 9985 12 3
8 9976 19 5
9 9973 20 7
10 9972 19 9
11 9965 25 10
12 9961 24 15
13 9957 22 21
14 9952 24 24
15 9948 24 28
16 9942 26 32
17 9939 26 35
18 9934 28 38
19 9929 25 46
20 9923 24 53
21 9919 22 59
22 9914 26 60
23 9908 29 63
24 9904 28 68
25 9898 27 75
26 9894 27 79
27 9885 33 82
28 9881 30 89
29 9874 32 94
30 9866 30 104
31 9858 34 108
32 9853 34 113
33 9841 37 122
34 9835 37 128
35 9833 34 133
36 9827 29 144
37 9822 28 150
38 9819 28 153
39 9812 31 157
40 9807 33 160
41 9801 34 165
42 9798 32 170
43 9792 33 175
44 9786 34 180
45 9780 37 183
46 9771 40 189
47 9758 43 199
48 9749 49 202
49 9747 41 212
50 9740 40 220
51 9731 39 230
52 9720 45 235
53 9714 42 244
54 9710 38 252
55 9704 35 261
56 9697 35 268
57 9691 37 272
58 9682 39 279
59 9675 40 285
60 9668 37 295
61 9660 42 298
62 9648 40 312
63 9644 36 320
64 9636 41 323
65 9619 47 334
66 9609 51 340
67 9600 51 349
68 9587 54 359
69 9568 66 366
70 9556 65 379
71 9541 72 387
72 9529 71 400
73 9514 79 407
74 9495 90 415
75 9479 85 436
76 9461 86 453
77 9447 87 466
78 9433 84 483
79 9423 86 491
80 9405 87 508
81 9393 89 518
82 9380 84 536
83 9370 78 552
84 9356 80 564
85 9344 70 586
86 9333 75 592
87 9316 81 603
88 9309 78 613
89 9300 73 627
90 9292 65 643
91 9280 68 652
92 9270 68 662
93 9255 71 674
94 9237 78 685
95 9222 74 704
96 9205 77 718
97 9192 78 730
98 9171 82 747
99 9154 88 758
100 9144 80 776
101 9137 75 788
102 9126 73 801
103 9115 71 814
104 9094 83 823
105 9072 95 833
106 9056 99 845
107 9037 101 862
108 9023 94 883
109 9010 95 895
110 8992 94 914
111 8973 103 924
112 8957 103 940
113 8946 99 955
114 8932 96 972
115 8921 92 987
116 8899 97 1004
117 8892 81 1027
118 8876 84 1040
119 8867 87 1046
120 8854 85 1061
121 8835 90 1075
122 8824 85 1091
123 8811 87 1102
124 8799 78 1123
125 8788 75 1137
126 8773 75 1152
127 8760 78 1162
128 8744 81 1175
129 8729 81 1190
130 8710 83 1207
131 8695 81 1224
132 8681 78 1241
133 8663 75 1262
134 8648 77 1275
135 8639 76 1285
136 8630 70 1300
137 8617 77 1306
138 8600 82 1318
139 8580 87 1333
140 8560 94 1346
141 8541 92 1367
142 8511 108 1381
143 8488 115 1397
144 8463 116 1421
145 8447 114 1439
146 8433 106 1461
147 8412 110 1478
148 8393 107 1500
149 8375 98 1527
150 8361 95 1544
151 8354 93 1553
152 8340 89 1571
153 8334 79 1587
154 8319 75 1606
155 8302 76 1622
156 8291 71 1638
157 8281 69 1650
158 8265 68 1667
159 8253 70 1677
160 8247 67 1686
161 8230 72 1698
162 8216 77 1707
163 8195 88 1717
164 8176 93 1731
165 8161 92 1747
166 8141 102 1757
167 8106 115 1779
168 8078 121 1801
169 8060 122 1818
170 8032 122 1846
171 8000 129 1871
172 7975 133 1892
173 7945 143 1912
174 7927 138 1935
175 7898 148 1954
176 7860 165 1975
177 7829 166 2005
178 7787 176 2037
179 7758 170 2072
180 7717 184 2099
181 7672 193 2135
182 7629 197 2174
183 7584 214 2202
184 7547 211 2242
185 7519 199 2282
186 7486 202 2312
187 7457 197 2346
188 7414 211 2375
189 7380 212 2408
190 7349 204 2447
191 7304 208 2488
192 7278 193 2529
193 7257 175 2568
194 7227 173 2600
195 7182 163 2655
196 7158 163 2679
197 7127 158 2715
198 7090 171 2739
199 7056 175 2769
200 7029 169 2802
201 7009 159 2832
202 6983 159 2858
203 6956 157 2887
204 6930 154 2916
205 6891 170 2939
206 6865 170 2965
207 6840 165 2995
208 6805 181 3014
209 6768 187 3045
210 6733 193 3074
211 6710 192 3098
212 6675 202 3123
213 6638 206 3156
214 6611 193 3196
215 6586 181 3233
216 6553 177 3270
217 6514 189 3297
218 6490 183 3327
219 6464 173 3363
220 6425 181 3394
221 6394 176 3430
222 6358 179 3463
223 6331 182 3487
224 6299 181 3520
225 6263 186 3551
226 6244 170 3586
227 6216 169 3615
228 6187 161 3652
229 6168 152 3680
230 6153 143 3704
231 6130 145 3725
232 6100 150 3750
233 6060 167 3773
234 6020 176 3804
235 5989 176 3835
236 5970 163 3867
237 5948 149 3903
238 5908 162 3930
239 5872 173 3955
240 5833 184 3983
241 5798 189 4013
242 5767 187 4046
243 5731 197 4072
244 5707 187 4106
245 5662 194 4144
246 5634 187 4179
247 5598 187 4215
248 5570 184 4246
249 5536 185 4279
250 5506 190 4304
251 5466 206 4328
252 5427 211 4362
253 5391 212 4397
254 5351 216 4433
255 5322 208 4470
256 5292 200 4508
257 5258 194 4548
258 5242 174 4584
259 5221 169 4610
260 5192 171 4637
261 5169 169 4662
262 5135 176 4689
263 5105 173 4722
264 5082 170 4748
265 5058 167 4775
266 5035 156 4809
267 5013 151 4836
268 4986 156 4858
269 4958 157 4885
270 4933 153 4914
271 4911 146 4943
272 4895 127 4978
273 4873 127 5000
274 4855 123 5022
275 4838 125 5037
276 4816 128 5056
277 4789 132 5079
278 4769 134 5097
279 4754 119 5127
280 4737 110 5153
281 4709 119 5172
282 4691 119 5190
283 4665 129 5206
284 4646 126 5228
285 4613 136 5251
286 4591 137 5272
287 4565 141 5294
288 4541 134 5325
289 4517 137 5346
290 4501 125 5374
291 4480 124 5396
292 4454 129 5417
293 4434 130 5436
294 4418 124 5458
295 4397 124 5479
296 4373 130 5497
297 4358 122 5520
298 4338 112 5550
299 4314 117 5569
300 4298 115 5587
301 4275 116 5609
302 4254 119 5627
303 4237 118 5645
304 4221 112 5667
305 4212 105 5683
306 4205 98 5697
307 4187 103 5710
308 4170 101 5729
309 4164 93 5743
310 4155 84 5761
311 4147 73 5780
312 4138 69 5793
313 4123 71 5806
314 4112 73 5815
315 4099 77 5824
316 4091 68 5841
317 4081 67 5852
318 4070 66 5864
319 4060 69 5871
320 4046 73 5881
321 4031 73 5896
322 4018 75 5907
323 4000 82 5918
324 3985 86 5929
325 3970 89 5941
326 3956 89 5955
327 3941 89 5970
328 3927 91 5982
329 3921 87 5992
330 3906 85 6009
331 3894 86 6020
332 3883 80 6037
333 3863 85 6052
334 3850 81 6069
335 3841 77 6082
336 3830 77 6093
337 3822 73 6105
338 3807 78 6115
339 3792 77 6131
340 3779 79 6142
341 3770 70 6160
342 3759 63 6178
343 3747 66 6187
344 3736 71 6193
345 3728 66 6206
346 3720 63 6217
347 3713 56 6231
348 3705 59 6236
349 3699 51 6250
350 3697 50 6253
351 3695 46 6259
352 3688 46 6266
353 3681 43 6276
354 3675 44 6281
355 3671 41 6288
356 3664 47 6289
357 3654 49 6297
358 3650 46 6304
359 3646 41 6313
360 3642 39 6319
361 3634 38 6328
362 3629 39 6332
363 3623 39 6338
364 3617 37 6346
365 3602 42 6356
366 3596 38 6366
367 3590 36 6374
368 3587 37 6376
369 3583 35 6382
370 3579 32 6389
371 3574 32 6394
372 3563 35 6402
373 3557 32 6411
374 3548 37 6415
375 3541 41 6418
376 3533 46 6421
377 3524 49 6427
378 3521 43 6436
379 3512 42 6446
380 3504 45 6451
381 3493 50 6457
382 3487 45 6468
383 3479 42 6479
384 3473 41 6486
385 3469 36 6495
386 3464 33 6503
387 3459 32 6509
388 3447 43 6510
389 3442 40 6518
390 3437 40 6523
391 3427 43 6530
392 3416 47 6537
393 3407 46 6547
394 3400 46 6554
395 3399 36 6565
396 3389 39 6572
397 3379 44 6577
398 3370 50 6580
399 3364 47 6589
400 3360 45 6595
401 3354 43 6603
402 3349 42 6609
403 3338 45 6617
404 3329 43 6628
405 3320 45 6635
406 3312 45 6643
407 3306 40 6654
408 3296 41 6663
409 3287 45 6668
410 3283 36 6681
411 3277 35 6688
412 3268 39 6693
413 3262 41 6697
414 3259 38 6703
415 3255 37 6708
416 3248 37 6715
417 3236 46 6718
418 3228 44 6728
419 3218 44 6738
420 3212 43 6745
421 3204 37 6759
422 3195 40 6765
423 3187 43 6770
424 3180 47 6773
425 3168 48 6784
426 3154 54 6792
427 3141 55 6804
428 3135 49 6816
429 3123 54 6823
430 3111 53 6836
431 3105 51 6844
432 3097 49 6854
433 3087 53 6860
434 3078 47 6875
435 3069 46 6885
436 3062 46 6892
437 3056 41 6903
438 3047 43 6910
439 3042 40 6918
440 3034 41 6925
441 3026 43 6931
442 3016 50 6934
443 3011 44 6945
444 2995 53 6952
445 2986 54 6960
446 2971 57 6972
447 2960 59 6981
448 2946 66 6988
449 2929 70 7001
450 2911 78 7011
451 2890 81 7029
452 2880 77 7043
453 2865 81 7054
454 2857 79 7064
455 2848 76 7076
456 2833 80 7087
457 2824 71 7105
458 2812 68 7120
459 2802 68 7130
460 2794 62 7144
461 2788 58 7154
462 2784 51 7165
463 2776 49 7175
464 2771 43 7186
465 2770 36 7194
466 2765 34 7201
467 2761 33 7206
468 2756 32 7212
469 2754 32 7214
470 2747 31 7222
471 2744 28 7228
472 2741 27 7232
473 2737 24 7239
474 2732 23 7245
475 2729 22 7249
476 2724 21 7255
477 2717 24 7259
478 2717 18 7265
479 2717 14 7269
480 2715 13 7272
481 2714 11 7275
482 2712 12 7276
483 2709 13 7278
484 2708 12 7280
485 2707 11 7282
486 2707 11 7282
487 2705 11 7284
488 2704 12 7284
489 2703 11 7286
490 2701 13 7286
491 2701 11 7288
492 2701 9 7290
493 2699 10 7291
494 2697 11 7292
495 2697 7 7296
496 2697 6 7297
497 2697 4 7299
498 2697 4 7299
499 2697 4 7299
500 2695 6 7299
501 2695 4 7301
502 2694 4 7302
503 2694 2 7304
504 2694 2 7304
505 2694 2 7304
506 2694 1 7305
507 2694 0 7306
508 2694 0 7306
509 2694 0 7306
510 2694 0 7306
511 2694 0 7306
512 2694 0 7306
513 2694 0 7306
514 2694 0 7306
515 2694 0 7306
516 2694 0 7306
517 2694 0 7306
518 2694 0 7306
519 2694 0 7306
520 2694 0 7306
521 2694 0 7306
522 2694 0 7306
523 2694 0 7306
524 2694 0 7306
525 2694 0 7306
526 2694 0 7306
527 2694 0 7306
528 2694 0 7306
529 2694 0 7306
530 2694 0 7306
531 2694 0 7306
532 2694 0 7306
533 2694 0 7306
534 2694 0 7306
535 2694 0 7306
536 2694 0 7306
537 2694 0 7306
538 2694 0 7306
539 2694 0 7306
540 2694 0 7306
541 2694 0 7306
542 2694 0 7306
543 2694 0 7306
544 2694 0 7306
545 2694 0 7306
546 2694 0 7306
547 2694 0 7306
548 2694 0 7306
549 2694 0 7306
550 2694 0 7306
551 2694 0 7306
552 2694 0 7306
553 2694 0 7306
554 2694 0 7306
555 2694 0 7306
556 2694 0 7306
557 2694 0 7306
558 2694 0 7306
559 2694 0 7306
560 2694 0 7306
561 2694 0 7306
562 2694 0 7306
563 2694 0 7306
564 2694 0 7306
565 2694 0 7306
566 2694 0 7306
567 2694 0 7306
568 2694 0 7306
569 2694 0 7306
570 2694 0 7306
571 2694 0 7306
572 2694 0 7306
573 2694 0 7306
574 2694 0 7306
575 2694 0 7306
576 2694 0 7306
577 2694 0 7306
578 2694 0 7306
579 2694 0 7306
580 2694 0 7306
581 2694 0 7306
582 2694 0 7306
583 2694 0 7306
584 2694 0 7306
585 2694 0 7306
586 2694 0 7306
587 2694 0 7306
588 2694 0 7306
589 2694 0 7306
590 2694 0 7306
591 2694 0 7306
592 2694 0 7306
593 2694 0 7306
594 2694 0 7306
595 2694 0 7306
596 2694 0 7306
597 2694 0 7306
598 2694 0 7306
599 2694 0 7306
600 2694 0 7306
601 2694 0 7306
602 2694 0 7306
603 2694 0 7306
604 2694 0 7306
605 2694 0 7306
606 2694 0 7306
607 2694 0 7306
608 2694 0 7306
609 2694 0 7306
610 2694 0 7306
611 2694 0 7306
612 2694 0 7306
613 2694 0 7306
614 2694 0 7306
615 2694 0 7306
616 2694 0 7306
617 2694 0 7306
618 2694 0 7306
619 2694 0 7306
620 2694 0 7306
621 2694 0 7306
622 2694 0 7306
623 2694 0 7306
624 2694 0 7306
625 2694 0 7306
626 2694 0 7306
627 2694 0 7306
628 2694 0 7306
629 2694 0 7306
630 2694 0 7306
631 2694 0 7306
632 2694 0 7306
633 2694 0 7306
634 2694 0 7306
635 2694 0 7306
636 2694 0 7306
637 2694 0 7306
638 2694 0 7306
639 2694 0 7306
640 2694 0 7306
641 2694 0 7306
642 2694 0 7306
643 2694 0 7306
644 2694 0 7306
645 2694 0 7306
646 2694 0 7306
647 2694 0 7306
648 2694 0 7306
649 2694 0 7306
650 2694 0 7306
651 2694 0 7306
652 2694 0 7306
653 2694 0 7306
654 2694 0 7306
655 2694 0 7306
656 2694 0 7306
657 2694 0 7306
658 2694 0 7306
659 2694 0 7306
660 2694 0 7306
661 2694 0 7306
662 2694 0 7306
663 2694 0 7306
664 2694 0 7306
665 2694 0 7306
666 2694 0 7306
667 2694 0 7306
668 2694 0 7306
669 2694 0 7306
670 2694 0 7306
671 2694 0 7306
672 2694 0 7306
673 2694 0 7306
674 2694 0 7306
675 2694 0 7306
676 2694 0 7306
677 2694 0 7306
678 2694 0 7306
679 2694 0 7306
680 2694 0 7306
681 2694 0 7306
682 2694 0 7306
683 2694 0 7306
684 2694 0 7306
685 2694 0 7306
686 2694 0 7306
687 2694 0 7306
688 2694 0 7306
689 2694 0 7306
690 2694 0 7306
691 2694 0 7306
692 2694 0 7306
693 2694 0 7306
694 2694 0 7306
695 2694 0 7306
696 2694 0 7306
697 2694 0 7306
698 2694 0 7306
699 2694 0 7306
700 2694 0 7306
701 2694 0 7306
702 2694 0 7306
703 2694 0 7306
704 2694 0 7306
705 2694 0 7306
706 2694 0 7306
707 2694 0 7306
708 2694 0 7306
709 2694 0 7306
710 2694 0 7306
711 2694 0 7306
712 2694 0 7306
713 2694 0 7306
714 2694 0 7306
715 2694 0 7306
716 2694 0 7306
717 2694 0 7306
718 2694 0 7306
719 2694 0 7306
720 2694 0 7306
721 2694 0 7306
722 2694 0 7306
723 2694 0 7306
724 2694 0 7306
725 2694 0 7306
726 2694 0 7306
727 2694 0 7306
728 2694 0 7306
729 2694 0 7306
730 2694 0 7306
731 2694 0 7306
732 2694 0 7306
733 2694 0 7306
734 2694 0 7306
735 2694 0 7306
736 2694 0 7306
737 2694 0 7306
738 2694 0 7306
739 2694 0 7306
740 2694 0 7306
741 2694 0 7306
742 2694 0 7306
743 2694 0 7306
744 2694 0 7306
745 2694 0 7306
746 2694 0 7306
747 2694 0 7306
748 2694 0 7306
749 2694 0 7306
750 2694 0 7306
751 2694 0 7306
752 2694 0 7306
753 2694 0 7306
754 2694 0 7306
755 2694 0 7306
756 2694 0 7306
757 2694 0 7306
758 2694 0 7306
759 2694 0 7306
760 2694 0 7306
761 2694 0 7306
762 2694 0 7306
763 2694 0 7306
764 2694 0 7306
765 2694 0 7306
766 2694 0 7306
767 2694 0 7306
768 2694 0 7306
769 2694 0 7306
770 2694 0 7306
771 2694 0 7306
772 2694 0 7306
773 2694 0 7306
774 2694 0 7306
775 2694 0 7306
776 2694 0 7306
777 2694 0 7306
778 2694 0 7306
779 2694 0 7306
780 2694 0 7306
781 2694 0 7306
782 2694 0 7306
783 2694 0 7306
784 2694 0 7306
785 2694 0 7306
786 2694 0 7306
787 2694 0 7306
788 2694 0 7306
789 2694 0 7306
790 2694 0 7306
791 2694 0 7306
792 2694 0 7306
793 2694 0 7306
794 2694 0 7306
795 2694 0 7306
796 2694 0 7306
797 2694 0 7306
798 2694 0 7306
799 2694 0 7306
800 2694 0 7306
801 2694 0 7306
802 2694 0 7306
803 2694 0 7306
804 2694 0 7306
805 2694 0 7306
806 2694 0 7306
807 2694 0 7306
808 2694 0 7306
809 2694 0 7306
810 2694 0 7306
811 2694 0 7306
812 2694 0 7306
813 2694 0 7306
814 2694 0 7306
815 2694 0 7306
816 2694 0 7306
817 2694 0 7306
818 2694 0 7306
819 2694 0 7306
820 2694 0 7306
821 2694 0 7306
822 2694 0 7306
823 2694 0 7306
824 2694 0 7306
825 2694 0 7306
826 2694 0 7306
827 2694 0 7306
828 2694 0 7306
829 2694 0 7306
830 2694 0 7306
831 2694 0 7306
832 2694 0 7306
833 2694 0 7306
834 2694 0 7306
835 2694 0 7306
836 2694 0 7306
837 2694 0 7306
838 2694 0 7306
839 2694 0 7306
840 2694 0 7306
841 2694 0 7306
842 2694 0 7306
843 2694 0 7306
844 2694 0 7306
845 2694 0 7306
846 2694 0 7306
847 2694 0 7306
848 2694 0 7306
849 2694 0 7306
850 2694 0 7306
851 2694 0 7306
852 2694 0 7306
853 2694 0 7306
854 2694 0 7306
855 2694 0 7306
856 2694 0 7306
857 2694 0 7306
858 2694 0 7306
859 2694 0 7306
860 2694 0 7306
861 2694 0 7306
862 2694 0 7306
863 2694 0 7306
864 2694 0 7306
865 2694 0 7306
866 2694 0 7306
867 2694 0 7306
868 2694 0 7306
869 2694 0 7306
870 2694 0 7306
871 2694 0 7306
872 2694 0 7306
873 2694 0 7306
874 2694 0 7306
875 2694 0 7306
876 2694 0 7306
877 2694 0 7306
878 2694 0 7306
879 2694 0 7306
880 2694 0 7306
881 2694 0 7306
882 2694 0 7306
883 2694 0 7306
884 2694 0 7306
885 2694 0 7306
886 2694 0 7306
887 2694 0 7306
888 2694 0 7306
889 2694 0 7306
890 2694 0 7306
891 2694 0 7306
892 2694 0 7306
893 2694 0 7306
894 2694 0 7306
895 2694 0 7306
896 2694 0 7306
897 2694 0 7306
898 2694 0 7306
899 2694 0 7306
900 2694 0 7306
901 2694 0 7306
902 2694 0 7306
903 2694 0 7306
904 2694 0 7306
905 2694 0 7306
906 2694 0 7306
907 2694 0 7306
908 2694 0 7306
909 2694 0 7306
910 2694 0 7306
911 2694 0 7306
912 2694 0 7306
913 2694 0 7306
914 2694 0 7306
915 2694 0 7306
916 2694 0 7306
917 2694 0 7306
918 2694 0 7306
919 2694 0 7306
920 2694 0 7306
921 2694 0 7306
922 2694 0 7306
923 2694 0 7306
924 2694 0 7306
925 2694 0 7306
926 2694 0 7306
927 2694 0 7306
928 2694 0 7306
929 2694 0 7306
930 2694 0 7306
931 2694 0 7306
932 2694 0 7306
933 2694 0 7306
934 2694 0 7306
935 2694 0 7306
936 2694 0 7306
937 2694 0 7306
938 2694 0 7306
939 2694 0 7306
940 2694 0 7306
941 2694 0 7306
942 2694 0 7306
943 2694 0 7306
944 2694 0 7306
945 2694 0 7306
946 2694 0 7306
947 2694 0 7306
948 2694 0 7306
949 2694 0 7306
950 2694 0 7306
951 2694 0 7306
952 2694 0 7306
953 2694 0 7306
954 2694 0 7306
955 2694 0 7306
956 2694 0 7306
957 2694 0 7306
958 2694 0 7306
959 2694 0 7306
960 2694 0 7306
961 2694 0 7306
962 2694 0 7306
963 2694 0 7306
964 2694 0 7306
965 2694 0 7306
966 2694 0 7306
967 2694 0 7306
968 2694 0 7306
969 2694 0 7306
970 2694 0 7306
971 2694 0 7306
972 2694 0 7306
973 2694 0 7306
974 2694 0 7306
975 2694 0 7306
976 2694 0 7306
977 2694 0 7306
978 2694 0 7306
979 2694 0 7306
980 2694 0 7306
981 2694 0 7306
982 2694 0 7306
983 2694 0 7306
984 2694 0 7306
985 2694 0 7306
986 2694 0 7306
987 2694 0 7306
988 2694 0 7306
989 2694 0 7306
990 2694 0 7306
991 2694 0 7306
992 2694 0 7306
993 2694 0 7306
994 2694 0 7306
995 2694 0 7306
996 2694 0 7306
997 2694 0 7306
998 2694 0 7306
999 2694 0 7306
