1 9.992200e-01 6.720000e-04 1.080000e-04
2 9.986320e-01 1.068000e-03 3.000000e-04
3 9.977440e-01 1.736000e-03 5.200000e-04
4 9.965520e-01 2.568000e-03 8.800000e-04
5 9.947960e-01 3.788000e-03 1.416000e-03
6 9.926600e-01 5.204000e-03 2.136000e-03
7 9.902320e-01 6.576000e-03 3.192000e-03
8 9.874680e-01 8.136000e-03 4.396000e-03
9 9.841960e-01 9.780000e-03 6.024000e-03
10 9.808760e-01 1.120800e-02 7.916000e-03
11 9.768160e-01 1.304000e-02 1.014400e-02
12 9.726000e-01 1.492000e-02 1.248000e-02
13 9.679680e-01 1.683200e-02 1.520000e-02
14 9.630400e-01 1.870800e-02 1.825200e-02
15 9.573600e-01 2.090000e-02 2.174000e-02
16 9.514680e-01 2.308400e-02 2.544800e-02
17 9.449480e-01 2.532400e-02 2.972800e-02
18 9.379680e-01 2.766400e-02 3.436800e-02
19 9.307160e-01 2.980400e-02 3.948000e-02
20 9.224760e-01 3.252800e-02 4.499600e-02
21 9.141320e-01 3.494000e-02 5.092800e-02
22 9.055080e-01 3.752800e-02 5.696400e-02
23 8.966440e-01 3.948800e-02 6.386800e-02
24 8.871600e-01 4.190000e-02 7.094000e-02
25 8.775560e-01 4.388400e-02 7.856000e-02
26 8.674280e-01 4.615200e-02 8.642000e-02
27 8.567080e-01 4.855200e-02 9.474000e-02
28 8.458160e-01 5.039200e-02 1.037920e-01
29 8.345000e-01 5.241600e-02 1.130840e-01
30 8.230520e-01 5.443200e-02 1.225160e-01
31 8.113280e-01 5.632800e-02 1.323440e-01
32 7.992760e-01 5.869600e-02 1.420280e-01
33 7.868960e-01 6.084400e-02 1.522600e-01
34 7.736720e-01 6.356400e-02 1.627640e-01
35 7.603440e-01 6.537600e-02 1.742800e-01
36 7.470560e-01 6.708000e-02 1.858640e-01
37 7.331480e-01 6.880800e-02 1.980440e-01
38 7.190680e-01 7.021200e-02 2.107200e-01
39 7.045800e-01 7.226400e-02 2.231560e-01
40 6.893560e-01 7.469600e-02 2.359480e-01
41 6.738920e-01 7.688800e-02 2.492200e-01
42 6.587160e-01 7.851600e-02 2.627680e-01
43 6.434200e-01 8.002800e-02 2.765520e-01
44 6.283040e-01 8.089600e-02 2.908000e-01
45 6.129920e-01 8.161600e-02 3.053920e-01
46 5.975960e-01 8.315200e-02 3.192520e-01
47 5.822920e-01 8.382000e-02 3.338880e-01
48 5.670240e-01 8.469600e-02 3.482800e-01
49 5.518120e-01 8.486400e-02 3.633240e-01
50 5.371040e-01 8.449200e-02 3.784040e-01
51 5.221880e-01 8.460400e-02 3.932080e-01
52 5.071480e-01 8.498400e-02 4.078680e-01
53 4.925840e-01 8.499600e-02 4.224200e-01
54 4.782920e-01 8.438000e-02 4.373280e-01
55 4.642640e-01 8.354000e-02 4.521960e-01
56 4.500440e-01 8.324800e-02 4.667080e-01
57 4.358000e-01 8.340000e-02 4.808000e-01
58 4.211920e-01 8.354800e-02 4.952600e-01
59 4.071400e-01 8.319600e-02 5.096640e-01
60 3.933960e-01 8.268400e-02 5.239200e-01
61 3.799120e-01 8.196400e-02 5.381240e-01
62 3.659800e-01 8.172800e-02 5.522920e-01
63 3.530200e-01 8.044800e-02 5.665320e-01
64 3.402480e-01 7.922000e-02 5.805320e-01
65 3.276360e-01 7.812800e-02 5.942360e-01
66 3.152440e-01 7.689600e-02 6.078600e-01
67 3.031680e-01 7.550800e-02 6.213240e-01
68 2.907040e-01 7.498000e-02 6.343160e-01
69 2.792240e-01 7.373600e-02 6.470400e-01
70 2.681480e-01 7.213200e-02 6.597200e-01
71 2.570800e-01 7.096800e-02 6.719520e-01
72 2.459800e-01 6.980800e-02 6.842120e-01
73 2.355000e-01 6.783200e-02 6.966680e-01
74 2.249600e-01 6.648800e-02 7.085520e-01
75 2.148600e-01 6.548400e-02 7.196560e-01
76 2.054320e-01 6.353600e-02 7.310320e-01
77 1.963880e-01 6.153600e-02 7.420760e-01
78 1.875600e-01 5.990000e-02 7.525400e-01
79 1.792280e-01 5.807200e-02 7.627000e-01
80 1.708840e-01 5.626000e-02 7.728560e-01
81 1.633080e-01 5.434800e-02 7.823440e-01
82 1.558760e-01 5.260000e-02 7.915240e-01
83 1.488440e-01 5.049200e-02 8.006640e-01
84 1.421400e-01 4.862000e-02 8.092400e-01
85 1.355200e-01 4.656400e-02 8.179160e-01
86 1.292960e-01 4.527200e-02 8.254320e-01
87 1.228280e-01 4.396400e-02 8.332080e-01
88 1.169680e-01 4.233600e-02 8.406960e-01
89 1.114080e-01 4.042000e-02 8.481720e-01
90 1.060480e-01 3.864800e-02 8.553040e-01
91 1.006440e-01 3.755200e-02 8.618040e-01
92 9.531600e-02 3.655600e-02 8.681280e-01
93 9.054400e-02 3.522400e-02 8.742320e-01
94 8.611200e-02 3.382400e-02 8.800640e-01
95 8.160800e-02 3.240400e-02 8.859880e-01
96 7.699600e-02 3.124400e-02 8.917600e-01
97 7.278400e-02 3.032400e-02 8.968920e-01
98 6.858800e-02 2.939600e-02 9.020160e-01
99 6.478400e-02 2.816800e-02 9.070480e-01
100 6.119200e-02 2.686800e-02 9.119400e-01
101 5.772000e-02 2.574800e-02 9.165320e-01
102 5.454800e-02 2.446400e-02 9.209880e-01
103 5.141200e-02 2.349200e-02 9.250960e-01
104 4.862000e-02 2.225600e-02 9.291240e-01
105 4.611200e-02 2.106800e-02 9.328200e-01
106 4.374400e-02 1.984800e-02 9.364080e-01
107 4.174800e-02 1.844000e-02 9.398120e-01
108 3.995200e-02 1.712800e-02 9.429200e-01
109 3.832800e-02 1.580800e-02 9.458640e-01
110 3.674400e-02 1.493600e-02 9.483200e-01
111 3.552800e-02 1.365600e-02 9.508160e-01
112 3.436000e-02 1.243600e-02 9.532040e-01
113 3.330400e-02 1.134000e-02 9.553560e-01
114 3.245600e-02 1.034000e-02 9.572040e-01
115 3.157200e-02 9.244000e-03 9.591840e-01
116 3.090400e-02 8.424000e-03 9.606720e-01
117 3.040800e-02 7.544000e-03 9.620480e-01
118 2.993200e-02 6.728000e-03 9.633400e-01
119 2.949600e-02 6.012000e-03 9.644920e-01
120 2.914800e-02 5.436000e-03 9.654160e-01
121 2.884400e-02 4.960000e-03 9.661960e-01
122 2.858400e-02 4.488000e-03 9.669280e-01
123 2.840000e-02 4.024000e-03 9.675760e-01
124 2.825200e-02 3.524000e-03 9.682240e-01
125 2.812000e-02 3.084000e-03 9.687960e-01
126 2.799600e-02 2.744000e-03 9.692600e-01
127 2.788400e-02 2.428000e-03 9.696880e-01
128 2.778800e-02 2.112000e-03 9.701000e-01
129 2.770800e-02 1.832000e-03 9.704600e-01
130 2.768800e-02 1.580000e-03 9.707320e-01
131 2.763200e-02 1.400000e-03 9.709680e-01
132 2.757200e-02 1.216000e-03 9.712120e-01
133 2.754400e-02 1.060000e-03 9.713960e-01
134 2.753200e-02 9.160000e-04 9.715520e-01
135 2.751200e-02 7.840000e-04 9.717040e-01
136 2.748000e-02 7.040000e-04 9.718160e-01
137 2.744800e-02 6.240000e-04 9.719280e-01
138 2.742000e-02 5.360000e-04 9.720440e-01
139 2.741200e-02 4.440000e-04 9.721440e-01
140 2.740000e-02 3.920000e-04 9.722080e-01
141 2.739200e-02 3.200000e-04 9.722880e-01
142 2.739200e-02 2.600000e-04 9.723480e-01
143 2.738800e-02 2.280000e-04 9.723840e-01
144 2.738800e-02 1.960000e-04 9.724160e-01
145 2.738800e-02 1.640000e-04 9.724480e-01
146 2.738800e-02 1.400000e-04 9.724720e-01
147 2.738800e-02 1.280000e-04 9.724840e-01
148 2.738800e-02 1.240000e-04 9.724880e-01
149 2.738400e-02 1.160000e-04 9.725000e-01
150 2.738400e-02 1.040000e-04 9.725120e-01
151 2.738000e-02 1.000000e-04 9.725200e-01
152 2.738000e-02 9.200000e-05 9.725280e-01
153 2.738000e-02 7.600000e-05 9.725440e-01
154 2.737600e-02 6.800000e-05 9.725560e-01
155 2.737200e-02 4.800000e-05 9.725800e-01
156 2.736800e-02 5.200000e-05 9.725800e-01
157 2.736800e-02 3.200000e-05 9.726000e-01
158 2.736800e-02 2.800000e-05 9.726040e-01
159 2.736800e-02 1.600000e-05 9.726160e-01
160 2.736800e-02 8.000000e-06 9.726240e-01
161 2.736800e-02 8.000000e-06 9.726240e-01
162 2.736800e-02 8.000000e-06 9.726240e-01
163 2.736800e-02 8.000000e-06 9.726240e-01
164 2.736800e-02 8.000000e-06 9.726240e-01
165 2.736800e-02 8.000000e-06 9.726240e-01
166 2.736800e-02 8.000000e-06 9.726240e-01
167 2.736800e-02 4.000000e-06 9.726280e-01
168 2.736800e-02 4.000000e-06 9.726280e-01
169 2.736800e-02 4.000000e-06 9.726280e-01
170 2.736800e-02 4.000000e-06 9.726280e-01
171 2.736800e-02 0.000000e+00 9.726320e-01
172 2.736800e-02 0.000000e+00 9.726320e-01
173 2.736800e-02 0.000000e+00 9.726320e-01
174 2.736800e-02 0.000000e+00 9.726320e-01
175 2.736800e-02 0.000000e+00 9.726320e-01
176 2.736800e-02 0.000000e+00 9.726320e-01
177 2.736800e-02 0.000000e+00 9.726320e-01
178 2.736800e-02 0.000000e+00 9.726320e-01
179 2.736800e-02 0.000000e+00 9.726320e-01
180 2.736800e-02 0.000000e+00 9.726320e-01
181 2.736800e-02 0.000000e+00 9.726320e-01
182 2.736800e-02 0.000000e+00 9.726320e-01
183 2.736800e-02 0.000000e+00 9.726320e-01
184 2.736800e-02 0.000000e+00 9.726320e-01
185 2.736800e-02 0.000000e+00 9.726320e-01
186 2.736800e-02 0.000000e+00 9.726320e-01
187 2.736800e-02 0.000000e+00 9.726320e-01
188 2.736800e-02 0.000000e+00 9.726320e-01
189 2.736800e-02 0.000000e+00 9.726320e-01
190 2.736800e-02 0.000000e+00 9.726320e-01
191 2.736800e-02 0.000000e+00 9.726320e-01
192 2.736800e-02 0.000000e+00 9.726320e-01
193 2.736800e-02 0.000000e+00 9.726320e-01
194 2.736800e-02 0.000000e+00 9.726320e-01
195 2.736800e-02 0.000000e+00 9.726320e-01
196 2.736800e-02 0.000000e+00 9.726320e-01
197 2.736800e-02 0.000000e+00 9.726320e-01
198 2.736800e-02 0.000000e+00 9.726320e-01
199 2.736800e-02 0.000000e+00 9.726320e-01
200 2.736800e-02 0.000000e+00 9.726320e-01
201 2.736800e-02 0.000000e+00 9.726320e-01
202 2.736800e-02 0.000000e+00 9.726320e-01
203 2.736800e-02 0.000000e+00 9.726320e-01
204 2.736800e-02 0.000000e+00 9.726320e-01
205 2.736800e-02 0.000000e+00 9.726320e-01
206 2.736800e-02 0.000000e+00 9.726320e-01
207 2.736800e-02 0.000000e+00 9.726320e-01
208 2.736800e-02 0.000000e+00 9.726320e-01
209 2.736800e-02 0.000000e+00 9.726320e-01
210 2.736800e-02 0.000000e+00 9.726320e-01
211 2.736800e-02 0.000000e+00 9.726320e-01
212 2.736800e-02 0.000000e+00 9.726320e-01
213 2.736800e-02 0.000000e+00 9.726320e-01
214 2.736800e-02 0.000000e+00 9.726320e-01
215 2.736800e-02 0.000000e+00 9.726320e-01
216 2.736800e-02 0.000000e+00 9.726320e-01
217 2.736800e-02 0.000000e+00 9.726320e-01
218 2.736800e-02 0.000000e+00 9.726320e-01
219 2.736800e-02 0.000000e+00 9.726320e-01
220 2.736800e-02 0.000000e+00 9.726320e-01
221 2.736800e-02 0.000000e+00 9.726320e-01
222 2.736800e-02 0.000000e+00 9.726320e-01
223 2.736800e-02 0.000000e+00 9.726320e-01
224 2.736800e-02 0.000000e+00 9.726320e-01
225 2.736800e-02 0.000000e+00 9.726320e-01
226 2.736800e-02 0.000000e+00 9.726320e-01
227 2.736800e-02 0.000000e+00 9.726320e-01
228 2.736800e-02 0.000000e+00 9.726320e-01
229 2.736800e-02 0.000000e+00 9.726320e-01
230 2.736800e-02 0.000000e+00 9.726320e-01
231 2.736800e-02 0.000000e+00 9.726320e-01
232 2.736800e-02 0.000000e+00 9.726320e-01
233 2.736800e-02 0.000000e+00 9.726320e-01
234 2.736800e-02 0.000000e+00 9.726320e-01
235 2.736800e-02 0.000000e+00 9.726320e-01
236 2.736800e-02 0.000000e+00 9.726320e-01
237 2.736800e-02 0.000000e+00 9.726320e-01
238 2.736800e-02 0.000000e+00 9.726320e-01
239 2.736800e-02 0.000000e+00 9.726320e-01
240 2.736800e-02 0.000000e+00 9.726320e-01
241 2.736800e-02 0.000000e+00 9.726320e-01
242 2.736800e-02 0.000000e+00 9.726320e-01
243 2.736800e-02 0.000000e+00 9.726320e-01
244 2.736800e-02 0.000000e+00 9.726320e-01
245 2.736800e-02 0.000000e+00 9.726320e-01
246 2.736800e-02 0.000000e+00 9.726320e-01
247 2.736800e-02 0.000000e+00 9.726320e-01
248 2.736800e-02 0.000000e+00 9.726320e-01
249 2.736800e-02 0.000000e+00 9.726320e-01
250 2.736800e-02 0.000000e+00 9.726320e-01
251 2.736800e-02 0.000000e+00 9.726320e-01
252 2.736800e-02 0.000000e+00 9.726320e-01
253 2.736800e-02 0.000000e+00 9.726320e-01
254 2.736800e-02 0.000000e+00 9.726320e-01
255 2.736800e-02 0.000000e+00 9.726320e-01
256 2.736800e-02 0.000000e+00 9.726320e-01
257 2.736800e-02 0.000000e+00 9.726320e-01
258 2.736800e-02 0.000000e+00 9.726320e-01
259 2.736800e-02 0.000000e+00 9.726320e-01
260 2.736800e-02 0.000000e+00 9.726320e-01
261 2.736800e-02 0.000000e+00 9.726320e-01
262 2.736800e-02 0.000000e+00 9.726320e-01
263 2.736800e-02 0.000000e+00 9.726320e-01
264 2.736800e-02 0.000000e+00 9.726320e-01
265 2.736800e-02 0.000000e+00 9.726320e-01
266 2.736800e-02 0.000000e+00 9.726320e-01
267 2.736800e-02 0.000000e+00 9.726320e-01
268 2.736800e-02 0.000000e+00 9.726320e-01
269 2.736800e-02 0.000000e+00 9.726320e-01
270 2.736800e-02 0.000000e+00 9.726320e-01
271 2.736800e-02 0.000000e+00 9.726320e-01
272 2.736800e-02 0.000000e+00 9.726320e-01
273 2.736800e-02 0.000000e+00 9.726320e-01
274 2.736800e-02 0.000000e+00 9.726320e-01
275 2.736800e-02 0.000000e+00 9.726320e-01
276 2.736800e-02 0.000000e+00 9.726320e-01
277 2.736800e-02 0.000000e+00 9.726320e-01
278 2.736800e-02 0.000000e+00 9.726320e-01
279 2.736800e-02 0.000000e+00 9.726320e-01
280 2.736800e-02 0.000000e+00 9.726320e-01
281 2.736800e-02 0.000000e+00 9.726320e-01
282 2.736800e-02 0.000000e+00 9.726320e-01
283 2.736800e-02 0.000000e+00 9.726320e-01
284 2.736800e-02 0.000000e+00 9.726320e-01
285 2.736800e-02 0.000000e+00 9.726320e-01
286 2.736800e-02 0.000000e+00 9.726320e-01
287 2.736800e-02 0.000000e+00 9.726320e-01
288 2.736800e-02 0.000000e+00 9.726320e-01
289 2.736800e-02 0.000000e+00 9.726320e-01
290 2.736800e-02 0.000000e+00 9.726320e-01
291 2.736800e-02 0.000000e+00 9.726320e-01
292 2.736800e-02 0.000000e+00 9.726320e-01
293 2.736800e-02 0.000000e+00 9.726320e-01
294 2.736800e-02 0.000000e+00 9.726320e-01
295 2.736800e-02 0.000000e+00 9.726320e-01
296 2.736800e-02 0.000000e+00 9.726320e-01
297 2.736800e-02 0.000000e+00 9.726320e-01
298 2.736800e-02 0.000000e+00 9.726320e-01
299 2.736800e-02 0.000000e+00 9.726320e-01
300 2.736800e-02 0.000000e+00 9.726320e-01
301 2.736800e-02 0.000000e+00 9.726320e-01
302 2.736800e-02 0.000000e+00 9.726320e-01
303 2.736800e-02 0.000000e+00 9.726320e-01
304 2.736800e-02 0.000000e+00 9.726320e-01
305 2.736800e-02 0.000000e+00 9.726320e-01
306 2.736800e-02 0.000000e+00 9.726320e-01
307 2.736800e-02 0.000000e+00 9.726320e-01
308 2.736800e-02 0.000000e+00 9.726320e-01
309 2.736800e-02 0.000000e+00 9.726320e-01
310 2.736800e-02 0.000000e+00 9.726320e-01
311 2.736800e-02 0.000000e+00 9.726320e-01
312 2.736800e-02 0.000000e+00 9.726320e-01
313 2.736800e-02 0.000000e+00 9.726320e-01
314 2.736800e-02 0.000000e+00 9.726320e-01
315 2.736800e-02 0.000000e+00 9.726320e-01
316 2.736800e-02 0.000000e+00 9.726320e-01
317 2.736800e-02 0.000000e+00 9.726320e-01
318 2.736800e-02 0.000000e+00 9.726320e-01
319 2.736800e-02 0.000000e+00 9.726320e-01
320 2.736800e-02 0.000000e+00 9.726320e-01
321 2.736800e-02 0.000000e+00 9.726320e-01
322 2.736800e-02 0.000000e+00 9.726320e-01
323 2.736800e-02 0.000000e+00 9.726320e-01
324 2.736800e-02 0.000000e+00 9.726320e-01
325 2.736800e-02 0.000000e+00 9.726320e-01
326 2.736800e-02 0.000000e+00 9.726320e-01
327 2.736800e-02 0.000000e+00 9.726320e-01
328 2.736800e-02 0.000000e+00 9.726320e-01
329 2.736800e-02 0.000000e+00 9.726320e-01
330 2.736800e-02 0.000000e+00 9.726320e-01
331 2.736800e-02 0.000000e+00 9.726320e-01
332 2.736800e-02 0.000000e+00 9.726320e-01
333 2.736800e-02 0.000000e+00 9.726320e-01
334 2.736800e-02 0.000000e+00 9.726320e-01
335 2.736800e-02 0.000000e+00 9.726320e-01
336 2.736800e-02 0.000000e+00 9.726320e-01
337 2.736800e-02 0.000000e+00 9.726320e-01
338 2.736800e-02 0.000000e+00 9.726320e-01
339 2.736800e-02 0.000000e+00 9.726320e-01
340 2.736800e-02 0.000000e+00 9.726320e-01
341 2.736800e-02 0.000000e+00 9.726320e-01
342 2.736800e-02 0.000000e+00 9.726320e-01
343 2.736800e-02 0.000000e+00 9.726320e-01
344 2.736800e-02 0.000000e+00 9.726320e-01
345 2.736800e-02 0.000000e+00 9.726320e-01
346 2.736800e-02 0.000000e+00 9.726320e-01
347 2.736800e-02 0.000000e+00 9.726320e-01
348 2.736800e-02 0.000000e+00 9.726320e-01
349 2.736800e-02 0.000000e+00 9.726320e-01
350 2.736800e-02 0.000000e+00 9.726320e-01
351 2.736800e-02 0.000000e+00 9.726320e-01
352 2.736800e-02 0.000000e+00 9.726320e-01
353 2.736800e-02 0.000000e+00 9.726320e-01
354 2.736800e-02 0.000000e+00 9.726320e-01
355 2.736800e-02 0.000000e+00 9.726320e-01
356 2.736800e-02 0.000000e+00 9.726320e-01
357 2.736800e-02 0.000000e+00 9.726320e-01
358 2.736800e-02 0.000000e+00 9.726320e-01
359 2.736800e-02 0.000000e+00 9.726320e-01
360 2.736800e-02 0.000000e+00 9.726320e-01
361 2.736800e-02 0.000000e+00 9.726320e-01
362 2.736800e-02 0.000000e+00 9.726320e-01
363 2.736800e-02 0.000000e+00 9.726320e-01
364 2.736800e-02 0.000000e+00 9.726320e-01
365 2.736800e-02 0.000000e+00 9.726320e-01
366 2.736800e-02 0.000000e+00 9.726320e-01
367 2.736800e-02 0.000000e+00 9.726320e-01
368 2.736800e-02 0.000000e+00 9.726320e-01
369 2.736800e-02 0.000000e+00 9.726320e-01
370 2.736800e-02 0.000000e+00 9.726320e-01
371 2.736800e-02 0.000000e+00 9.726320e-01
372 2.736800e-02 0.000000e+00 9.726320e-01
373 2.736800e-02 0.000000e+00 9.726320e-01
374 2.736800e-02 0.000000e+00 9.726320e-01
375 2.736800e-02 0.000000e+00 9.726320e-01
376 2.736800e-02 0.000000e+00 9.726320e-01
377 2.736800e-02 0.000000e+00 9.726320e-01
378 2.736800e-02 0.000000e+00 9.726320e-01
379 2.736800e-02 0.000000e+00 9.726320e-01
380 2.736800e-02 0.000000e+00 9.726320e-01
381 2.736800e-02 0.000000e+00 9.726320e-01
382 2.736800e-02 0.000000e+00 9.726320e-01
383 2.736800e-02 0.000000e+00 9.726320e-01
384 2.736800e-02 0.000000e+00 9.726320e-01
385 2.736800e-02 0.000000e+00 9.726320e-01
386 2.736800e-02 0.000000e+00 9.726320e-01
387 2.736800e-02 0.000000e+00 9.726320e-01
388 2.736800e-02 0.000000e+00 9.726320e-01
389 2.736800e-02 0.000000e+00 9.726320e-01
390 2.736800e-02 0.000000e+00 9.726320e-01
391 2.736800e-02 0.000000e+00 9.726320e-01
392 2.736800e-02 0.000000e+00 9.726320e-01
393 2.736800e-02 0.000000e+00 9.726320e-01
394 2.736800e-02 0.000000e+00 9.726320e-01
395 2.736800e-02 0.000000e+00 9.726320e-01
396 2.736800e-02 0.000000e+00 9.726320e-01
397 2.736800e-02 0.000000e+00 9.726320e-01
398 2.736800e-02 0.000000e+00 9.726320e-01
399 2.736800e-02 0.000000e+00 9.726320e-01
400 2.736800e-02 0.000000e+00 9.726320e-01
401 2.736800e-02 0.000000e+00 9.726320e-01
402 2.736800e-02 0.000000e+00 9.726320e-01
403 2.736800e-02 0.000000e+00 9.726320e-01
404 2.736800e-02 0.000000e+00 9.726320e-01
405 2.736800e-02 0.000000e+00 9.726320e-01
406 2.736800e-02 0.000000e+00 9.726320e-01
407 2.736800e-02 0.000000e+00 9.726320e-01
408 2.736800e-02 0.000000e+00 9.726320e-01
409 2.736800e-02 0.000000e+00 9.726320e-01
410 2.736800e-02 0.000000e+00 9.726320e-01
411 2.736800e-02 0.000000e+00 9.726320e-01
412 2.736800e-02 0.000000e+00 9.726320e-01
413 2.736800e-02 0.000000e+00 9.726320e-01
414 2.736800e-02 0.000000e+00 9.726320e-01
415 2.736800e-02 0.000000e+00 9.726320e-01
416 2.736800e-02 0.000000e+00 9.726320e-01
417 2.736800e-02 0.000000e+00 9.726320e-01
418 2.736800e-02 0.000000e+00 9.726320e-01
419 2.736800e-02 0.000000e+00 9.726320e-01
420 2.736800e-02 0.000000e+00 9.726320e-01
421 2.736800e-02 0.000000e+00 9.726320e-01
422 2.736800e-02 0.000000e+00 9.726320e-01
423 2.736800e-02 0.000000e+00 9.726320e-01
424 2.736800e-02 0.000000e+00 9.726320e-01
425 2.736800e-02 0.000000e+00 9.726320e-01
426 2.736800e-02 0.000000e+00 9.726320e-01
427 2.736800e-02 0.000000e+00 9.726320e-01
428 2.736800e-02 0.000000e+00 9.726320e-01
429 2.736800e-02 0.000000e+00 9.726320e-01
430 2.736800e-02 0.000000e+00 9.726320e-01
431 2.736800e-02 0.000000e+00 9.726320e-01
432 2.736800e-02 0.000000e+00 9.726320e-01
433 2.736800e-02 0.000000e+00 9.726320e-01
434 2.736800e-02 0.000000e+00 9.726320e-01
435 2.736800e-02 0.000000e+00 9.726320e-01
436 2.736800e-02 0.000000e+00 9.726320e-01
437 2.736800e-02 0.000000e+00 9.726320e-01
438 2.736800e-02 0.000000e+00 9.726320e-01
439 2.736800e-02 0.000000e+00 9.726320e-01
440 2.736800e-02 0.000000e+00 9.726320e-01
441 2.736800e-02 0.000000e+00 9.726320e-01
442 2.736800e-02 0.000000e+00 9.726320e-01
443 2.736800e-02 0.000000e+00 9.726320e-01
444 2.736800e-02 0.000000e+00 9.726320e-01
445 2.736800e-02 0.000000e+00 9.726320e-01
446 2.736800e-02 0.000000e+00 9.726320e-01
447 2.736800e-02 0.000000e+00 9.726320e-01
448 2.736800e-02 0.000000e+00 9.726320e-01
449 2.736800e-02 0.000000e+00 9.726320e-01
450 2.736800e-02 0.000000e+00 9.726320e-01
451 2.736800e-02 0.000000e+00 9.726320e-01
452 2.736800e-02 0.000000e+00 9.726320e-01
453 2.736800e-02 0.000000e+00 9.726320e-01
454 2.736800e-02 0.000000e+00 9.726320e-01
455 2.736800e-02 0.000000e+00 9.726320e-01
456 2.736800e-02 0.000000e+00 9.726320e-01
457 2.736800e-02 0.000000e+00 9.726320e-01
458 2.736800e-02 0.000000e+00 9.726320e-01
459 2.736800e-02 0.000000e+00 9.726320e-01
460 2.736800e-02 0.000000e+00 9.726320e-01
461 2.736800e-02 0.000000e+00 9.726320e-01
462 2.736800e-02 0.000000e+00 9.726320e-01
463 2.736800e-02 0.000000e+00 9.726320e-01
464 2.736800e-02 0.000000e+00 9.726320e-01
465 2.736800e-02 0.000000e+00 9.726320e-01
466 2.736800e-02 0.000000e+00 9.726320e-01
467 2.736800e-02 0.000000e+00 9.726320e-01
468 2.736800e-02 0.000000e+00 9.726320e-01
469 2.736800e-02 0.000000e+00 9.726320e-01
470 2.736800e-02 0.000000e+00 9.726320e-01
471 2.736800e-02 0.000000e+00 9.726320e-01
472 2.736800e-02 0.000000e+00 9.726320e-01
473 2.736800e-02 0.000000e+00 9.726320e-01
474 2.736800e-02 0.000000e+00 9.726320e-01
475 2.736800e-02 0.000000e+00 9.726320e-01
476 2.736800e-02 0.000000e+00 9.726320e-01
477 2.736800e-02 0.000000e+00 9.726320e-01
478 2.736800e-02 0.000000e+00 9.726320e-01
479 2.736800e-02 0.000000e+00 9.726320e-01
480 2.736800e-02 0.000000e+00 9.726320e-01
481 2.736800e-02 0.000000e+00 9.726320e-01
482 2.736800e-02 0.000000e+00 9.726320e-01
483 2.736800e-02 0.000000e+00 9.726320e-01
484 2.736800e-02 0.000000e+00 9.726320e-01
485 2.736800e-02 0.000000e+00 9.726320e-01
486 2.736800e-02 0.000000e+00 9.726320e-01
487 2.736800e-02 0.000000e+00 9.726320e-01
488 2.736800e-02 0.000000e+00 9.726320e-01
489 2.736800e-02 0.000000e+00 9.726320e-01
490 2.736800e-02 0.000000e+00 9.726320e-01
491 2.736800e-02 0.000000e+00 9.726320e-01
492 2.736800e-02 0.000000e+00 9.726320e-01
493 2.736800e-02 0.000000e+00 9.726320e-01
494 2.736800e-02 0.000000e+00 9.726320e-01
495 2.736800e-02 0.000000e+00 9.726320e-01
496 2.736800e-02 0.000000e+00 9.726320e-01
497 2.736800e-02 0.000000e+00 9.726320e-01
498 2.736800e-02 0.000000e+00 9.726320e-01
499 2.736800e-02 0.000000e+00 9.726320e-01
500 2.736800e-02 0.000000e+00 9.726320e-01
