1 9.991760e-01 7.280000e-04 9.600000e-05
2 9.984680e-01 1.212000e-03 3.200000e-04
3 9.975400e-01 1.820000e-03 6.400000e-04
4 9.963080e-01 2.676000e-03 1.016000e-03
5 9.947400e-01 3.724000e-03 1.536000e-03
6 9.928120e-01 4.880000e-03 2.308000e-03
7 9.905280e-01 6.084000e-03 3.388000e-03
8 9.881000e-01 7.420000e-03 4.480000e-03
9 9.851000e-01 8.872000e-03 6.028000e-03
10 9.817080e-01 1.060800e-02 7.684000e-03
11 9.778560e-01 1.243600e-02 9.708000e-03
12 9.735520e-01 1.448800e-02 1.196000e-02
13 9.690880e-01 1.612000e-02 1.479200e-02
14 9.642400e-01 1.800400e-02 1.775600e-02
15 9.589040e-01 2.007200e-02 2.102400e-02
16 9.531040e-01 2.216400e-02 2.473200e-02
17 9.469640e-01 2.431600e-02 2.872000e-02
18 9.404960e-01 2.634000e-02 3.316400e-02
19 9.337040e-01 2.820400e-02 3.809200e-02
20 9.263640e-01 3.026400e-02 4.337200e-02
21 9.185400e-01 3.242000e-02 4.904000e-02
22 9.103360e-01 3.466400e-02 5.500000e-02
23 9.015160e-01 3.732400e-02 6.116000e-02
24 8.925920e-01 3.934400e-02 6.806400e-02
25 8.830400e-01 4.158800e-02 7.537200e-02
26 8.732480e-01 4.363200e-02 8.312000e-02
27 8.633800e-01 4.559600e-02 9.102400e-02
28 8.526360e-01 4.815600e-02 9.920800e-02
29 8.417000e-01 5.088000e-02 1.074200e-01
30 8.305800e-01 5.261200e-02 1.168080e-01
31 8.191120e-01 5.485200e-02 1.260360e-01
32 8.077360e-01 5.665600e-02 1.356080e-01
33 7.957640e-01 5.862800e-02 1.456080e-01
34 7.836400e-01 6.048800e-02 1.558720e-01
35 7.711640e-01 6.242400e-02 1.664120e-01
36 7.584280e-01 6.364000e-02 1.779320e-01
37 7.453360e-01 6.586400e-02 1.888000e-01
38 7.323720e-01 6.756400e-02 2.000640e-01
39 7.188240e-01 6.913600e-02 2.120400e-01
40 7.056680e-01 6.988000e-02 2.244520e-01
41 6.915680e-01 7.152400e-02 2.369080e-01
42 6.778760e-01 7.290000e-02 2.492240e-01
43 6.636680e-01 7.416400e-02 2.621680e-01
44 6.498200e-01 7.498000e-02 2.752000e-01
45 6.354000e-01 7.652000e-02 2.880800e-01
46 6.208800e-01 7.754400e-02 3.015760e-01
47 6.061280e-01 7.853600e-02 3.153360e-01
48 5.917280e-01 7.928000e-02 3.289920e-01
49 5.766000e-01 8.061200e-02 3.427880e-01
50 5.620640e-01 8.111200e-02 3.568240e-01
51 5.472520e-01 8.190400e-02 3.708440e-01
52 5.328800e-01 8.174800e-02 3.853720e-01
53 5.186280e-01 8.167600e-02 3.996960e-01
54 5.047760e-01 8.133200e-02 4.138920e-01
55 4.912720e-01 8.077600e-02 4.279520e-01
56 4.778320e-01 7.988800e-02 4.422800e-01
57 4.650720e-01 7.845600e-02 4.564720e-01
58 4.522000e-01 7.754400e-02 4.702560e-01
59 4.399960e-01 7.572800e-02 4.842760e-01
60 4.278040e-01 7.468800e-02 4.975080e-01
61 4.156560e-01 7.414000e-02 5.102040e-01
62 4.039480e-01 7.302800e-02 5.230240e-01
63 3.925320e-01 7.173200e-02 5.357360e-01
64 3.816760e-01 7.028800e-02 5.480360e-01
65 3.709880e-01 6.867600e-02 5.603360e-01
66 3.599920e-01 6.788000e-02 5.721280e-01
67 3.492640e-01 6.671600e-02 5.840200e-01
68 3.380040e-01 6.652800e-02 5.954680e-01
69 3.272680e-01 6.522400e-02 6.075080e-01
70 3.170440e-01 6.414000e-02 6.188160e-01
71 3.070520e-01 6.312000e-02 6.298280e-01
72 2.968800e-01 6.227600e-02 6.408440e-01
73 2.869880e-01 6.128000e-02 6.517320e-01
74 2.776840e-01 6.011200e-02 6.622040e-01
75 2.683240e-01 5.913600e-02 6.725400e-01
76 2.595280e-01 5.786400e-02 6.826080e-01
77 2.509640e-01 5.646000e-02 6.925760e-01
78 2.424440e-01 5.512000e-02 7.024360e-01
79 2.342080e-01 5.374400e-02 7.120480e-01
80 2.259600e-01 5.253200e-02 7.215080e-01
81 2.184920e-01 5.097200e-02 7.305360e-01
82 2.110840e-01 4.974000e-02 7.391760e-01
83 2.041560e-01 4.816400e-02 7.476800e-01
84 1.971480e-01 4.686400e-02 7.559880e-01
85 1.904280e-01 4.547600e-02 7.640960e-01
86 1.835640e-01 4.462800e-02 7.718080e-01
87 1.770440e-01 4.382400e-02 7.791320e-01
88 1.705040e-01 4.274400e-02 7.867520e-01
89 1.645280e-01 4.110800e-02 7.943640e-01
90 1.583440e-01 4.005600e-02 8.016000e-01
91 1.525320e-01 3.888800e-02 8.085800e-01
92 1.469960e-01 3.770000e-02 8.153040e-01
93 1.418040e-01 3.636000e-02 8.218360e-01
94 1.366760e-01 3.508800e-02 8.282360e-01
95 1.318800e-01 3.402800e-02 8.340920e-01
96 1.273320e-01 3.268000e-02 8.399880e-01
97 1.227520e-01 3.171200e-02 8.455360e-01
98 1.183280e-01 3.069600e-02 8.509760e-01
99 1.141600e-01 2.934000e-02 8.565000e-01
100 1.097520e-01 2.866000e-02 8.615880e-01
101 1.054560e-01 2.803200e-02 8.665120e-01
102 1.014480e-01 2.709600e-02 8.714560e-01
103 9.752400e-02 2.633600e-02 8.761400e-01
104 9.392400e-02 2.547600e-02 8.806000e-01
105 9.012800e-02 2.478000e-02 8.850920e-01
106 8.690400e-02 2.364400e-02 8.894520e-01
107 8.350800e-02 2.290000e-02 8.935920e-01
108 8.041200e-02 2.214400e-02 8.974440e-01
109 7.730400e-02 2.142000e-02 9.012760e-01
110 7.408000e-02 2.103200e-02 9.048880e-01
111 7.123600e-02 2.035200e-02 9.084120e-01
112 6.824400e-02 1.980400e-02 9.119520e-01
113 6.535200e-02 1.926400e-02 9.153840e-01
114 6.277600e-02 1.853600e-02 9.186880e-01
115 6.028400e-02 1.784400e-02 9.218720e-01
116 5.784800e-02 1.718800e-02 9.249640e-01
117 5.552000e-02 1.649200e-02 9.279880e-01
118 5.328800e-02 1.582800e-02 9.308840e-01
119 5.091600e-02 1.558000e-02 9.335040e-01
120 4.876800e-02 1.507600e-02 9.361560e-01
121 4.674400e-02 1.441600e-02 9.388400e-01
122 4.490000e-02 1.374000e-02 9.413600e-01
123 4.310800e-02 1.316000e-02 9.437320e-01
124 4.146000e-02 1.258000e-02 9.459600e-01
125 3.990800e-02 1.210400e-02 9.479880e-01
126 3.864000e-02 1.144400e-02 9.499160e-01
127 3.724400e-02 1.096400e-02 9.517920e-01
128 3.615200e-02 1.003200e-02 9.538160e-01
129 3.512000e-02 9.428000e-03 9.554520e-01
130 3.423600e-02 8.776000e-03 9.569880e-01
131 3.346000e-02 8.112000e-03 9.584280e-01
132 3.280400e-02 7.484000e-03 9.597120e-01
133 3.214800e-02 6.880000e-03 9.609720e-01
134 3.158000e-02 6.360000e-03 9.620600e-01
135 3.116000e-02 5.696000e-03 9.631440e-01
136 3.080000e-02 5.168000e-03 9.640320e-01
137 3.043200e-02 4.640000e-03 9.649280e-01
138 3.019600e-02 4.068000e-03 9.657360e-01
139 2.990800e-02 3.784000e-03 9.663080e-01
140 2.962800e-02 3.480000e-03 9.668920e-01
141 2.934800e-02 3.080000e-03 9.675720e-01
142 2.916000e-02 2.760000e-03 9.680800e-01
143 2.901200e-02 2.364000e-03 9.686240e-01
144 2.888800e-02 2.088000e-03 9.690240e-01
145 2.879600e-02 1.880000e-03 9.693240e-01
146 2.866000e-02 1.752000e-03 9.695880e-01
147 2.857600e-02 1.536000e-03 9.698880e-01
148 2.848400e-02 1.388000e-03 9.701280e-01
149 2.842000e-02 1.240000e-03 9.703400e-01
150 2.840000e-02 1.084000e-03 9.705160e-01
151 2.836400e-02 9.600000e-04 9.706760e-01
152 2.833600e-02 8.000000e-04 9.708640e-01
153 2.831200e-02 6.880000e-04 9.710000e-01
154 2.829200e-02 6.040000e-04 9.711040e-01
155 2.828400e-02 4.800000e-04 9.712360e-01
156 2.827200e-02 4.160000e-04 9.713120e-01
157 2.826800e-02 3.480000e-04 9.713840e-01
158 2.826000e-02 3.120000e-04 9.714280e-01
159 2.824000e-02 2.800000e-04 9.714800e-01
160 2.823600e-02 2.360000e-04 9.715280e-01
161 2.823200e-02 2.080000e-04 9.715600e-01
162 2.822800e-02 1.880000e-04 9.715840e-01
163 2.822800e-02 1.560000e-04 9.716160e-01
164 2.822800e-02 1.360000e-04 9.716360e-01
165 2.822800e-02 1.200000e-04 9.716520e-01
166 2.822800e-02 1.080000e-04 9.716640e-01
167 2.822800e-02 8.800000e-05 9.716840e-01
168 2.822800e-02 7.200000e-05 9.717000e-01
169 2.822800e-02 6.000000e-05 9.717120e-01
170 2.822800e-02 5.600000e-05 9.717160e-01
171 2.822800e-02 3.600000e-05 9.717360e-01
172 2.822800e-02 2.800000e-05 9.717440e-01
173 2.822800e-02 2.000000e-05 9.717520e-01
174 2.822800e-02 1.600000e-05 9.717560e-01
175 2.822400e-02 1.600000e-05 9.717600e-01
176 2.822400e-02 8.000000e-06 9.717680e-01
177 2.822400e-02 4.000000e-06 9.717720e-01
178 2.822400e-02 4.000000e-06 9.717720e-01
179 2.822400e-02 4.000000e-06 9.717720e-01
180 2.822400e-02 4.000000e-06 9.717720e-01
181 2.822400e-02 0.000000e+00 9.717760e-01
182 2.822400e-02 0.000000e+00 9.717760e-01
183 2.822400e-02 0.000000e+00 9.717760e-01
184 2.822400e-02 0.000000e+00 9.717760e-01
185 2.822400e-02 0.000000e+00 9.717760e-01
186 2.822400e-02 0.000000e+00 9.717760e-01
187 2.822400e-02 0.000000e+00 9.717760e-01
188 2.822400e-02 0.000000e+00 9.717760e-01
189 2.822400e-02 0.000000e+00 9.717760e-01
190 2.822400e-02 0.000000e+00 9.717760e-01
191 2.822400e-02 0.000000e+00 9.717760e-01
192 2.822400e-02 0.000000e+00 9.717760e-01
193 2.822400e-02 0.000000e+00 9.717760e-01
194 2.822400e-02 0.000000e+00 9.717760e-01
195 2.822400e-02 0.000000e+00 9.717760e-01
196 2.822400e-02 0.000000e+00 9.717760e-01
197 2.822400e-02 0.000000e+00 9.717760e-01
198 2.822400e-02 0.000000e+00 9.717760e-01
199 2.822400e-02 0.000000e+00 9.717760e-01
200 2.822400e-02 0.000000e+00 9.717760e-01
201 2.822400e-02 0.000000e+00 9.717760e-01
202 2.822400e-02 0.000000e+00 9.717760e-01
203 2.822400e-02 0.000000e+00 9.717760e-01
204 2.822400e-02 0.000000e+00 9.717760e-01
205 2.822400e-02 0.000000e+00 9.717760e-01
206 2.822400e-02 0.000000e+00 9.717760e-01
207 2.822400e-02 0.000000e+00 9.717760e-01
208 2.822400e-02 0.000000e+00 9.717760e-01
209 2.822400e-02 0.000000e+00 9.717760e-01
210 2.822400e-02 0.000000e+00 9.717760e-01
211 2.822400e-02 0.000000e+00 9.717760e-01
212 2.822400e-02 0.000000e+00 9.717760e-01
213 2.822400e-02 0.000000e+00 9.717760e-01
214 2.822400e-02 0.000000e+00 9.717760e-01
215 2.822400e-02 0.000000e+00 9.717760e-01
216 2.822400e-02 0.000000e+00 9.717760e-01
217 2.822400e-02 0.000000e+00 9.717760e-01
218 2.822400e-02 0.000000e+00 9.717760e-01
219 2.822400e-02 0.000000e+00 9.717760e-01
220 2.822400e-02 0.000000e+00 9.717760e-01
221 2.822400e-02 0.000000e+00 9.717760e-01
222 2.822400e-02 0.000000e+00 9.717760e-01
223 2.822400e-02 0.000000e+00 9.717760e-01
224 2.822400e-02 0.000000e+00 9.717760e-01
225 2.822400e-02 0.000000e+00 9.717760e-01
226 2.822400e-02 0.000000e+00 9.717760e-01
227 2.822400e-02 0.000000e+00 9.717760e-01
228 2.822400e-02 0.000000e+00 9.717760e-01
229 2.822400e-02 0.000000e+00 9.717760e-01
230 2.822400e-02 0.000000e+00 9.717760e-01
231 2.822400e-02 0.000000e+00 9.717760e-01
232 2.822400e-02 0.000000e+00 9.717760e-01
233 2.822400e-02 0.000000e+00 9.717760e-01
234 2.822400e-02 0.000000e+00 9.717760e-01
235 2.822400e-02 0.000000e+00 9.717760e-01
236 2.822400e-02 0.000000e+00 9.717760e-01
237 2.822400e-02 0.000000e+00 9.717760e-01
238 2.822400e-02 0.000000e+00 9.717760e-01
239 2.822400e-02 0.000000e+00 9.717760e-01
240 2.822400e-02 0.000000e+00 9.717760e-01
241 2.822400e-02 0.000000e+00 9.717760e-01
242 2.822400e-02 0.000000e+00 9.717760e-01
243 2.822400e-02 0.000000e+00 9.717760e-01
244 2.822400e-02 0.000000e+00 9.717760e-01
245 2.822400e-02 0.000000e+00 9.717760e-01
246 2.822400e-02 0.000000e+00 9.717760e-01
247 2.822400e-02 0.000000e+00 9.717760e-01
248 2.822400e-02 0.000000e+00 9.717760e-01
249 2.822400e-02 0.000000e+00 9.717760e-01
250 2.822400e-02 0.000000e+00 9.717760e-01
251 2.822400e-02 0.000000e+00 9.717760e-01
252 2.822400e-02 0.000000e+00 9.717760e-01
253 2.822400e-02 0.000000e+00 9.717760e-01
254 2.822400e-02 0.000000e+00 9.717760e-01
255 2.822400e-02 0.000000e+00 9.717760e-01
256 2.822400e-02 0.000000e+00 9.717760e-01
257 2.822400e-02 0.000000e+00 9.717760e-01
258 2.822400e-02 0.000000e+00 9.717760e-01
259 2.822400e-02 0.000000e+00 9.717760e-01
260 2.822400e-02 0.000000e+00 9.717760e-01
261 2.822400e-02 0.000000e+00 9.717760e-01
262 2.822400e-02 0.000000e+00 9.717760e-01
263 2.822400e-02 0.000000e+00 9.717760e-01
264 2.822400e-02 0.000000e+00 9.717760e-01
265 2.822400e-02 0.000000e+00 9.717760e-01
266 2.822400e-02 0.000000e+00 9.717760e-01
267 2.822400e-02 0.000000e+00 9.717760e-01
268 2.822400e-02 0.000000e+00 9.717760e-01
269 2.822400e-02 0.000000e+00 9.717760e-01
270 2.822400e-02 0.000000e+00 9.717760e-01
271 2.822400e-02 0.000000e+00 9.717760e-01
272 2.822400e-02 0.000000e+00 9.717760e-01
273 2.822400e-02 0.000000e+00 9.717760e-01
274 2.822400e-02 0.000000e+00 9.717760e-01
275 2.822400e-02 0.000000e+00 9.717760e-01
276 2.822400e-02 0.000000e+00 9.717760e-01
277 2.822400e-02 0.000000e+00 9.717760e-01
278 2.822400e-02 0.000000e+00 9.717760e-01
279 2.822400e-02 0.000000e+00 9.717760e-01
280 2.822400e-02 0.000000e+00 9.717760e-01
281 2.822400e-02 0.000000e+00 9.717760e-01
282 2.822400e-02 0.000000e+00 9.717760e-01
283 2.822400e-02 0.000000e+00 9.717760e-01
284 2.822400e-02 0.000000e+00 9.717760e-01
285 2.822400e-02 0.000000e+00 9.717760e-01
286 2.822400e-02 0.000000e+00 9.717760e-01
287 2.822400e-02 0.000000e+00 9.717760e-01
288 2.822400e-02 0.000000e+00 9.717760e-01
289 2.822400e-02 0.000000e+00 9.717760e-01
290 2.822400e-02 0.000000e+00 9.717760e-01
291 2.822400e-02 0.000000e+00 9.717760e-01
292 2.822400e-02 0.000000e+00 9.717760e-01
293 2.822400e-02 0.000000e+00 9.717760e-01
294 2.822400e-02 0.000000e+00 9.717760e-01
295 2.822400e-02 0.000000e+00 9.717760e-01
296 2.822400e-02 0.000000e+00 9.717760e-01
297 2.822400e-02 0.000000e+00 9.717760e-01
298 2.822400e-02 0.000000e+00 9.717760e-01
299 2.822400e-02 0.000000e+00 9.717760e-01
300 2.822400e-02 0.000000e+00 9.717760e-01
301 2.822400e-02 0.000000e+00 9.717760e-01
302 2.822400e-02 0.000000e+00 9.717760e-01
303 2.822400e-02 0.000000e+00 9.717760e-01
304 2.822400e-02 0.000000e+00 9.717760e-01
305 2.822400e-02 0.000000e+00 9.717760e-01
306 2.822400e-02 0.000000e+00 9.717760e-01
307 2.822400e-02 0.000000e+00 9.717760e-01
308 2.822400e-02 0.000000e+00 9.717760e-01
309 2.822400e-02 0.000000e+00 9.717760e-01
310 2.822400e-02 0.000000e+00 9.717760e-01
311 2.822400e-02 0.000000e+00 9.717760e-01
312 2.822400e-02 0.000000e+00 9.717760e-01
313 2.822400e-02 0.000000e+00 9.717760e-01
314 2.822400e-02 0.000000e+00 9.717760e-01
315 2.822400e-02 0.000000e+00 9.717760e-01
316 2.822400e-02 0.000000e+00 9.717760e-01
317 2.822400e-02 0.000000e+00 9.717760e-01
318 2.822400e-02 0.000000e+00 9.717760e-01
319 2.822400e-02 0.000000e+00 9.717760e-01
320 2.822400e-02 0.000000e+00 9.717760e-01
321 2.822400e-02 0.000000e+00 9.717760e-01
322 2.822400e-02 0.000000e+00 9.717760e-01
323 2.822400e-02 0.000000e+00 9.717760e-01
324 2.822400e-02 0.000000e+00 9.717760e-01
325 2.822400e-02 0.000000e+00 9.717760e-01
326 2.822400e-02 0.000000e+00 9.717760e-01
327 2.822400e-02 0.000000e+00 9.717760e-01
328 2.822400e-02 0.000000e+00 9.717760e-01
329 2.822400e-02 0.000000e+00 9.717760e-01
330 2.822400e-02 0.000000e+00 9.717760e-01
331 2.822400e-02 0.000000e+00 9.717760e-01
332 2.822400e-02 0.000000e+00 9.717760e-01
333 2.822400e-02 0.000000e+00 9.717760e-01
334 2.822400e-02 0.000000e+00 9.717760e-01
335 2.822400e-02 0.000000e+00 9.717760e-01
336 2.822400e-02 0.000000e+00 9.717760e-01
337 2.822400e-02 0.000000e+00 9.717760e-01
338 2.822400e-02 0.000000e+00 9.717760e-01
339 2.822400e-02 0.000000e+00 9.717760e-01
340 2.822400e-02 0.000000e+00 9.717760e-01
341 2.822400e-02 0.000000e+00 9.717760e-01
342 2.822400e-02 0.000000e+00 9.717760e-01
343 2.822400e-02 0.000000e+00 9.717760e-01
344 2.822400e-02 0.000000e+00 9.717760e-01
345 2.822400e-02 0.000000e+00 9.717760e-01
346 2.822400e-02 0.000000e+00 9.717760e-01
347 2.822400e-02 0.000000e+00 9.717760e-01
348 2.822400e-02 0.000000e+00 9.717760e-01
349 2.822400e-02 0.000000e+00 9.717760e-01
350 2.822400e-02 0.000000e+00 9.717760e-01
351 2.822400e-02 0.000000e+00 9.717760e-01
352 2.822400e-02 0.000000e+00 9.717760e-01
353 2.822400e-02 0.000000e+00 9.717760e-01
354 2.822400e-02 0.000000e+00 9.717760e-01
355 2.822400e-02 0.000000e+00 9.717760e-01
356 2.822400e-02 0.000000e+00 9.717760e-01
357 2.822400e-02 0.000000e+00 9.717760e-01
358 2.822400e-02 0.000000e+00 9.717760e-01
359 2.822400e-02 0.000000e+00 9.717760e-01
360 2.822400e-02 0.000000e+00 9.717760e-01
361 2.822400e-02 0.000000e+00 9.717760e-01
362 2.822400e-02 0.000000e+00 9.717760e-01
363 2.822400e-02 0.000000e+00 9.717760e-01
364 2.822400e-02 0.000000e+00 9.717760e-01
365 2.822400e-02 0.000000e+00 9.717760e-01
366 2.822400e-02 0.000000e+00 9.717760e-01
367 2.822400e-02 0.000000e+00 9.717760e-01
368 2.822400e-02 0.000000e+00 9.717760e-01
369 2.822400e-02 0.000000e+00 9.717760e-01
370 2.822400e-02 0.000000e+00 9.717760e-01
371 2.822400e-02 0.000000e+00 9.717760e-01
372 2.822400e-02 0.000000e+00 9.717760e-01
373 2.822400e-02 0.000000e+00 9.717760e-01
374 2.822400e-02 0.000000e+00 9.717760e-01
375 2.822400e-02 0.000000e+00 9.717760e-01
376 2.822400e-02 0.000000e+00 9.717760e-01
377 2.822400e-02 0.000000e+00 9.717760e-01
378 2.822400e-02 0.000000e+00 9.717760e-01
379 2.822400e-02 0.000000e+00 9.717760e-01
380 2.822400e-02 0.000000e+00 9.717760e-01
381 2.822400e-02 0.000000e+00 9.717760e-01
382 2.822400e-02 0.000000e+00 9.717760e-01
383 2.822400e-02 0.000000e+00 9.717760e-01
384 2.822400e-02 0.000000e+00 9.717760e-01
385 2.822400e-02 0.000000e+00 9.717760e-01
386 2.822400e-02 0.000000e+00 9.717760e-01
387 2.822400e-02 0.000000e+00 9.717760e-01
388 2.822400e-02 0.000000e+00 9.717760e-01
389 2.822400e-02 0.000000e+00 9.717760e-01
390 2.822400e-02 0.000000e+00 9.717760e-01
391 2.822400e-02 0.000000e+00 9.717760e-01
392 2.822400e-02 0.000000e+00 9.717760e-01
393 2.822400e-02 0.000000e+00 9.717760e-01
394 2.822400e-02 0.000000e+00 9.717760e-01
395 2.822400e-02 0.000000e+00 9.717760e-01
396 2.822400e-02 0.000000e+00 9.717760e-01
397 2.822400e-02 0.000000e+00 9.717760e-01
398 2.822400e-02 0.000000e+00 9.717760e-01
399 2.822400e-02 0.000000e+00 9.717760e-01
400 2.822400e-02 0.000000e+00 9.717760e-01
401 2.822400e-02 0.000000e+00 9.717760e-01
402 2.822400e-02 0.000000e+00 9.717760e-01
403 2.822400e-02 0.000000e+00 9.717760e-01
404 2.822400e-02 0.000000e+00 9.717760e-01
405 2.822400e-02 0.000000e+00 9.717760e-01
406 2.822400e-02 0.000000e+00 9.717760e-01
407 2.822400e-02 0.000000e+00 9.717760e-01
408 2.822400e-02 0.000000e+00 9.717760e-01
409 2.822400e-02 0.000000e+00 9.717760e-01
410 2.822400e-02 0.000000e+00 9.717760e-01
411 2.822400e-02 0.000000e+00 9.717760e-01
412 2.822400e-02 0.000000e+00 9.717760e-01
413 2.822400e-02 0.000000e+00 9.717760e-01
414 2.822400e-02 0.000000e+00 9.717760e-01
415 2.822400e-02 0.000000e+00 9.717760e-01
416 2.822400e-02 0.000000e+00 9.717760e-01
417 2.822400e-02 0.000000e+00 9.717760e-01
418 2.822400e-02 0.000000e+00 9.717760e-01
419 2.822400e-02 0.000000e+00 9.717760e-01
420 2.822400e-02 0.000000e+00 9.717760e-01
421 2.822400e-02 0.000000e+00 9.717760e-01
422 2.822400e-02 0.000000e+00 9.717760e-01
423 2.822400e-02 0.000000e+00 9.717760e-01
424 2.822400e-02 0.000000e+00 9.717760e-01
425 2.822400e-02 0.000000e+00 9.717760e-01
426 2.822400e-02 0.000000e+00 9.717760e-01
427 2.822400e-02 0.000000e+00 9.717760e-01
428 2.822400e-02 0.000000e+00 9.717760e-01
429 2.822400e-02 0.000000e+00 9.717760e-01
430 2.822400e-02 0.000000e+00 9.717760e-01
431 2.822400e-02 0.000000e+00 9.717760e-01
432 2.822400e-02 0.000000e+00 9.717760e-01
433 2.822400e-02 0.000000e+00 9.717760e-01
434 2.822400e-02 0.000000e+00 9.717760e-01
435 2.822400e-02 0.000000e+00 9.717760e-01
436 2.822400e-02 0.000000e+00 9.717760e-01
437 2.822400e-02 0.000000e+00 9.717760e-01
438 2.822400e-02 0.000000e+00 9.717760e-01
439 2.822400e-02 0.000000e+00 9.717760e-01
440 2.822400e-02 0.000000e+00 9.717760e-01
441 2.822400e-02 0.000000e+00 9.717760e-01
442 2.822400e-02 0.000000e+00 9.717760e-01
443 2.822400e-02 0.000000e+00 9.717760e-01
444 2.822400e-02 0.000000e+00 9.717760e-01
445 2.822400e-02 0.000000e+00 9.717760e-01
446 2.822400e-02 0.000000e+00 9.717760e-01
447 2.822400e-02 0.000000e+00 9.717760e-01
448 2.822400e-02 0.000000e+00 9.717760e-01
449 2.822400e-02 0.000000e+00 9.717760e-01
450 2.822400e-02 0.000000e+00 9.717760e-01
451 2.822400e-02 0.000000e+00 9.717760e-01
452 2.822400e-02 0.000000e+00 9.717760e-01
453 2.822400e-02 0.000000e+00 9.717760e-01
454 2.822400e-02 0.000000e+00 9.717760e-01
455 2.822400e-02 0.000000e+00 9.717760e-01
456 2.822400e-02 0.000000e+00 9.717760e-01
457 2.822400e-02 0.000000e+00 9.717760e-01
458 2.822400e-02 0.000000e+00 9.717760e-01
459 2.822400e-02 0.000000e+00 9.717760e-01
460 2.822400e-02 0.000000e+00 9.717760e-01
461 2.822400e-02 0.000000e+00 9.717760e-01
462 2.822400e-02 0.000000e+00 9.717760e-01
463 2.822400e-02 0.000000e+00 9.717760e-01
464 2.822400e-02 0.000000e+00 9.717760e-01
465 2.822400e-02 0.000000e+00 9.717760e-01
466 2.822400e-02 0.000000e+00 9.717760e-01
467 2.822400e-02 0.000000e+00 9.717760e-01
468 2.822400e-02 0.000000e+00 9.717760e-01
469 2.822400e-02 0.000000e+00 9.717760e-01
470 2.822400e-02 0.000000e+00 9.717760e-01
471 2.822400e-02 0.000000e+00 9.717760e-01
472 2.822400e-02 0.000000e+00 9.717760e-01
473 2.822400e-02 0.000000e+00 9.717760e-01
474 2.822400e-02 0.000000e+00 9.717760e-01
475 2.822400e-02 0.000000e+00 9.717760e-01
476 2.822400e-02 0.000000e+00 9.717760e-01
477 2.822400e-02 0.000000e+00 9.717760e-01
478 2.822400e-02 0.000000e+00 9.717760e-01
479 2.822400e-02 0.000000e+00 9.717760e-01
480 2.822400e-02 0.000000e+00 9.717760e-01
481 2.822400e-02 0.000000e+00 9.717760e-01
482 2.822400e-02 0.000000e+00 9.717760e-01
483 2.822400e-02 0.000000e+00 9.717760e-01
484 2.822400e-02 0.000000e+00 9.717760e-01
485 2.822400e-02 0.000000e+00 9.717760e-01
486 2.822400e-02 0.000000e+00 9.717760e-01
487 2.822400e-02 0.000000e+00 9.717760e-01
488 2.822400e-02 0.000000e+00 9.717760e-01
489 2.822400e-02 0.000000e+00 9.717760e-01
490 2.822400e-02 0.000000e+00 9.717760e-01
491 2.822400e-02 0.000000e+00 9.717760e-01
492 2.822400e-02 0.000000e+00 9.717760e-01
493 2.822400e-02 0.000000e+00 9.717760e-01
494 2.822400e-02 0.000000e+00 9.717760e-01
495 2.822400e-02 0.000000e+00 9.717760e-01
496 2.822400e-02 0.000000e+00 9.717760e-01
497 2.822400e-02 0.000000e+00 9.717760e-01
498 2.822400e-02 0.000000e+00 9.717760e-01
499 2.822400e-02 0.000000e+00 9.717760e-01
500 2.822400e-02 0.000000e+00 9.717760e-01
