1 9.992440e-01 6.760000e-04 8.000000e-05
2 9.986680e-01 1.148000e-03 1.840000e-04
3 9.977640e-01 1.812000e-03 4.240000e-04
4 9.965520e-01 2.596000e-03 8.520000e-04
5 9.950520e-01 3.576000e-03 1.372000e-03
6 9.930920e-01 4.816000e-03 2.092000e-03
7 9.907400e-01 6.180000e-03 3.080000e-03
8 9.878400e-01 7.944000e-03 4.216000e-03
9 9.848640e-01 9.384000e-03 5.752000e-03
10 9.814760e-01 1.110000e-02 7.424000e-03
11 9.776240e-01 1.278400e-02 9.592000e-03
12 9.734680e-01 1.455200e-02 1.198000e-02
13 9.687240e-01 1.674400e-02 1.453200e-02
14 9.635240e-01 1.898000e-02 1.749600e-02
15 9.578520e-01 2.112400e-02 2.102400e-02
16 9.517880e-01 2.358400e-02 2.462800e-02
17 9.453160e-01 2.576800e-02 2.891600e-02
18 9.380840e-01 2.828800e-02 3.362800e-02
19 9.308000e-01 3.040800e-02 3.879200e-02
20 9.235160e-01 3.227200e-02 4.421200e-02
21 9.158400e-01 3.428800e-02 4.987200e-02
22 9.078600e-01 3.616400e-02 5.597600e-02
23 8.993960e-01 3.796000e-02 6.264400e-02
24 8.904000e-01 4.002800e-02 6.957200e-02
25 8.807280e-01 4.259600e-02 7.667600e-02
26 8.706880e-01 4.510400e-02 8.420800e-02
27 8.603200e-01 4.748400e-02 9.219600e-02
28 8.490680e-01 5.050000e-02 1.004320e-01
29 8.377640e-01 5.296400e-02 1.092720e-01
30 8.257800e-01 5.570800e-02 1.185120e-01
31 8.140920e-01 5.749200e-02 1.284160e-01
32 8.016240e-01 5.982000e-02 1.385560e-01
33 7.891920e-01 6.154400e-02 1.492640e-01
34 7.769880e-01 6.276400e-02 1.602480e-01
35 7.642160e-01 6.458800e-02 1.711960e-01
36 7.513960e-01 6.594000e-02 1.826640e-01
37 7.383960e-01 6.727600e-02 1.943280e-01
38 7.253280e-01 6.857200e-02 2.061000e-01
39 7.118680e-01 6.989200e-02 2.182400e-01
40 6.981080e-01 7.136800e-02 2.305240e-01
41 6.845680e-01 7.244400e-02 2.429880e-01
42 6.711360e-01 7.308400e-02 2.557800e-01
43 6.576560e-01 7.394800e-02 2.683960e-01
44 6.440680e-01 7.462800e-02 2.813040e-01
45 6.304760e-01 7.514800e-02 2.943760e-01
46 6.169600e-01 7.556800e-02 3.074720e-01
47 6.033200e-01 7.600000e-02 3.206800e-01
48 5.898640e-01 7.619200e-02 3.339440e-01
49 5.758000e-01 7.720400e-02 3.469960e-01
50 5.620120e-01 7.725200e-02 3.607360e-01
51 5.490320e-01 7.670000e-02 3.742680e-01
52 5.352040e-01 7.689600e-02 3.879000e-01
53 5.225000e-01 7.571200e-02 4.017880e-01
54 5.090600e-01 7.606400e-02 4.148760e-01
55 4.955680e-01 7.638800e-02 4.280440e-01
56 4.824040e-01 7.598000e-02 4.416160e-01
57 4.687200e-01 7.632800e-02 4.549520e-01
58 4.553080e-01 7.641200e-02 4.682800e-01
59 4.418360e-01 7.643200e-02 4.817320e-01
60 4.288320e-01 7.628400e-02 4.948840e-01
61 4.153640e-01 7.620400e-02 5.084320e-01
62 4.025240e-01 7.585600e-02 5.216200e-01
63 3.903040e-01 7.481600e-02 5.348800e-01
64 3.776880e-01 7.431600e-02 5.479960e-01
65 3.654880e-01 7.350800e-02 5.610040e-01
66 3.535240e-01 7.272000e-02 5.737560e-01
67 3.421200e-01 7.140400e-02 5.864760e-01
68 3.307880e-01 7.044400e-02 5.987680e-01
69 3.198040e-01 6.916800e-02 6.110280e-01
70 3.088280e-01 6.831600e-02 6.228560e-01
71 2.983160e-01 6.688000e-02 6.348040e-01
72 2.882840e-01 6.492800e-02 6.467880e-01
73 2.786520e-01 6.337200e-02 6.579760e-01
74 2.693080e-01 6.198000e-02 6.687120e-01
75 2.600160e-01 6.088400e-02 6.791000e-01
76 2.512240e-01 5.943600e-02 6.893400e-01
77 2.428120e-01 5.781200e-02 6.993760e-01
78 2.342280e-01 5.642800e-02 7.093440e-01
79 2.259080e-01 5.465600e-02 7.194360e-01
80 2.180720e-01 5.300000e-02 7.289280e-01
81 2.109000e-01 5.073600e-02 7.383640e-01
82 2.035600e-01 4.932800e-02 7.471120e-01
83 1.966160e-01 4.796400e-02 7.554200e-01
84 1.896960e-01 4.653200e-02 7.637720e-01
85 1.827920e-01 4.560000e-02 7.716080e-01
86 1.761040e-01 4.425200e-02 7.796440e-01
87 1.695800e-01 4.310400e-02 7.873160e-01
88 1.634120e-01 4.179600e-02 7.947920e-01
89 1.573200e-01 4.060400e-02 8.020760e-01
90 1.514440e-01 3.943600e-02 8.091200e-01
91 1.454320e-01 3.845200e-02 8.161160e-01
92 1.395160e-01 3.781200e-02 8.226720e-01
93 1.339160e-01 3.671600e-02 8.293680e-01
94 1.281360e-01 3.608800e-02 8.357760e-01
95 1.226280e-01 3.531200e-02 8.420600e-01
96 1.170840e-01 3.490000e-02 8.480160e-01
97 1.116600e-01 3.426400e-02 8.540760e-01
98 1.066680e-01 3.341600e-02 8.599160e-01
99 1.016760e-01 3.250400e-02 8.658200e-01
100 9.714800e-02 3.135200e-02 8.715000e-01
101 9.296400e-02 3.034400e-02 8.766920e-01
102 8.875200e-02 2.938800e-02 8.818600e-01
103 8.461200e-02 2.856000e-02 8.868280e-01
104 8.068000e-02 2.753200e-02 8.917880e-01
105 7.726400e-02 2.638400e-02 8.963520e-01
106 7.387200e-02 2.563600e-02 9.004920e-01
107 7.096400e-02 2.429200e-02 9.047440e-01
108 6.804400e-02 2.297600e-02 9.089800e-01
109 6.523200e-02 2.177200e-02 9.129960e-01
110 6.263600e-02 2.077200e-02 9.165920e-01
111 6.003600e-02 1.988800e-02 9.200760e-01
112 5.762000e-02 1.890400e-02 9.234760e-01
113 5.534800e-02 1.797200e-02 9.266800e-01
114 5.333600e-02 1.700000e-02 9.296640e-01
115 5.130000e-02 1.623600e-02 9.324640e-01
116 4.952800e-02 1.524400e-02 9.352280e-01
117 4.802800e-02 1.406000e-02 9.379120e-01
118 4.644800e-02 1.330000e-02 9.402520e-01
119 4.508000e-02 1.233200e-02 9.425880e-01
120 4.366400e-02 1.164400e-02 9.446920e-01
121 4.247200e-02 1.090800e-02 9.466200e-01
122 4.127200e-02 1.002400e-02 9.487040e-01
123 4.018400e-02 9.300000e-03 9.505160e-01
124 3.913600e-02 8.776000e-03 9.520880e-01
125 3.826000e-02 8.228000e-03 9.535120e-01
126 3.735200e-02 7.704000e-03 9.549440e-01
127 3.655600e-02 7.376000e-03 9.560680e-01
128 3.584800e-02 6.896000e-03 9.572560e-01
129 3.509600e-02 6.432000e-03 9.584720e-01
130 3.439600e-02 6.028000e-03 9.595760e-01
131 3.367600e-02 5.716000e-03 9.606080e-01
132 3.309600e-02 5.264000e-03 9.616400e-01
133 3.262400e-02 4.788000e-03 9.625880e-01
134 3.206800e-02 4.556000e-03 9.633760e-01
135 3.164800e-02 4.228000e-03 9.641240e-01
136 3.126400e-02 3.944000e-03 9.647920e-01
137 3.094800e-02 3.544000e-03 9.655080e-01
138 3.070000e-02 3.180000e-03 9.661200e-01
139 3.039600e-02 2.924000e-03 9.666800e-01
140 3.022000e-02 2.544000e-03 9.672360e-01
141 3.009600e-02 2.220000e-03 9.676840e-01
142 2.996400e-02 1.972000e-03 9.680640e-01
143 2.979200e-02 1.804000e-03 9.684040e-01
144 2.967600e-02 1.600000e-03 9.687240e-01
145 2.957600e-02 1.456000e-03 9.689680e-01
146 2.946800e-02 1.288000e-03 9.692440e-01
147 2.934400e-02 1.224000e-03 9.694320e-01
148 2.927200e-02 1.112000e-03 9.696160e-01
149 2.916400e-02 1.012000e-03 9.698240e-01
150 2.907200e-02 9.680000e-04 9.699600e-01
151 2.896800e-02 9.360000e-04 9.700960e-01
152 2.887200e-02 8.840000e-04 9.702440e-01
153 2.879600e-02 7.840000e-04 9.704200e-01
154 2.874000e-02 6.960000e-04 9.705640e-01
155 2.870800e-02 5.760000e-04 9.707160e-01
156 2.866800e-02 5.240000e-04 9.708080e-01
157 2.865200e-02 4.640000e-04 9.708840e-01
158 2.863600e-02 3.720000e-04 9.709920e-01
159 2.862400e-02 3.360000e-04 9.710400e-01
160 2.860400e-02 3.080000e-04 9.710880e-01
161 2.858400e-02 2.840000e-04 9.711320e-01
162 2.856400e-02 2.480000e-04 9.711880e-01
163 2.854800e-02 2.200000e-04 9.712320e-01
164 2.854800e-02 1.760000e-04 9.712760e-01
165 2.854400e-02 1.520000e-04 9.713040e-01
166 2.854000e-02 1.480000e-04 9.713120e-01
167 2.853200e-02 1.360000e-04 9.713320e-01
168 2.852800e-02 8.800000e-05 9.713840e-01
169 2.852400e-02 6.000000e-05 9.714160e-01
170 2.852000e-02 4.400000e-05 9.714360e-01
171 2.851600e-02 3.600000e-05 9.714480e-01
172 2.851600e-02 3.200000e-05 9.714520e-01
173 2.851600e-02 3.200000e-05 9.714520e-01
174 2.851600e-02 3.200000e-05 9.714520e-01
175 2.851600e-02 2.800000e-05 9.714560e-01
176 2.851200e-02 2.400000e-05 9.714640e-01
177 2.850800e-02 1.600000e-05 9.714760e-01
178 2.850800e-02 1.200000e-05 9.714800e-01
179 2.850800e-02 1.200000e-05 9.714800e-01
180 2.850800e-02 1.200000e-05 9.714800e-01
181 2.850800e-02 4.000000e-06 9.714880e-01
182 2.850800e-02 0.000000e+00 9.714920e-01
183 2.850800e-02 0.000000e+00 9.714920e-01
184 2.850800e-02 0.000000e+00 9.714920e-01
185 2.850800e-02 0.000000e+00 9.714920e-01
186 2.850800e-02 0.000000e+00 9.714920e-01
187 2.850800e-02 0.000000e+00 9.714920e-01
188 2.850800e-02 0.000000e+00 9.714920e-01
189 2.850800e-02 0.000000e+00 9.714920e-01
190 2.850800e-02 0.000000e+00 9.714920e-01
191 2.850800e-02 0.000000e+00 9.714920e-01
192 2.850800e-02 0.000000e+00 9.714920e-01
193 2.850800e-02 0.000000e+00 9.714920e-01
194 2.850800e-02 0.000000e+00 9.714920e-01
195 2.850800e-02 0.000000e+00 9.714920e-01
196 2.850800e-02 0.000000e+00 9.714920e-01
197 2.850800e-02 0.000000e+00 9.714920e-01
198 2.850800e-02 0.000000e+00 9.714920e-01
199 2.850800e-02 0.000000e+00 9.714920e-01
200 2.850800e-02 0.000000e+00 9.714920e-01
201 2.850800e-02 0.000000e+00 9.714920e-01
202 2.850800e-02 0.000000e+00 9.714920e-01
203 2.850800e-02 0.000000e+00 9.714920e-01
204 2.850800e-02 0.000000e+00 9.714920e-01
205 2.850800e-02 0.000000e+00 9.714920e-01
206 2.850800e-02 0.000000e+00 9.714920e-01
207 2.850800e-02 0.000000e+00 9.714920e-01
208 2.850800e-02 0.000000e+00 9.714920e-01
209 2.850800e-02 0.000000e+00 9.714920e-01
210 2.850800e-02 0.000000e+00 9.714920e-01
211 2.850800e-02 0.000000e+00 9.714920e-01
212 2.850800e-02 0.000000e+00 9.714920e-01
213 2.850800e-02 0.000000e+00 9.714920e-01
214 2.850800e-02 0.000000e+00 9.714920e-01
215 2.850800e-02 0.000000e+00 9.714920e-01
216 2.850800e-02 0.000000e+00 9.714920e-01
217 2.850800e-02 0.000000e+00 9.714920e-01
218 2.850800e-02 0.000000e+00 9.714920e-01
219 2.850800e-02 0.000000e+00 9.714920e-01
220 2.850800e-02 0.000000e+00 9.714920e-01
221 2.850800e-02 0.000000e+00 9.714920e-01
222 2.850800e-02 0.000000e+00 9.714920e-01
223 2.850800e-02 0.000000e+00 9.714920e-01
224 2.850800e-02 0.000000e+00 9.714920e-01
225 2.850800e-02 0.000000e+00 9.714920e-01
226 2.850800e-02 0.000000e+00 9.714920e-01
227 2.850800e-02 0.000000e+00 9.714920e-01
228 2.850800e-02 0.000000e+00 9.714920e-01
229 2.850800e-02 0.000000e+00 9.714920e-01
230 2.850800e-02 0.000000e+00 9.714920e-01
231 2.850800e-02 0.000000e+00 9.714920e-01
232 2.850800e-02 0.000000e+00 9.714920e-01
233 2.850800e-02 0.000000e+00 9.714920e-01
234 2.850800e-02 0.000000e+00 9.714920e-01
235 2.850800e-02 0.000000e+00 9.714920e-01
236 2.850800e-02 0.000000e+00 9.714920e-01
237 2.850800e-02 0.000000e+00 9.714920e-01
238 2.850800e-02 0.000000e+00 9.714920e-01
239 2.850800e-02 0.000000e+00 9.714920e-01
240 2.850800e-02 0.000000e+00 9.714920e-01
241 2.850800e-02 0.000000e+00 9.714920e-01
242 2.850800e-02 0.000000e+00 9.714920e-01
243 2.850800e-02 0.000000e+00 9.714920e-01
244 2.850800e-02 0.000000e+00 9.714920e-01
245 2.850800e-02 0.000000e+00 9.714920e-01
246 2.850800e-02 0.000000e+00 9.714920e-01
247 2.850800e-02 0.000000e+00 9.714920e-01
248 2.850800e-02 0.000000e+00 9.714920e-01
249 2.850800e-02 0.000000e+00 9.714920e-01
250 2.850800e-02 0.000000e+00 9.714920e-01
251 2.850800e-02 0.000000e+00 9.714920e-01
252 2.850800e-02 0.000000e+00 9.714920e-01
253 2.850800e-02 0.000000e+00 9.714920e-01
254 2.850800e-02 0.000000e+00 9.714920e-01
255 2.850800e-02 0.000000e+00 9.714920e-01
256 2.850800e-02 0.000000e+00 9.714920e-01
257 2.850800e-02 0.000000e+00 9.714920e-01
258 2.850800e-02 0.000000e+00 9.714920e-01
259 2.850800e-02 0.000000e+00 9.714920e-01
260 2.850800e-02 0.000000e+00 9.714920e-01
261 2.850800e-02 0.000000e+00 9.714920e-01
262 2.850800e-02 0.000000e+00 9.714920e-01
263 2.850800e-02 0.000000e+00 9.714920e-01
264 2.850800e-02 0.000000e+00 9.714920e-01
265 2.850800e-02 0.000000e+00 9.714920e-01
266 2.850800e-02 0.000000e+00 9.714920e-01
267 2.850800e-02 0.000000e+00 9.714920e-01
268 2.850800e-02 0.000000e+00 9.714920e-01
269 2.850800e-02 0.000000e+00 9.714920e-01
270 2.850800e-02 0.000000e+00 9.714920e-01
271 2.850800e-02 0.000000e+00 9.714920e-01
272 2.850800e-02 0.000000e+00 9.714920e-01
273 2.850800e-02 0.000000e+00 9.714920e-01
274 2.850800e-02 0.000000e+00 9.714920e-01
275 2.850800e-02 0.000000e+00 9.714920e-01
276 2.850800e-02 0.000000e+00 9.714920e-01
277 2.850800e-02 0.000000e+00 9.714920e-01
278 2.850800e-02 0.000000e+00 9.714920e-01
279 2.850800e-02 0.000000e+00 9.714920e-01
280 2.850800e-02 0.000000e+00 9.714920e-01
281 2.850800e-02 0.000000e+00 9.714920e-01
282 2.850800e-02 0.000000e+00 9.714920e-01
283 2.850800e-02 0.000000e+00 9.714920e-01
284 2.850800e-02 0.000000e+00 9.714920e-01
285 2.850800e-02 0.000000e+00 9.714920e-01
286 2.850800e-02 0.000000e+00 9.714920e-01
287 2.850800e-02 0.000000e+00 9.714920e-01
288 2.850800e-02 0.000000e+00 9.714920e-01
289 2.850800e-02 0.000000e+00 9.714920e-01
290 2.850800e-02 0.000000e+00 9.714920e-01
291 2.850800e-02 0.000000e+00 9.714920e-01
292 2.850800e-02 0.000000e+00 9.714920e-01
293 2.850800e-02 0.000000e+00 9.714920e-01
294 2.850800e-02 0.000000e+00 9.714920e-01
295 2.850800e-02 0.000000e+00 9.714920e-01
296 2.850800e-02 0.000000e+00 9.714920e-01
297 2.850800e-02 0.000000e+00 9.714920e-01
298 2.850800e-02 0.000000e+00 9.714920e-01
299 2.850800e-02 0.000000e+00 9.714920e-01
300 2.850800e-02 0.000000e+00 9.714920e-01
301 2.850800e-02 0.000000e+00 9.714920e-01
302 2.850800e-02 0.000000e+00 9.714920e-01
303 2.850800e-02 0.000000e+00 9.714920e-01
304 2.850800e-02 0.000000e+00 9.714920e-01
305 2.850800e-02 0.000000e+00 9.714920e-01
306 2.850800e-02 0.000000e+00 9.714920e-01
307 2.850800e-02 0.000000e+00 9.714920e-01
308 2.850800e-02 0.000000e+00 9.714920e-01
309 2.850800e-02 0.000000e+00 9.714920e-01
310 2.850800e-02 0.000000e+00 9.714920e-01
311 2.850800e-02 0.000000e+00 9.714920e-01
312 2.850800e-02 0.000000e+00 9.714920e-01
313 2.850800e-02 0.000000e+00 9.714920e-01
314 2.850800e-02 0.000000e+00 9.714920e-01
315 2.850800e-02 0.000000e+00 9.714920e-01
316 2.850800e-02 0.000000e+00 9.714920e-01
317 2.850800e-02 0.000000e+00 9.714920e-01
318 2.850800e-02 0.000000e+00 9.714920e-01
319 2.850800e-02 0.000000e+00 9.714920e-01
320 2.850800e-02 0.000000e+00 9.714920e-01
321 2.850800e-02 0.000000e+00 9.714920e-01
322 2.850800e-02 0.000000e+00 9.714920e-01
323 2.850800e-02 0.000000e+00 9.714920e-01
324 2.850800e-02 0.000000e+00 9.714920e-01
325 2.850800e-02 0.000000e+00 9.714920e-01
326 2.850800e-02 0.000000e+00 9.714920e-01
327 2.850800e-02 0.000000e+00 9.714920e-01
328 2.850800e-02 0.000000e+00 9.714920e-01
329 2.850800e-02 0.000000e+00 9.714920e-01
330 2.850800e-02 0.000000e+00 9.714920e-01
331 2.850800e-02 0.000000e+00 9.714920e-01
332 2.850800e-02 0.000000e+00 9.714920e-01
333 2.850800e-02 0.000000e+00 9.714920e-01
334 2.850800e-02 0.000000e+00 9.714920e-01
335 2.850800e-02 0.000000e+00 9.714920e-01
336 2.850800e-02 0.000000e+00 9.714920e-01
337 2.850800e-02 0.000000e+00 9.714920e-01
338 2.850800e-02 0.000000e+00 9.714920e-01
339 2.850800e-02 0.000000e+00 9.714920e-01
340 2.850800e-02 0.000000e+00 9.714920e-01
341 2.850800e-02 0.000000e+00 9.714920e-01
342 2.850800e-02 0.000000e+00 9.714920e-01
343 2.850800e-02 0.000000e+00 9.714920e-01
344 2.850800e-02 0.000000e+00 9.714920e-01
345 2.850800e-02 0.000000e+00 9.714920e-01
346 2.850800e-02 0.000000e+00 9.714920e-01
347 2.850800e-02 0.000000e+00 9.714920e-01
348 2.850800e-02 0.000000e+00 9.714920e-01
349 2.850800e-02 0.000000e+00 9.714920e-01
350 2.850800e-02 0.000000e+00 9.714920e-01
351 2.850800e-02 0.000000e+00 9.714920e-01
352 2.850800e-02 0.000000e+00 9.714920e-01
353 2.850800e-02 0.000000e+00 9.714920e-01
354 2.850800e-02 0.000000e+00 9.714920e-01
355 2.850800e-02 0.000000e+00 9.714920e-01
356 2.850800e-02 0.000000e+00 9.714920e-01
357 2.850800e-02 0.000000e+00 9.714920e-01
358 2.850800e-02 0.000000e+00 9.714920e-01
359 2.850800e-02 0.000000e+00 9.714920e-01
360 2.850800e-02 0.000000e+00 9.714920e-01
361 2.850800e-02 0.000000e+00 9.714920e-01
362 2.850800e-02 0.000000e+00 9.714920e-01
363 2.850800e-02 0.000000e+00 9.714920e-01
364 2.850800e-02 0.000000e+00 9.714920e-01
365 2.850800e-02 0.000000e+00 9.714920e-01
366 2.850800e-02 0.000000e+00 9.714920e-01
367 2.850800e-02 0.000000e+00 9.714920e-01
368 2.850800e-02 0.000000e+00 9.714920e-01
369 2.850800e-02 0.000000e+00 9.714920e-01
370 2.850800e-02 0.000000e+00 9.714920e-01
371 2.850800e-02 0.000000e+00 9.714920e-01
372 2.850800e-02 0.000000e+00 9.714920e-01
373 2.850800e-02 0.000000e+00 9.714920e-01
374 2.850800e-02 0.000000e+00 9.714920e-01
375 2.850800e-02 0.000000e+00 9.714920e-01
376 2.850800e-02 0.000000e+00 9.714920e-01
377 2.850800e-02 0.000000e+00 9.714920e-01
378 2.850800e-02 0.000000e+00 9.714920e-01
379 2.850800e-02 0.000000e+00 9.714920e-01
380 2.850800e-02 0.000000e+00 9.714920e-01
381 2.850800e-02 0.000000e+00 9.714920e-01
382 2.850800e-02 0.000000e+00 9.714920e-01
383 2.850800e-02 0.000000e+00 9.714920e-01
384 2.850800e-02 0.000000e+00 9.714920e-01
385 2.850800e-02 0.000000e+00 9.714920e-01
386 2.850800e-02 0.000000e+00 9.714920e-01
387 2.850800e-02 0.000000e+00 9.714920e-01
388 2.850800e-02 0.000000e+00 9.714920e-01
389 2.850800e-02 0.000000e+00 9.714920e-01
390 2.850800e-02 0.000000e+00 9.714920e-01
391 2.850800e-02 0.000000e+00 9.714920e-01
392 2.850800e-02 0.000000e+00 9.714920e-01
393 2.850800e-02 0.000000e+00 9.714920e-01
394 2.850800e-02 0.000000e+00 9.714920e-01
395 2.850800e-02 0.000000e+00 9.714920e-01
396 2.850800e-02 0.000000e+00 9.714920e-01
397 2.850800e-02 0.000000e+00 9.714920e-01
398 2.850800e-02 0.000000e+00 9.714920e-01
399 2.850800e-02 0.000000e+00 9.714920e-01
400 2.850800e-02 0.000000e+00 9.714920e-01
401 2.850800e-02 0.000000e+00 9.714920e-01
402 2.850800e-02 0.000000e+00 9.714920e-01
403 2.850800e-02 0.000000e+00 9.714920e-01
404 2.850800e-02 0.000000e+00 9.714920e-01
405 2.850800e-02 0.000000e+00 9.714920e-01
406 2.850800e-02 0.000000e+00 9.714920e-01
407 2.850800e-02 0.000000e+00 9.714920e-01
408 2.850800e-02 0.000000e+00 9.714920e-01
409 2.850800e-02 0.000000e+00 9.714920e-01
410 2.850800e-02 0.000000e+00 9.714920e-01
411 2.850800e-02 0.000000e+00 9.714920e-01
412 2.850800e-02 0.000000e+00 9.714920e-01
413 2.850800e-02 0.000000e+00 9.714920e-01
414 2.850800e-02 0.000000e+00 9.714920e-01
415 2.850800e-02 0.000000e+00 9.714920e-01
416 2.850800e-02 0.000000e+00 9.714920e-01
417 2.850800e-02 0.000000e+00 9.714920e-01
418 2.850800e-02 0.000000e+00 9.714920e-01
419 2.850800e-02 0.000000e+00 9.714920e-01
420 2.850800e-02 0.000000e+00 9.714920e-01
421 2.850800e-02 0.000000e+00 9.714920e-01
422 2.850800e-02 0.000000e+00 9.714920e-01
423 2.850800e-02 0.000000e+00 9.714920e-01
424 2.850800e-02 0.000000e+00 9.714920e-01
425 2.850800e-02 0.000000e+00 9.714920e-01
426 2.850800e-02 0.000000e+00 9.714920e-01
427 2.850800e-02 0.000000e+00 9.714920e-01
428 2.850800e-02 0.000000e+00 9.714920e-01
429 2.850800e-02 0.000000e+00 9.714920e-01
430 2.850800e-02 0.000000e+00 9.714920e-01
431 2.850800e-02 0.000000e+00 9.714920e-01
432 2.850800e-02 0.000000e+00 9.714920e-01
433 2.850800e-02 0.000000e+00 9.714920e-01
434 2.850800e-02 0.000000e+00 9.714920e-01
435 2.850800e-02 0.000000e+00 9.714920e-01
436 2.850800e-02 0.000000e+00 9.714920e-01
437 2.850800e-02 0.000000e+00 9.714920e-01
438 2.850800e-02 0.000000e+00 9.714920e-01
439 2.850800e-02 0.000000e+00 9.714920e-01
440 2.850800e-02 0.000000e+00 9.714920e-01
441 2.850800e-02 0.000000e+00 9.714920e-01
442 2.850800e-02 0.000000e+00 9.714920e-01
443 2.850800e-02 0.000000e+00 9.714920e-01
444 2.850800e-02 0.000000e+00 9.714920e-01
445 2.850800e-02 0.000000e+00 9.714920e-01
446 2.850800e-02 0.000000e+00 9.714920e-01
447 2.850800e-02 0.000000e+00 9.714920e-01
448 2.850800e-02 0.000000e+00 9.714920e-01
449 2.850800e-02 0.000000e+00 9.714920e-01
450 2.850800e-02 0.000000e+00 9.714920e-01
451 2.850800e-02 0.000000e+00 9.714920e-01
452 2.850800e-02 0.000000e+00 9.714920e-01
453 2.850800e-02 0.000000e+00 9.714920e-01
454 2.850800e-02 0.000000e+00 9.714920e-01
455 2.850800e-02 0.000000e+00 9.714920e-01
456 2.850800e-02 0.000000e+00 9.714920e-01
457 2.850800e-02 0.000000e+00 9.714920e-01
458 2.850800e-02 0.000000e+00 9.714920e-01
459 2.850800e-02 0.000000e+00 9.714920e-01
460 2.850800e-02 0.000000e+00 9.714920e-01
461 2.850800e-02 0.000000e+00 9.714920e-01
462 2.850800e-02 0.000000e+00 9.714920e-01
463 2.850800e-02 0.000000e+00 9.714920e-01
464 2.850800e-02 0.000000e+00 9.714920e-01
465 2.850800e-02 0.000000e+00 9.714920e-01
466 2.850800e-02 0.000000e+00 9.714920e-01
467 2.850800e-02 0.000000e+00 9.714920e-01
468 2.850800e-02 0.000000e+00 9.714920e-01
469 2.850800e-02 0.000000e+00 9.714920e-01
470 2.850800e-02 0.000000e+00 9.714920e-01
471 2.850800e-02 0.000000e+00 9.714920e-01
472 2.850800e-02 0.000000e+00 9.714920e-01
473 2.850800e-02 0.000000e+00 9.714920e-01
474 2.850800e-02 0.000000e+00 9.714920e-01
475 2.850800e-02 0.000000e+00 9.714920e-01
476 2.850800e-02 0.000000e+00 9.714920e-01
477 2.850800e-02 0.000000e+00 9.714920e-01
478 2.850800e-02 0.000000e+00 9.714920e-01
479 2.850800e-02 0.000000e+00 9.714920e-01
480 2.850800e-02 0.000000e+00 9.714920e-01
481 2.850800e-02 0.000000e+00 9.714920e-01
482 2.850800e-02 0.000000e+00 9.714920e-01
483 2.850800e-02 0.000000e+00 9.714920e-01
484 2.850800e-02 0.000000e+00 9.714920e-01
485 2.850800e-02 0.000000e+00 9.714920e-01
486 2.850800e-02 0.000000e+00 9.714920e-01
487 2.850800e-02 0.000000e+00 9.714920e-01
488 2.850800e-02 0.000000e+00 9.714920e-01
489 2.850800e-02 0.000000e+00 9.714920e-01
490 2.850800e-02 0.000000e+00 9.714920e-01
491 2.850800e-02 0.000000e+00 9.714920e-01
492 2.850800e-02 0.000000e+00 9.714920e-01
493 2.850800e-02 0.000000e+00 9.714920e-01
494 2.850800e-02 0.000000e+00 9.714920e-01
495 2.850800e-02 0.000000e+00 9.714920e-01
496 2.850800e-02 0.000000e+00 9.714920e-01
497 2.850800e-02 0.000000e+00 9.714920e-01
498 2.850800e-02 0.000000e+00 9.714920e-01
499 2.850800e-02 0.000000e+00 9.714920e-01
500 2.850800e-02 0.000000e+00 9.714920e-01
