1 9.991600e-01 7.320000e-04 1.080000e-04
2 9.984600e-01 1.272000e-03 2.680000e-04
3 9.974560e-01 2.044000e-03 5.000000e-04
4 9.960640e-01 3.028000e-03 9.080000e-04
5 9.944720e-01 4.040000e-03 1.488000e-03
6 9.922480e-01 5.496000e-03 2.256000e-03
7 9.898080e-01 6.880000e-03 3.312000e-03
8 9.869320e-01 8.504000e-03 4.564000e-03
9 9.833640e-01 1.048800e-02 6.148000e-03
10 9.793000e-01 1.252800e-02 8.172000e-03
11 9.745680e-01 1.476800e-02 1.066400e-02
12 9.695400e-01 1.690800e-02 1.355200e-02
13 9.641200e-01 1.924000e-02 1.664000e-02
14 9.583440e-01 2.146800e-02 2.018800e-02
15 9.519360e-01 2.389200e-02 2.417200e-02
16 9.449920e-01 2.642800e-02 2.858000e-02
17 9.375800e-01 2.916800e-02 3.325200e-02
18 9.299680e-01 3.139200e-02 3.864000e-02
19 9.220760e-01 3.349200e-02 4.443200e-02
20 9.135760e-01 3.620400e-02 5.022000e-02
21 9.046920e-01 3.826800e-02 5.704000e-02
22 8.955320e-01 4.049600e-02 6.397200e-02
23 8.863160e-01 4.251200e-02 7.117200e-02
24 8.760880e-01 4.522400e-02 7.868800e-02
25 8.654840e-01 4.780800e-02 8.670800e-02
26 8.538640e-01 5.074400e-02 9.539200e-02
27 8.421880e-01 5.338000e-02 1.044320e-01
28 8.298920e-01 5.602800e-02 1.140800e-01
29 8.170560e-01 5.903600e-02 1.239080e-01
30 8.037280e-01 6.184400e-02 1.344280e-01
31 7.901800e-01 6.426800e-02 1.455520e-01
32 7.770080e-01 6.601600e-02 1.569760e-01
33 7.631680e-01 6.801200e-02 1.688200e-01
34 7.494080e-01 6.979600e-02 1.807960e-01
35 7.355600e-01 7.106000e-02 1.933800e-01
36 7.214320e-01 7.242400e-02 2.061440e-01
37 7.075080e-01 7.333200e-02 2.191600e-01
38 6.937880e-01 7.434400e-02 2.318680e-01
39 6.790560e-01 7.608000e-02 2.448640e-01
40 6.645160e-01 7.707200e-02 2.584120e-01
41 6.493800e-01 7.878800e-02 2.718320e-01
42 6.345360e-01 7.966000e-02 2.858040e-01
43 6.201200e-01 8.069600e-02 2.991840e-01
44 6.054120e-01 8.091600e-02 3.136720e-01
45 5.901280e-01 8.210400e-02 3.277680e-01
46 5.756400e-01 8.192000e-02 3.424400e-01
47 5.608200e-01 8.254400e-02 3.566360e-01
48 5.459720e-01 8.296800e-02 3.710600e-01
49 5.315080e-01 8.303600e-02 3.854560e-01
50 5.165200e-01 8.365200e-02 3.998280e-01
51 5.017960e-01 8.396400e-02 4.142400e-01
52 4.878080e-01 8.294400e-02 4.292480e-01
53 4.736360e-01 8.249600e-02 4.438680e-01
54 4.590200e-01 8.288400e-02 4.580960e-01
55 4.443320e-01 8.320800e-02 4.724600e-01
56 4.301920e-01 8.270000e-02 4.871080e-01
57 4.159400e-01 8.266000e-02 5.014000e-01
58 4.010400e-01 8.298000e-02 5.159800e-01
59 3.866320e-01 8.268400e-02 5.306840e-01
60 3.722840e-01 8.262000e-02 5.450960e-01
61 3.581880e-01 8.244800e-02 5.593640e-01
62 3.439600e-01 8.188800e-02 5.741520e-01
63 3.303200e-01 8.140000e-02 5.882800e-01
64 3.169680e-01 8.052800e-02 6.025040e-01
65 3.037000e-01 7.962800e-02 6.166720e-01
66 2.908680e-01 7.888400e-02 6.302480e-01
67 2.783440e-01 7.792400e-02 6.437320e-01
68 2.659920e-01 7.682400e-02 6.571840e-01
69 2.535240e-01 7.548400e-02 6.709920e-01
70 2.418480e-01 7.396400e-02 6.841880e-01
71 2.301080e-01 7.292800e-02 6.969640e-01
72 2.190040e-01 7.148400e-02 7.095120e-01
73 2.089000e-01 6.952000e-02 7.215800e-01
74 1.995320e-01 6.644400e-02 7.340240e-01
75 1.907800e-01 6.399600e-02 7.452240e-01
76 1.820800e-01 6.137200e-02 7.565480e-01
77 1.737480e-01 5.900800e-02 7.672440e-01
78 1.658240e-01 5.666000e-02 7.775160e-01
79 1.581440e-01 5.434400e-02 7.875120e-01
80 1.510760e-01 5.222000e-02 7.967040e-01
81 1.441880e-01 5.046800e-02 8.053440e-01
82 1.376000e-01 4.817600e-02 8.142240e-01
83 1.314440e-01 4.619600e-02 8.223600e-01
84 1.252120e-01 4.474400e-02 8.300440e-01
85 1.190520e-01 4.308800e-02 8.378600e-01
86 1.132520e-01 4.162800e-02 8.451200e-01
87 1.075480e-01 4.004000e-02 8.524120e-01
88 1.023120e-01 3.870400e-02 8.589840e-01
89 9.716800e-02 3.715600e-02 8.656760e-01
90 9.197600e-02 3.554800e-02 8.724760e-01
91 8.730400e-02 3.406800e-02 8.786280e-01
92 8.287600e-02 3.270800e-02 8.844160e-01
93 7.850000e-02 3.152400e-02 8.899760e-01
94 7.434400e-02 3.022400e-02 8.954320e-01
95 7.060000e-02 2.871200e-02 9.006880e-01
96 6.697600e-02 2.724800e-02 9.057760e-01
97 6.344800e-02 2.609600e-02 9.104560e-01
98 5.997600e-02 2.509600e-02 9.149280e-01
99 5.698000e-02 2.372400e-02 9.192960e-01
100 5.408400e-02 2.247600e-02 9.234400e-01
101 5.152800e-02 2.122800e-02 9.272440e-01
102 4.928800e-02 2.001200e-02 9.307000e-01
103 4.704400e-02 1.884000e-02 9.341160e-01
104 4.510800e-02 1.756400e-02 9.373280e-01
105 4.330800e-02 1.637600e-02 9.403160e-01
106 4.160800e-02 1.530000e-02 9.430920e-01
107 4.005200e-02 1.417600e-02 9.457720e-01
108 3.865200e-02 1.314800e-02 9.482000e-01
109 3.720000e-02 1.231600e-02 9.504840e-01
110 3.601600e-02 1.157200e-02 9.524120e-01
111 3.493200e-02 1.081200e-02 9.542560e-01
112 3.396400e-02 9.908000e-03 9.561280e-01
113 3.304400e-02 8.984000e-03 9.579720e-01
114 3.226800e-02 8.140000e-03 9.595920e-01
115 3.160000e-02 7.432000e-03 9.609680e-01
116 3.098000e-02 6.840000e-03 9.621800e-01
117 3.045600e-02 6.224000e-03 9.633200e-01
118 3.002800e-02 5.668000e-03 9.643040e-01
119 2.960400e-02 5.144000e-03 9.652520e-01
120 2.926000e-02 4.548000e-03 9.661920e-01
121 2.899600e-02 4.064000e-03 9.669400e-01
122 2.880400e-02 3.632000e-03 9.675640e-01
123 2.862800e-02 3.244000e-03 9.681280e-01
124 2.850400e-02 2.788000e-03 9.687080e-01
125 2.836400e-02 2.500000e-03 9.691360e-01
126 2.829200e-02 2.176000e-03 9.695320e-01
127 2.820000e-02 1.884000e-03 9.699160e-01
128 2.812800e-02 1.656000e-03 9.702160e-01
129 2.809200e-02 1.400000e-03 9.705080e-01
130 2.805600e-02 1.156000e-03 9.707880e-01
131 2.801600e-02 9.920000e-04 9.709920e-01
132 2.799600e-02 8.480000e-04 9.711560e-01
133 2.796400e-02 7.320000e-04 9.713040e-01
134 2.794000e-02 6.200000e-04 9.714400e-01
135 2.793200e-02 5.080000e-04 9.715600e-01
136 2.792800e-02 4.280000e-04 9.716440e-01
137 2.792800e-02 3.720000e-04 9.717000e-01
138 2.792800e-02 3.240000e-04 9.717480e-01
139 2.792400e-02 2.840000e-04 9.717920e-01
140 2.792000e-02 2.400000e-04 9.718400e-01
141 2.790800e-02 1.880000e-04 9.719040e-01
142 2.790800e-02 1.640000e-04 9.719280e-01
143 2.790400e-02 1.280000e-04 9.719680e-01
144 2.790400e-02 1.000000e-04 9.719960e-01
145 2.790400e-02 8.800000e-05 9.720080e-01
146 2.790400e-02 7.600000e-05 9.720200e-01
147 2.790000e-02 6.000000e-05 9.720400e-01
148 2.790000e-02 6.000000e-05 9.720400e-01
149 2.790000e-02 5.200000e-05 9.720480e-01
150 2.790000e-02 3.600000e-05 9.720640e-01
151 2.790000e-02 3.200000e-05 9.720680e-01
152 2.789600e-02 2.400000e-05 9.720800e-01
153 2.789600e-02 2.000000e-05 9.720840e-01
154 2.789200e-02 2.400000e-05 9.720840e-01
155 2.789200e-02 2.000000e-05 9.720880e-01
156 2.789200e-02 8.000000e-06 9.721000e-01
157 2.789200e-02 4.000000e-06 9.721040e-01
158 2.789200e-02 4.000000e-06 9.721040e-01
159 2.789200e-02 4.000000e-06 9.721040e-01
160 2.789200e-02 4.000000e-06 9.721040e-01
161 2.789200e-02 4.000000e-06 9.721040e-01
162 2.789200e-02 4.000000e-06 9.721040e-01
163 2.789200e-02 4.000000e-06 9.721040e-01
164 2.789200e-02 0.000000e+00 9.721080e-01
165 2.789200e-02 0.000000e+00 9.721080e-01
166 2.789200e-02 0.000000e+00 9.721080e-01
167 2.789200e-02 0.000000e+00 9.721080e-01
168 2.789200e-02 0.000000e+00 9.721080e-01
169 2.789200e-02 0.000000e+00 9.721080e-01
170 2.789200e-02 0.000000e+00 9.721080e-01
171 2.789200e-02 0.000000e+00 9.721080e-01
172 2.789200e-02 0.000000e+00 9.721080e-01
173 2.789200e-02 0.000000e+00 9.721080e-01
174 2.789200e-02 0.000000e+00 9.721080e-01
175 2.789200e-02 0.000000e+00 9.721080e-01
176 2.789200e-02 0.000000e+00 9.721080e-01
177 2.789200e-02 0.000000e+00 9.721080e-01
178 2.789200e-02 0.000000e+00 9.721080e-01
179 2.789200e-02 0.000000e+00 9.721080e-01
180 2.789200e-02 0.000000e+00 9.721080e-01
181 2.789200e-02 0.000000e+00 9.721080e-01
182 2.789200e-02 0.000000e+00 9.721080e-01
183 2.789200e-02 0.000000e+00 9.721080e-01
184 2.789200e-02 0.000000e+00 9.721080e-01
185 2.789200e-02 0.000000e+00 9.721080e-01
186 2.789200e-02 0.000000e+00 9.721080e-01
187 2.789200e-02 0.000000e+00 9.721080e-01
188 2.789200e-02 0.000000e+00 9.721080e-01
189 2.789200e-02 0.000000e+00 9.721080e-01
190 2.789200e-02 0.000000e+00 9.721080e-01
191 2.789200e-02 0.000000e+00 9.721080e-01
192 2.789200e-02 0.000000e+00 9.721080e-01
193 2.789200e-02 0.000000e+00 9.721080e-01
194 2.789200e-02 0.000000e+00 9.721080e-01
195 2.789200e-02 0.000000e+00 9.721080e-01
196 2.789200e-02 0.000000e+00 9.721080e-01
197 2.789200e-02 0.000000e+00 9.721080e-01
198 2.789200e-02 0.000000e+00 9.721080e-01
199 2.789200e-02 0.000000e+00 9.721080e-01
200 2.789200e-02 0.000000e+00 9.721080e-01
201 2.789200e-02 0.000000e+00 9.721080e-01
202 2.789200e-02 0.000000e+00 9.721080e-01
203 2.789200e-02 0.000000e+00 9.721080e-01
204 2.789200e-02 0.000000e+00 9.721080e-01
205 2.789200e-02 0.000000e+00 9.721080e-01
206 2.789200e-02 0.000000e+00 9.721080e-01
207 2.789200e-02 0.000000e+00 9.721080e-01
208 2.789200e-02 0.000000e+00 9.721080e-01
209 2.789200e-02 0.000000e+00 9.721080e-01
210 2.789200e-02 0.000000e+00 9.721080e-01
211 2.789200e-02 0.000000e+00 9.721080e-01
212 2.789200e-02 0.000000e+00 9.721080e-01
213 2.789200e-02 0.000000e+00 9.721080e-01
214 2.789200e-02 0.000000e+00 9.721080e-01
215 2.789200e-02 0.000000e+00 9.721080e-01
216 2.789200e-02 0.000000e+00 9.721080e-01
217 2.789200e-02 0.000000e+00 9.721080e-01
218 2.789200e-02 0.000000e+00 9.721080e-01
219 2.789200e-02 0.000000e+00 9.721080e-01
220 2.789200e-02 0.000000e+00 9.721080e-01
221 2.789200e-02 0.000000e+00 9.721080e-01
222 2.789200e-02 0.000000e+00 9.721080e-01
223 2.789200e-02 0.000000e+00 9.721080e-01
224 2.789200e-02 0.000000e+00 9.721080e-01
225 2.789200e-02 0.000000e+00 9.721080e-01
226 2.789200e-02 0.000000e+00 9.721080e-01
227 2.789200e-02 0.000000e+00 9.721080e-01
228 2.789200e-02 0.000000e+00 9.721080e-01
229 2.789200e-02 0.000000e+00 9.721080e-01
230 2.789200e-02 0.000000e+00 9.721080e-01
231 2.789200e-02 0.000000e+00 9.721080e-01
232 2.789200e-02 0.000000e+00 9.721080e-01
233 2.789200e-02 0.000000e+00 9.721080e-01
234 2.789200e-02 0.000000e+00 9.721080e-01
235 2.789200e-02 0.000000e+00 9.721080e-01
236 2.789200e-02 0.000000e+00 9.721080e-01
237 2.789200e-02 0.000000e+00 9.721080e-01
238 2.789200e-02 0.000000e+00 9.721080e-01
239 2.789200e-02 0.000000e+00 9.721080e-01
240 2.789200e-02 0.000000e+00 9.721080e-01
241 2.789200e-02 0.000000e+00 9.721080e-01
242 2.789200e-02 0.000000e+00 9.721080e-01
243 2.789200e-02 0.000000e+00 9.721080e-01
244 2.789200e-02 0.000000e+00 9.721080e-01
245 2.789200e-02 0.000000e+00 9.721080e-01
246 2.789200e-02 0.000000e+00 9.721080e-01
247 2.789200e-02 0.000000e+00 9.721080e-01
248 2.789200e-02 0.000000e+00 9.721080e-01
249 2.789200e-02 0.000000e+00 9.721080e-01
250 2.789200e-02 0.000000e+00 9.721080e-01
251 2.789200e-02 0.000000e+00 9.721080e-01
252 2.789200e-02 0.000000e+00 9.721080e-01
253 2.789200e-02 0.000000e+00 9.721080e-01
254 2.789200e-02 0.000000e+00 9.721080e-01
255 2.789200e-02 0.000000e+00 9.721080e-01
256 2.789200e-02 0.000000e+00 9.721080e-01
257 2.789200e-02 0.000000e+00 9.721080e-01
258 2.789200e-02 0.000000e+00 9.721080e-01
259 2.789200e-02 0.000000e+00 9.721080e-01
260 2.789200e-02 0.000000e+00 9.721080e-01
261 2.789200e-02 0.000000e+00 9.721080e-01
262 2.789200e-02 0.000000e+00 9.721080e-01
263 2.789200e-02 0.000000e+00 9.721080e-01
264 2.789200e-02 0.000000e+00 9.721080e-01
265 2.789200e-02 0.000000e+00 9.721080e-01
266 2.789200e-02 0.000000e+00 9.721080e-01
267 2.789200e-02 0.000000e+00 9.721080e-01
268 2.789200e-02 0.000000e+00 9.721080e-01
269 2.789200e-02 0.000000e+00 9.721080e-01
270 2.789200e-02 0.000000e+00 9.721080e-01
271 2.789200e-02 0.000000e+00 9.721080e-01
272 2.789200e-02 0.000000e+00 9.721080e-01
273 2.789200e-02 0.000000e+00 9.721080e-01
274 2.789200e-02 0.000000e+00 9.721080e-01
275 2.789200e-02 0.000000e+00 9.721080e-01
276 2.789200e-02 0.000000e+00 9.721080e-01
277 2.789200e-02 0.000000e+00 9.721080e-01
278 2.789200e-02 0.000000e+00 9.721080e-01
279 2.789200e-02 0.000000e+00 9.721080e-01
280 2.789200e-02 0.000000e+00 9.721080e-01
281 2.789200e-02 0.000000e+00 9.721080e-01
282 2.789200e-02 0.000000e+00 9.721080e-01
283 2.789200e-02 0.000000e+00 9.721080e-01
284 2.789200e-02 0.000000e+00 9.721080e-01
285 2.789200e-02 0.000000e+00 9.721080e-01
286 2.789200e-02 0.000000e+00 9.721080e-01
287 2.789200e-02 0.000000e+00 9.721080e-01
288 2.789200e-02 0.000000e+00 9.721080e-01
289 2.789200e-02 0.000000e+00 9.721080e-01
290 2.789200e-02 0.000000e+00 9.721080e-01
291 2.789200e-02 0.000000e+00 9.721080e-01
292 2.789200e-02 0.000000e+00 9.721080e-01
293 2.789200e-02 0.000000e+00 9.721080e-01
294 2.789200e-02 0.000000e+00 9.721080e-01
295 2.789200e-02 0.000000e+00 9.721080e-01
296 2.789200e-02 0.000000e+00 9.721080e-01
297 2.789200e-02 0.000000e+00 9.721080e-01
298 2.789200e-02 0.000000e+00 9.721080e-01
299 2.789200e-02 0.000000e+00 9.721080e-01
300 2.789200e-02 0.000000e+00 9.721080e-01
301 2.789200e-02 0.000000e+00 9.721080e-01
302 2.789200e-02 0.000000e+00 9.721080e-01
303 2.789200e-02 0.000000e+00 9.721080e-01
304 2.789200e-02 0.000000e+00 9.721080e-01
305 2.789200e-02 0.000000e+00 9.721080e-01
306 2.789200e-02 0.000000e+00 9.721080e-01
307 2.789200e-02 0.000000e+00 9.721080e-01
308 2.789200e-02 0.000000e+00 9.721080e-01
309 2.789200e-02 0.000000e+00 9.721080e-01
310 2.789200e-02 0.000000e+00 9.721080e-01
311 2.789200e-02 0.000000e+00 9.721080e-01
312 2.789200e-02 0.000000e+00 9.721080e-01
313 2.789200e-02 0.000000e+00 9.721080e-01
314 2.789200e-02 0.000000e+00 9.721080e-01
315 2.789200e-02 0.000000e+00 9.721080e-01
316 2.789200e-02 0.000000e+00 9.721080e-01
317 2.789200e-02 0.000000e+00 9.721080e-01
318 2.789200e-02 0.000000e+00 9.721080e-01
319 2.789200e-02 0.000000e+00 9.721080e-01
320 2.789200e-02 0.000000e+00 9.721080e-01
321 2.789200e-02 0.000000e+00 9.721080e-01
322 2.789200e-02 0.000000e+00 9.721080e-01
323 2.789200e-02 0.000000e+00 9.721080e-01
324 2.789200e-02 0.000000e+00 9.721080e-01
325 2.789200e-02 0.000000e+00 9.721080e-01
326 2.789200e-02 0.000000e+00 9.721080e-01
327 2.789200e-02 0.000000e+00 9.721080e-01
328 2.789200e-02 0.000000e+00 9.721080e-01
329 2.789200e-02 0.000000e+00 9.721080e-01
330 2.789200e-02 0.000000e+00 9.721080e-01
331 2.789200e-02 0.000000e+00 9.721080e-01
332 2.789200e-02 0.000000e+00 9.721080e-01
333 2.789200e-02 0.000000e+00 9.721080e-01
334 2.789200e-02 0.000000e+00 9.721080e-01
335 2.789200e-02 0.000000e+00 9.721080e-01
336 2.789200e-02 0.000000e+00 9.721080e-01
337 2.789200e-02 0.000000e+00 9.721080e-01
338 2.789200e-02 0.000000e+00 9.721080e-01
339 2.789200e-02 0.000000e+00 9.721080e-01
340 2.789200e-02 0.000000e+00 9.721080e-01
341 2.789200e-02 0.000000e+00 9.721080e-01
342 2.789200e-02 0.000000e+00 9.721080e-01
343 2.789200e-02 0.000000e+00 9.721080e-01
344 2.789200e-02 0.000000e+00 9.721080e-01
345 2.789200e-02 0.000000e+00 9.721080e-01
346 2.789200e-02 0.000000e+00 9.721080e-01
347 2.789200e-02 0.000000e+00 9.721080e-01
348 2.789200e-02 0.000000e+00 9.721080e-01
349 2.789200e-02 0.000000e+00 9.721080e-01
350 2.789200e-02 0.000000e+00 9.721080e-01
351 2.789200e-02 0.000000e+00 9.721080e-01
352 2.789200e-02 0.000000e+00 9.721080e-01
353 2.789200e-02 0.000000e+00 9.721080e-01
354 2.789200e-02 0.000000e+00 9.721080e-01
355 2.789200e-02 0.000000e+00 9.721080e-01
356 2.789200e-02 0.000000e+00 9.721080e-01
357 2.789200e-02 0.000000e+00 9.721080e-01
358 2.789200e-02 0.000000e+00 9.721080e-01
359 2.789200e-02 0.000000e+00 9.721080e-01
360 2.789200e-02 0.000000e+00 9.721080e-01
361 2.789200e-02 0.000000e+00 9.721080e-01
362 2.789200e-02 0.000000e+00 9.721080e-01
363 2.789200e-02 0.000000e+00 9.721080e-01
364 2.789200e-02 0.000000e+00 9.721080e-01
365 2.789200e-02 0.000000e+00 9.721080e-01
366 2.789200e-02 0.000000e+00 9.721080e-01
367 2.789200e-02 0.000000e+00 9.721080e-01
368 2.789200e-02 0.000000e+00 9.721080e-01
369 2.789200e-02 0.000000e+00 9.721080e-01
370 2.789200e-02 0.000000e+00 9.721080e-01
371 2.789200e-02 0.000000e+00 9.721080e-01
372 2.789200e-02 0.000000e+00 9.721080e-01
373 2.789200e-02 0.000000e+00 9.721080e-01
374 2.789200e-02 0.000000e+00 9.721080e-01
375 2.789200e-02 0.000000e+00 9.721080e-01
376 2.789200e-02 0.000000e+00 9.721080e-01
377 2.789200e-02 0.000000e+00 9.721080e-01
378 2.789200e-02 0.000000e+00 9.721080e-01
379 2.789200e-02 0.000000e+00 9.721080e-01
380 2.789200e-02 0.000000e+00 9.721080e-01
381 2.789200e-02 0.000000e+00 9.721080e-01
382 2.789200e-02 0.000000e+00 9.721080e-01
383 2.789200e-02 0.000000e+00 9.721080e-01
384 2.789200e-02 0.000000e+00 9.721080e-01
385 2.789200e-02 0.000000e+00 9.721080e-01
386 2.789200e-02 0.000000e+00 9.721080e-01
387 2.789200e-02 0.000000e+00 9.721080e-01
388 2.789200e-02 0.000000e+00 9.721080e-01
389 2.789200e-02 0.000000e+00 9.721080e-01
390 2.789200e-02 0.000000e+00 9.721080e-01
391 2.789200e-02 0.000000e+00 9.721080e-01
392 2.789200e-02 0.000000e+00 9.721080e-01
393 2.789200e-02 0.000000e+00 9.721080e-01
394 2.789200e-02 0.000000e+00 9.721080e-01
395 2.789200e-02 0.000000e+00 9.721080e-01
396 2.789200e-02 0.000000e+00 9.721080e-01
397 2.789200e-02 0.000000e+00 9.721080e-01
398 2.789200e-02 0.000000e+00 9.721080e-01
399 2.789200e-02 0.000000e+00 9.721080e-01
400 2.789200e-02 0.000000e+00 9.721080e-01
401 2.789200e-02 0.000000e+00 9.721080e-01
402 2.789200e-02 0.000000e+00 9.721080e-01
403 2.789200e-02 0.000000e+00 9.721080e-01
404 2.789200e-02 0.000000e+00 9.721080e-01
405 2.789200e-02 0.000000e+00 9.721080e-01
406 2.789200e-02 0.000000e+00 9.721080e-01
407 2.789200e-02 0.000000e+00 9.721080e-01
408 2.789200e-02 0.000000e+00 9.721080e-01
409 2.789200e-02 0.000000e+00 9.721080e-01
410 2.789200e-02 0.000000e+00 9.721080e-01
411 2.789200e-02 0.000000e+00 9.721080e-01
412 2.789200e-02 0.000000e+00 9.721080e-01
413 2.789200e-02 0.000000e+00 9.721080e-01
414 2.789200e-02 0.000000e+00 9.721080e-01
415 2.789200e-02 0.000000e+00 9.721080e-01
416 2.789200e-02 0.000000e+00 9.721080e-01
417 2.789200e-02 0.000000e+00 9.721080e-01
418 2.789200e-02 0.000000e+00 9.721080e-01
419 2.789200e-02 0.000000e+00 9.721080e-01
420 2.789200e-02 0.000000e+00 9.721080e-01
421 2.789200e-02 0.000000e+00 9.721080e-01
422 2.789200e-02 0.000000e+00 9.721080e-01
423 2.789200e-02 0.000000e+00 9.721080e-01
424 2.789200e-02 0.000000e+00 9.721080e-01
425 2.789200e-02 0.000000e+00 9.721080e-01
426 2.789200e-02 0.000000e+00 9.721080e-01
427 2.789200e-02 0.000000e+00 9.721080e-01
428 2.789200e-02 0.000000e+00 9.721080e-01
429 2.789200e-02 0.000000e+00 9.721080e-01
430 2.789200e-02 0.000000e+00 9.721080e-01
431 2.789200e-02 0.000000e+00 9.721080e-01
432 2.789200e-02 0.000000e+00 9.721080e-01
433 2.789200e-02 0.000000e+00 9.721080e-01
434 2.789200e-02 0.000000e+00 9.721080e-01
435 2.789200e-02 0.000000e+00 9.721080e-01
436 2.789200e-02 0.000000e+00 9.721080e-01
437 2.789200e-02 0.000000e+00 9.721080e-01
438 2.789200e-02 0.000000e+00 9.721080e-01
439 2.789200e-02 0.000000e+00 9.721080e-01
440 2.789200e-02 0.000000e+00 9.721080e-01
441 2.789200e-02 0.000000e+00 9.721080e-01
442 2.789200e-02 0.000000e+00 9.721080e-01
443 2.789200e-02 0.000000e+00 9.721080e-01
444 2.789200e-02 0.000000e+00 9.721080e-01
445 2.789200e-02 0.000000e+00 9.721080e-01
446 2.789200e-02 0.000000e+00 9.721080e-01
447 2.789200e-02 0.000000e+00 9.721080e-01
448 2.789200e-02 0.000000e+00 9.721080e-01
449 2.789200e-02 0.000000e+00 9.721080e-01
450 2.789200e-02 0.000000e+00 9.721080e-01
451 2.789200e-02 0.000000e+00 9.721080e-01
452 2.789200e-02 0.000000e+00 9.721080e-01
453 2.789200e-02 0.000000e+00 9.721080e-01
454 2.789200e-02 0.000000e+00 9.721080e-01
455 2.789200e-02 0.000000e+00 9.721080e-01
456 2.789200e-02 0.000000e+00 9.721080e-01
457 2.789200e-02 0.000000e+00 9.721080e-01
458 2.789200e-02 0.000000e+00 9.721080e-01
459 2.789200e-02 0.000000e+00 9.721080e-01
460 2.789200e-02 0.000000e+00 9.721080e-01
461 2.789200e-02 0.000000e+00 9.721080e-01
462 2.789200e-02 0.000000e+00 9.721080e-01
463 2.789200e-02 0.000000e+00 9.721080e-01
464 2.789200e-02 0.000000e+00 9.721080e-01
465 2.789200e-02 0.000000e+00 9.721080e-01
466 2.789200e-02 0.000000e+00 9.721080e-01
467 2.789200e-02 0.000000e+00 9.721080e-01
468 2.789200e-02 0.000000e+00 9.721080e-01
469 2.789200e-02 0.000000e+00 9.721080e-01
470 2.789200e-02 0.000000e+00 9.721080e-01
471 2.789200e-02 0.000000e+00 9.721080e-01
472 2.789200e-02 0.000000e+00 9.721080e-01
473 2.789200e-02 0.000000e+00 9.721080e-01
474 2.789200e-02 0.000000e+00 9.721080e-01
475 2.789200e-02 0.000000e+00 9.721080e-01
476 2.789200e-02 0.000000e+00 9.721080e-01
477 2.789200e-02 0.000000e+00 9.721080e-01
478 2.789200e-02 0.000000e+00 9.721080e-01
479 2.789200e-02 0.000000e+00 9.721080e-01
480 2.789200e-02 0.000000e+00 9.721080e-01
481 2.789200e-02 0.000000e+00 9.721080e-01
482 2.789200e-02 0.000000e+00 9.721080e-01
483 2.789200e-02 0.000000e+00 9.721080e-01
484 2.789200e-02 0.000000e+00 9.721080e-01
485 2.789200e-02 0.000000e+00 9.721080e-01
486 2.789200e-02 0.000000e+00 9.721080e-01
487 2.789200e-02 0.000000e+00 9.721080e-01
488 2.789200e-02 0.000000e+00 9.721080e-01
489 2.789200e-02 0.000000e+00 9.721080e-01
490 2.789200e-02 0.000000e+00 9.721080e-01
491 2.789200e-02 0.000000e+00 9.721080e-01
492 2.789200e-02 0.000000e+00 9.721080e-01
493 2.789200e-02 0.000000e+00 9.721080e-01
494 2.789200e-02 0.000000e+00 9.721080e-01
495 2.789200e-02 0.000000e+00 9.721080e-01
496 2.789200e-02 0.000000e+00 9.721080e-01
497 2.789200e-02 0.000000e+00 9.721080e-01
498 2.789200e-02 0.000000e+00 9.721080e-01
499 2.789200e-02 0.000000e+00 9.721080e-01
500 2.789200e-02 0.000000e+00 9.721080e-01
