1 9.991080e-01 8.120000e-04 8.000000e-05
2 9.984760e-01 1.236000e-03 2.880000e-04
3 9.975760e-01 1.852000e-03 5.720000e-04
4 9.964560e-01 2.584000e-03 9.600000e-04
5 9.950040e-01 3.504000e-03 1.492000e-03
6 9.931720e-01 4.580000e-03 2.248000e-03
7 9.908840e-01 5.980000e-03 3.136000e-03
8 9.883440e-01 7.316000e-03 4.340000e-03
9 9.853320e-01 8.912000e-03 5.756000e-03
10 9.817920e-01 1.087600e-02 7.332000e-03
11 9.777640e-01 1.288000e-02 9.356000e-03
12 9.733560e-01 1.481200e-02 1.183200e-02
13 9.685840e-01 1.690000e-02 1.451600e-02
14 9.634120e-01 1.898400e-02 1.760400e-02
15 9.579760e-01 2.094000e-02 2.108400e-02
16 9.519640e-01 2.308400e-02 2.495200e-02
17 9.457400e-01 2.488800e-02 2.937200e-02
18 9.389440e-01 2.721600e-02 3.384000e-02
19 9.319720e-01 2.900400e-02 3.902400e-02
20 9.244160e-01 3.105600e-02 4.452800e-02
21 9.167080e-01 3.304800e-02 5.024400e-02
22 9.079160e-01 3.550400e-02 5.658000e-02
23 8.989680e-01 3.803200e-02 6.300000e-02
24 8.896240e-01 4.029600e-02 7.008000e-02
25 8.797320e-01 4.286000e-02 7.740800e-02
26 8.693760e-01 4.540400e-02 8.522000e-02
27 8.582320e-01 4.822800e-02 9.354000e-02
28 8.467960e-01 5.126400e-02 1.019400e-01
29 8.347800e-01 5.445600e-02 1.107640e-01
30 8.227560e-01 5.674400e-02 1.205000e-01
31 8.098800e-01 5.968400e-02 1.304360e-01
32 7.968640e-01 6.195600e-02 1.411800e-01
33 7.844200e-01 6.344400e-02 1.521360e-01
34 7.708520e-01 6.576400e-02 1.633840e-01
35 7.577320e-01 6.727600e-02 1.749920e-01
36 7.439880e-01 6.914000e-02 1.868720e-01
37 7.302200e-01 7.057200e-02 1.992080e-01
38 7.161080e-01 7.230400e-02 2.115880e-01
39 7.019280e-01 7.384000e-02 2.242320e-01
40 6.869480e-01 7.602400e-02 2.370280e-01
41 6.722120e-01 7.763600e-02 2.501520e-01
42 6.573440e-01 7.896800e-02 2.636880e-01
43 6.422240e-01 8.026400e-02 2.775120e-01
44 6.272480e-01 8.102400e-02 2.917280e-01
45 6.131200e-01 8.079600e-02 3.060840e-01
46 5.986280e-01 8.091600e-02 3.204560e-01
47 5.841400e-01 8.132400e-02 3.345360e-01
48 5.696600e-01 8.139600e-02 3.489440e-01
49 5.546720e-01 8.204000e-02 3.632880e-01
50 5.405080e-01 8.191600e-02 3.775760e-01
51 5.264320e-01 8.208000e-02 3.914880e-01
52 5.120720e-01 8.220800e-02 4.057200e-01
53 4.976120e-01 8.205600e-02 4.203320e-01
54 4.833280e-01 8.221200e-02 4.344600e-01
55 4.687240e-01 8.258800e-02 4.486880e-01
56 4.542360e-01 8.212000e-02 4.636440e-01
57 4.399080e-01 8.199600e-02 4.780960e-01
58 4.257840e-01 8.163600e-02 4.925800e-01
59 4.122240e-01 8.109200e-02 5.066840e-01
60 3.985520e-01 8.040000e-02 5.210480e-01
61 3.856360e-01 7.911200e-02 5.352520e-01
62 3.729040e-01 7.824800e-02 5.488480e-01
63 3.599640e-01 7.748000e-02 5.625560e-01
64 3.474160e-01 7.628800e-02 5.762960e-01
65 3.347760e-01 7.589200e-02 5.893320e-01
66 3.225040e-01 7.481600e-02 6.026800e-01
67 3.107920e-01 7.391600e-02 6.152920e-01
68 2.988240e-01 7.259200e-02 6.285840e-01
69 2.872200e-01 7.150800e-02 6.412720e-01
70 2.761360e-01 6.988800e-02 6.539760e-01
71 2.658400e-01 6.760000e-02 6.665600e-01
72 2.558840e-01 6.598000e-02 6.781360e-01
73 2.465840e-01 6.377600e-02 6.896400e-01
74 2.377640e-01 6.151200e-02 7.007240e-01
75 2.291920e-01 5.961600e-02 7.111920e-01
76 2.204720e-01 5.768000e-02 7.218480e-01
77 2.122520e-01 5.609600e-02 7.316520e-01
78 2.043280e-01 5.463600e-02 7.410360e-01
79 1.967080e-01 5.281200e-02 7.504800e-01
80 1.896080e-01 5.105200e-02 7.593400e-01
81 1.828280e-01 4.889200e-02 7.682800e-01
82 1.765280e-01 4.696800e-02 7.765040e-01
83 1.699640e-01 4.516800e-02 7.848680e-01
84 1.634200e-01 4.395200e-02 7.926280e-01
85 1.569960e-01 4.286000e-02 8.001440e-01
86 1.505440e-01 4.200400e-02 8.074520e-01
87 1.445480e-01 4.086400e-02 8.145880e-01
88 1.386120e-01 3.995600e-02 8.214320e-01
89 1.329400e-01 3.870400e-02 8.283560e-01
90 1.275960e-01 3.712000e-02 8.352840e-01
91 1.223240e-01 3.600800e-02 8.416680e-01
92 1.170680e-01 3.511600e-02 8.478160e-01
93 1.118680e-01 3.434400e-02 8.537880e-01
94 1.071480e-01 3.303600e-02 8.598160e-01
95 1.021760e-01 3.220000e-02 8.656240e-01
96 9.811200e-02 3.055600e-02 8.713320e-01
97 9.408000e-02 2.927200e-02 8.766480e-01
98 9.028800e-02 2.795200e-02 8.817600e-01
99 8.663600e-02 2.679600e-02 8.865680e-01
100 8.321200e-02 2.556800e-02 8.912200e-01
101 7.987600e-02 2.458400e-02 8.955400e-01
102 7.676000e-02 2.340000e-02 8.998400e-01
103 7.356400e-02 2.260800e-02 9.038280e-01
104 7.070800e-02 2.152000e-02 9.077720e-01
105 6.804400e-02 2.041600e-02 9.115400e-01
106 6.549200e-02 1.963200e-02 9.148760e-01
107 6.327600e-02 1.853200e-02 9.181920e-01
108 6.117600e-02 1.738800e-02 9.214360e-01
109 5.918800e-02 1.644800e-02 9.243640e-01
110 5.728400e-02 1.563600e-02 9.270800e-01
111 5.560400e-02 1.476400e-02 9.296320e-01
112 5.382000e-02 1.410400e-02 9.320760e-01
113 5.238800e-02 1.312400e-02 9.344880e-01
114 5.078800e-02 1.247200e-02 9.367400e-01
115 4.936400e-02 1.200400e-02 9.386320e-01
116 4.801600e-02 1.122000e-02 9.407640e-01
117 4.662800e-02 1.063600e-02 9.427360e-01
118 4.532800e-02 9.984000e-03 9.446880e-01
119 4.408400e-02 9.400000e-03 9.465160e-01
120 4.303200e-02 8.844000e-03 9.481240e-01
121 4.211200e-02 8.212000e-03 9.496760e-01
122 4.110000e-02 7.860000e-03 9.510400e-01
123 4.023600e-02 7.444000e-03 9.523200e-01
124 3.933600e-02 6.968000e-03 9.536960e-01
125 3.858000e-02 6.552000e-03 9.548680e-01
126 3.776800e-02 6.152000e-03 9.560800e-01
127 3.708000e-02 5.724000e-03 9.571960e-01
128 3.634000e-02 5.516000e-03 9.581440e-01
129 3.569200e-02 5.248000e-03 9.590600e-01
130 3.504000e-02 5.072000e-03 9.598880e-01
131 3.447600e-02 4.784000e-03 9.607400e-01
132 3.390800e-02 4.444000e-03 9.616480e-01
133 3.350000e-02 4.152000e-03 9.623480e-01
134 3.303200e-02 3.984000e-03 9.629840e-01
135 3.259200e-02 3.780000e-03 9.636280e-01
136 3.208400e-02 3.604000e-03 9.643120e-01
137 3.170400e-02 3.412000e-03 9.648840e-01
138 3.135600e-02 3.264000e-03 9.653800e-01
139 3.100000e-02 3.048000e-03 9.659520e-01
140 3.067200e-02 2.812000e-03 9.665160e-01
141 3.032000e-02 2.676000e-03 9.670040e-01
142 3.011200e-02 2.412000e-03 9.674760e-01
143 2.988400e-02 2.268000e-03 9.678480e-01
144 2.968000e-02 2.060000e-03 9.682600e-01
145 2.950800e-02 1.856000e-03 9.686360e-01
146 2.933600e-02 1.700000e-03 9.689640e-01
147 2.926000e-02 1.512000e-03 9.692280e-01
148 2.916400e-02 1.356000e-03 9.694800e-01
149 2.910400e-02 1.192000e-03 9.697040e-01
150 2.904000e-02 1.116000e-03 9.698440e-01
151 2.900000e-02 9.600000e-04 9.700400e-01
152 2.898400e-02 8.280000e-04 9.701880e-01
153 2.897600e-02 6.880000e-04 9.703360e-01
154 2.895200e-02 6.120000e-04 9.704360e-01
155 2.894400e-02 5.200000e-04 9.705360e-01
156 2.894000e-02 4.360000e-04 9.706240e-01
157 2.892800e-02 3.600000e-04 9.707120e-01
158 2.892400e-02 3.000000e-04 9.707760e-01
159 2.892400e-02 2.680000e-04 9.708080e-01
160 2.891600e-02 2.440000e-04 9.708400e-01
161 2.891200e-02 2.320000e-04 9.708560e-01
162 2.891200e-02 1.720000e-04 9.709160e-01
163 2.891200e-02 1.600000e-04 9.709280e-01
164 2.891200e-02 1.360000e-04 9.709520e-01
165 2.891200e-02 1.080000e-04 9.709800e-01
166 2.891200e-02 8.000000e-05 9.710080e-01
167 2.891200e-02 7.600000e-05 9.710120e-01
168 2.891200e-02 7.200000e-05 9.710160e-01
169 2.891200e-02 6.000000e-05 9.710280e-01
170 2.891200e-02 5.200000e-05 9.710360e-01
171 2.891200e-02 5.200000e-05 9.710360e-01
172 2.891200e-02 4.000000e-05 9.710480e-01
173 2.891200e-02 2.800000e-05 9.710600e-01
174 2.891200e-02 2.000000e-05 9.710680e-01
175 2.891200e-02 1.200000e-05 9.710760e-01
176 2.891200e-02 1.200000e-05 9.710760e-01
177 2.891200e-02 8.000000e-06 9.710800e-01
178 2.891200e-02 8.000000e-06 9.710800e-01
179 2.891200e-02 4.000000e-06 9.710840e-01
180 2.891200e-02 4.000000e-06 9.710840e-01
181 2.891200e-02 4.000000e-06 9.710840e-01
182 2.891200e-02 0.000000e+00 9.710880e-01
183 2.891200e-02 0.000000e+00 9.710880e-01
184 2.891200e-02 0.000000e+00 9.710880e-01
185 2.891200e-02 0.000000e+00 9.710880e-01
186 2.891200e-02 0.000000e+00 9.710880e-01
187 2.891200e-02 0.000000e+00 9.710880e-01
188 2.891200e-02 0.000000e+00 9.710880e-01
189 2.891200e-02 0.000000e+00 9.710880e-01
190 2.891200e-02 0.000000e+00 9.710880e-01
191 2.891200e-02 0.000000e+00 9.710880e-01
192 2.891200e-02 0.000000e+00 9.710880e-01
193 2.891200e-02 0.000000e+00 9.710880e-01
194 2.891200e-02 0.000000e+00 9.710880e-01
195 2.891200e-02 0.000000e+00 9.710880e-01
196 2.891200e-02 0.000000e+00 9.710880e-01
197 2.891200e-02 0.000000e+00 9.710880e-01
198 2.891200e-02 0.000000e+00 9.710880e-01
199 2.891200e-02 0.000000e+00 9.710880e-01
200 2.891200e-02 0.000000e+00 9.710880e-01
201 2.891200e-02 0.000000e+00 9.710880e-01
202 2.891200e-02 0.000000e+00 9.710880e-01
203 2.891200e-02 0.000000e+00 9.710880e-01
204 2.891200e-02 0.000000e+00 9.710880e-01
205 2.891200e-02 0.000000e+00 9.710880e-01
206 2.891200e-02 0.000000e+00 9.710880e-01
207 2.891200e-02 0.000000e+00 9.710880e-01
208 2.891200e-02 0.000000e+00 9.710880e-01
209 2.891200e-02 0.000000e+00 9.710880e-01
210 2.891200e-02 0.000000e+00 9.710880e-01
211 2.891200e-02 0.000000e+00 9.710880e-01
212 2.891200e-02 0.000000e+00 9.710880e-01
213 2.891200e-02 0.000000e+00 9.710880e-01
214 2.891200e-02 0.000000e+00 9.710880e-01
215 2.891200e-02 0.000000e+00 9.710880e-01
216 2.891200e-02 0.000000e+00 9.710880e-01
217 2.891200e-02 0.000000e+00 9.710880e-01
218 2.891200e-02 0.000000e+00 9.710880e-01
219 2.891200e-02 0.000000e+00 9.710880e-01
220 2.891200e-02 0.000000e+00 9.710880e-01
221 2.891200e-02 0.000000e+00 9.710880e-01
222 2.891200e-02 0.000000e+00 9.710880e-01
223 2.891200e-02 0.000000e+00 9.710880e-01
224 2.891200e-02 0.000000e+00 9.710880e-01
225 2.891200e-02 0.000000e+00 9.710880e-01
226 2.891200e-02 0.000000e+00 9.710880e-01
227 2.891200e-02 0.000000e+00 9.710880e-01
228 2.891200e-02 0.000000e+00 9.710880e-01
229 2.891200e-02 0.000000e+00 9.710880e-01
230 2.891200e-02 0.000000e+00 9.710880e-01
231 2.891200e-02 0.000000e+00 9.710880e-01
232 2.891200e-02 0.000000e+00 9.710880e-01
233 2.891200e-02 0.000000e+00 9.710880e-01
234 2.891200e-02 0.000000e+00 9.710880e-01
235 2.891200e-02 0.000000e+00 9.710880e-01
236 2.891200e-02 0.000000e+00 9.710880e-01
237 2.891200e-02 0.000000e+00 9.710880e-01
238 2.891200e-02 0.000000e+00 9.710880e-01
239 2.891200e-02 0.000000e+00 9.710880e-01
240 2.891200e-02 0.000000e+00 9.710880e-01
241 2.891200e-02 0.000000e+00 9.710880e-01
242 2.891200e-02 0.000000e+00 9.710880e-01
243 2.891200e-02 0.000000e+00 9.710880e-01
244 2.891200e-02 0.000000e+00 9.710880e-01
245 2.891200e-02 0.000000e+00 9.710880e-01
246 2.891200e-02 0.000000e+00 9.710880e-01
247 2.891200e-02 0.000000e+00 9.710880e-01
248 2.891200e-02 0.000000e+00 9.710880e-01
249 2.891200e-02 0.000000e+00 9.710880e-01
250 2.891200e-02 0.000000e+00 9.710880e-01
251 2.891200e-02 0.000000e+00 9.710880e-01
252 2.891200e-02 0.000000e+00 9.710880e-01
253 2.891200e-02 0.000000e+00 9.710880e-01
254 2.891200e-02 0.000000e+00 9.710880e-01
255 2.891200e-02 0.000000e+00 9.710880e-01
256 2.891200e-02 0.000000e+00 9.710880e-01
257 2.891200e-02 0.000000e+00 9.710880e-01
258 2.891200e-02 0.000000e+00 9.710880e-01
259 2.891200e-02 0.000000e+00 9.710880e-01
260 2.891200e-02 0.000000e+00 9.710880e-01
261 2.891200e-02 0.000000e+00 9.710880e-01
262 2.891200e-02 0.000000e+00 9.710880e-01
263 2.891200e-02 0.000000e+00 9.710880e-01
264 2.891200e-02 0.000000e+00 9.710880e-01
265 2.891200e-02 0.000000e+00 9.710880e-01
266 2.891200e-02 0.000000e+00 9.710880e-01
267 2.891200e-02 0.000000e+00 9.710880e-01
268 2.891200e-02 0.000000e+00 9.710880e-01
269 2.891200e-02 0.000000e+00 9.710880e-01
270 2.891200e-02 0.000000e+00 9.710880e-01
271 2.891200e-02 0.000000e+00 9.710880e-01
272 2.891200e-02 0.000000e+00 9.710880e-01
273 2.891200e-02 0.000000e+00 9.710880e-01
274 2.891200e-02 0.000000e+00 9.710880e-01
275 2.891200e-02 0.000000e+00 9.710880e-01
276 2.891200e-02 0.000000e+00 9.710880e-01
277 2.891200e-02 0.000000e+00 9.710880e-01
278 2.891200e-02 0.000000e+00 9.710880e-01
279 2.891200e-02 0.000000e+00 9.710880e-01
280 2.891200e-02 0.000000e+00 9.710880e-01
281 2.891200e-02 0.000000e+00 9.710880e-01
282 2.891200e-02 0.000000e+00 9.710880e-01
283 2.891200e-02 0.000000e+00 9.710880e-01
284 2.891200e-02 0.000000e+00 9.710880e-01
285 2.891200e-02 0.000000e+00 9.710880e-01
286 2.891200e-02 0.000000e+00 9.710880e-01
287 2.891200e-02 0.000000e+00 9.710880e-01
288 2.891200e-02 0.000000e+00 9.710880e-01
289 2.891200e-02 0.000000e+00 9.710880e-01
290 2.891200e-02 0.000000e+00 9.710880e-01
291 2.891200e-02 0.000000e+00 9.710880e-01
292 2.891200e-02 0.000000e+00 9.710880e-01
293 2.891200e-02 0.000000e+00 9.710880e-01
294 2.891200e-02 0.000000e+00 9.710880e-01
295 2.891200e-02 0.000000e+00 9.710880e-01
296 2.891200e-02 0.000000e+00 9.710880e-01
297 2.891200e-02 0.000000e+00 9.710880e-01
298 2.891200e-02 0.000000e+00 9.710880e-01
299 2.891200e-02 0.000000e+00 9.710880e-01
300 2.891200e-02 0.000000e+00 9.710880e-01
301 2.891200e-02 0.000000e+00 9.710880e-01
302 2.891200e-02 0.000000e+00 9.710880e-01
303 2.891200e-02 0.000000e+00 9.710880e-01
304 2.891200e-02 0.000000e+00 9.710880e-01
305 2.891200e-02 0.000000e+00 9.710880e-01
306 2.891200e-02 0.000000e+00 9.710880e-01
307 2.891200e-02 0.000000e+00 9.710880e-01
308 2.891200e-02 0.000000e+00 9.710880e-01
309 2.891200e-02 0.000000e+00 9.710880e-01
310 2.891200e-02 0.000000e+00 9.710880e-01
311 2.891200e-02 0.000000e+00 9.710880e-01
312 2.891200e-02 0.000000e+00 9.710880e-01
313 2.891200e-02 0.000000e+00 9.710880e-01
314 2.891200e-02 0.000000e+00 9.710880e-01
315 2.891200e-02 0.000000e+00 9.710880e-01
316 2.891200e-02 0.000000e+00 9.710880e-01
317 2.891200e-02 0.000000e+00 9.710880e-01
318 2.891200e-02 0.000000e+00 9.710880e-01
319 2.891200e-02 0.000000e+00 9.710880e-01
320 2.891200e-02 0.000000e+00 9.710880e-01
321 2.891200e-02 0.000000e+00 9.710880e-01
322 2.891200e-02 0.000000e+00 9.710880e-01
323 2.891200e-02 0.000000e+00 9.710880e-01
324 2.891200e-02 0.000000e+00 9.710880e-01
325 2.891200e-02 0.000000e+00 9.710880e-01
326 2.891200e-02 0.000000e+00 9.710880e-01
327 2.891200e-02 0.000000e+00 9.710880e-01
328 2.891200e-02 0.000000e+00 9.710880e-01
329 2.891200e-02 0.000000e+00 9.710880e-01
330 2.891200e-02 0.000000e+00 9.710880e-01
331 2.891200e-02 0.000000e+00 9.710880e-01
332 2.891200e-02 0.000000e+00 9.710880e-01
333 2.891200e-02 0.000000e+00 9.710880e-01
334 2.891200e-02 0.000000e+00 9.710880e-01
335 2.891200e-02 0.000000e+00 9.710880e-01
336 2.891200e-02 0.000000e+00 9.710880e-01
337 2.891200e-02 0.000000e+00 9.710880e-01
338 2.891200e-02 0.000000e+00 9.710880e-01
339 2.891200e-02 0.000000e+00 9.710880e-01
340 2.891200e-02 0.000000e+00 9.710880e-01
341 2.891200e-02 0.000000e+00 9.710880e-01
342 2.891200e-02 0.000000e+00 9.710880e-01
343 2.891200e-02 0.000000e+00 9.710880e-01
344 2.891200e-02 0.000000e+00 9.710880e-01
345 2.891200e-02 0.000000e+00 9.710880e-01
346 2.891200e-02 0.000000e+00 9.710880e-01
347 2.891200e-02 0.000000e+00 9.710880e-01
348 2.891200e-02 0.000000e+00 9.710880e-01
349 2.891200e-02 0.000000e+00 9.710880e-01
350 2.891200e-02 0.000000e+00 9.710880e-01
351 2.891200e-02 0.000000e+00 9.710880e-01
352 2.891200e-02 0.000000e+00 9.710880e-01
353 2.891200e-02 0.000000e+00 9.710880e-01
354 2.891200e-02 0.000000e+00 9.710880e-01
355 2.891200e-02 0.000000e+00 9.710880e-01
356 2.891200e-02 0.000000e+00 9.710880e-01
357 2.891200e-02 0.000000e+00 9.710880e-01
358 2.891200e-02 0.000000e+00 9.710880e-01
359 2.891200e-02 0.000000e+00 9.710880e-01
360 2.891200e-02 0.000000e+00 9.710880e-01
361 2.891200e-02 0.000000e+00 9.710880e-01
362 2.891200e-02 0.000000e+00 9.710880e-01
363 2.891200e-02 0.000000e+00 9.710880e-01
364 2.891200e-02 0.000000e+00 9.710880e-01
365 2.891200e-02 0.000000e+00 9.710880e-01
366 2.891200e-02 0.000000e+00 9.710880e-01
367 2.891200e-02 0.000000e+00 9.710880e-01
368 2.891200e-02 0.000000e+00 9.710880e-01
369 2.891200e-02 0.000000e+00 9.710880e-01
370 2.891200e-02 0.000000e+00 9.710880e-01
371 2.891200e-02 0.000000e+00 9.710880e-01
372 2.891200e-02 0.000000e+00 9.710880e-01
373 2.891200e-02 0.000000e+00 9.710880e-01
374 2.891200e-02 0.000000e+00 9.710880e-01
375 2.891200e-02 0.000000e+00 9.710880e-01
376 2.891200e-02 0.000000e+00 9.710880e-01
377 2.891200e-02 0.000000e+00 9.710880e-01
378 2.891200e-02 0.000000e+00 9.710880e-01
379 2.891200e-02 0.000000e+00 9.710880e-01
380 2.891200e-02 0.000000e+00 9.710880e-01
381 2.891200e-02 0.000000e+00 9.710880e-01
382 2.891200e-02 0.000000e+00 9.710880e-01
383 2.891200e-02 0.000000e+00 9.710880e-01
384 2.891200e-02 0.000000e+00 9.710880e-01
385 2.891200e-02 0.000000e+00 9.710880e-01
386 2.891200e-02 0.000000e+00 9.710880e-01
387 2.891200e-02 0.000000e+00 9.710880e-01
388 2.891200e-02 0.000000e+00 9.710880e-01
389 2.891200e-02 0.000000e+00 9.710880e-01
390 2.891200e-02 0.000000e+00 9.710880e-01
391 2.891200e-02 0.000000e+00 9.710880e-01
392 2.891200e-02 0.000000e+00 9.710880e-01
393 2.891200e-02 0.000000e+00 9.710880e-01
394 2.891200e-02 0.000000e+00 9.710880e-01
395 2.891200e-02 0.000000e+00 9.710880e-01
396 2.891200e-02 0.000000e+00 9.710880e-01
397 2.891200e-02 0.000000e+00 9.710880e-01
398 2.891200e-02 0.000000e+00 9.710880e-01
399 2.891200e-02 0.000000e+00 9.710880e-01
400 2.891200e-02 0.000000e+00 9.710880e-01
401 2.891200e-02 0.000000e+00 9.710880e-01
402 2.891200e-02 0.000000e+00 9.710880e-01
403 2.891200e-02 0.000000e+00 9.710880e-01
404 2.891200e-02 0.000000e+00 9.710880e-01
405 2.891200e-02 0.000000e+00 9.710880e-01
406 2.891200e-02 0.000000e+00 9.710880e-01
407 2.891200e-02 0.000000e+00 9.710880e-01
408 2.891200e-02 0.000000e+00 9.710880e-01
409 2.891200e-02 0.000000e+00 9.710880e-01
410 2.891200e-02 0.000000e+00 9.710880e-01
411 2.891200e-02 0.000000e+00 9.710880e-01
412 2.891200e-02 0.000000e+00 9.710880e-01
413 2.891200e-02 0.000000e+00 9.710880e-01
414 2.891200e-02 0.000000e+00 9.710880e-01
415 2.891200e-02 0.000000e+00 9.710880e-01
416 2.891200e-02 0.000000e+00 9.710880e-01
417 2.891200e-02 0.000000e+00 9.710880e-01
418 2.891200e-02 0.000000e+00 9.710880e-01
419 2.891200e-02 0.000000e+00 9.710880e-01
420 2.891200e-02 0.000000e+00 9.710880e-01
421 2.891200e-02 0.000000e+00 9.710880e-01
422 2.891200e-02 0.000000e+00 9.710880e-01
423 2.891200e-02 0.000000e+00 9.710880e-01
424 2.891200e-02 0.000000e+00 9.710880e-01
425 2.891200e-02 0.000000e+00 9.710880e-01
426 2.891200e-02 0.000000e+00 9.710880e-01
427 2.891200e-02 0.000000e+00 9.710880e-01
428 2.891200e-02 0.000000e+00 9.710880e-01
429 2.891200e-02 0.000000e+00 9.710880e-01
430 2.891200e-02 0.000000e+00 9.710880e-01
431 2.891200e-02 0.000000e+00 9.710880e-01
432 2.891200e-02 0.000000e+00 9.710880e-01
433 2.891200e-02 0.000000e+00 9.710880e-01
434 2.891200e-02 0.000000e+00 9.710880e-01
435 2.891200e-02 0.000000e+00 9.710880e-01
436 2.891200e-02 0.000000e+00 9.710880e-01
437 2.891200e-02 0.000000e+00 9.710880e-01
438 2.891200e-02 0.000000e+00 9.710880e-01
439 2.891200e-02 0.000000e+00 9.710880e-01
440 2.891200e-02 0.000000e+00 9.710880e-01
441 2.891200e-02 0.000000e+00 9.710880e-01
442 2.891200e-02 0.000000e+00 9.710880e-01
443 2.891200e-02 0.000000e+00 9.710880e-01
444 2.891200e-02 0.000000e+00 9.710880e-01
445 2.891200e-02 0.000000e+00 9.710880e-01
446 2.891200e-02 0.000000e+00 9.710880e-01
447 2.891200e-02 0.000000e+00 9.710880e-01
448 2.891200e-02 0.000000e+00 9.710880e-01
449 2.891200e-02 0.000000e+00 9.710880e-01
450 2.891200e-02 0.000000e+00 9.710880e-01
451 2.891200e-02 0.000000e+00 9.710880e-01
452 2.891200e-02 0.000000e+00 9.710880e-01
453 2.891200e-02 0.000000e+00 9.710880e-01
454 2.891200e-02 0.000000e+00 9.710880e-01
455 2.891200e-02 0.000000e+00 9.710880e-01
456 2.891200e-02 0.000000e+00 9.710880e-01
457 2.891200e-02 0.000000e+00 9.710880e-01
458 2.891200e-02 0.000000e+00 9.710880e-01
459 2.891200e-02 0.000000e+00 9.710880e-01
460 2.891200e-02 0.000000e+00 9.710880e-01
461 2.891200e-02 0.000000e+00 9.710880e-01
462 2.891200e-02 0.000000e+00 9.710880e-01
463 2.891200e-02 0.000000e+00 9.710880e-01
464 2.891200e-02 0.000000e+00 9.710880e-01
465 2.891200e-02 0.000000e+00 9.710880e-01
466 2.891200e-02 0.000000e+00 9.710880e-01
467 2.891200e-02 0.000000e+00 9.710880e-01
468 2.891200e-02 0.000000e+00 9.710880e-01
469 2.891200e-02 0.000000e+00 9.710880e-01
470 2.891200e-02 0.000000e+00 9.710880e-01
471 2.891200e-02 0.000000e+00 9.710880e-01
472 2.891200e-02 0.000000e+00 9.710880e-01
473 2.891200e-02 0.000000e+00 9.710880e-01
474 2.891200e-02 0.000000e+00 9.710880e-01
475 2.891200e-02 0.000000e+00 9.710880e-01
476 2.891200e-02 0.000000e+00 9.710880e-01
477 2.891200e-02 0.000000e+00 9.710880e-01
478 2.891200e-02 0.000000e+00 9.710880e-01
479 2.891200e-02 0.000000e+00 9.710880e-01
480 2.891200e-02 0.000000e+00 9.710880e-01
481 2.891200e-02 0.000000e+00 9.710880e-01
482 2.891200e-02 0.000000e+00 9.710880e-01
483 2.891200e-02 0.000000e+00 9.710880e-01
484 2.891200e-02 0.000000e+00 9.710880e-01
485 2.891200e-02 0.000000e+00 9.710880e-01
486 2.891200e-02 0.000000e+00 9.710880e-01
487 2.891200e-02 0.000000e+00 9.710880e-01
488 2.891200e-02 0.000000e+00 9.710880e-01
489 2.891200e-02 0.000000e+00 9.710880e-01
490 2.891200e-02 0.000000e+00 9.710880e-01
491 2.891200e-02 0.000000e+00 9.710880e-01
492 2.891200e-02 0.000000e+00 9.710880e-01
493 2.891200e-02 0.000000e+00 9.710880e-01
494 2.891200e-02 0.000000e+00 9.710880e-01
495 2.891200e-02 0.000000e+00 9.710880e-01
496 2.891200e-02 0.000000e+00 9.710880e-01
497 2.891200e-02 0.000000e+00 9.710880e-01
498 2.891200e-02 0.000000e+00 9.710880e-01
499 2.891200e-02 0.000000e+00 9.710880e-01
500 2.891200e-02 0.000000e+00 9.710880e-01
