1 9.991240e-01 8.080000e-04 6.800000e-05
2 9.984440e-01 1.292000e-03 2.640000e-04
3 9.975160e-01 1.928000e-03 5.560000e-04
4 9.962680e-01 2.732000e-03 1.000000e-03
5 9.947080e-01 3.704000e-03 1.588000e-03
6 9.925840e-01 5.044000e-03 2.372000e-03
7 9.900280e-01 6.624000e-03 3.348000e-03
8 9.873040e-01 7.952000e-03 4.744000e-03
9 9.841160e-01 9.576000e-03 6.308000e-03
10 9.804240e-01 1.142400e-02 8.152000e-03
11 9.761960e-01 1.338400e-02 1.042000e-02
12 9.717320e-01 1.542400e-02 1.284400e-02
13 9.671200e-01 1.731200e-02 1.556800e-02
14 9.619960e-01 1.919200e-02 1.881200e-02
15 9.561840e-01 2.168400e-02 2.213200e-02
16 9.497880e-01 2.392000e-02 2.629200e-02
17 9.428720e-01 2.648800e-02 3.064000e-02
18 9.358240e-01 2.856400e-02 3.561200e-02
19 9.283640e-01 3.078400e-02 4.085200e-02
20 9.205440e-01 3.319200e-02 4.626400e-02
21 9.116640e-01 3.609200e-02 5.224400e-02
22 9.023040e-01 3.896400e-02 5.873200e-02
23 8.924400e-01 4.181200e-02 6.574800e-02
24 8.820520e-01 4.423600e-02 7.371200e-02
25 8.715520e-01 4.699200e-02 8.145600e-02
26 8.607920e-01 4.930400e-02 8.990400e-02
27 8.494640e-01 5.174400e-02 9.879200e-02
28 8.378120e-01 5.418800e-02 1.080000e-01
29 8.258480e-01 5.627200e-02 1.178800e-01
30 8.134240e-01 5.852800e-02 1.280480e-01
31 8.004520e-01 6.100400e-02 1.385440e-01
32 7.866680e-01 6.395600e-02 1.493760e-01
33 7.725800e-01 6.696000e-02 1.604600e-01
34 7.582960e-01 6.943600e-02 1.722680e-01
35 7.434680e-01 7.198800e-02 1.845440e-01
36 7.287360e-01 7.412400e-02 1.971400e-01
37 7.138280e-01 7.615600e-02 2.100160e-01
38 6.983120e-01 7.824000e-02 2.234480e-01
39 6.822720e-01 8.024400e-02 2.374840e-01
40 6.670640e-01 8.154400e-02 2.513920e-01
41 6.513880e-01 8.270800e-02 2.659040e-01
42 6.360720e-01 8.378800e-02 2.801400e-01
43 6.206680e-01 8.487200e-02 2.944600e-01
44 6.049720e-01 8.568400e-02 3.093440e-01
45 5.890560e-01 8.640400e-02 3.245400e-01
46 5.734560e-01 8.668400e-02 3.398600e-01
47 5.576280e-01 8.715600e-02 3.552160e-01
48 5.418280e-01 8.794800e-02 3.702240e-01
49 5.256160e-01 8.862800e-02 3.857560e-01
50 5.097640e-01 8.868400e-02 4.015520e-01
51 4.938320e-01 8.934800e-02 4.168200e-01
52 4.774200e-01 9.019200e-02 4.323880e-01
53 4.617200e-01 9.011600e-02 4.481640e-01
54 4.459960e-01 9.069200e-02 4.633120e-01
55 4.303560e-01 9.054000e-02 4.791040e-01
56 4.149200e-01 9.024800e-02 4.948320e-01
57 3.997120e-01 8.952000e-02 5.107680e-01
58 3.848200e-01 8.867600e-02 5.265040e-01
59 3.707240e-01 8.758400e-02 5.416920e-01
60 3.565480e-01 8.658400e-02 5.568680e-01
61 3.425840e-01 8.502400e-02 5.723920e-01
62 3.287240e-01 8.395600e-02 5.873200e-01
63 3.153280e-01 8.268800e-02 6.019840e-01
64 3.019480e-01 8.186800e-02 6.161840e-01
65 2.892920e-01 7.996400e-02 6.307440e-01
66 2.767360e-01 7.864400e-02 6.446200e-01
67 2.644520e-01 7.730800e-02 6.582400e-01
68 2.528080e-01 7.506800e-02 6.721240e-01
69 2.412520e-01 7.349200e-02 6.852560e-01
70 2.300160e-01 7.223200e-02 6.977520e-01
71 2.198000e-01 7.017200e-02 7.100280e-01
72 2.098920e-01 6.777600e-02 7.223320e-01
73 2.005320e-01 6.542800e-02 7.340400e-01
74 1.919240e-01 6.295600e-02 7.451200e-01
75 1.843920e-01 5.972400e-02 7.558840e-01
76 1.770520e-01 5.681200e-02 7.661360e-01
77 1.695720e-01 5.469200e-02 7.757360e-01
78 1.623040e-01 5.255600e-02 7.851400e-01
79 1.554560e-01 5.040800e-02 7.941360e-01
80 1.490880e-01 4.841200e-02 8.025000e-01
81 1.428320e-01 4.632000e-02 8.108480e-01
82 1.367360e-01 4.456000e-02 8.187040e-01
83 1.309000e-01 4.250000e-02 8.266000e-01
84 1.255040e-01 4.071200e-02 8.337840e-01
85 1.203840e-01 3.886000e-02 8.407560e-01
86 1.155880e-01 3.713600e-02 8.472760e-01
87 1.108960e-01 3.554000e-02 8.535640e-01
88 1.065560e-01 3.375200e-02 8.596920e-01
89 1.023280e-01 3.206000e-02 8.656120e-01
90 9.842800e-02 3.059200e-02 8.709800e-01
91 9.447600e-02 2.942800e-02 8.760960e-01
92 9.080000e-02 2.780000e-02 8.814000e-01
93 8.725200e-02 2.672000e-02 8.860280e-01
94 8.381600e-02 2.549600e-02 8.906880e-01
95 8.062000e-02 2.436000e-02 8.950200e-01
96 7.782800e-02 2.287200e-02 8.993000e-01
97 7.527200e-02 2.145200e-02 9.032760e-01
98 7.275200e-02 2.024400e-02 9.070040e-01
99 7.031200e-02 1.939200e-02 9.102960e-01
100 6.793200e-02 1.858400e-02 9.134840e-01
101 6.554400e-02 1.792400e-02 9.165320e-01
102 6.323200e-02 1.706800e-02 9.197000e-01
103 6.112400e-02 1.628000e-02 9.225960e-01
104 5.897600e-02 1.560000e-02 9.254240e-01
105 5.692400e-02 1.482400e-02 9.282520e-01
106 5.498000e-02 1.419200e-02 9.308280e-01
107 5.316000e-02 1.360000e-02 9.332400e-01
108 5.136000e-02 1.304000e-02 9.356000e-01
109 4.976400e-02 1.250000e-02 9.377360e-01
110 4.826000e-02 1.195600e-02 9.397840e-01
111 4.682400e-02 1.130000e-02 9.418760e-01
112 4.540800e-02 1.077600e-02 9.438160e-01
113 4.400800e-02 1.031600e-02 9.456760e-01
114 4.271200e-02 9.712000e-03 9.475760e-01
115 4.160400e-02 9.280000e-03 9.491160e-01
116 4.057200e-02 8.812000e-03 9.506160e-01
117 3.952800e-02 8.340000e-03 9.521320e-01
118 3.853600e-02 7.952000e-03 9.535120e-01
119 3.758400e-02 7.500000e-03 9.549160e-01
120 3.662400e-02 7.204000e-03 9.561720e-01
121 3.572000e-02 6.824000e-03 9.574560e-01
122 3.494800e-02 6.348000e-03 9.587040e-01
123 3.420800e-02 6.000000e-03 9.597920e-01
124 3.344400e-02 5.672000e-03 9.608840e-01
125 3.276000e-02 5.424000e-03 9.618160e-01
126 3.212800e-02 5.184000e-03 9.626880e-01
127 3.143600e-02 5.028000e-03 9.635360e-01
128 3.083200e-02 4.716000e-03 9.644520e-01
129 3.030800e-02 4.460000e-03 9.652320e-01
130 2.988800e-02 4.140000e-03 9.659720e-01
131 2.955200e-02 3.764000e-03 9.666840e-01
132 2.925600e-02 3.376000e-03 9.673680e-01
133 2.897600e-02 3.112000e-03 9.679120e-01
134 2.867600e-02 2.920000e-03 9.684040e-01
135 2.839600e-02 2.712000e-03 9.688920e-01
136 2.820000e-02 2.388000e-03 9.694120e-01
137 2.804000e-02 2.124000e-03 9.698360e-01
138 2.794000e-02 1.840000e-03 9.702200e-01
139 2.782400e-02 1.664000e-03 9.705120e-01
140 2.776400e-02 1.440000e-03 9.707960e-01
141 2.771600e-02 1.248000e-03 9.710360e-01
142 2.769600e-02 1.088000e-03 9.712160e-01
143 2.765600e-02 9.520000e-04 9.713920e-01
144 2.764000e-02 8.120000e-04 9.715480e-01
145 2.763200e-02 6.840000e-04 9.716840e-01
146 2.762400e-02 5.800000e-04 9.717960e-01
147 2.761200e-02 5.080000e-04 9.718800e-01
148 2.761200e-02 3.960000e-04 9.719920e-01
149 2.759200e-02 3.320000e-04 9.720760e-01
150 2.758800e-02 3.040000e-04 9.721080e-01
151 2.758400e-02 2.680000e-04 9.721480e-01
152 2.757600e-02 2.320000e-04 9.721920e-01
153 2.757200e-02 2.200000e-04 9.722080e-01
154 2.756800e-02 1.960000e-04 9.722360e-01
155 2.756800e-02 1.640000e-04 9.722680e-01
156 2.756400e-02 1.480000e-04 9.722880e-01
157 2.756400e-02 1.160000e-04 9.723200e-01
158 2.756000e-02 9.200000e-05 9.723480e-01
159 2.756000e-02 8.400000e-05 9.723560e-01
160 2.755600e-02 7.600000e-05 9.723680e-01
161 2.754800e-02 7.600000e-05 9.723760e-01
162 2.754800e-02 6.800000e-05 9.723840e-01
163 2.754800e-02 5.200000e-05 9.724000e-01
164 2.754800e-02 4.800000e-05 9.724040e-01
165 2.754800e-02 4.400000e-05 9.724080e-01
166 2.754800e-02 3.600000e-05 9.724160e-01
167 2.754800e-02 2.800000e-05 9.724240e-01
168 2.754800e-02 2.400000e-05 9.724280e-01
169 2.754800e-02 2.000000e-05 9.724320e-01
170 2.754800e-02 1.200000e-05 9.724400e-01
171 2.754800e-02 1.200000e-05 9.724400e-01
172 2.754800e-02 8.000000e-06 9.724440e-01
173 2.754800e-02 8.000000e-06 9.724440e-01
174 2.754800e-02 8.000000e-06 9.724440e-01
175 2.754800e-02 8.000000e-06 9.724440e-01
176 2.754800e-02 8.000000e-06 9.724440e-01
177 2.754800e-02 8.000000e-06 9.724440e-01
178 2.754800e-02 8.000000e-06 9.724440e-01
179 2.754800e-02 8.000000e-06 9.724440e-01
180 2.754800e-02 8.000000e-06 9.724440e-01
181 2.754800e-02 0.000000e+00 9.724520e-01
182 2.754800e-02 0.000000e+00 9.724520e-01
183 2.754800e-02 0.000000e+00 9.724520e-01
184 2.754800e-02 0.000000e+00 9.724520e-01
185 2.754800e-02 0.000000e+00 9.724520e-01
186 2.754800e-02 0.000000e+00 9.724520e-01
187 2.754800e-02 0.000000e+00 9.724520e-01
188 2.754800e-02 0.000000e+00 9.724520e-01
189 2.754800e-02 0.000000e+00 9.724520e-01
190 2.754800e-02 0.000000e+00 9.724520e-01
191 2.754800e-02 0.000000e+00 9.724520e-01
192 2.754800e-02 0.000000e+00 9.724520e-01
193 2.754800e-02 0.000000e+00 9.724520e-01
194 2.754800e-02 0.000000e+00 9.724520e-01
195 2.754800e-02 0.000000e+00 9.724520e-01
196 2.754800e-02 0.000000e+00 9.724520e-01
197 2.754800e-02 0.000000e+00 9.724520e-01
198 2.754800e-02 0.000000e+00 9.724520e-01
199 2.754800e-02 0.000000e+00 9.724520e-01
200 2.754800e-02 0.000000e+00 9.724520e-01
201 2.754800e-02 0.000000e+00 9.724520e-01
202 2.754800e-02 0.000000e+00 9.724520e-01
203 2.754800e-02 0.000000e+00 9.724520e-01
204 2.754800e-02 0.000000e+00 9.724520e-01
205 2.754800e-02 0.000000e+00 9.724520e-01
206 2.754800e-02 0.000000e+00 9.724520e-01
207 2.754800e-02 0.000000e+00 9.724520e-01
208 2.754800e-02 0.000000e+00 9.724520e-01
209 2.754800e-02 0.000000e+00 9.724520e-01
210 2.754800e-02 0.000000e+00 9.724520e-01
211 2.754800e-02 0.000000e+00 9.724520e-01
212 2.754800e-02 0.000000e+00 9.724520e-01
213 2.754800e-02 0.000000e+00 9.724520e-01
214 2.754800e-02 0.000000e+00 9.724520e-01
215 2.754800e-02 0.000000e+00 9.724520e-01
216 2.754800e-02 0.000000e+00 9.724520e-01
217 2.754800e-02 0.000000e+00 9.724520e-01
218 2.754800e-02 0.000000e+00 9.724520e-01
219 2.754800e-02 0.000000e+00 9.724520e-01
220 2.754800e-02 0.000000e+00 9.724520e-01
221 2.754800e-02 0.000000e+00 9.724520e-01
222 2.754800e-02 0.000000e+00 9.724520e-01
223 2.754800e-02 0.000000e+00 9.724520e-01
224 2.754800e-02 0.000000e+00 9.724520e-01
225 2.754800e-02 0.000000e+00 9.724520e-01
226 2.754800e-02 0.000000e+00 9.724520e-01
227 2.754800e-02 0.000000e+00 9.724520e-01
228 2.754800e-02 0.000000e+00 9.724520e-01
229 2.754800e-02 0.000000e+00 9.724520e-01
230 2.754800e-02 0.000000e+00 9.724520e-01
231 2.754800e-02 0.000000e+00 9.724520e-01
232 2.754800e-02 0.000000e+00 9.724520e-01
233 2.754800e-02 0.000000e+00 9.724520e-01
234 2.754800e-02 0.000000e+00 9.724520e-01
235 2.754800e-02 0.000000e+00 9.724520e-01
236 2.754800e-02 0.000000e+00 9.724520e-01
237 2.754800e-02 0.000000e+00 9.724520e-01
238 2.754800e-02 0.000000e+00 9.724520e-01
239 2.754800e-02 0.000000e+00 9.724520e-01
240 2.754800e-02 0.000000e+00 9.724520e-01
241 2.754800e-02 0.000000e+00 9.724520e-01
242 2.754800e-02 0.000000e+00 9.724520e-01
243 2.754800e-02 0.000000e+00 9.724520e-01
244 2.754800e-02 0.000000e+00 9.724520e-01
245 2.754800e-02 0.000000e+00 9.724520e-01
246 2.754800e-02 0.000000e+00 9.724520e-01
247 2.754800e-02 0.000000e+00 9.724520e-01
248 2.754800e-02 0.000000e+00 9.724520e-01
249 2.754800e-02 0.000000e+00 9.724520e-01
250 2.754800e-02 0.000000e+00 9.724520e-01
251 2.754800e-02 0.000000e+00 9.724520e-01
252 2.754800e-02 0.000000e+00 9.724520e-01
253 2.754800e-02 0.000000e+00 9.724520e-01
254 2.754800e-02 0.000000e+00 9.724520e-01
255 2.754800e-02 0.000000e+00 9.724520e-01
256 2.754800e-02 0.000000e+00 9.724520e-01
257 2.754800e-02 0.000000e+00 9.724520e-01
258 2.754800e-02 0.000000e+00 9.724520e-01
259 2.754800e-02 0.000000e+00 9.724520e-01
260 2.754800e-02 0.000000e+00 9.724520e-01
261 2.754800e-02 0.000000e+00 9.724520e-01
262 2.754800e-02 0.000000e+00 9.724520e-01
263 2.754800e-02 0.000000e+00 9.724520e-01
264 2.754800e-02 0.000000e+00 9.724520e-01
265 2.754800e-02 0.000000e+00 9.724520e-01
266 2.754800e-02 0.000000e+00 9.724520e-01
267 2.754800e-02 0.000000e+00 9.724520e-01
268 2.754800e-02 0.000000e+00 9.724520e-01
269 2.754800e-02 0.000000e+00 9.724520e-01
270 2.754800e-02 0.000000e+00 9.724520e-01
271 2.754800e-02 0.000000e+00 9.724520e-01
272 2.754800e-02 0.000000e+00 9.724520e-01
273 2.754800e-02 0.000000e+00 9.724520e-01
274 2.754800e-02 0.000000e+00 9.724520e-01
275 2.754800e-02 0.000000e+00 9.724520e-01
276 2.754800e-02 0.000000e+00 9.724520e-01
277 2.754800e-02 0.000000e+00 9.724520e-01
278 2.754800e-02 0.000000e+00 9.724520e-01
279 2.754800e-02 0.000000e+00 9.724520e-01
280 2.754800e-02 0.000000e+00 9.724520e-01
281 2.754800e-02 0.000000e+00 9.724520e-01
282 2.754800e-02 0.000000e+00 9.724520e-01
283 2.754800e-02 0.000000e+00 9.724520e-01
284 2.754800e-02 0.000000e+00 9.724520e-01
285 2.754800e-02 0.000000e+00 9.724520e-01
286 2.754800e-02 0.000000e+00 9.724520e-01
287 2.754800e-02 0.000000e+00 9.724520e-01
288 2.754800e-02 0.000000e+00 9.724520e-01
289 2.754800e-02 0.000000e+00 9.724520e-01
290 2.754800e-02 0.000000e+00 9.724520e-01
291 2.754800e-02 0.000000e+00 9.724520e-01
292 2.754800e-02 0.000000e+00 9.724520e-01
293 2.754800e-02 0.000000e+00 9.724520e-01
294 2.754800e-02 0.000000e+00 9.724520e-01
295 2.754800e-02 0.000000e+00 9.724520e-01
296 2.754800e-02 0.000000e+00 9.724520e-01
297 2.754800e-02 0.000000e+00 9.724520e-01
298 2.754800e-02 0.000000e+00 9.724520e-01
299 2.754800e-02 0.000000e+00 9.724520e-01
300 2.754800e-02 0.000000e+00 9.724520e-01
301 2.754800e-02 0.000000e+00 9.724520e-01
302 2.754800e-02 0.000000e+00 9.724520e-01
303 2.754800e-02 0.000000e+00 9.724520e-01
304 2.754800e-02 0.000000e+00 9.724520e-01
305 2.754800e-02 0.000000e+00 9.724520e-01
306 2.754800e-02 0.000000e+00 9.724520e-01
307 2.754800e-02 0.000000e+00 9.724520e-01
308 2.754800e-02 0.000000e+00 9.724520e-01
309 2.754800e-02 0.000000e+00 9.724520e-01
310 2.754800e-02 0.000000e+00 9.724520e-01
311 2.754800e-02 0.000000e+00 9.724520e-01
312 2.754800e-02 0.000000e+00 9.724520e-01
313 2.754800e-02 0.000000e+00 9.724520e-01
314 2.754800e-02 0.000000e+00 9.724520e-01
315 2.754800e-02 0.000000e+00 9.724520e-01
316 2.754800e-02 0.000000e+00 9.724520e-01
317 2.754800e-02 0.000000e+00 9.724520e-01
318 2.754800e-02 0.000000e+00 9.724520e-01
319 2.754800e-02 0.000000e+00 9.724520e-01
320 2.754800e-02 0.000000e+00 9.724520e-01
321 2.754800e-02 0.000000e+00 9.724520e-01
322 2.754800e-02 0.000000e+00 9.724520e-01
323 2.754800e-02 0.000000e+00 9.724520e-01
324 2.754800e-02 0.000000e+00 9.724520e-01
325 2.754800e-02 0.000000e+00 9.724520e-01
326 2.754800e-02 0.000000e+00 9.724520e-01
327 2.754800e-02 0.000000e+00 9.724520e-01
328 2.754800e-02 0.000000e+00 9.724520e-01
329 2.754800e-02 0.000000e+00 9.724520e-01
330 2.754800e-02 0.000000e+00 9.724520e-01
331 2.754800e-02 0.000000e+00 9.724520e-01
332 2.754800e-02 0.000000e+00 9.724520e-01
333 2.754800e-02 0.000000e+00 9.724520e-01
334 2.754800e-02 0.000000e+00 9.724520e-01
335 2.754800e-02 0.000000e+00 9.724520e-01
336 2.754800e-02 0.000000e+00 9.724520e-01
337 2.754800e-02 0.000000e+00 9.724520e-01
338 2.754800e-02 0.000000e+00 9.724520e-01
339 2.754800e-02 0.000000e+00 9.724520e-01
340 2.754800e-02 0.000000e+00 9.724520e-01
341 2.754800e-02 0.000000e+00 9.724520e-01
342 2.754800e-02 0.000000e+00 9.724520e-01
343 2.754800e-02 0.000000e+00 9.724520e-01
344 2.754800e-02 0.000000e+00 9.724520e-01
345 2.754800e-02 0.000000e+00 9.724520e-01
346 2.754800e-02 0.000000e+00 9.724520e-01
347 2.754800e-02 0.000000e+00 9.724520e-01
348 2.754800e-02 0.000000e+00 9.724520e-01
349 2.754800e-02 0.000000e+00 9.724520e-01
350 2.754800e-02 0.000000e+00 9.724520e-01
351 2.754800e-02 0.000000e+00 9.724520e-01
352 2.754800e-02 0.000000e+00 9.724520e-01
353 2.754800e-02 0.000000e+00 9.724520e-01
354 2.754800e-02 0.000000e+00 9.724520e-01
355 2.754800e-02 0.000000e+00 9.724520e-01
356 2.754800e-02 0.000000e+00 9.724520e-01
357 2.754800e-02 0.000000e+00 9.724520e-01
358 2.754800e-02 0.000000e+00 9.724520e-01
359 2.754800e-02 0.000000e+00 9.724520e-01
360 2.754800e-02 0.000000e+00 9.724520e-01
361 2.754800e-02 0.000000e+00 9.724520e-01
362 2.754800e-02 0.000000e+00 9.724520e-01
363 2.754800e-02 0.000000e+00 9.724520e-01
364 2.754800e-02 0.000000e+00 9.724520e-01
365 2.754800e-02 0.000000e+00 9.724520e-01
366 2.754800e-02 0.000000e+00 9.724520e-01
367 2.754800e-02 0.000000e+00 9.724520e-01
368 2.754800e-02 0.000000e+00 9.724520e-01
369 2.754800e-02 0.000000e+00 9.724520e-01
370 2.754800e-02 0.000000e+00 9.724520e-01
371 2.754800e-02 0.000000e+00 9.724520e-01
372 2.754800e-02 0.000000e+00 9.724520e-01
373 2.754800e-02 0.000000e+00 9.724520e-01
374 2.754800e-02 0.000000e+00 9.724520e-01
375 2.754800e-02 0.000000e+00 9.724520e-01
376 2.754800e-02 0.000000e+00 9.724520e-01
377 2.754800e-02 0.000000e+00 9.724520e-01
378 2.754800e-02 0.000000e+00 9.724520e-01
379 2.754800e-02 0.000000e+00 9.724520e-01
380 2.754800e-02 0.000000e+00 9.724520e-01
381 2.754800e-02 0.000000e+00 9.724520e-01
382 2.754800e-02 0.000000e+00 9.724520e-01
383 2.754800e-02 0.000000e+00 9.724520e-01
384 2.754800e-02 0.000000e+00 9.724520e-01
385 2.754800e-02 0.000000e+00 9.724520e-01
386 2.754800e-02 0.000000e+00 9.724520e-01
387 2.754800e-02 0.000000e+00 9.724520e-01
388 2.754800e-02 0.000000e+00 9.724520e-01
389 2.754800e-02 0.000000e+00 9.724520e-01
390 2.754800e-02 0.000000e+00 9.724520e-01
391 2.754800e-02 0.000000e+00 9.724520e-01
392 2.754800e-02 0.000000e+00 9.724520e-01
393 2.754800e-02 0.000000e+00 9.724520e-01
394 2.754800e-02 0.000000e+00 9.724520e-01
395 2.754800e-02 0.000000e+00 9.724520e-01
396 2.754800e-02 0.000000e+00 9.724520e-01
397 2.754800e-02 0.000000e+00 9.724520e-01
398 2.754800e-02 0.000000e+00 9.724520e-01
399 2.754800e-02 0.000000e+00 9.724520e-01
400 2.754800e-02 0.000000e+00 9.724520e-01
401 2.754800e-02 0.000000e+00 9.724520e-01
402 2.754800e-02 0.000000e+00 9.724520e-01
403 2.754800e-02 0.000000e+00 9.724520e-01
404 2.754800e-02 0.000000e+00 9.724520e-01
405 2.754800e-02 0.000000e+00 9.724520e-01
406 2.754800e-02 0.000000e+00 9.724520e-01
407 2.754800e-02 0.000000e+00 9.724520e-01
408 2.754800e-02 0.000000e+00 9.724520e-01
409 2.754800e-02 0.000000e+00 9.724520e-01
410 2.754800e-02 0.000000e+00 9.724520e-01
411 2.754800e-02 0.000000e+00 9.724520e-01
412 2.754800e-02 0.000000e+00 9.724520e-01
413 2.754800e-02 0.000000e+00 9.724520e-01
414 2.754800e-02 0.000000e+00 9.724520e-01
415 2.754800e-02 0.000000e+00 9.724520e-01
416 2.754800e-02 0.000000e+00 9.724520e-01
417 2.754800e-02 0.000000e+00 9.724520e-01
418 2.754800e-02 0.000000e+00 9.724520e-01
419 2.754800e-02 0.000000e+00 9.724520e-01
420 2.754800e-02 0.000000e+00 9.724520e-01
421 2.754800e-02 0.000000e+00 9.724520e-01
422 2.754800e-02 0.000000e+00 9.724520e-01
423 2.754800e-02 0.000000e+00 9.724520e-01
424 2.754800e-02 0.000000e+00 9.724520e-01
425 2.754800e-02 0.000000e+00 9.724520e-01
426 2.754800e-02 0.000000e+00 9.724520e-01
427 2.754800e-02 0.000000e+00 9.724520e-01
428 2.754800e-02 0.000000e+00 9.724520e-01
429 2.754800e-02 0.000000e+00 9.724520e-01
430 2.754800e-02 0.000000e+00 9.724520e-01
431 2.754800e-02 0.000000e+00 9.724520e-01
432 2.754800e-02 0.000000e+00 9.724520e-01
433 2.754800e-02 0.000000e+00 9.724520e-01
434 2.754800e-02 0.000000e+00 9.724520e-01
435 2.754800e-02 0.000000e+00 9.724520e-01
436 2.754800e-02 0.000000e+00 9.724520e-01
437 2.754800e-02 0.000000e+00 9.724520e-01
438 2.754800e-02 0.000000e+00 9.724520e-01
439 2.754800e-02 0.000000e+00 9.724520e-01
440 2.754800e-02 0.000000e+00 9.724520e-01
441 2.754800e-02 0.000000e+00 9.724520e-01
442 2.754800e-02 0.000000e+00 9.724520e-01
443 2.754800e-02 0.000000e+00 9.724520e-01
444 2.754800e-02 0.000000e+00 9.724520e-01
445 2.754800e-02 0.000000e+00 9.724520e-01
446 2.754800e-02 0.000000e+00 9.724520e-01
447 2.754800e-02 0.000000e+00 9.724520e-01
448 2.754800e-02 0.000000e+00 9.724520e-01
449 2.754800e-02 0.000000e+00 9.724520e-01
450 2.754800e-02 0.000000e+00 9.724520e-01
451 2.754800e-02 0.000000e+00 9.724520e-01
452 2.754800e-02 0.000000e+00 9.724520e-01
453 2.754800e-02 0.000000e+00 9.724520e-01
454 2.754800e-02 0.000000e+00 9.724520e-01
455 2.754800e-02 0.000000e+00 9.724520e-01
456 2.754800e-02 0.000000e+00 9.724520e-01
457 2.754800e-02 0.000000e+00 9.724520e-01
458 2.754800e-02 0.000000e+00 9.724520e-01
459 2.754800e-02 0.000000e+00 9.724520e-01
460 2.754800e-02 0.000000e+00 9.724520e-01
461 2.754800e-02 0.000000e+00 9.724520e-01
462 2.754800e-02 0.000000e+00 9.724520e-01
463 2.754800e-02 0.000000e+00 9.724520e-01
464 2.754800e-02 0.000000e+00 9.724520e-01
465 2.754800e-02 0.000000e+00 9.724520e-01
466 2.754800e-02 0.000000e+00 9.724520e-01
467 2.754800e-02 0.000000e+00 9.724520e-01
468 2.754800e-02 0.000000e+00 9.724520e-01
469 2.754800e-02 0.000000e+00 9.724520e-01
470 2.754800e-02 0.000000e+00 9.724520e-01
471 2.754800e-02 0.000000e+00 9.724520e-01
472 2.754800e-02 0.000000e+00 9.724520e-01
473 2.754800e-02 0.000000e+00 9.724520e-01
474 2.754800e-02 0.000000e+00 9.724520e-01
475 2.754800e-02 0.000000e+00 9.724520e-01
476 2.754800e-02 0.000000e+00 9.724520e-01
477 2.754800e-02 0.000000e+00 9.724520e-01
478 2.754800e-02 0.000000e+00 9.724520e-01
479 2.754800e-02 0.000000e+00 9.724520e-01
480 2.754800e-02 0.000000e+00 9.724520e-01
481 2.754800e-02 0.000000e+00 9.724520e-01
482 2.754800e-02 0.000000e+00 9.724520e-01
483 2.754800e-02 0.000000e+00 9.724520e-01
484 2.754800e-02 0.000000e+00 9.724520e-01
485 2.754800e-02 0.000000e+00 9.724520e-01
486 2.754800e-02 0.000000e+00 9.724520e-01
487 2.754800e-02 0.000000e+00 9.724520e-01
488 2.754800e-02 0.000000e+00 9.724520e-01
489 2.754800e-02 0.000000e+00 9.724520e-01
490 2.754800e-02 0.000000e+00 9.724520e-01
491 2.754800e-02 0.000000e+00 9.724520e-01
492 2.754800e-02 0.000000e+00 9.724520e-01
493 2.754800e-02 0.000000e+00 9.724520e-01
494 2.754800e-02 0.000000e+00 9.724520e-01
495 2.754800e-02 0.000000e+00 9.724520e-01
496 2.754800e-02 0.000000e+00 9.724520e-01
497 2.754800e-02 0.000000e+00 9.724520e-01
498 2.754800e-02 0.000000e+00 9.724520e-01
499 2.754800e-02 0.000000e+00 9.724520e-01
500 2.754800e-02 0.000000e+00 9.724520e-01
