1 9.992360e-01 6.920000e-04 7.200000e-05
2 9.986320e-01 1.148000e-03 2.200000e-04
3 9.975200e-01 1.964000e-03 5.160000e-04
4 9.962800e-01 2.816000e-03 9.040000e-04
5 9.946040e-01 3.952000e-03 1.444000e-03
6 9.924520e-01 5.236000e-03 2.312000e-03
7 9.899600e-01 6.728000e-03 3.312000e-03
8 9.872200e-01 8.160000e-03 4.620000e-03
9 9.842040e-01 9.532000e-03 6.264000e-03
10 9.807040e-01 1.136000e-02 7.936000e-03
11 9.769440e-01 1.296000e-02 1.009600e-02
12 9.728920e-01 1.448400e-02 1.262400e-02
13 9.682400e-01 1.646800e-02 1.529200e-02
14 9.633920e-01 1.824800e-02 1.836000e-02
15 9.580960e-01 2.021600e-02 2.168800e-02
16 9.523520e-01 2.220400e-02 2.544400e-02
17 9.465520e-01 2.411600e-02 2.933200e-02
18 9.401520e-01 2.611600e-02 3.373200e-02
19 9.334200e-01 2.797600e-02 3.860400e-02
20 9.265760e-01 2.966000e-02 4.376400e-02
21 9.187600e-01 3.226400e-02 4.897600e-02
22 9.103720e-01 3.486000e-02 5.476800e-02
23 9.020240e-01 3.685600e-02 6.112000e-02
24 8.930960e-01 3.881200e-02 6.809200e-02
25 8.839280e-01 4.060400e-02 7.546800e-02
26 8.744920e-01 4.289600e-02 8.261200e-02
27 8.648560e-01 4.491200e-02 9.023200e-02
28 8.546600e-01 4.710000e-02 9.824000e-02
29 8.443280e-01 4.899200e-02 1.066800e-01
30 8.334160e-01 5.104400e-02 1.155400e-01
31 8.226240e-01 5.292000e-02 1.244560e-01
32 8.112160e-01 5.485600e-02 1.339280e-01
33 7.992880e-01 5.696800e-02 1.437440e-01
34 7.873240e-01 5.860000e-02 1.540760e-01
35 7.747320e-01 6.055600e-02 1.647120e-01
36 7.621120e-01 6.263600e-02 1.752520e-01
37 7.489160e-01 6.492400e-02 1.861600e-01
38 7.357440e-01 6.679200e-02 1.974640e-01
39 7.227920e-01 6.809200e-02 2.091160e-01
40 7.091480e-01 6.980800e-02 2.210440e-01
41 6.955480e-01 7.111200e-02 2.333400e-01
42 6.823560e-01 7.187600e-02 2.457680e-01
43 6.691160e-01 7.240800e-02 2.584760e-01
44 6.559280e-01 7.300400e-02 2.710680e-01
45 6.423040e-01 7.412000e-02 2.835760e-01
46 6.286800e-01 7.459600e-02 2.967240e-01
47 6.149600e-01 7.512800e-02 3.099120e-01
48 6.016680e-01 7.500800e-02 3.233240e-01
49 5.879720e-01 7.554800e-02 3.364800e-01
50 5.745680e-01 7.558000e-02 3.498520e-01
51 5.612760e-01 7.536000e-02 3.633640e-01
52 5.476120e-01 7.543200e-02 3.769560e-01
53 5.342400e-01 7.554400e-02 3.902160e-01
54 5.208600e-01 7.532800e-02 4.038120e-01
55 5.083320e-01 7.499600e-02 4.166720e-01
56 4.952320e-01 7.490800e-02 4.298600e-01
57 4.825440e-01 7.490000e-02 4.425560e-01
58 4.696080e-01 7.475600e-02 4.556360e-01
59 4.569480e-01 7.427200e-02 4.687800e-01
60 4.445600e-01 7.392800e-02 4.815120e-01
61 4.322600e-01 7.356800e-02 4.941720e-01
62 4.199480e-01 7.292000e-02 5.071320e-01
63 4.082480e-01 7.180400e-02 5.199480e-01
64 3.958520e-01 7.146000e-02 5.326880e-01
65 3.841800e-01 7.082000e-02 5.450000e-01
66 3.720840e-01 7.058800e-02 5.573280e-01
67 3.603440e-01 7.007600e-02 5.695800e-01
68 3.489200e-01 6.931600e-02 5.817640e-01
69 3.378160e-01 6.844400e-02 5.937400e-01
70 3.264440e-01 6.772400e-02 6.058320e-01
71 3.154800e-01 6.721200e-02 6.173080e-01
72 3.047120e-01 6.648000e-02 6.288080e-01
73 2.938160e-01 6.570000e-02 6.404840e-01
74 2.837720e-01 6.416000e-02 6.520680e-01
75 2.738960e-01 6.296000e-02 6.631440e-01
76 2.643440e-01 6.147200e-02 6.741840e-01
77 2.550560e-01 6.025600e-02 6.846880e-01
78 2.458720e-01 5.892000e-02 6.952080e-01
79 2.367520e-01 5.768400e-02 7.055640e-01
80 2.272280e-01 5.700000e-02 7.157720e-01
81 2.180120e-01 5.652000e-02 7.254680e-01
82 2.090320e-01 5.580800e-02 7.351600e-01
83 2.005320e-01 5.438400e-02 7.450840e-01
84 1.922120e-01 5.339200e-02 7.543960e-01
85 1.840840e-01 5.238400e-02 7.635320e-01
86 1.761160e-01 5.128400e-02 7.726000e-01
87 1.680920e-01 5.042800e-02 7.814800e-01
88 1.603040e-01 4.960400e-02 7.900920e-01
89 1.526600e-01 4.854400e-02 7.987960e-01
90 1.453920e-01 4.758000e-02 8.070280e-01
91 1.384000e-01 4.626800e-02 8.153320e-01
92 1.315640e-01 4.560000e-02 8.228360e-01
93 1.250600e-01 4.422000e-02 8.307200e-01
94 1.192440e-01 4.227600e-02 8.384800e-01
95 1.134360e-01 4.055200e-02 8.460120e-01
96 1.081000e-01 3.900000e-02 8.529000e-01
97 1.031840e-01 3.736400e-02 8.594520e-01
98 9.841600e-02 3.560800e-02 8.659760e-01
99 9.393200e-02 3.416000e-02 8.719080e-01
100 8.957200e-02 3.278800e-02 8.776400e-01
101 8.544400e-02 3.133600e-02 8.832200e-01
102 8.178400e-02 2.977200e-02 8.884440e-01
103 7.807200e-02 2.834000e-02 8.935880e-01
104 7.456800e-02 2.717600e-02 8.982560e-01
105 7.127600e-02 2.587600e-02 9.028480e-01
106 6.792000e-02 2.500000e-02 9.070800e-01
107 6.495600e-02 2.381600e-02 9.112280e-01
108 6.228800e-02 2.242800e-02 9.152840e-01
109 5.960800e-02 2.126000e-02 9.191320e-01
110 5.709200e-02 2.017600e-02 9.227320e-01
111 5.476400e-02 1.899600e-02 9.262400e-01
112 5.275200e-02 1.776000e-02 9.294880e-01
113 5.062000e-02 1.690800e-02 9.324720e-01
114 4.859200e-02 1.610000e-02 9.353080e-01
115 4.666800e-02 1.515200e-02 9.381800e-01
116 4.474800e-02 1.453600e-02 9.407160e-01
117 4.312000e-02 1.366400e-02 9.432160e-01
118 4.158000e-02 1.280000e-02 9.456200e-01
119 4.005600e-02 1.218000e-02 9.477640e-01
120 3.868000e-02 1.134800e-02 9.499720e-01
121 3.745600e-02 1.072400e-02 9.518200e-01
122 3.638000e-02 1.012000e-02 9.535000e-01
123 3.532800e-02 9.396000e-03 9.552760e-01
124 3.440800e-02 8.852000e-03 9.567400e-01
125 3.352800e-02 8.192000e-03 9.582800e-01
126 3.284800e-02 7.456000e-03 9.596960e-01
127 3.213600e-02 6.952000e-03 9.609120e-01
128 3.154800e-02 6.452000e-03 9.620000e-01
129 3.094400e-02 5.932000e-03 9.631240e-01
130 3.043600e-02 5.488000e-03 9.640760e-01
131 3.003200e-02 4.952000e-03 9.650160e-01
132 2.967600e-02 4.532000e-03 9.657920e-01
133 2.940000e-02 4.148000e-03 9.664520e-01
134 2.914800e-02 3.736000e-03 9.671160e-01
135 2.894800e-02 3.320000e-03 9.677320e-01
136 2.878800e-02 2.852000e-03 9.683600e-01
137 2.864000e-02 2.496000e-03 9.688640e-01
138 2.856800e-02 2.172000e-03 9.692600e-01
139 2.848800e-02 1.912000e-03 9.696000e-01
140 2.838800e-02 1.716000e-03 9.698960e-01
141 2.833200e-02 1.536000e-03 9.701320e-01
142 2.826000e-02 1.368000e-03 9.703720e-01
143 2.822000e-02 1.176000e-03 9.706040e-01
144 2.819600e-02 1.020000e-03 9.707840e-01
145 2.817200e-02 8.440000e-04 9.709840e-01
146 2.815600e-02 7.400000e-04 9.711040e-01
147 2.814400e-02 6.240000e-04 9.712320e-01
148 2.813600e-02 5.240000e-04 9.713400e-01
149 2.813200e-02 4.360000e-04 9.714320e-01
150 2.812000e-02 3.960000e-04 9.714840e-01
151 2.812000e-02 3.240000e-04 9.715560e-01
152 2.812000e-02 2.760000e-04 9.716040e-01
153 2.812000e-02 2.440000e-04 9.716360e-01
154 2.812000e-02 1.840000e-04 9.716960e-01
155 2.812000e-02 1.560000e-04 9.717240e-01
156 2.812000e-02 1.360000e-04 9.717440e-01
157 2.812000e-02 1.240000e-04 9.717560e-01
158 2.812000e-02 1.040000e-04 9.717760e-01
159 2.812000e-02 8.400000e-05 9.717960e-01
160 2.812000e-02 7.200000e-05 9.718080e-01
161 2.812000e-02 6.000000e-05 9.718200e-01
162 2.812000e-02 5.200000e-05 9.718280e-01
163 2.812000e-02 4.400000e-05 9.718360e-01
164 2.812000e-02 2.800000e-05 9.718520e-01
165 2.812000e-02 2.800000e-05 9.718520e-01
166 2.812000e-02 2.400000e-05 9.718560e-01
167 2.812000e-02 2.400000e-05 9.718560e-01
168 2.812000e-02 1.600000e-05 9.718640e-01
169 2.812000e-02 1.600000e-05 9.718640e-01
170 2.812000e-02 1.600000e-05 9.718640e-01
171 2.812000e-02 1.600000e-05 9.718640e-01
172 2.812000e-02 8.000000e-06 9.718720e-01
173 2.812000e-02 8.000000e-06 9.718720e-01
174 2.812000e-02 8.000000e-06 9.718720e-01
175 2.812000e-02 8.000000e-06 9.718720e-01
176 2.812000e-02 8.000000e-06 9.718720e-01
177 2.812000e-02 8.000000e-06 9.718720e-01
178 2.812000e-02 8.000000e-06 9.718720e-01
179 2.812000e-02 0.000000e+00 9.718800e-01
180 2.812000e-02 0.000000e+00 9.718800e-01
181 2.812000e-02 0.000000e+00 9.718800e-01
182 2.812000e-02 0.000000e+00 9.718800e-01
183 2.812000e-02 0.000000e+00 9.718800e-01
184 2.812000e-02 0.000000e+00 9.718800e-01
185 2.812000e-02 0.000000e+00 9.718800e-01
186 2.812000e-02 0.000000e+00 9.718800e-01
187 2.812000e-02 0.000000e+00 9.718800e-01
188 2.812000e-02 0.000000e+00 9.718800e-01
189 2.812000e-02 0.000000e+00 9.718800e-01
190 2.812000e-02 0.000000e+00 9.718800e-01
191 2.812000e-02 0.000000e+00 9.718800e-01
192 2.812000e-02 0.000000e+00 9.718800e-01
193 2.812000e-02 0.000000e+00 9.718800e-01
194 2.812000e-02 0.000000e+00 9.718800e-01
195 2.812000e-02 0.000000e+00 9.718800e-01
196 2.812000e-02 0.000000e+00 9.718800e-01
197 2.812000e-02 0.000000e+00 9.718800e-01
198 2.812000e-02 0.000000e+00 9.718800e-01
199 2.812000e-02 0.000000e+00 9.718800e-01
200 2.812000e-02 0.000000e+00 9.718800e-01
201 2.812000e-02 0.000000e+00 9.718800e-01
202 2.812000e-02 0.000000e+00 9.718800e-01
203 2.812000e-02 0.000000e+00 9.718800e-01
204 2.812000e-02 0.000000e+00 9.718800e-01
205 2.812000e-02 0.000000e+00 9.718800e-01
206 2.812000e-02 0.000000e+00 9.718800e-01
207 2.812000e-02 0.000000e+00 9.718800e-01
208 2.812000e-02 0.000000e+00 9.718800e-01
209 2.812000e-02 0.000000e+00 9.718800e-01
210 2.812000e-02 0.000000e+00 9.718800e-01
211 2.812000e-02 0.000000e+00 9.718800e-01
212 2.812000e-02 0.000000e+00 9.718800e-01
213 2.812000e-02 0.000000e+00 9.718800e-01
214 2.812000e-02 0.000000e+00 9.718800e-01
215 2.812000e-02 0.000000e+00 9.718800e-01
216 2.812000e-02 0.000000e+00 9.718800e-01
217 2.812000e-02 0.000000e+00 9.718800e-01
218 2.812000e-02 0.000000e+00 9.718800e-01
219 2.812000e-02 0.000000e+00 9.718800e-01
220 2.812000e-02 0.000000e+00 9.718800e-01
221 2.812000e-02 0.000000e+00 9.718800e-01
222 2.812000e-02 0.000000e+00 9.718800e-01
223 2.812000e-02 0.000000e+00 9.718800e-01
224 2.812000e-02 0.000000e+00 9.718800e-01
225 2.812000e-02 0.000000e+00 9.718800e-01
226 2.812000e-02 0.000000e+00 9.718800e-01
227 2.812000e-02 0.000000e+00 9.718800e-01
228 2.812000e-02 0.000000e+00 9.718800e-01
229 2.812000e-02 0.000000e+00 9.718800e-01
230 2.812000e-02 0.000000e+00 9.718800e-01
231 2.812000e-02 0.000000e+00 9.718800e-01
232 2.812000e-02 0.000000e+00 9.718800e-01
233 2.812000e-02 0.000000e+00 9.718800e-01
234 2.812000e-02 0.000000e+00 9.718800e-01
235 2.812000e-02 0.000000e+00 9.718800e-01
236 2.812000e-02 0.000000e+00 9.718800e-01
237 2.812000e-02 0.000000e+00 9.718800e-01
238 2.812000e-02 0.000000e+00 9.718800e-01
239 2.812000e-02 0.000000e+00 9.718800e-01
240 2.812000e-02 0.000000e+00 9.718800e-01
241 2.812000e-02 0.000000e+00 9.718800e-01
242 2.812000e-02 0.000000e+00 9.718800e-01
243 2.812000e-02 0.000000e+00 9.718800e-01
244 2.812000e-02 0.000000e+00 9.718800e-01
245 2.812000e-02 0.000000e+00 9.718800e-01
246 2.812000e-02 0.000000e+00 9.718800e-01
247 2.812000e-02 0.000000e+00 9.718800e-01
248 2.812000e-02 0.000000e+00 9.718800e-01
249 2.812000e-02 0.000000e+00 9.718800e-01
250 2.812000e-02 0.000000e+00 9.718800e-01
251 2.812000e-02 0.000000e+00 9.718800e-01
252 2.812000e-02 0.000000e+00 9.718800e-01
253 2.812000e-02 0.000000e+00 9.718800e-01
254 2.812000e-02 0.000000e+00 9.718800e-01
255 2.812000e-02 0.000000e+00 9.718800e-01
256 2.812000e-02 0.000000e+00 9.718800e-01
257 2.812000e-02 0.000000e+00 9.718800e-01
258 2.812000e-02 0.000000e+00 9.718800e-01
259 2.812000e-02 0.000000e+00 9.718800e-01
260 2.812000e-02 0.000000e+00 9.718800e-01
261 2.812000e-02 0.000000e+00 9.718800e-01
262 2.812000e-02 0.000000e+00 9.718800e-01
263 2.812000e-02 0.000000e+00 9.718800e-01
264 2.812000e-02 0.000000e+00 9.718800e-01
265 2.812000e-02 0.000000e+00 9.718800e-01
266 2.812000e-02 0.000000e+00 9.718800e-01
267 2.812000e-02 0.000000e+00 9.718800e-01
268 2.812000e-02 0.000000e+00 9.718800e-01
269 2.812000e-02 0.000000e+00 9.718800e-01
270 2.812000e-02 0.000000e+00 9.718800e-01
271 2.812000e-02 0.000000e+00 9.718800e-01
272 2.812000e-02 0.000000e+00 9.718800e-01
273 2.812000e-02 0.000000e+00 9.718800e-01
274 2.812000e-02 0.000000e+00 9.718800e-01
275 2.812000e-02 0.000000e+00 9.718800e-01
276 2.812000e-02 0.000000e+00 9.718800e-01
277 2.812000e-02 0.000000e+00 9.718800e-01
278 2.812000e-02 0.000000e+00 9.718800e-01
279 2.812000e-02 0.000000e+00 9.718800e-01
280 2.812000e-02 0.000000e+00 9.718800e-01
281 2.812000e-02 0.000000e+00 9.718800e-01
282 2.812000e-02 0.000000e+00 9.718800e-01
283 2.812000e-02 0.000000e+00 9.718800e-01
284 2.812000e-02 0.000000e+00 9.718800e-01
285 2.812000e-02 0.000000e+00 9.718800e-01
286 2.812000e-02 0.000000e+00 9.718800e-01
287 2.812000e-02 0.000000e+00 9.718800e-01
288 2.812000e-02 0.000000e+00 9.718800e-01
289 2.812000e-02 0.000000e+00 9.718800e-01
290 2.812000e-02 0.000000e+00 9.718800e-01
291 2.812000e-02 0.000000e+00 9.718800e-01
292 2.812000e-02 0.000000e+00 9.718800e-01
293 2.812000e-02 0.000000e+00 9.718800e-01
294 2.812000e-02 0.000000e+00 9.718800e-01
295 2.812000e-02 0.000000e+00 9.718800e-01
296 2.812000e-02 0.000000e+00 9.718800e-01
297 2.812000e-02 0.000000e+00 9.718800e-01
298 2.812000e-02 0.000000e+00 9.718800e-01
299 2.812000e-02 0.000000e+00 9.718800e-01
300 2.812000e-02 0.000000e+00 9.718800e-01
301 2.812000e-02 0.000000e+00 9.718800e-01
302 2.812000e-02 0.000000e+00 9.718800e-01
303 2.812000e-02 0.000000e+00 9.718800e-01
304 2.812000e-02 0.000000e+00 9.718800e-01
305 2.812000e-02 0.000000e+00 9.718800e-01
306 2.812000e-02 0.000000e+00 9.718800e-01
307 2.812000e-02 0.000000e+00 9.718800e-01
308 2.812000e-02 0.000000e+00 9.718800e-01
309 2.812000e-02 0.000000e+00 9.718800e-01
310 2.812000e-02 0.000000e+00 9.718800e-01
311 2.812000e-02 0.000000e+00 9.718800e-01
312 2.812000e-02 0.000000e+00 9.718800e-01
313 2.812000e-02 0.000000e+00 9.718800e-01
314 2.812000e-02 0.000000e+00 9.718800e-01
315 2.812000e-02 0.000000e+00 9.718800e-01
316 2.812000e-02 0.000000e+00 9.718800e-01
317 2.812000e-02 0.000000e+00 9.718800e-01
318 2.812000e-02 0.000000e+00 9.718800e-01
319 2.812000e-02 0.000000e+00 9.718800e-01
320 2.812000e-02 0.000000e+00 9.718800e-01
321 2.812000e-02 0.000000e+00 9.718800e-01
322 2.812000e-02 0.000000e+00 9.718800e-01
323 2.812000e-02 0.000000e+00 9.718800e-01
324 2.812000e-02 0.000000e+00 9.718800e-01
325 2.812000e-02 0.000000e+00 9.718800e-01
326 2.812000e-02 0.000000e+00 9.718800e-01
327 2.812000e-02 0.000000e+00 9.718800e-01
328 2.812000e-02 0.000000e+00 9.718800e-01
329 2.812000e-02 0.000000e+00 9.718800e-01
330 2.812000e-02 0.000000e+00 9.718800e-01
331 2.812000e-02 0.000000e+00 9.718800e-01
332 2.812000e-02 0.000000e+00 9.718800e-01
333 2.812000e-02 0.000000e+00 9.718800e-01
334 2.812000e-02 0.000000e+00 9.718800e-01
335 2.812000e-02 0.000000e+00 9.718800e-01
336 2.812000e-02 0.000000e+00 9.718800e-01
337 2.812000e-02 0.000000e+00 9.718800e-01
338 2.812000e-02 0.000000e+00 9.718800e-01
339 2.812000e-02 0.000000e+00 9.718800e-01
340 2.812000e-02 0.000000e+00 9.718800e-01
341 2.812000e-02 0.000000e+00 9.718800e-01
342 2.812000e-02 0.000000e+00 9.718800e-01
343 2.812000e-02 0.000000e+00 9.718800e-01
344 2.812000e-02 0.000000e+00 9.718800e-01
345 2.812000e-02 0.000000e+00 9.718800e-01
346 2.812000e-02 0.000000e+00 9.718800e-01
347 2.812000e-02 0.000000e+00 9.718800e-01
348 2.812000e-02 0.000000e+00 9.718800e-01
349 2.812000e-02 0.000000e+00 9.718800e-01
350 2.812000e-02 0.000000e+00 9.718800e-01
351 2.812000e-02 0.000000e+00 9.718800e-01
352 2.812000e-02 0.000000e+00 9.718800e-01
353 2.812000e-02 0.000000e+00 9.718800e-01
354 2.812000e-02 0.000000e+00 9.718800e-01
355 2.812000e-02 0.000000e+00 9.718800e-01
356 2.812000e-02 0.000000e+00 9.718800e-01
357 2.812000e-02 0.000000e+00 9.718800e-01
358 2.812000e-02 0.000000e+00 9.718800e-01
359 2.812000e-02 0.000000e+00 9.718800e-01
360 2.812000e-02 0.000000e+00 9.718800e-01
361 2.812000e-02 0.000000e+00 9.718800e-01
362 2.812000e-02 0.000000e+00 9.718800e-01
363 2.812000e-02 0.000000e+00 9.718800e-01
364 2.812000e-02 0.000000e+00 9.718800e-01
365 2.812000e-02 0.000000e+00 9.718800e-01
366 2.812000e-02 0.000000e+00 9.718800e-01
367 2.812000e-02 0.000000e+00 9.718800e-01
368 2.812000e-02 0.000000e+00 9.718800e-01
369 2.812000e-02 0.000000e+00 9.718800e-01
370 2.812000e-02 0.000000e+00 9.718800e-01
371 2.812000e-02 0.000000e+00 9.718800e-01
372 2.812000e-02 0.000000e+00 9.718800e-01
373 2.812000e-02 0.000000e+00 9.718800e-01
374 2.812000e-02 0.000000e+00 9.718800e-01
375 2.812000e-02 0.000000e+00 9.718800e-01
376 2.812000e-02 0.000000e+00 9.718800e-01
377 2.812000e-02 0.000000e+00 9.718800e-01
378 2.812000e-02 0.000000e+00 9.718800e-01
379 2.812000e-02 0.000000e+00 9.718800e-01
380 2.812000e-02 0.000000e+00 9.718800e-01
381 2.812000e-02 0.000000e+00 9.718800e-01
382 2.812000e-02 0.000000e+00 9.718800e-01
383 2.812000e-02 0.000000e+00 9.718800e-01
384 2.812000e-02 0.000000e+00 9.718800e-01
385 2.812000e-02 0.000000e+00 9.718800e-01
386 2.812000e-02 0.000000e+00 9.718800e-01
387 2.812000e-02 0.000000e+00 9.718800e-01
388 2.812000e-02 0.000000e+00 9.718800e-01
389 2.812000e-02 0.000000e+00 9.718800e-01
390 2.812000e-02 0.000000e+00 9.718800e-01
391 2.812000e-02 0.000000e+00 9.718800e-01
392 2.812000e-02 0.000000e+00 9.718800e-01
393 2.812000e-02 0.000000e+00 9.718800e-01
394 2.812000e-02 0.000000e+00 9.718800e-01
395 2.812000e-02 0.000000e+00 9.718800e-01
396 2.812000e-02 0.000000e+00 9.718800e-01
397 2.812000e-02 0.000000e+00 9.718800e-01
398 2.812000e-02 0.000000e+00 9.718800e-01
399 2.812000e-02 0.000000e+00 9.718800e-01
400 2.812000e-02 0.000000e+00 9.718800e-01
401 2.812000e-02 0.000000e+00 9.718800e-01
402 2.812000e-02 0.000000e+00 9.718800e-01
403 2.812000e-02 0.000000e+00 9.718800e-01
404 2.812000e-02 0.000000e+00 9.718800e-01
405 2.812000e-02 0.000000e+00 9.718800e-01
406 2.812000e-02 0.000000e+00 9.718800e-01
407 2.812000e-02 0.000000e+00 9.718800e-01
408 2.812000e-02 0.000000e+00 9.718800e-01
409 2.812000e-02 0.000000e+00 9.718800e-01
410 2.812000e-02 0.000000e+00 9.718800e-01
411 2.812000e-02 0.000000e+00 9.718800e-01
412 2.812000e-02 0.000000e+00 9.718800e-01
413 2.812000e-02 0.000000e+00 9.718800e-01
414 2.812000e-02 0.000000e+00 9.718800e-01
415 2.812000e-02 0.000000e+00 9.718800e-01
416 2.812000e-02 0.000000e+00 9.718800e-01
417 2.812000e-02 0.000000e+00 9.718800e-01
418 2.812000e-02 0.000000e+00 9.718800e-01
419 2.812000e-02 0.000000e+00 9.718800e-01
420 2.812000e-02 0.000000e+00 9.718800e-01
421 2.812000e-02 0.000000e+00 9.718800e-01
422 2.812000e-02 0.000000e+00 9.718800e-01
423 2.812000e-02 0.000000e+00 9.718800e-01
424 2.812000e-02 0.000000e+00 9.718800e-01
425 2.812000e-02 0.000000e+00 9.718800e-01
426 2.812000e-02 0.000000e+00 9.718800e-01
427 2.812000e-02 0.000000e+00 9.718800e-01
428 2.812000e-02 0.000000e+00 9.718800e-01
429 2.812000e-02 0.000000e+00 9.718800e-01
430 2.812000e-02 0.000000e+00 9.718800e-01
431 2.812000e-02 0.000000e+00 9.718800e-01
432 2.812000e-02 0.000000e+00 9.718800e-01
433 2.812000e-02 0.000000e+00 9.718800e-01
434 2.812000e-02 0.000000e+00 9.718800e-01
435 2.812000e-02 0.000000e+00 9.718800e-01
436 2.812000e-02 0.000000e+00 9.718800e-01
437 2.812000e-02 0.000000e+00 9.718800e-01
438 2.812000e-02 0.000000e+00 9.718800e-01
439 2.812000e-02 0.000000e+00 9.718800e-01
440 2.812000e-02 0.000000e+00 9.718800e-01
441 2.812000e-02 0.000000e+00 9.718800e-01
442 2.812000e-02 0.000000e+00 9.718800e-01
443 2.812000e-02 0.000000e+00 9.718800e-01
444 2.812000e-02 0.000000e+00 9.718800e-01
445 2.812000e-02 0.000000e+00 9.718800e-01
446 2.812000e-02 0.000000e+00 9.718800e-01
447 2.812000e-02 0.000000e+00 9.718800e-01
448 2.812000e-02 0.000000e+00 9.718800e-01
449 2.812000e-02 0.000000e+00 9.718800e-01
450 2.812000e-02 0.000000e+00 9.718800e-01
451 2.812000e-02 0.000000e+00 9.718800e-01
452 2.812000e-02 0.000000e+00 9.718800e-01
453 2.812000e-02 0.000000e+00 9.718800e-01
454 2.812000e-02 0.000000e+00 9.718800e-01
455 2.812000e-02 0.000000e+00 9.718800e-01
456 2.812000e-02 0.000000e+00 9.718800e-01
457 2.812000e-02 0.000000e+00 9.718800e-01
458 2.812000e-02 0.000000e+00 9.718800e-01
459 2.812000e-02 0.000000e+00 9.718800e-01
460 2.812000e-02 0.000000e+00 9.718800e-01
461 2.812000e-02 0.000000e+00 9.718800e-01
462 2.812000e-02 0.000000e+00 9.718800e-01
463 2.812000e-02 0.000000e+00 9.718800e-01
464 2.812000e-02 0.000000e+00 9.718800e-01
465 2.812000e-02 0.000000e+00 9.718800e-01
466 2.812000e-02 0.000000e+00 9.718800e-01
467 2.812000e-02 0.000000e+00 9.718800e-01
468 2.812000e-02 0.000000e+00 9.718800e-01
469 2.812000e-02 0.000000e+00 9.718800e-01
470 2.812000e-02 0.000000e+00 9.718800e-01
471 2.812000e-02 0.000000e+00 9.718800e-01
472 2.812000e-02 0.000000e+00 9.718800e-01
473 2.812000e-02 0.000000e+00 9.718800e-01
474 2.812000e-02 0.000000e+00 9.718800e-01
475 2.812000e-02 0.000000e+00 9.718800e-01
476 2.812000e-02 0.000000e+00 9.718800e-01
477 2.812000e-02 0.000000e+00 9.718800e-01
478 2.812000e-02 0.000000e+00 9.718800e-01
479 2.812000e-02 0.000000e+00 9.718800e-01
480 2.812000e-02 0.000000e+00 9.718800e-01
481 2.812000e-02 0.000000e+00 9.718800e-01
482 2.812000e-02 0.000000e+00 9.718800e-01
483 2.812000e-02 0.000000e+00 9.718800e-01
484 2.812000e-02 0.000000e+00 9.718800e-01
485 2.812000e-02 0.000000e+00 9.718800e-01
486 2.812000e-02 0.000000e+00 9.718800e-01
487 2.812000e-02 0.000000e+00 9.718800e-01
488 2.812000e-02 0.000000e+00 9.718800e-01
489 2.812000e-02 0.000000e+00 9.718800e-01
490 2.812000e-02 0.000000e+00 9.718800e-01
491 2.812000e-02 0.000000e+00 9.718800e-01
492 2.812000e-02 0.000000e+00 9.718800e-01
493 2.812000e-02 0.000000e+00 9.718800e-01
494 2.812000e-02 0.000000e+00 9.718800e-01
495 2.812000e-02 0.000000e+00 9.718800e-01
496 2.812000e-02 0.000000e+00 9.718800e-01
497 2.812000e-02 0.000000e+00 9.718800e-01
498 2.812000e-02 0.000000e+00 9.718800e-01
499 2.812000e-02 0.000000e+00 9.718800e-01
500 2.812000e-02 0.000000e+00 9.718800e-01
