1 9.991720e-01 7.400000e-04 8.800000e-05
2 9.984840e-01 1.272000e-03 2.440000e-04
3 9.974680e-01 2.036000e-03 4.960000e-04
4 9.961520e-01 2.844000e-03 1.004000e-03
5 9.944000e-01 4.008000e-03 1.592000e-03
6 9.924320e-01 5.240000e-03 2.328000e-03
7 9.899920e-01 6.684000e-03 3.324000e-03
8 9.872040e-01 8.192000e-03 4.604000e-03
9 9.841520e-01 9.592000e-03 6.256000e-03
10 9.806760e-01 1.128800e-02 8.036000e-03
11 9.765840e-01 1.324000e-02 1.017600e-02
12 9.722520e-01 1.522800e-02 1.252000e-02
13 9.674040e-01 1.712000e-02 1.547600e-02
14 9.620160e-01 1.933600e-02 1.864800e-02
15 9.565400e-01 2.126800e-02 2.219200e-02
16 9.505760e-01 2.342400e-02 2.600000e-02
17 9.443960e-01 2.534800e-02 3.025600e-02
18 9.376280e-01 2.736000e-02 3.501200e-02
19 9.305880e-01 2.948400e-02 3.992800e-02
20 9.231680e-01 3.129600e-02 4.553600e-02
21 9.151520e-01 3.350000e-02 5.134800e-02
22 9.068480e-01 3.574000e-02 5.741200e-02
23 8.983880e-01 3.748800e-02 6.412400e-02
24 8.889560e-01 4.040000e-02 7.064400e-02
25 8.791480e-01 4.277200e-02 7.808000e-02
26 8.691280e-01 4.531200e-02 8.556000e-02
27 8.588240e-01 4.776000e-02 9.341600e-02
28 8.476160e-01 5.046000e-02 1.019240e-01
29 8.358680e-01 5.319200e-02 1.109400e-01
30 8.242360e-01 5.527600e-02 1.204880e-01
31 8.120760e-01 5.756000e-02 1.303640e-01
32 7.996960e-01 5.942400e-02 1.408800e-01
33 7.875000e-01 6.141600e-02 1.510840e-01
34 7.746400e-01 6.303200e-02 1.623280e-01
35 7.616400e-01 6.484000e-02 1.735200e-01
36 7.488200e-01 6.621200e-02 1.849680e-01
37 7.358360e-01 6.753200e-02 1.966320e-01
38 7.226920e-01 6.877600e-02 2.085320e-01
39 7.097480e-01 6.952800e-02 2.207240e-01
40 6.962920e-01 7.074800e-02 2.329600e-01
41 6.822720e-01 7.246000e-02 2.452680e-01
42 6.685160e-01 7.346400e-02 2.580200e-01
43 6.543520e-01 7.442000e-02 2.712280e-01
44 6.403440e-01 7.533600e-02 2.843200e-01
45 6.262240e-01 7.636400e-02 2.974120e-01
46 6.125560e-01 7.671200e-02 3.107320e-01
47 5.988920e-01 7.712000e-02 3.239880e-01
48 5.855280e-01 7.668400e-02 3.377880e-01
49 5.720760e-01 7.716400e-02 3.507600e-01
50 5.584680e-01 7.741600e-02 3.641160e-01
51 5.447960e-01 7.782800e-02 3.773760e-01
52 5.315240e-01 7.776800e-02 3.907080e-01
53 5.185040e-01 7.736000e-02 4.041360e-01
54 5.050120e-01 7.737200e-02 4.176160e-01
55 4.917680e-01 7.700800e-02 4.312240e-01
56 4.782520e-01 7.639200e-02 4.453560e-01
57 4.654160e-01 7.564800e-02 4.589360e-01
58 4.525120e-01 7.570000e-02 4.717880e-01
59 4.393440e-01 7.530400e-02 4.853520e-01
60 4.263960e-01 7.540400e-02 4.982000e-01
61 4.133440e-01 7.526800e-02 5.113880e-01
62 4.004320e-01 7.502800e-02 5.245400e-01
63 3.874880e-01 7.485200e-02 5.376600e-01
64 3.751720e-01 7.419600e-02 5.506320e-01
65 3.630840e-01 7.287600e-02 5.640400e-01
66 3.510160e-01 7.225600e-02 5.767280e-01
67 3.390800e-01 7.139600e-02 5.895240e-01
68 3.275760e-01 7.017200e-02 6.022520e-01
69 3.159320e-01 6.965600e-02 6.144120e-01
70 3.043800e-01 6.913600e-02 6.264840e-01
71 2.932960e-01 6.802400e-02 6.386800e-01
72 2.819440e-01 6.763600e-02 6.504200e-01
73 2.709560e-01 6.727600e-02 6.617680e-01
74 2.602320e-01 6.620400e-02 6.735640e-01
75 2.496560e-01 6.525600e-02 6.850880e-01
76 2.395480e-01 6.424400e-02 6.962080e-01
77 2.294080e-01 6.316800e-02 7.074240e-01
78 2.198760e-01 6.154400e-02 7.185800e-01
79 2.105280e-01 6.005200e-02 7.294200e-01
80 2.015120e-01 5.870800e-02 7.397800e-01
81 1.925680e-01 5.742400e-02 7.500080e-01
82 1.838960e-01 5.619200e-02 7.599120e-01
83 1.759400e-01 5.494400e-02 7.691160e-01
84 1.677760e-01 5.387600e-02 7.783480e-01
85 1.600320e-01 5.224800e-02 7.877200e-01
86 1.526640e-01 5.056000e-02 7.967760e-01
87 1.459520e-01 4.870000e-02 8.053480e-01
88 1.394320e-01 4.628400e-02 8.142840e-01
89 1.331800e-01 4.466800e-02 8.221520e-01
90 1.271800e-01 4.281600e-02 8.300040e-01
91 1.214600e-01 4.117200e-02 8.373680e-01
92 1.158840e-01 3.950400e-02 8.446120e-01
93 1.100320e-01 3.860800e-02 8.513600e-01
94 1.046160e-01 3.714400e-02 8.582400e-01
95 9.963200e-02 3.573600e-02 8.646320e-01
96 9.486000e-02 3.413600e-02 8.710040e-01
97 9.032800e-02 3.275200e-02 8.769200e-01
98 8.586400e-02 3.159600e-02 8.825400e-01
99 8.154800e-02 3.035200e-02 8.881000e-01
100 7.770000e-02 2.888000e-02 8.934200e-01
101 7.414000e-02 2.752400e-02 8.983360e-01
102 7.076000e-02 2.629200e-02 9.029480e-01
103 6.745600e-02 2.492800e-02 9.076160e-01
104 6.423200e-02 2.376400e-02 9.120040e-01
105 6.133600e-02 2.261200e-02 9.160520e-01
106 5.841600e-02 2.179200e-02 9.197920e-01
107 5.560400e-02 2.060400e-02 9.237920e-01
108 5.325200e-02 1.942000e-02 9.273280e-01
109 5.092000e-02 1.829600e-02 9.307840e-01
110 4.874000e-02 1.755200e-02 9.337080e-01
111 4.662800e-02 1.664800e-02 9.367240e-01
112 4.461600e-02 1.579200e-02 9.395920e-01
113 4.276000e-02 1.490800e-02 9.423320e-01
114 4.102000e-02 1.420800e-02 9.447720e-01
115 3.943200e-02 1.323600e-02 9.473320e-01
116 3.797200e-02 1.244400e-02 9.495840e-01
117 3.676400e-02 1.162400e-02 9.516120e-01
118 3.548400e-02 1.086800e-02 9.536480e-01
119 3.442000e-02 1.012800e-02 9.554520e-01
120 3.338000e-02 9.388000e-03 9.572320e-01
121 3.259600e-02 8.696000e-03 9.587080e-01
122 3.188800e-02 7.952000e-03 9.601600e-01
123 3.126800e-02 7.292000e-03 9.614400e-01
124 3.064000e-02 6.732000e-03 9.626280e-01
125 3.025200e-02 6.036000e-03 9.637120e-01
126 2.994400e-02 5.404000e-03 9.646520e-01
127 2.968800e-02 4.780000e-03 9.655320e-01
128 2.951200e-02 4.144000e-03 9.663440e-01
129 2.934000e-02 3.696000e-03 9.669640e-01
130 2.917200e-02 3.264000e-03 9.675640e-01
131 2.906400e-02 2.792000e-03 9.681440e-01
132 2.897200e-02 2.364000e-03 9.686640e-01
133 2.888400e-02 2.092000e-03 9.690240e-01
134 2.879200e-02 1.860000e-03 9.693480e-01
135 2.874400e-02 1.576000e-03 9.696800e-01
136 2.867200e-02 1.376000e-03 9.699520e-01
137 2.861200e-02 1.252000e-03 9.701360e-01
138 2.855600e-02 1.072000e-03 9.703720e-01
139 2.853200e-02 9.280000e-04 9.705400e-01
140 2.852400e-02 7.480000e-04 9.707280e-01
141 2.851600e-02 6.320000e-04 9.708520e-01
142 2.849200e-02 5.520000e-04 9.709560e-01
143 2.848400e-02 4.760000e-04 9.710400e-01
144 2.846400e-02 4.280000e-04 9.711080e-01
145 2.844800e-02 3.920000e-04 9.711600e-01
146 2.844800e-02 3.320000e-04 9.712200e-01
147 2.844400e-02 2.840000e-04 9.712720e-01
148 2.844000e-02 2.400000e-04 9.713200e-01
149 2.843200e-02 2.240000e-04 9.713440e-01
150 2.843200e-02 1.600000e-04 9.714080e-01
151 2.843200e-02 1.200000e-04 9.714480e-01
152 2.842800e-02 1.000000e-04 9.714720e-01
153 2.842400e-02 8.000000e-05 9.714960e-01
154 2.842400e-02 6.400000e-05 9.715120e-01
155 2.842400e-02 5.600000e-05 9.715200e-01
156 2.842400e-02 5.200000e-05 9.715240e-01
157 2.842400e-02 4.800000e-05 9.715280e-01
158 2.842400e-02 4.000000e-05 9.715360e-01
159 2.842400e-02 3.600000e-05 9.715400e-01
160 2.842400e-02 3.600000e-05 9.715400e-01
161 2.842400e-02 3.200000e-05 9.715440e-01
162 2.842400e-02 2.800000e-05 9.715480e-01
163 2.842400e-02 2.000000e-05 9.715560e-01
164 2.842400e-02 1.200000e-05 9.715640e-01
165 2.842400e-02 1.200000e-05 9.715640e-01
166 2.842400e-02 8.000000e-06 9.715680e-01
167 2.842400e-02 8.000000e-06 9.715680e-01
168 2.842400e-02 8.000000e-06 9.715680e-01
169 2.842400e-02 8.000000e-06 9.715680e-01
170 2.842400e-02 8.000000e-06 9.715680e-01
171 2.842400e-02 8.000000e-06 9.715680e-01
172 2.842400e-02 8.000000e-06 9.715680e-01
173 2.842400e-02 8.000000e-06 9.715680e-01
174 2.842400e-02 4.000000e-06 9.715720e-01
175 2.842400e-02 0.000000e+00 9.715760e-01
176 2.842400e-02 0.000000e+00 9.715760e-01
177 2.842400e-02 0.000000e+00 9.715760e-01
178 2.842400e-02 0.000000e+00 9.715760e-01
179 2.842400e-02 0.000000e+00 9.715760e-01
180 2.842400e-02 0.000000e+00 9.715760e-01
181 2.842400e-02 0.000000e+00 9.715760e-01
182 2.842400e-02 0.000000e+00 9.715760e-01
183 2.842400e-02 0.000000e+00 9.715760e-01
184 2.842400e-02 0.000000e+00 9.715760e-01
185 2.842400e-02 0.000000e+00 9.715760e-01
186 2.842400e-02 0.000000e+00 9.715760e-01
187 2.842400e-02 0.000000e+00 9.715760e-01
188 2.842400e-02 0.000000e+00 9.715760e-01
189 2.842400e-02 0.000000e+00 9.715760e-01
190 2.842400e-02 0.000000e+00 9.715760e-01
191 2.842400e-02 0.000000e+00 9.715760e-01
192 2.842400e-02 0.000000e+00 9.715760e-01
193 2.842400e-02 0.000000e+00 9.715760e-01
194 2.842400e-02 0.000000e+00 9.715760e-01
195 2.842400e-02 0.000000e+00 9.715760e-01
196 2.842400e-02 0.000000e+00 9.715760e-01
197 2.842400e-02 0.000000e+00 9.715760e-01
198 2.842400e-02 0.000000e+00 9.715760e-01
199 2.842400e-02 0.000000e+00 9.715760e-01
200 2.842400e-02 0.000000e+00 9.715760e-01
201 2.842400e-02 0.000000e+00 9.715760e-01
202 2.842400e-02 0.000000e+00 9.715760e-01
203 2.842400e-02 0.000000e+00 9.715760e-01
204 2.842400e-02 0.000000e+00 9.715760e-01
205 2.842400e-02 0.000000e+00 9.715760e-01
206 2.842400e-02 0.000000e+00 9.715760e-01
207 2.842400e-02 0.000000e+00 9.715760e-01
208 2.842400e-02 0.000000e+00 9.715760e-01
209 2.842400e-02 0.000000e+00 9.715760e-01
210 2.842400e-02 0.000000e+00 9.715760e-01
211 2.842400e-02 0.000000e+00 9.715760e-01
212 2.842400e-02 0.000000e+00 9.715760e-01
213 2.842400e-02 0.000000e+00 9.715760e-01
214 2.842400e-02 0.000000e+00 9.715760e-01
215 2.842400e-02 0.000000e+00 9.715760e-01
216 2.842400e-02 0.000000e+00 9.715760e-01
217 2.842400e-02 0.000000e+00 9.715760e-01
218 2.842400e-02 0.000000e+00 9.715760e-01
219 2.842400e-02 0.000000e+00 9.715760e-01
220 2.842400e-02 0.000000e+00 9.715760e-01
221 2.842400e-02 0.000000e+00 9.715760e-01
222 2.842400e-02 0.000000e+00 9.715760e-01
223 2.842400e-02 0.000000e+00 9.715760e-01
224 2.842400e-02 0.000000e+00 9.715760e-01
225 2.842400e-02 0.000000e+00 9.715760e-01
226 2.842400e-02 0.000000e+00 9.715760e-01
227 2.842400e-02 0.000000e+00 9.715760e-01
228 2.842400e-02 0.000000e+00 9.715760e-01
229 2.842400e-02 0.000000e+00 9.715760e-01
230 2.842400e-02 0.000000e+00 9.715760e-01
231 2.842400e-02 0.000000e+00 9.715760e-01
232 2.842400e-02 0.000000e+00 9.715760e-01
233 2.842400e-02 0.000000e+00 9.715760e-01
234 2.842400e-02 0.000000e+00 9.715760e-01
235 2.842400e-02 0.000000e+00 9.715760e-01
236 2.842400e-02 0.000000e+00 9.715760e-01
237 2.842400e-02 0.000000e+00 9.715760e-01
238 2.842400e-02 0.000000e+00 9.715760e-01
239 2.842400e-02 0.000000e+00 9.715760e-01
240 2.842400e-02 0.000000e+00 9.715760e-01
241 2.842400e-02 0.000000e+00 9.715760e-01
242 2.842400e-02 0.000000e+00 9.715760e-01
243 2.842400e-02 0.000000e+00 9.715760e-01
244 2.842400e-02 0.000000e+00 9.715760e-01
245 2.842400e-02 0.000000e+00 9.715760e-01
246 2.842400e-02 0.000000e+00 9.715760e-01
247 2.842400e-02 0.000000e+00 9.715760e-01
248 2.842400e-02 0.000000e+00 9.715760e-01
249 2.842400e-02 0.000000e+00 9.715760e-01
250 2.842400e-02 0.000000e+00 9.715760e-01
251 2.842400e-02 0.000000e+00 9.715760e-01
252 2.842400e-02 0.000000e+00 9.715760e-01
253 2.842400e-02 0.000000e+00 9.715760e-01
254 2.842400e-02 0.000000e+00 9.715760e-01
255 2.842400e-02 0.000000e+00 9.715760e-01
256 2.842400e-02 0.000000e+00 9.715760e-01
257 2.842400e-02 0.000000e+00 9.715760e-01
258 2.842400e-02 0.000000e+00 9.715760e-01
259 2.842400e-02 0.000000e+00 9.715760e-01
260 2.842400e-02 0.000000e+00 9.715760e-01
261 2.842400e-02 0.000000e+00 9.715760e-01
262 2.842400e-02 0.000000e+00 9.715760e-01
263 2.842400e-02 0.000000e+00 9.715760e-01
264 2.842400e-02 0.000000e+00 9.715760e-01
265 2.842400e-02 0.000000e+00 9.715760e-01
266 2.842400e-02 0.000000e+00 9.715760e-01
267 2.842400e-02 0.000000e+00 9.715760e-01
268 2.842400e-02 0.000000e+00 9.715760e-01
269 2.842400e-02 0.000000e+00 9.715760e-01
270 2.842400e-02 0.000000e+00 9.715760e-01
271 2.842400e-02 0.000000e+00 9.715760e-01
272 2.842400e-02 0.000000e+00 9.715760e-01
273 2.842400e-02 0.000000e+00 9.715760e-01
274 2.842400e-02 0.000000e+00 9.715760e-01
275 2.842400e-02 0.000000e+00 9.715760e-01
276 2.842400e-02 0.000000e+00 9.715760e-01
277 2.842400e-02 0.000000e+00 9.715760e-01
278 2.842400e-02 0.000000e+00 9.715760e-01
279 2.842400e-02 0.000000e+00 9.715760e-01
280 2.842400e-02 0.000000e+00 9.715760e-01
281 2.842400e-02 0.000000e+00 9.715760e-01
282 2.842400e-02 0.000000e+00 9.715760e-01
283 2.842400e-02 0.000000e+00 9.715760e-01
284 2.842400e-02 0.000000e+00 9.715760e-01
285 2.842400e-02 0.000000e+00 9.715760e-01
286 2.842400e-02 0.000000e+00 9.715760e-01
287 2.842400e-02 0.000000e+00 9.715760e-01
288 2.842400e-02 0.000000e+00 9.715760e-01
289 2.842400e-02 0.000000e+00 9.715760e-01
290 2.842400e-02 0.000000e+00 9.715760e-01
291 2.842400e-02 0.000000e+00 9.715760e-01
292 2.842400e-02 0.000000e+00 9.715760e-01
293 2.842400e-02 0.000000e+00 9.715760e-01
294 2.842400e-02 0.000000e+00 9.715760e-01
295 2.842400e-02 0.000000e+00 9.715760e-01
296 2.842400e-02 0.000000e+00 9.715760e-01
297 2.842400e-02 0.000000e+00 9.715760e-01
298 2.842400e-02 0.000000e+00 9.715760e-01
299 2.842400e-02 0.000000e+00 9.715760e-01
300 2.842400e-02 0.000000e+00 9.715760e-01
301 2.842400e-02 0.000000e+00 9.715760e-01
302 2.842400e-02 0.000000e+00 9.715760e-01
303 2.842400e-02 0.000000e+00 9.715760e-01
304 2.842400e-02 0.000000e+00 9.715760e-01
305 2.842400e-02 0.000000e+00 9.715760e-01
306 2.842400e-02 0.000000e+00 9.715760e-01
307 2.842400e-02 0.000000e+00 9.715760e-01
308 2.842400e-02 0.000000e+00 9.715760e-01
309 2.842400e-02 0.000000e+00 9.715760e-01
310 2.842400e-02 0.000000e+00 9.715760e-01
311 2.842400e-02 0.000000e+00 9.715760e-01
312 2.842400e-02 0.000000e+00 9.715760e-01
313 2.842400e-02 0.000000e+00 9.715760e-01
314 2.842400e-02 0.000000e+00 9.715760e-01
315 2.842400e-02 0.000000e+00 9.715760e-01
316 2.842400e-02 0.000000e+00 9.715760e-01
317 2.842400e-02 0.000000e+00 9.715760e-01
318 2.842400e-02 0.000000e+00 9.715760e-01
319 2.842400e-02 0.000000e+00 9.715760e-01
320 2.842400e-02 0.000000e+00 9.715760e-01
321 2.842400e-02 0.000000e+00 9.715760e-01
322 2.842400e-02 0.000000e+00 9.715760e-01
323 2.842400e-02 0.000000e+00 9.715760e-01
324 2.842400e-02 0.000000e+00 9.715760e-01
325 2.842400e-02 0.000000e+00 9.715760e-01
326 2.842400e-02 0.000000e+00 9.715760e-01
327 2.842400e-02 0.000000e+00 9.715760e-01
328 2.842400e-02 0.000000e+00 9.715760e-01
329 2.842400e-02 0.000000e+00 9.715760e-01
330 2.842400e-02 0.000000e+00 9.715760e-01
331 2.842400e-02 0.000000e+00 9.715760e-01
332 2.842400e-02 0.000000e+00 9.715760e-01
333 2.842400e-02 0.000000e+00 9.715760e-01
334 2.842400e-02 0.000000e+00 9.715760e-01
335 2.842400e-02 0.000000e+00 9.715760e-01
336 2.842400e-02 0.000000e+00 9.715760e-01
337 2.842400e-02 0.000000e+00 9.715760e-01
338 2.842400e-02 0.000000e+00 9.715760e-01
339 2.842400e-02 0.000000e+00 9.715760e-01
340 2.842400e-02 0.000000e+00 9.715760e-01
341 2.842400e-02 0.000000e+00 9.715760e-01
342 2.842400e-02 0.000000e+00 9.715760e-01
343 2.842400e-02 0.000000e+00 9.715760e-01
344 2.842400e-02 0.000000e+00 9.715760e-01
345 2.842400e-02 0.000000e+00 9.715760e-01
346 2.842400e-02 0.000000e+00 9.715760e-01
347 2.842400e-02 0.000000e+00 9.715760e-01
348 2.842400e-02 0.000000e+00 9.715760e-01
349 2.842400e-02 0.000000e+00 9.715760e-01
350 2.842400e-02 0.000000e+00 9.715760e-01
351 2.842400e-02 0.000000e+00 9.715760e-01
352 2.842400e-02 0.000000e+00 9.715760e-01
353 2.842400e-02 0.000000e+00 9.715760e-01
354 2.842400e-02 0.000000e+00 9.715760e-01
355 2.842400e-02 0.000000e+00 9.715760e-01
356 2.842400e-02 0.000000e+00 9.715760e-01
357 2.842400e-02 0.000000e+00 9.715760e-01
358 2.842400e-02 0.000000e+00 9.715760e-01
359 2.842400e-02 0.000000e+00 9.715760e-01
360 2.842400e-02 0.000000e+00 9.715760e-01
361 2.842400e-02 0.000000e+00 9.715760e-01
362 2.842400e-02 0.000000e+00 9.715760e-01
363 2.842400e-02 0.000000e+00 9.715760e-01
364 2.842400e-02 0.000000e+00 9.715760e-01
365 2.842400e-02 0.000000e+00 9.715760e-01
366 2.842400e-02 0.000000e+00 9.715760e-01
367 2.842400e-02 0.000000e+00 9.715760e-01
368 2.842400e-02 0.000000e+00 9.715760e-01
369 2.842400e-02 0.000000e+00 9.715760e-01
370 2.842400e-02 0.000000e+00 9.715760e-01
371 2.842400e-02 0.000000e+00 9.715760e-01
372 2.842400e-02 0.000000e+00 9.715760e-01
373 2.842400e-02 0.000000e+00 9.715760e-01
374 2.842400e-02 0.000000e+00 9.715760e-01
375 2.842400e-02 0.000000e+00 9.715760e-01
376 2.842400e-02 0.000000e+00 9.715760e-01
377 2.842400e-02 0.000000e+00 9.715760e-01
378 2.842400e-02 0.000000e+00 9.715760e-01
379 2.842400e-02 0.000000e+00 9.715760e-01
380 2.842400e-02 0.000000e+00 9.715760e-01
381 2.842400e-02 0.000000e+00 9.715760e-01
382 2.842400e-02 0.000000e+00 9.715760e-01
383 2.842400e-02 0.000000e+00 9.715760e-01
384 2.842400e-02 0.000000e+00 9.715760e-01
385 2.842400e-02 0.000000e+00 9.715760e-01
386 2.842400e-02 0.000000e+00 9.715760e-01
387 2.842400e-02 0.000000e+00 9.715760e-01
388 2.842400e-02 0.000000e+00 9.715760e-01
389 2.842400e-02 0.000000e+00 9.715760e-01
390 2.842400e-02 0.000000e+00 9.715760e-01
391 2.842400e-02 0.000000e+00 9.715760e-01
392 2.842400e-02 0.000000e+00 9.715760e-01
393 2.842400e-02 0.000000e+00 9.715760e-01
394 2.842400e-02 0.000000e+00 9.715760e-01
395 2.842400e-02 0.000000e+00 9.715760e-01
396 2.842400e-02 0.000000e+00 9.715760e-01
397 2.842400e-02 0.000000e+00 9.715760e-01
398 2.842400e-02 0.000000e+00 9.715760e-01
399 2.842400e-02 0.000000e+00 9.715760e-01
400 2.842400e-02 0.000000e+00 9.715760e-01
401 2.842400e-02 0.000000e+00 9.715760e-01
402 2.842400e-02 0.000000e+00 9.715760e-01
403 2.842400e-02 0.000000e+00 9.715760e-01
404 2.842400e-02 0.000000e+00 9.715760e-01
405 2.842400e-02 0.000000e+00 9.715760e-01
406 2.842400e-02 0.000000e+00 9.715760e-01
407 2.842400e-02 0.000000e+00 9.715760e-01
408 2.842400e-02 0.000000e+00 9.715760e-01
409 2.842400e-02 0.000000e+00 9.715760e-01
410 2.842400e-02 0.000000e+00 9.715760e-01
411 2.842400e-02 0.000000e+00 9.715760e-01
412 2.842400e-02 0.000000e+00 9.715760e-01
413 2.842400e-02 0.000000e+00 9.715760e-01
414 2.842400e-02 0.000000e+00 9.715760e-01
415 2.842400e-02 0.000000e+00 9.715760e-01
416 2.842400e-02 0.000000e+00 9.715760e-01
417 2.842400e-02 0.000000e+00 9.715760e-01
418 2.842400e-02 0.000000e+00 9.715760e-01
419 2.842400e-02 0.000000e+00 9.715760e-01
420 2.842400e-02 0.000000e+00 9.715760e-01
421 2.842400e-02 0.000000e+00 9.715760e-01
422 2.842400e-02 0.000000e+00 9.715760e-01
423 2.842400e-02 0.000000e+00 9.715760e-01
424 2.842400e-02 0.000000e+00 9.715760e-01
425 2.842400e-02 0.000000e+00 9.715760e-01
426 2.842400e-02 0.000000e+00 9.715760e-01
427 2.842400e-02 0.000000e+00 9.715760e-01
428 2.842400e-02 0.000000e+00 9.715760e-01
429 2.842400e-02 0.000000e+00 9.715760e-01
430 2.842400e-02 0.000000e+00 9.715760e-01
431 2.842400e-02 0.000000e+00 9.715760e-01
432 2.842400e-02 0.000000e+00 9.715760e-01
433 2.842400e-02 0.000000e+00 9.715760e-01
434 2.842400e-02 0.000000e+00 9.715760e-01
435 2.842400e-02 0.000000e+00 9.715760e-01
436 2.842400e-02 0.000000e+00 9.715760e-01
437 2.842400e-02 0.000000e+00 9.715760e-01
438 2.842400e-02 0.000000e+00 9.715760e-01
439 2.842400e-02 0.000000e+00 9.715760e-01
440 2.842400e-02 0.000000e+00 9.715760e-01
441 2.842400e-02 0.000000e+00 9.715760e-01
442 2.842400e-02 0.000000e+00 9.715760e-01
443 2.842400e-02 0.000000e+00 9.715760e-01
444 2.842400e-02 0.000000e+00 9.715760e-01
445 2.842400e-02 0.000000e+00 9.715760e-01
446 2.842400e-02 0.000000e+00 9.715760e-01
447 2.842400e-02 0.000000e+00 9.715760e-01
448 2.842400e-02 0.000000e+00 9.715760e-01
449 2.842400e-02 0.000000e+00 9.715760e-01
450 2.842400e-02 0.000000e+00 9.715760e-01
451 2.842400e-02 0.000000e+00 9.715760e-01
452 2.842400e-02 0.000000e+00 9.715760e-01
453 2.842400e-02 0.000000e+00 9.715760e-01
454 2.842400e-02 0.000000e+00 9.715760e-01
455 2.842400e-02 0.000000e+00 9.715760e-01
456 2.842400e-02 0.000000e+00 9.715760e-01
457 2.842400e-02 0.000000e+00 9.715760e-01
458 2.842400e-02 0.000000e+00 9.715760e-01
459 2.842400e-02 0.000000e+00 9.715760e-01
460 2.842400e-02 0.000000e+00 9.715760e-01
461 2.842400e-02 0.000000e+00 9.715760e-01
462 2.842400e-02 0.000000e+00 9.715760e-01
463 2.842400e-02 0.000000e+00 9.715760e-01
464 2.842400e-02 0.000000e+00 9.715760e-01
465 2.842400e-02 0.000000e+00 9.715760e-01
466 2.842400e-02 0.000000e+00 9.715760e-01
467 2.842400e-02 0.000000e+00 9.715760e-01
468 2.842400e-02 0.000000e+00 9.715760e-01
469 2.842400e-02 0.000000e+00 9.715760e-01
470 2.842400e-02 0.000000e+00 9.715760e-01
471 2.842400e-02 0.000000e+00 9.715760e-01
472 2.842400e-02 0.000000e+00 9.715760e-01
473 2.842400e-02 0.000000e+00 9.715760e-01
474 2.842400e-02 0.000000e+00 9.715760e-01
475 2.842400e-02 0.000000e+00 9.715760e-01
476 2.842400e-02 0.000000e+00 9.715760e-01
477 2.842400e-02 0.000000e+00 9.715760e-01
478 2.842400e-02 0.000000e+00 9.715760e-01
479 2.842400e-02 0.000000e+00 9.715760e-01
480 2.842400e-02 0.000000e+00 9.715760e-01
481 2.842400e-02 0.000000e+00 9.715760e-01
482 2.842400e-02 0.000000e+00 9.715760e-01
483 2.842400e-02 0.000000e+00 9.715760e-01
484 2.842400e-02 0.000000e+00 9.715760e-01
485 2.842400e-02 0.000000e+00 9.715760e-01
486 2.842400e-02 0.000000e+00 9.715760e-01
487 2.842400e-02 0.000000e+00 9.715760e-01
488 2.842400e-02 0.000000e+00 9.715760e-01
489 2.842400e-02 0.000000e+00 9.715760e-01
490 2.842400e-02 0.000000e+00 9.715760e-01
491 2.842400e-02 0.000000e+00 9.715760e-01
492 2.842400e-02 0.000000e+00 9.715760e-01
493 2.842400e-02 0.000000e+00 9.715760e-01
494 2.842400e-02 0.000000e+00 9.715760e-01
495 2.842400e-02 0.000000e+00 9.715760e-01
496 2.842400e-02 0.000000e+00 9.715760e-01
497 2.842400e-02 0.000000e+00 9.715760e-01
498 2.842400e-02 0.000000e+00 9.715760e-01
499 2.842400e-02 0.000000e+00 9.715760e-01
500 2.842400e-02 0.000000e+00 9.715760e-01
