1 9.991360e-01 7.240000e-04 1.400000e-04
2 9.985760e-01 1.112000e-03 3.120000e-04
3 9.975800e-01 1.800000e-03 6.200000e-04
4 9.963240e-01 2.668000e-03 1.008000e-03
5 9.948840e-01 3.560000e-03 1.556000e-03
6 9.931520e-01 4.600000e-03 2.248000e-03
7 9.909560e-01 6.004000e-03 3.040000e-03
8 9.882560e-01 7.428000e-03 4.316000e-03
9 9.852480e-01 8.944000e-03 5.808000e-03
10 9.822160e-01 1.032800e-02 7.456000e-03
11 9.787680e-01 1.182800e-02 9.404000e-03
12 9.746840e-01 1.356000e-02 1.175600e-02
13 9.703760e-01 1.538400e-02 1.424000e-02
14 9.657800e-01 1.713200e-02 1.708800e-02
15 9.603000e-01 1.924400e-02 2.045600e-02
16 9.545040e-01 2.156000e-02 2.393600e-02
17 9.480000e-01 2.405600e-02 2.794400e-02
18 9.412400e-01 2.626400e-02 3.249600e-02
19 9.343400e-01 2.830800e-02 3.735200e-02
20 9.270120e-01 3.056400e-02 4.242400e-02
21 9.193920e-01 3.273200e-02 4.787600e-02
22 9.112040e-01 3.490400e-02 5.389200e-02
23 9.023080e-01 3.750000e-02 6.019200e-02
24 8.930720e-01 3.989600e-02 6.703200e-02
25 8.834800e-01 4.254400e-02 7.397600e-02
26 8.732080e-01 4.518000e-02 8.161200e-02
27 8.625080e-01 4.759200e-02 8.990000e-02
28 8.517320e-01 4.973600e-02 9.853200e-02
29 8.405000e-01 5.200800e-02 1.074920e-01
30 8.290680e-01 5.405200e-02 1.168800e-01
31 8.170480e-01 5.659600e-02 1.263560e-01
32 8.047120e-01 5.890800e-02 1.363800e-01
33 7.921560e-01 6.104800e-02 1.467960e-01
34 7.796720e-01 6.269200e-02 1.576360e-01
35 7.668920e-01 6.399200e-02 1.691160e-01
36 7.536120e-01 6.594400e-02 1.804440e-01
37 7.403920e-01 6.742400e-02 1.921840e-01
38 7.265720e-01 6.927600e-02 2.041520e-01
39 7.125440e-01 7.096800e-02 2.164880e-01
40 6.989880e-01 7.172400e-02 2.292880e-01
41 6.852520e-01 7.305600e-02 2.416920e-01
42 6.716320e-01 7.335600e-02 2.550120e-01
43 6.580680e-01 7.384000e-02 2.680920e-01
44 6.441480e-01 7.490000e-02 2.809520e-01
45 6.300600e-01 7.573200e-02 2.942080e-01
46 6.157720e-01 7.660800e-02 3.076200e-01
47 6.016280e-01 7.710800e-02 3.212640e-01
48 5.871240e-01 7.812800e-02 3.347480e-01
49 5.729440e-01 7.898400e-02 3.480720e-01
50 5.590800e-01 7.907600e-02 3.618440e-01
51 5.452440e-01 7.871200e-02 3.760440e-01
52 5.311360e-01 7.891200e-02 3.899520e-01
53 5.174000e-01 7.888000e-02 4.037200e-01
54 5.039320e-01 7.826400e-02 4.178040e-01
55 4.900960e-01 7.797200e-02 4.319320e-01
56 4.761600e-01 7.826800e-02 4.455720e-01
57 4.628560e-01 7.784400e-02 4.593000e-01
58 4.488640e-01 7.801200e-02 4.731240e-01
59 4.357680e-01 7.723600e-02 4.869960e-01
60 4.228280e-01 7.614000e-02 5.010320e-01
61 4.102160e-01 7.527600e-02 5.145080e-01
62 3.980120e-01 7.436000e-02 5.276280e-01
63 3.860600e-01 7.324800e-02 5.406920e-01
64 3.744880e-01 7.208800e-02 5.534240e-01
65 3.632320e-01 7.077200e-02 5.659960e-01
66 3.522440e-01 6.954000e-02 5.782160e-01
67 3.412280e-01 6.838800e-02 5.903840e-01
68 3.308400e-01 6.677600e-02 6.023840e-01
69 3.205280e-01 6.554000e-02 6.139320e-01
70 3.107800e-01 6.407200e-02 6.251480e-01
71 3.004720e-01 6.345200e-02 6.360760e-01
72 2.904880e-01 6.244400e-02 6.470680e-01
73 2.808440e-01 6.143600e-02 6.577200e-01
74 2.707640e-01 6.110800e-02 6.681280e-01
75 2.613080e-01 6.025600e-02 6.784360e-01
76 2.519680e-01 5.933600e-02 6.886960e-01
77 2.427280e-01 5.853200e-02 6.987400e-01
78 2.333600e-01 5.751600e-02 7.091240e-01
79 2.243640e-01 5.628000e-02 7.193560e-01
80 2.156320e-01 5.520000e-02 7.291680e-01
81 2.072680e-01 5.428000e-02 7.384520e-01
82 1.991360e-01 5.298400e-02 7.478800e-01
83 1.914440e-01 5.183600e-02 7.567200e-01
84 1.840560e-01 5.035600e-02 7.655880e-01
85 1.771840e-01 4.833600e-02 7.744800e-01
86 1.703880e-01 4.691200e-02 7.827000e-01
87 1.641240e-01 4.489600e-02 7.909800e-01
88 1.582200e-01 4.296000e-02 7.988200e-01
89 1.522720e-01 4.153600e-02 8.061920e-01
90 1.466640e-01 3.974400e-02 8.135920e-01
91 1.409800e-01 3.857200e-02 8.204480e-01
92 1.354520e-01 3.732400e-02 8.272240e-01
93 1.304840e-01 3.591600e-02 8.336000e-01
94 1.256080e-01 3.472400e-02 8.396680e-01
95 1.207080e-01 3.378800e-02 8.455040e-01
96 1.160680e-01 3.259200e-02 8.513400e-01
97 1.116560e-01 3.132400e-02 8.570200e-01
98 1.072960e-01 3.031200e-02 8.623920e-01
99 1.028080e-01 2.956800e-02 8.676240e-01
100 9.858000e-02 2.882800e-02 8.725920e-01
101 9.420000e-02 2.820000e-02 8.776000e-01
102 9.046000e-02 2.702400e-02 8.825160e-01
103 8.666800e-02 2.616800e-02 8.871640e-01
104 8.330000e-02 2.498000e-02 8.917200e-01
105 8.021600e-02 2.391200e-02 8.958720e-01
106 7.700800e-02 2.286400e-02 9.001280e-01
107 7.388800e-02 2.208400e-02 9.040280e-01
108 7.090000e-02 2.138800e-02 9.077120e-01
109 6.806000e-02 2.058000e-02 9.113600e-01
110 6.538000e-02 1.959200e-02 9.150280e-01
111 6.285200e-02 1.874000e-02 9.184080e-01
112 6.055600e-02 1.767200e-02 9.217720e-01
113 5.843200e-02 1.671600e-02 9.248520e-01
114 5.633600e-02 1.583600e-02 9.278280e-01
115 5.446000e-02 1.503200e-02 9.305080e-01
116 5.273200e-02 1.414400e-02 9.331240e-01
117 5.096000e-02 1.355600e-02 9.354840e-01
118 4.932000e-02 1.286000e-02 9.378200e-01
119 4.783600e-02 1.210800e-02 9.400560e-01
120 4.635600e-02 1.148800e-02 9.421560e-01
121 4.512400e-02 1.066400e-02 9.442120e-01
122 4.404000e-02 9.884000e-03 9.460760e-01
123 4.290400e-02 9.364000e-03 9.477320e-01
124 4.182400e-02 8.752000e-03 9.494240e-01
125 4.082800e-02 8.240000e-03 9.509320e-01
126 3.990400e-02 7.752000e-03 9.523440e-01
127 3.895200e-02 7.356000e-03 9.536920e-01
128 3.808000e-02 7.040000e-03 9.548800e-01
129 3.730400e-02 6.660000e-03 9.560360e-01
130 3.654400e-02 6.244000e-03 9.572120e-01
131 3.580800e-02 5.900000e-03 9.582920e-01
132 3.518000e-02 5.516000e-03 9.593040e-01
133 3.465200e-02 5.164000e-03 9.601840e-01
134 3.409600e-02 4.904000e-03 9.610000e-01
135 3.357600e-02 4.524000e-03 9.619000e-01
136 3.309200e-02 4.216000e-03 9.626920e-01
137 3.275200e-02 3.744000e-03 9.635040e-01
138 3.231600e-02 3.536000e-03 9.641480e-01
139 3.201200e-02 3.284000e-03 9.647040e-01
140 3.170400e-02 3.088000e-03 9.652080e-01
141 3.138800e-02 2.916000e-03 9.656960e-01
142 3.108800e-02 2.736000e-03 9.661760e-01
143 3.083600e-02 2.528000e-03 9.666360e-01
144 3.057200e-02 2.384000e-03 9.670440e-01
145 3.039600e-02 2.188000e-03 9.674160e-01
146 3.021600e-02 1.916000e-03 9.678680e-01
147 3.002800e-02 1.724000e-03 9.682480e-01
148 2.981600e-02 1.680000e-03 9.685040e-01
149 2.959200e-02 1.592000e-03 9.688160e-01
150 2.938400e-02 1.548000e-03 9.690680e-01
151 2.921600e-02 1.436000e-03 9.693480e-01
152 2.905200e-02 1.316000e-03 9.696320e-01
153 2.892000e-02 1.204000e-03 9.698760e-01
154 2.878400e-02 1.112000e-03 9.701040e-01
155 2.864800e-02 1.036000e-03 9.703160e-01
156 2.850000e-02 1.000000e-03 9.705000e-01
157 2.841200e-02 9.000000e-04 9.706880e-01
158 2.835200e-02 7.840000e-04 9.708640e-01
159 2.829200e-02 6.960000e-04 9.710120e-01
160 2.824800e-02 6.440000e-04 9.711080e-01
161 2.822800e-02 5.400000e-04 9.712320e-01
162 2.818800e-02 4.840000e-04 9.713280e-01
163 2.816000e-02 4.320000e-04 9.714080e-01
164 2.813600e-02 4.040000e-04 9.714600e-01
165 2.810000e-02 3.640000e-04 9.715360e-01
166 2.808400e-02 3.240000e-04 9.715920e-01
167 2.807200e-02 2.880000e-04 9.716400e-01
168 2.805200e-02 2.720000e-04 9.716760e-01
169 2.804800e-02 2.440000e-04 9.717080e-01
170 2.804400e-02 2.200000e-04 9.717360e-01
171 2.804000e-02 1.920000e-04 9.717680e-01
172 2.803200e-02 1.680000e-04 9.718000e-01
173 2.803200e-02 1.400000e-04 9.718280e-01
174 2.803200e-02 1.320000e-04 9.718360e-01
175 2.803200e-02 1.000000e-04 9.718680e-01
176 2.803200e-02 8.000000e-05 9.718880e-01
177 2.803200e-02 5.600000e-05 9.719120e-01
178 2.803200e-02 5.200000e-05 9.719160e-01
179 2.803200e-02 4.400000e-05 9.719240e-01
180 2.803200e-02 3.600000e-05 9.719320e-01
181 2.803200e-02 2.800000e-05 9.719400e-01
182 2.803200e-02 2.800000e-05 9.719400e-01
183 2.803200e-02 2.800000e-05 9.719400e-01
184 2.803200e-02 2.000000e-05 9.719480e-01
185 2.803200e-02 1.200000e-05 9.719560e-01
186 2.803200e-02 1.200000e-05 9.719560e-01
187 2.803200e-02 1.200000e-05 9.719560e-01
188 2.803200e-02 1.200000e-05 9.719560e-01
189 2.803200e-02 1.200000e-05 9.719560e-01
190 2.803200e-02 1.200000e-05 9.719560e-01
191 2.803200e-02 8.000000e-06 9.719600e-01
192 2.803200e-02 8.000000e-06 9.719600e-01
193 2.803200e-02 8.000000e-06 9.719600e-01
194 2.803200e-02 4.000000e-06 9.719640e-01
195 2.803200e-02 4.000000e-06 9.719640e-01
196 2.803200e-02 0.000000e+00 9.719680e-01
197 2.803200e-02 0.000000e+00 9.719680e-01
198 2.803200e-02 0.000000e+00 9.719680e-01
199 2.803200e-02 0.000000e+00 9.719680e-01
200 2.803200e-02 0.000000e+00 9.719680e-01
201 2.803200e-02 0.000000e+00 9.719680e-01
202 2.803200e-02 0.000000e+00 9.719680e-01
203 2.803200e-02 0.000000e+00 9.719680e-01
204 2.803200e-02 0.000000e+00 9.719680e-01
205 2.803200e-02 0.000000e+00 9.719680e-01
206 2.803200e-02 0.000000e+00 9.719680e-01
207 2.803200e-02 0.000000e+00 9.719680e-01
208 2.803200e-02 0.000000e+00 9.719680e-01
209 2.803200e-02 0.000000e+00 9.719680e-01
210 2.803200e-02 0.000000e+00 9.719680e-01
211 2.803200e-02 0.000000e+00 9.719680e-01
212 2.803200e-02 0.000000e+00 9.719680e-01
213 2.803200e-02 0.000000e+00 9.719680e-01
214 2.803200e-02 0.000000e+00 9.719680e-01
215 2.803200e-02 0.000000e+00 9.719680e-01
216 2.803200e-02 0.000000e+00 9.719680e-01
217 2.803200e-02 0.000000e+00 9.719680e-01
218 2.803200e-02 0.000000e+00 9.719680e-01
219 2.803200e-02 0.000000e+00 9.719680e-01
220 2.803200e-02 0.000000e+00 9.719680e-01
221 2.803200e-02 0.000000e+00 9.719680e-01
222 2.803200e-02 0.000000e+00 9.719680e-01
223 2.803200e-02 0.000000e+00 9.719680e-01
224 2.803200e-02 0.000000e+00 9.719680e-01
225 2.803200e-02 0.000000e+00 9.719680e-01
226 2.803200e-02 0.000000e+00 9.719680e-01
227 2.803200e-02 0.000000e+00 9.719680e-01
228 2.803200e-02 0.000000e+00 9.719680e-01
229 2.803200e-02 0.000000e+00 9.719680e-01
230 2.803200e-02 0.000000e+00 9.719680e-01
231 2.803200e-02 0.000000e+00 9.719680e-01
232 2.803200e-02 0.000000e+00 9.719680e-01
233 2.803200e-02 0.000000e+00 9.719680e-01
234 2.803200e-02 0.000000e+00 9.719680e-01
235 2.803200e-02 0.000000e+00 9.719680e-01
236 2.803200e-02 0.000000e+00 9.719680e-01
237 2.803200e-02 0.000000e+00 9.719680e-01
238 2.803200e-02 0.000000e+00 9.719680e-01
239 2.803200e-02 0.000000e+00 9.719680e-01
240 2.803200e-02 0.000000e+00 9.719680e-01
241 2.803200e-02 0.000000e+00 9.719680e-01
242 2.803200e-02 0.000000e+00 9.719680e-01
243 2.803200e-02 0.000000e+00 9.719680e-01
244 2.803200e-02 0.000000e+00 9.719680e-01
245 2.803200e-02 0.000000e+00 9.719680e-01
246 2.803200e-02 0.000000e+00 9.719680e-01
247 2.803200e-02 0.000000e+00 9.719680e-01
248 2.803200e-02 0.000000e+00 9.719680e-01
249 2.803200e-02 0.000000e+00 9.719680e-01
250 2.803200e-02 0.000000e+00 9.719680e-01
251 2.803200e-02 0.000000e+00 9.719680e-01
252 2.803200e-02 0.000000e+00 9.719680e-01
253 2.803200e-02 0.000000e+00 9.719680e-01
254 2.803200e-02 0.000000e+00 9.719680e-01
255 2.803200e-02 0.000000e+00 9.719680e-01
256 2.803200e-02 0.000000e+00 9.719680e-01
257 2.803200e-02 0.000000e+00 9.719680e-01
258 2.803200e-02 0.000000e+00 9.719680e-01
259 2.803200e-02 0.000000e+00 9.719680e-01
260 2.803200e-02 0.000000e+00 9.719680e-01
261 2.803200e-02 0.000000e+00 9.719680e-01
262 2.803200e-02 0.000000e+00 9.719680e-01
263 2.803200e-02 0.000000e+00 9.719680e-01
264 2.803200e-02 0.000000e+00 9.719680e-01
265 2.803200e-02 0.000000e+00 9.719680e-01
266 2.803200e-02 0.000000e+00 9.719680e-01
267 2.803200e-02 0.000000e+00 9.719680e-01
268 2.803200e-02 0.000000e+00 9.719680e-01
269 2.803200e-02 0.000000e+00 9.719680e-01
270 2.803200e-02 0.000000e+00 9.719680e-01
271 2.803200e-02 0.000000e+00 9.719680e-01
272 2.803200e-02 0.000000e+00 9.719680e-01
273 2.803200e-02 0.000000e+00 9.719680e-01
274 2.803200e-02 0.000000e+00 9.719680e-01
275 2.803200e-02 0.000000e+00 9.719680e-01
276 2.803200e-02 0.000000e+00 9.719680e-01
277 2.803200e-02 0.000000e+00 9.719680e-01
278 2.803200e-02 0.000000e+00 9.719680e-01
279 2.803200e-02 0.000000e+00 9.719680e-01
280 2.803200e-02 0.000000e+00 9.719680e-01
281 2.803200e-02 0.000000e+00 9.719680e-01
282 2.803200e-02 0.000000e+00 9.719680e-01
283 2.803200e-02 0.000000e+00 9.719680e-01
284 2.803200e-02 0.000000e+00 9.719680e-01
285 2.803200e-02 0.000000e+00 9.719680e-01
286 2.803200e-02 0.000000e+00 9.719680e-01
287 2.803200e-02 0.000000e+00 9.719680e-01
288 2.803200e-02 0.000000e+00 9.719680e-01
289 2.803200e-02 0.000000e+00 9.719680e-01
290 2.803200e-02 0.000000e+00 9.719680e-01
291 2.803200e-02 0.000000e+00 9.719680e-01
292 2.803200e-02 0.000000e+00 9.719680e-01
293 2.803200e-02 0.000000e+00 9.719680e-01
294 2.803200e-02 0.000000e+00 9.719680e-01
295 2.803200e-02 0.000000e+00 9.719680e-01
296 2.803200e-02 0.000000e+00 9.719680e-01
297 2.803200e-02 0.000000e+00 9.719680e-01
298 2.803200e-02 0.000000e+00 9.719680e-01
299 2.803200e-02 0.000000e+00 9.719680e-01
300 2.803200e-02 0.000000e+00 9.719680e-01
301 2.803200e-02 0.000000e+00 9.719680e-01
302 2.803200e-02 0.000000e+00 9.719680e-01
303 2.803200e-02 0.000000e+00 9.719680e-01
304 2.803200e-02 0.000000e+00 9.719680e-01
305 2.803200e-02 0.000000e+00 9.719680e-01
306 2.803200e-02 0.000000e+00 9.719680e-01
307 2.803200e-02 0.000000e+00 9.719680e-01
308 2.803200e-02 0.000000e+00 9.719680e-01
309 2.803200e-02 0.000000e+00 9.719680e-01
310 2.803200e-02 0.000000e+00 9.719680e-01
311 2.803200e-02 0.000000e+00 9.719680e-01
312 2.803200e-02 0.000000e+00 9.719680e-01
313 2.803200e-02 0.000000e+00 9.719680e-01
314 2.803200e-02 0.000000e+00 9.719680e-01
315 2.803200e-02 0.000000e+00 9.719680e-01
316 2.803200e-02 0.000000e+00 9.719680e-01
317 2.803200e-02 0.000000e+00 9.719680e-01
318 2.803200e-02 0.000000e+00 9.719680e-01
319 2.803200e-02 0.000000e+00 9.719680e-01
320 2.803200e-02 0.000000e+00 9.719680e-01
321 2.803200e-02 0.000000e+00 9.719680e-01
322 2.803200e-02 0.000000e+00 9.719680e-01
323 2.803200e-02 0.000000e+00 9.719680e-01
324 2.803200e-02 0.000000e+00 9.719680e-01
325 2.803200e-02 0.000000e+00 9.719680e-01
326 2.803200e-02 0.000000e+00 9.719680e-01
327 2.803200e-02 0.000000e+00 9.719680e-01
328 2.803200e-02 0.000000e+00 9.719680e-01
329 2.803200e-02 0.000000e+00 9.719680e-01
330 2.803200e-02 0.000000e+00 9.719680e-01
331 2.803200e-02 0.000000e+00 9.719680e-01
332 2.803200e-02 0.000000e+00 9.719680e-01
333 2.803200e-02 0.000000e+00 9.719680e-01
334 2.803200e-02 0.000000e+00 9.719680e-01
335 2.803200e-02 0.000000e+00 9.719680e-01
336 2.803200e-02 0.000000e+00 9.719680e-01
337 2.803200e-02 0.000000e+00 9.719680e-01
338 2.803200e-02 0.000000e+00 9.719680e-01
339 2.803200e-02 0.000000e+00 9.719680e-01
340 2.803200e-02 0.000000e+00 9.719680e-01
341 2.803200e-02 0.000000e+00 9.719680e-01
342 2.803200e-02 0.000000e+00 9.719680e-01
343 2.803200e-02 0.000000e+00 9.719680e-01
344 2.803200e-02 0.000000e+00 9.719680e-01
345 2.803200e-02 0.000000e+00 9.719680e-01
346 2.803200e-02 0.000000e+00 9.719680e-01
347 2.803200e-02 0.000000e+00 9.719680e-01
348 2.803200e-02 0.000000e+00 9.719680e-01
349 2.803200e-02 0.000000e+00 9.719680e-01
350 2.803200e-02 0.000000e+00 9.719680e-01
351 2.803200e-02 0.000000e+00 9.719680e-01
352 2.803200e-02 0.000000e+00 9.719680e-01
353 2.803200e-02 0.000000e+00 9.719680e-01
354 2.803200e-02 0.000000e+00 9.719680e-01
355 2.803200e-02 0.000000e+00 9.719680e-01
356 2.803200e-02 0.000000e+00 9.719680e-01
357 2.803200e-02 0.000000e+00 9.719680e-01
358 2.803200e-02 0.000000e+00 9.719680e-01
359 2.803200e-02 0.000000e+00 9.719680e-01
360 2.803200e-02 0.000000e+00 9.719680e-01
361 2.803200e-02 0.000000e+00 9.719680e-01
362 2.803200e-02 0.000000e+00 9.719680e-01
363 2.803200e-02 0.000000e+00 9.719680e-01
364 2.803200e-02 0.000000e+00 9.719680e-01
365 2.803200e-02 0.000000e+00 9.719680e-01
366 2.803200e-02 0.000000e+00 9.719680e-01
367 2.803200e-02 0.000000e+00 9.719680e-01
368 2.803200e-02 0.000000e+00 9.719680e-01
369 2.803200e-02 0.000000e+00 9.719680e-01
370 2.803200e-02 0.000000e+00 9.719680e-01
371 2.803200e-02 0.000000e+00 9.719680e-01
372 2.803200e-02 0.000000e+00 9.719680e-01
373 2.803200e-02 0.000000e+00 9.719680e-01
374 2.803200e-02 0.000000e+00 9.719680e-01
375 2.803200e-02 0.000000e+00 9.719680e-01
376 2.803200e-02 0.000000e+00 9.719680e-01
377 2.803200e-02 0.000000e+00 9.719680e-01
378 2.803200e-02 0.000000e+00 9.719680e-01
379 2.803200e-02 0.000000e+00 9.719680e-01
380 2.803200e-02 0.000000e+00 9.719680e-01
381 2.803200e-02 0.000000e+00 9.719680e-01
382 2.803200e-02 0.000000e+00 9.719680e-01
383 2.803200e-02 0.000000e+00 9.719680e-01
384 2.803200e-02 0.000000e+00 9.719680e-01
385 2.803200e-02 0.000000e+00 9.719680e-01
386 2.803200e-02 0.000000e+00 9.719680e-01
387 2.803200e-02 0.000000e+00 9.719680e-01
388 2.803200e-02 0.000000e+00 9.719680e-01
389 2.803200e-02 0.000000e+00 9.719680e-01
390 2.803200e-02 0.000000e+00 9.719680e-01
391 2.803200e-02 0.000000e+00 9.719680e-01
392 2.803200e-02 0.000000e+00 9.719680e-01
393 2.803200e-02 0.000000e+00 9.719680e-01
394 2.803200e-02 0.000000e+00 9.719680e-01
395 2.803200e-02 0.000000e+00 9.719680e-01
396 2.803200e-02 0.000000e+00 9.719680e-01
397 2.803200e-02 0.000000e+00 9.719680e-01
398 2.803200e-02 0.000000e+00 9.719680e-01
399 2.803200e-02 0.000000e+00 9.719680e-01
400 2.803200e-02 0.000000e+00 9.719680e-01
401 2.803200e-02 0.000000e+00 9.719680e-01
402 2.803200e-02 0.000000e+00 9.719680e-01
403 2.803200e-02 0.000000e+00 9.719680e-01
404 2.803200e-02 0.000000e+00 9.719680e-01
405 2.803200e-02 0.000000e+00 9.719680e-01
406 2.803200e-02 0.000000e+00 9.719680e-01
407 2.803200e-02 0.000000e+00 9.719680e-01
408 2.803200e-02 0.000000e+00 9.719680e-01
409 2.803200e-02 0.000000e+00 9.719680e-01
410 2.803200e-02 0.000000e+00 9.719680e-01
411 2.803200e-02 0.000000e+00 9.719680e-01
412 2.803200e-02 0.000000e+00 9.719680e-01
413 2.803200e-02 0.000000e+00 9.719680e-01
414 2.803200e-02 0.000000e+00 9.719680e-01
415 2.803200e-02 0.000000e+00 9.719680e-01
416 2.803200e-02 0.000000e+00 9.719680e-01
417 2.803200e-02 0.000000e+00 9.719680e-01
418 2.803200e-02 0.000000e+00 9.719680e-01
419 2.803200e-02 0.000000e+00 9.719680e-01
420 2.803200e-02 0.000000e+00 9.719680e-01
421 2.803200e-02 0.000000e+00 9.719680e-01
422 2.803200e-02 0.000000e+00 9.719680e-01
423 2.803200e-02 0.000000e+00 9.719680e-01
424 2.803200e-02 0.000000e+00 9.719680e-01
425 2.803200e-02 0.000000e+00 9.719680e-01
426 2.803200e-02 0.000000e+00 9.719680e-01
427 2.803200e-02 0.000000e+00 9.719680e-01
428 2.803200e-02 0.000000e+00 9.719680e-01
429 2.803200e-02 0.000000e+00 9.719680e-01
430 2.803200e-02 0.000000e+00 9.719680e-01
431 2.803200e-02 0.000000e+00 9.719680e-01
432 2.803200e-02 0.000000e+00 9.719680e-01
433 2.803200e-02 0.000000e+00 9.719680e-01
434 2.803200e-02 0.000000e+00 9.719680e-01
435 2.803200e-02 0.000000e+00 9.719680e-01
436 2.803200e-02 0.000000e+00 9.719680e-01
437 2.803200e-02 0.000000e+00 9.719680e-01
438 2.803200e-02 0.000000e+00 9.719680e-01
439 2.803200e-02 0.000000e+00 9.719680e-01
440 2.803200e-02 0.000000e+00 9.719680e-01
441 2.803200e-02 0.000000e+00 9.719680e-01
442 2.803200e-02 0.000000e+00 9.719680e-01
443 2.803200e-02 0.000000e+00 9.719680e-01
444 2.803200e-02 0.000000e+00 9.719680e-01
445 2.803200e-02 0.000000e+00 9.719680e-01
446 2.803200e-02 0.000000e+00 9.719680e-01
447 2.803200e-02 0.000000e+00 9.719680e-01
448 2.803200e-02 0.000000e+00 9.719680e-01
449 2.803200e-02 0.000000e+00 9.719680e-01
450 2.803200e-02 0.000000e+00 9.719680e-01
451 2.803200e-02 0.000000e+00 9.719680e-01
452 2.803200e-02 0.000000e+00 9.719680e-01
453 2.803200e-02 0.000000e+00 9.719680e-01
454 2.803200e-02 0.000000e+00 9.719680e-01
455 2.803200e-02 0.000000e+00 9.719680e-01
456 2.803200e-02 0.000000e+00 9.719680e-01
457 2.803200e-02 0.000000e+00 9.719680e-01
458 2.803200e-02 0.000000e+00 9.719680e-01
459 2.803200e-02 0.000000e+00 9.719680e-01
460 2.803200e-02 0.000000e+00 9.719680e-01
461 2.803200e-02 0.000000e+00 9.719680e-01
462 2.803200e-02 0.000000e+00 9.719680e-01
463 2.803200e-02 0.000000e+00 9.719680e-01
464 2.803200e-02 0.000000e+00 9.719680e-01
465 2.803200e-02 0.000000e+00 9.719680e-01
466 2.803200e-02 0.000000e+00 9.719680e-01
467 2.803200e-02 0.000000e+00 9.719680e-01
468 2.803200e-02 0.000000e+00 9.719680e-01
469 2.803200e-02 0.000000e+00 9.719680e-01
470 2.803200e-02 0.000000e+00 9.719680e-01
471 2.803200e-02 0.000000e+00 9.719680e-01
472 2.803200e-02 0.000000e+00 9.719680e-01
473 2.803200e-02 0.000000e+00 9.719680e-01
474 2.803200e-02 0.000000e+00 9.719680e-01
475 2.803200e-02 0.000000e+00 9.719680e-01
476 2.803200e-02 0.000000e+00 9.719680e-01
477 2.803200e-02 0.000000e+00 9.719680e-01
478 2.803200e-02 0.000000e+00 9.719680e-01
479 2.803200e-02 0.000000e+00 9.719680e-01
480 2.803200e-02 0.000000e+00 9.719680e-01
481 2.803200e-02 0.000000e+00 9.719680e-01
482 2.803200e-02 0.000000e+00 9.719680e-01
483 2.803200e-02 0.000000e+00 9.719680e-01
484 2.803200e-02 0.000000e+00 9.719680e-01
485 2.803200e-02 0.000000e+00 9.719680e-01
486 2.803200e-02 0.000000e+00 9.719680e-01
487 2.803200e-02 0.000000e+00 9.719680e-01
488 2.803200e-02 0.000000e+00 9.719680e-01
489 2.803200e-02 0.000000e+00 9.719680e-01
490 2.803200e-02 0.000000e+00 9.719680e-01
491 2.803200e-02 0.000000e+00 9.719680e-01
492 2.803200e-02 0.000000e+00 9.719680e-01
493 2.803200e-02 0.000000e+00 9.719680e-01
494 2.803200e-02 0.000000e+00 9.719680e-01
495 2.803200e-02 0.000000e+00 9.719680e-01
496 2.803200e-02 0.000000e+00 9.719680e-01
497 2.803200e-02 0.000000e+00 9.719680e-01
498 2.803200e-02 0.000000e+00 9.719680e-01
499 2.803200e-02 0.000000e+00 9.719680e-01
500 2.803200e-02 0.000000e+00 9.719680e-01
