1 9.991840e-01 7.000000e-04 1.160000e-04
2 9.986160e-01 1.112000e-03 2.720000e-04
3 9.976560e-01 1.824000e-03 5.200000e-04
4 9.962440e-01 2.848000e-03 9.080000e-04
5 9.944800e-01 3.984000e-03 1.536000e-03
6 9.924000e-01 5.240000e-03 2.360000e-03
7 9.901560e-01 6.432000e-03 3.412000e-03
8 9.874160e-01 7.896000e-03 4.688000e-03
9 9.841560e-01 9.764000e-03 6.080000e-03
10 9.805800e-01 1.153600e-02 7.884000e-03
11 9.765520e-01 1.360400e-02 9.844000e-03
12 9.720280e-01 1.558800e-02 1.238400e-02
13 9.671560e-01 1.740000e-02 1.544400e-02
14 9.618600e-01 1.933200e-02 1.880800e-02
15 9.563440e-01 2.120800e-02 2.244800e-02
16 9.502080e-01 2.373200e-02 2.606000e-02
17 9.434200e-01 2.632000e-02 3.026000e-02
18 9.361560e-01 2.858000e-02 3.526400e-02
19 9.282560e-01 3.138000e-02 4.036400e-02
20 9.200960e-01 3.386000e-02 4.604400e-02
21 9.116160e-01 3.606000e-02 5.232400e-02
22 9.028440e-01 3.835200e-02 5.880400e-02
23 8.933160e-01 4.108400e-02 6.560000e-02
24 8.831280e-01 4.364400e-02 7.322800e-02
25 8.732080e-01 4.564000e-02 8.115200e-02
26 8.623160e-01 4.823600e-02 8.944800e-02
27 8.517760e-01 5.010800e-02 9.811600e-02
28 8.404880e-01 5.261200e-02 1.069000e-01
29 8.288240e-01 5.478400e-02 1.163920e-01
30 8.170600e-01 5.690000e-02 1.260400e-01
31 8.048440e-01 5.887200e-02 1.362840e-01
32 7.925720e-01 6.075600e-02 1.466720e-01
33 7.802280e-01 6.269200e-02 1.570800e-01
34 7.669920e-01 6.520000e-02 1.678080e-01
35 7.540880e-01 6.652400e-02 1.793880e-01
36 7.402040e-01 6.858800e-02 1.912080e-01
37 7.259800e-01 7.055200e-02 2.034680e-01
38 7.118160e-01 7.204800e-02 2.161360e-01
39 6.973520e-01 7.386000e-02 2.287880e-01
40 6.825960e-01 7.561600e-02 2.417880e-01
41 6.680200e-01 7.671200e-02 2.552680e-01
42 6.529600e-01 7.864800e-02 2.683920e-01
43 6.384240e-01 7.912400e-02 2.824520e-01
44 6.237280e-01 7.976400e-02 2.965080e-01
45 6.087040e-01 8.076000e-02 3.105360e-01
46 5.938640e-01 8.156400e-02 3.245720e-01
47 5.788520e-01 8.246000e-02 3.386880e-01
48 5.636720e-01 8.301200e-02 3.533160e-01
49 5.486080e-01 8.341200e-02 3.679800e-01
50 5.335480e-01 8.387600e-02 3.825760e-01
51 5.190360e-01 8.381600e-02 3.971480e-01
52 5.042560e-01 8.398000e-02 4.117640e-01
53 4.897400e-01 8.376800e-02 4.264920e-01
54 4.755960e-01 8.374400e-02 4.406600e-01
55 4.614000e-01 8.324400e-02 4.553560e-01
56 4.473360e-01 8.285600e-02 4.698080e-01
57 4.337720e-01 8.196800e-02 4.842600e-01
58 4.200800e-01 8.129600e-02 4.986240e-01
59 4.071360e-01 7.990800e-02 5.129560e-01
60 3.938120e-01 7.918000e-02 5.270080e-01
61 3.809280e-01 7.841200e-02 5.406600e-01
62 3.684840e-01 7.718400e-02 5.543320e-01
63 3.557000e-01 7.674800e-02 5.675520e-01
64 3.430240e-01 7.590400e-02 5.810720e-01
65 3.311640e-01 7.442000e-02 5.944160e-01
66 3.195280e-01 7.329200e-02 6.071800e-01
67 3.081200e-01 7.185200e-02 6.200280e-01
68 2.969640e-01 7.046400e-02 6.325720e-01
69 2.861000e-01 6.907600e-02 6.448240e-01
70 2.753280e-01 6.783200e-02 6.568400e-01
71 2.649920e-01 6.604000e-02 6.689680e-01
72 2.549120e-01 6.464800e-02 6.804400e-01
73 2.446360e-01 6.415200e-02 6.912120e-01
74 2.349720e-01 6.234400e-02 7.026840e-01
75 2.254280e-01 6.103600e-02 7.135360e-01
76 2.163440e-01 5.969200e-02 7.239640e-01
77 2.075560e-01 5.823600e-02 7.342080e-01
78 1.988040e-01 5.705600e-02 7.441400e-01
79 1.903560e-01 5.571200e-02 7.539320e-01
80 1.823240e-01 5.397200e-02 7.637040e-01
81 1.743400e-01 5.272800e-02 7.729320e-01
82 1.664640e-01 5.147600e-02 7.820600e-01
83 1.588800e-01 4.997200e-02 7.911480e-01
84 1.511000e-01 4.934000e-02 7.995600e-01
85 1.438400e-01 4.826800e-02 8.078920e-01
86 1.369080e-01 4.676000e-02 8.163320e-01
87 1.303600e-01 4.537200e-02 8.242680e-01
88 1.242680e-01 4.367600e-02 8.320560e-01
89 1.183760e-01 4.193200e-02 8.396920e-01
90 1.128400e-01 4.024400e-02 8.469160e-01
91 1.074720e-01 3.901200e-02 8.535160e-01
92 1.021280e-01 3.749200e-02 8.603800e-01
93 9.719600e-02 3.610400e-02 8.667000e-01
94 9.270800e-02 3.427200e-02 8.730200e-01
95 8.829600e-02 3.316000e-02 8.785440e-01
96 8.414000e-02 3.157200e-02 8.842880e-01
97 7.990000e-02 3.028000e-02 8.898200e-01
98 7.581200e-02 2.910400e-02 8.950840e-01
99 7.212800e-02 2.786400e-02 9.000080e-01
100 6.843200e-02 2.664400e-02 9.049240e-01
101 6.478000e-02 2.548400e-02 9.097360e-01
102 6.152800e-02 2.442800e-02 9.140440e-01
103 5.854400e-02 2.330000e-02 9.181560e-01
104 5.560400e-02 2.192400e-02 9.224720e-01
105 5.296400e-02 2.075200e-02 9.262840e-01
106 5.052000e-02 1.967200e-02 9.298080e-01
107 4.844800e-02 1.842800e-02 9.331240e-01
108 4.635600e-02 1.734000e-02 9.363040e-01
109 4.450400e-02 1.641600e-02 9.390800e-01
110 4.286800e-02 1.537200e-02 9.417600e-01
111 4.130000e-02 1.424400e-02 9.444560e-01
112 3.985600e-02 1.339600e-02 9.467480e-01
113 3.854000e-02 1.254800e-02 9.489120e-01
114 3.725200e-02 1.170400e-02 9.510440e-01
115 3.608000e-02 1.080000e-02 9.531200e-01
116 3.499600e-02 1.003200e-02 9.549720e-01
117 3.382000e-02 9.404000e-03 9.567760e-01
118 3.288000e-02 8.832000e-03 9.582880e-01
119 3.208800e-02 8.116000e-03 9.597960e-01
120 3.138000e-02 7.480000e-03 9.611400e-01
121 3.078000e-02 6.812000e-03 9.624080e-01
122 3.028000e-02 6.104000e-03 9.636160e-01
123 2.991600e-02 5.380000e-03 9.647040e-01
124 2.954400e-02 4.816000e-03 9.656400e-01
125 2.920400e-02 4.352000e-03 9.664440e-01
126 2.894400e-02 3.804000e-03 9.672520e-01
127 2.875600e-02 3.372000e-03 9.678720e-01
128 2.860000e-02 2.968000e-03 9.684320e-01
129 2.849600e-02 2.592000e-03 9.689120e-01
130 2.837200e-02 2.272000e-03 9.693560e-01
131 2.829200e-02 1.996000e-03 9.697120e-01
132 2.821200e-02 1.808000e-03 9.699800e-01
133 2.818400e-02 1.536000e-03 9.702800e-01
134 2.814800e-02 1.380000e-03 9.704720e-01
135 2.812800e-02 1.140000e-03 9.707320e-01
136 2.809600e-02 9.880000e-04 9.709160e-01
137 2.808800e-02 8.680000e-04 9.710440e-01
138 2.808000e-02 7.360000e-04 9.711840e-01
139 2.804400e-02 6.200000e-04 9.713360e-01
140 2.803600e-02 5.200000e-04 9.714440e-01
141 2.802400e-02 4.560000e-04 9.715200e-01
142 2.800400e-02 3.840000e-04 9.716120e-01
143 2.800400e-02 3.320000e-04 9.716640e-01
144 2.798800e-02 2.840000e-04 9.717280e-01
145 2.798000e-02 2.320000e-04 9.717880e-01
146 2.798000e-02 1.960000e-04 9.718240e-01
147 2.796800e-02 1.640000e-04 9.718680e-01
148 2.796400e-02 1.440000e-04 9.718920e-01
149 2.796000e-02 1.160000e-04 9.719240e-01
150 2.795600e-02 1.040000e-04 9.719400e-01
151 2.795600e-02 8.400000e-05 9.719600e-01
152 2.795600e-02 6.400000e-05 9.719800e-01
153 2.795200e-02 5.600000e-05 9.719920e-01
154 2.794800e-02 4.800000e-05 9.720040e-01
155 2.794400e-02 3.200000e-05 9.720240e-01
156 2.794400e-02 3.200000e-05 9.720240e-01
157 2.794400e-02 3.200000e-05 9.720240e-01
158 2.794400e-02 2.800000e-05 9.720280e-01
159 2.794400e-02 2.800000e-05 9.720280e-01
160 2.794400e-02 2.000000e-05 9.720360e-01
161 2.794400e-02 1.200000e-05 9.720440e-01
162 2.794400e-02 8.000000e-06 9.720480e-01
163 2.794400e-02 4.000000e-06 9.720520e-01
164 2.794400e-02 4.000000e-06 9.720520e-01
165 2.794400e-02 4.000000e-06 9.720520e-01
166 2.794400e-02 0.000000e+00 9.720560e-01
167 2.794400e-02 0.000000e+00 9.720560e-01
168 2.794400e-02 0.000000e+00 9.720560e-01
169 2.794400e-02 0.000000e+00 9.720560e-01
170 2.794400e-02 0.000000e+00 9.720560e-01
171 2.794400e-02 0.000000e+00 9.720560e-01
172 2.794400e-02 0.000000e+00 9.720560e-01
173 2.794400e-02 0.000000e+00 9.720560e-01
174 2.794400e-02 0.000000e+00 9.720560e-01
175 2.794400e-02 0.000000e+00 9.720560e-01
176 2.794400e-02 0.000000e+00 9.720560e-01
177 2.794400e-02 0.000000e+00 9.720560e-01
178 2.794400e-02 0.000000e+00 9.720560e-01
179 2.794400e-02 0.000000e+00 9.720560e-01
180 2.794400e-02 0.000000e+00 9.720560e-01
181 2.794400e-02 0.000000e+00 9.720560e-01
182 2.794400e-02 0.000000e+00 9.720560e-01
183 2.794400e-02 0.000000e+00 9.720560e-01
184 2.794400e-02 0.000000e+00 9.720560e-01
185 2.794400e-02 0.000000e+00 9.720560e-01
186 2.794400e-02 0.000000e+00 9.720560e-01
187 2.794400e-02 0.000000e+00 9.720560e-01
188 2.794400e-02 0.000000e+00 9.720560e-01
189 2.794400e-02 0.000000e+00 9.720560e-01
190 2.794400e-02 0.000000e+00 9.720560e-01
191 2.794400e-02 0.000000e+00 9.720560e-01
192 2.794400e-02 0.000000e+00 9.720560e-01
193 2.794400e-02 0.000000e+00 9.720560e-01
194 2.794400e-02 0.000000e+00 9.720560e-01
195 2.794400e-02 0.000000e+00 9.720560e-01
196 2.794400e-02 0.000000e+00 9.720560e-01
197 2.794400e-02 0.000000e+00 9.720560e-01
198 2.794400e-02 0.000000e+00 9.720560e-01
199 2.794400e-02 0.000000e+00 9.720560e-01
200 2.794400e-02 0.000000e+00 9.720560e-01
201 2.794400e-02 0.000000e+00 9.720560e-01
202 2.794400e-02 0.000000e+00 9.720560e-01
203 2.794400e-02 0.000000e+00 9.720560e-01
204 2.794400e-02 0.000000e+00 9.720560e-01
205 2.794400e-02 0.000000e+00 9.720560e-01
206 2.794400e-02 0.000000e+00 9.720560e-01
207 2.794400e-02 0.000000e+00 9.720560e-01
208 2.794400e-02 0.000000e+00 9.720560e-01
209 2.794400e-02 0.000000e+00 9.720560e-01
210 2.794400e-02 0.000000e+00 9.720560e-01
211 2.794400e-02 0.000000e+00 9.720560e-01
212 2.794400e-02 0.000000e+00 9.720560e-01
213 2.794400e-02 0.000000e+00 9.720560e-01
214 2.794400e-02 0.000000e+00 9.720560e-01
215 2.794400e-02 0.000000e+00 9.720560e-01
216 2.794400e-02 0.000000e+00 9.720560e-01
217 2.794400e-02 0.000000e+00 9.720560e-01
218 2.794400e-02 0.000000e+00 9.720560e-01
219 2.794400e-02 0.000000e+00 9.720560e-01
220 2.794400e-02 0.000000e+00 9.720560e-01
221 2.794400e-02 0.000000e+00 9.720560e-01
222 2.794400e-02 0.000000e+00 9.720560e-01
223 2.794400e-02 0.000000e+00 9.720560e-01
224 2.794400e-02 0.000000e+00 9.720560e-01
225 2.794400e-02 0.000000e+00 9.720560e-01
226 2.794400e-02 0.000000e+00 9.720560e-01
227 2.794400e-02 0.000000e+00 9.720560e-01
228 2.794400e-02 0.000000e+00 9.720560e-01
229 2.794400e-02 0.000000e+00 9.720560e-01
230 2.794400e-02 0.000000e+00 9.720560e-01
231 2.794400e-02 0.000000e+00 9.720560e-01
232 2.794400e-02 0.000000e+00 9.720560e-01
233 2.794400e-02 0.000000e+00 9.720560e-01
234 2.794400e-02 0.000000e+00 9.720560e-01
235 2.794400e-02 0.000000e+00 9.720560e-01
236 2.794400e-02 0.000000e+00 9.720560e-01
237 2.794400e-02 0.000000e+00 9.720560e-01
238 2.794400e-02 0.000000e+00 9.720560e-01
239 2.794400e-02 0.000000e+00 9.720560e-01
240 2.794400e-02 0.000000e+00 9.720560e-01
241 2.794400e-02 0.000000e+00 9.720560e-01
242 2.794400e-02 0.000000e+00 9.720560e-01
243 2.794400e-02 0.000000e+00 9.720560e-01
244 2.794400e-02 0.000000e+00 9.720560e-01
245 2.794400e-02 0.000000e+00 9.720560e-01
246 2.794400e-02 0.000000e+00 9.720560e-01
247 2.794400e-02 0.000000e+00 9.720560e-01
248 2.794400e-02 0.000000e+00 9.720560e-01
249 2.794400e-02 0.000000e+00 9.720560e-01
250 2.794400e-02 0.000000e+00 9.720560e-01
251 2.794400e-02 0.000000e+00 9.720560e-01
252 2.794400e-02 0.000000e+00 9.720560e-01
253 2.794400e-02 0.000000e+00 9.720560e-01
254 2.794400e-02 0.000000e+00 9.720560e-01
255 2.794400e-02 0.000000e+00 9.720560e-01
256 2.794400e-02 0.000000e+00 9.720560e-01
257 2.794400e-02 0.000000e+00 9.720560e-01
258 2.794400e-02 0.000000e+00 9.720560e-01
259 2.794400e-02 0.000000e+00 9.720560e-01
260 2.794400e-02 0.000000e+00 9.720560e-01
261 2.794400e-02 0.000000e+00 9.720560e-01
262 2.794400e-02 0.000000e+00 9.720560e-01
263 2.794400e-02 0.000000e+00 9.720560e-01
264 2.794400e-02 0.000000e+00 9.720560e-01
265 2.794400e-02 0.000000e+00 9.720560e-01
266 2.794400e-02 0.000000e+00 9.720560e-01
267 2.794400e-02 0.000000e+00 9.720560e-01
268 2.794400e-02 0.000000e+00 9.720560e-01
269 2.794400e-02 0.000000e+00 9.720560e-01
270 2.794400e-02 0.000000e+00 9.720560e-01
271 2.794400e-02 0.000000e+00 9.720560e-01
272 2.794400e-02 0.000000e+00 9.720560e-01
273 2.794400e-02 0.000000e+00 9.720560e-01
274 2.794400e-02 0.000000e+00 9.720560e-01
275 2.794400e-02 0.000000e+00 9.720560e-01
276 2.794400e-02 0.000000e+00 9.720560e-01
277 2.794400e-02 0.000000e+00 9.720560e-01
278 2.794400e-02 0.000000e+00 9.720560e-01
279 2.794400e-02 0.000000e+00 9.720560e-01
280 2.794400e-02 0.000000e+00 9.720560e-01
281 2.794400e-02 0.000000e+00 9.720560e-01
282 2.794400e-02 0.000000e+00 9.720560e-01
283 2.794400e-02 0.000000e+00 9.720560e-01
284 2.794400e-02 0.000000e+00 9.720560e-01
285 2.794400e-02 0.000000e+00 9.720560e-01
286 2.794400e-02 0.000000e+00 9.720560e-01
287 2.794400e-02 0.000000e+00 9.720560e-01
288 2.794400e-02 0.000000e+00 9.720560e-01
289 2.794400e-02 0.000000e+00 9.720560e-01
290 2.794400e-02 0.000000e+00 9.720560e-01
291 2.794400e-02 0.000000e+00 9.720560e-01
292 2.794400e-02 0.000000e+00 9.720560e-01
293 2.794400e-02 0.000000e+00 9.720560e-01
294 2.794400e-02 0.000000e+00 9.720560e-01
295 2.794400e-02 0.000000e+00 9.720560e-01
296 2.794400e-02 0.000000e+00 9.720560e-01
297 2.794400e-02 0.000000e+00 9.720560e-01
298 2.794400e-02 0.000000e+00 9.720560e-01
299 2.794400e-02 0.000000e+00 9.720560e-01
300 2.794400e-02 0.000000e+00 9.720560e-01
301 2.794400e-02 0.000000e+00 9.720560e-01
302 2.794400e-02 0.000000e+00 9.720560e-01
303 2.794400e-02 0.000000e+00 9.720560e-01
304 2.794400e-02 0.000000e+00 9.720560e-01
305 2.794400e-02 0.000000e+00 9.720560e-01
306 2.794400e-02 0.000000e+00 9.720560e-01
307 2.794400e-02 0.000000e+00 9.720560e-01
308 2.794400e-02 0.000000e+00 9.720560e-01
309 2.794400e-02 0.000000e+00 9.720560e-01
310 2.794400e-02 0.000000e+00 9.720560e-01
311 2.794400e-02 0.000000e+00 9.720560e-01
312 2.794400e-02 0.000000e+00 9.720560e-01
313 2.794400e-02 0.000000e+00 9.720560e-01
314 2.794400e-02 0.000000e+00 9.720560e-01
315 2.794400e-02 0.000000e+00 9.720560e-01
316 2.794400e-02 0.000000e+00 9.720560e-01
317 2.794400e-02 0.000000e+00 9.720560e-01
318 2.794400e-02 0.000000e+00 9.720560e-01
319 2.794400e-02 0.000000e+00 9.720560e-01
320 2.794400e-02 0.000000e+00 9.720560e-01
321 2.794400e-02 0.000000e+00 9.720560e-01
322 2.794400e-02 0.000000e+00 9.720560e-01
323 2.794400e-02 0.000000e+00 9.720560e-01
324 2.794400e-02 0.000000e+00 9.720560e-01
325 2.794400e-02 0.000000e+00 9.720560e-01
326 2.794400e-02 0.000000e+00 9.720560e-01
327 2.794400e-02 0.000000e+00 9.720560e-01
328 2.794400e-02 0.000000e+00 9.720560e-01
329 2.794400e-02 0.000000e+00 9.720560e-01
330 2.794400e-02 0.000000e+00 9.720560e-01
331 2.794400e-02 0.000000e+00 9.720560e-01
332 2.794400e-02 0.000000e+00 9.720560e-01
333 2.794400e-02 0.000000e+00 9.720560e-01
334 2.794400e-02 0.000000e+00 9.720560e-01
335 2.794400e-02 0.000000e+00 9.720560e-01
336 2.794400e-02 0.000000e+00 9.720560e-01
337 2.794400e-02 0.000000e+00 9.720560e-01
338 2.794400e-02 0.000000e+00 9.720560e-01
339 2.794400e-02 0.000000e+00 9.720560e-01
340 2.794400e-02 0.000000e+00 9.720560e-01
341 2.794400e-02 0.000000e+00 9.720560e-01
342 2.794400e-02 0.000000e+00 9.720560e-01
343 2.794400e-02 0.000000e+00 9.720560e-01
344 2.794400e-02 0.000000e+00 9.720560e-01
345 2.794400e-02 0.000000e+00 9.720560e-01
346 2.794400e-02 0.000000e+00 9.720560e-01
347 2.794400e-02 0.000000e+00 9.720560e-01
348 2.794400e-02 0.000000e+00 9.720560e-01
349 2.794400e-02 0.000000e+00 9.720560e-01
350 2.794400e-02 0.000000e+00 9.720560e-01
351 2.794400e-02 0.000000e+00 9.720560e-01
352 2.794400e-02 0.000000e+00 9.720560e-01
353 2.794400e-02 0.000000e+00 9.720560e-01
354 2.794400e-02 0.000000e+00 9.720560e-01
355 2.794400e-02 0.000000e+00 9.720560e-01
356 2.794400e-02 0.000000e+00 9.720560e-01
357 2.794400e-02 0.000000e+00 9.720560e-01
358 2.794400e-02 0.000000e+00 9.720560e-01
359 2.794400e-02 0.000000e+00 9.720560e-01
360 2.794400e-02 0.000000e+00 9.720560e-01
361 2.794400e-02 0.000000e+00 9.720560e-01
362 2.794400e-02 0.000000e+00 9.720560e-01
363 2.794400e-02 0.000000e+00 9.720560e-01
364 2.794400e-02 0.000000e+00 9.720560e-01
365 2.794400e-02 0.000000e+00 9.720560e-01
366 2.794400e-02 0.000000e+00 9.720560e-01
367 2.794400e-02 0.000000e+00 9.720560e-01
368 2.794400e-02 0.000000e+00 9.720560e-01
369 2.794400e-02 0.000000e+00 9.720560e-01
370 2.794400e-02 0.000000e+00 9.720560e-01
371 2.794400e-02 0.000000e+00 9.720560e-01
372 2.794400e-02 0.000000e+00 9.720560e-01
373 2.794400e-02 0.000000e+00 9.720560e-01
374 2.794400e-02 0.000000e+00 9.720560e-01
375 2.794400e-02 0.000000e+00 9.720560e-01
376 2.794400e-02 0.000000e+00 9.720560e-01
377 2.794400e-02 0.000000e+00 9.720560e-01
378 2.794400e-02 0.000000e+00 9.720560e-01
379 2.794400e-02 0.000000e+00 9.720560e-01
380 2.794400e-02 0.000000e+00 9.720560e-01
381 2.794400e-02 0.000000e+00 9.720560e-01
382 2.794400e-02 0.000000e+00 9.720560e-01
383 2.794400e-02 0.000000e+00 9.720560e-01
384 2.794400e-02 0.000000e+00 9.720560e-01
385 2.794400e-02 0.000000e+00 9.720560e-01
386 2.794400e-02 0.000000e+00 9.720560e-01
387 2.794400e-02 0.000000e+00 9.720560e-01
388 2.794400e-02 0.000000e+00 9.720560e-01
389 2.794400e-02 0.000000e+00 9.720560e-01
390 2.794400e-02 0.000000e+00 9.720560e-01
391 2.794400e-02 0.000000e+00 9.720560e-01
392 2.794400e-02 0.000000e+00 9.720560e-01
393 2.794400e-02 0.000000e+00 9.720560e-01
394 2.794400e-02 0.000000e+00 9.720560e-01
395 2.794400e-02 0.000000e+00 9.720560e-01
396 2.794400e-02 0.000000e+00 9.720560e-01
397 2.794400e-02 0.000000e+00 9.720560e-01
398 2.794400e-02 0.000000e+00 9.720560e-01
399 2.794400e-02 0.000000e+00 9.720560e-01
400 2.794400e-02 0.000000e+00 9.720560e-01
401 2.794400e-02 0.000000e+00 9.720560e-01
402 2.794400e-02 0.000000e+00 9.720560e-01
403 2.794400e-02 0.000000e+00 9.720560e-01
404 2.794400e-02 0.000000e+00 9.720560e-01
405 2.794400e-02 0.000000e+00 9.720560e-01
406 2.794400e-02 0.000000e+00 9.720560e-01
407 2.794400e-02 0.000000e+00 9.720560e-01
408 2.794400e-02 0.000000e+00 9.720560e-01
409 2.794400e-02 0.000000e+00 9.720560e-01
410 2.794400e-02 0.000000e+00 9.720560e-01
411 2.794400e-02 0.000000e+00 9.720560e-01
412 2.794400e-02 0.000000e+00 9.720560e-01
413 2.794400e-02 0.000000e+00 9.720560e-01
414 2.794400e-02 0.000000e+00 9.720560e-01
415 2.794400e-02 0.000000e+00 9.720560e-01
416 2.794400e-02 0.000000e+00 9.720560e-01
417 2.794400e-02 0.000000e+00 9.720560e-01
418 2.794400e-02 0.000000e+00 9.720560e-01
419 2.794400e-02 0.000000e+00 9.720560e-01
420 2.794400e-02 0.000000e+00 9.720560e-01
421 2.794400e-02 0.000000e+00 9.720560e-01
422 2.794400e-02 0.000000e+00 9.720560e-01
423 2.794400e-02 0.000000e+00 9.720560e-01
424 2.794400e-02 0.000000e+00 9.720560e-01
425 2.794400e-02 0.000000e+00 9.720560e-01
426 2.794400e-02 0.000000e+00 9.720560e-01
427 2.794400e-02 0.000000e+00 9.720560e-01
428 2.794400e-02 0.000000e+00 9.720560e-01
429 2.794400e-02 0.000000e+00 9.720560e-01
430 2.794400e-02 0.000000e+00 9.720560e-01
431 2.794400e-02 0.000000e+00 9.720560e-01
432 2.794400e-02 0.000000e+00 9.720560e-01
433 2.794400e-02 0.000000e+00 9.720560e-01
434 2.794400e-02 0.000000e+00 9.720560e-01
435 2.794400e-02 0.000000e+00 9.720560e-01
436 2.794400e-02 0.000000e+00 9.720560e-01
437 2.794400e-02 0.000000e+00 9.720560e-01
438 2.794400e-02 0.000000e+00 9.720560e-01
439 2.794400e-02 0.000000e+00 9.720560e-01
440 2.794400e-02 0.000000e+00 9.720560e-01
441 2.794400e-02 0.000000e+00 9.720560e-01
442 2.794400e-02 0.000000e+00 9.720560e-01
443 2.794400e-02 0.000000e+00 9.720560e-01
444 2.794400e-02 0.000000e+00 9.720560e-01
445 2.794400e-02 0.000000e+00 9.720560e-01
446 2.794400e-02 0.000000e+00 9.720560e-01
447 2.794400e-02 0.000000e+00 9.720560e-01
448 2.794400e-02 0.000000e+00 9.720560e-01
449 2.794400e-02 0.000000e+00 9.720560e-01
450 2.794400e-02 0.000000e+00 9.720560e-01
451 2.794400e-02 0.000000e+00 9.720560e-01
452 2.794400e-02 0.000000e+00 9.720560e-01
453 2.794400e-02 0.000000e+00 9.720560e-01
454 2.794400e-02 0.000000e+00 9.720560e-01
455 2.794400e-02 0.000000e+00 9.720560e-01
456 2.794400e-02 0.000000e+00 9.720560e-01
457 2.794400e-02 0.000000e+00 9.720560e-01
458 2.794400e-02 0.000000e+00 9.720560e-01
459 2.794400e-02 0.000000e+00 9.720560e-01
460 2.794400e-02 0.000000e+00 9.720560e-01
461 2.794400e-02 0.000000e+00 9.720560e-01
462 2.794400e-02 0.000000e+00 9.720560e-01
463 2.794400e-02 0.000000e+00 9.720560e-01
464 2.794400e-02 0.000000e+00 9.720560e-01
465 2.794400e-02 0.000000e+00 9.720560e-01
466 2.794400e-02 0.000000e+00 9.720560e-01
467 2.794400e-02 0.000000e+00 9.720560e-01
468 2.794400e-02 0.000000e+00 9.720560e-01
469 2.794400e-02 0.000000e+00 9.720560e-01
470 2.794400e-02 0.000000e+00 9.720560e-01
471 2.794400e-02 0.000000e+00 9.720560e-01
472 2.794400e-02 0.000000e+00 9.720560e-01
473 2.794400e-02 0.000000e+00 9.720560e-01
474 2.794400e-02 0.000000e+00 9.720560e-01
475 2.794400e-02 0.000000e+00 9.720560e-01
476 2.794400e-02 0.000000e+00 9.720560e-01
477 2.794400e-02 0.000000e+00 9.720560e-01
478 2.794400e-02 0.000000e+00 9.720560e-01
479 2.794400e-02 0.000000e+00 9.720560e-01
480 2.794400e-02 0.000000e+00 9.720560e-01
481 2.794400e-02 0.000000e+00 9.720560e-01
482 2.794400e-02 0.000000e+00 9.720560e-01
483 2.794400e-02 0.000000e+00 9.720560e-01
484 2.794400e-02 0.000000e+00 9.720560e-01
485 2.794400e-02 0.000000e+00 9.720560e-01
486 2.794400e-02 0.000000e+00 9.720560e-01
487 2.794400e-02 0.000000e+00 9.720560e-01
488 2.794400e-02 0.000000e+00 9.720560e-01
489 2.794400e-02 0.000000e+00 9.720560e-01
490 2.794400e-02 0.000000e+00 9.720560e-01
491 2.794400e-02 0.000000e+00 9.720560e-01
492 2.794400e-02 0.000000e+00 9.720560e-01
493 2.794400e-02 0.000000e+00 9.720560e-01
494 2.794400e-02 0.000000e+00 9.720560e-01
495 2.794400e-02 0.000000e+00 9.720560e-01
496 2.794400e-02 0.000000e+00 9.720560e-01
497 2.794400e-02 0.000000e+00 9.720560e-01
498 2.794400e-02 0.000000e+00 9.720560e-01
499 2.794400e-02 0.000000e+00 9.720560e-01
500 2.794400e-02 0.000000e+00 9.720560e-01
