1 9.992480e-01 6.400000e-04 1.120000e-04
2 9.987080e-01 1.048000e-03 2.440000e-04
3 9.978800e-01 1.660000e-03 4.600000e-04
4 9.967840e-01 2.404000e-03 8.120000e-04
5 9.951920e-01 3.460000e-03 1.348000e-03
6 9.935720e-01 4.408000e-03 2.020000e-03
7 9.916400e-01 5.388000e-03 2.972000e-03
8 9.892440e-01 6.700000e-03 4.056000e-03
9 9.862560e-01 8.424000e-03 5.320000e-03
10 9.833000e-01 9.936000e-03 6.764000e-03
11 9.800240e-01 1.134000e-02 8.636000e-03
12 9.762560e-01 1.302800e-02 1.071600e-02
13 9.722000e-01 1.463600e-02 1.316400e-02
14 9.679320e-01 1.592800e-02 1.614000e-02
15 9.634400e-01 1.753200e-02 1.902800e-02
16 9.588640e-01 1.879600e-02 2.234000e-02
17 9.538720e-01 2.030000e-02 2.582800e-02
18 9.485640e-01 2.161200e-02 2.982400e-02
19 9.424000e-01 2.397600e-02 3.362400e-02
20 9.358440e-01 2.631200e-02 3.784400e-02
21 9.289720e-01 2.848400e-02 4.254400e-02
22 9.216000e-01 3.081200e-02 4.758800e-02
23 9.136120e-01 3.332000e-02 5.306800e-02
24 9.052200e-01 3.564400e-02 5.913600e-02
25 8.969640e-01 3.729600e-02 6.574000e-02
26 8.876280e-01 3.982400e-02 7.254800e-02
27 8.781080e-01 4.181600e-02 8.007600e-02
28 8.685520e-01 4.380800e-02 8.764000e-02
29 8.583640e-01 4.615200e-02 9.548400e-02
30 8.481000e-01 4.817200e-02 1.037280e-01
31 8.371920e-01 5.052400e-02 1.122840e-01
32 8.257280e-01 5.338400e-02 1.208880e-01
33 8.137400e-01 5.560000e-02 1.306600e-01
34 8.018800e-01 5.768000e-02 1.404400e-01
35 7.894800e-01 5.980000e-02 1.507200e-01
36 7.769800e-01 6.187200e-02 1.611480e-01
37 7.638720e-01 6.408800e-02 1.720400e-01
38 7.502280e-01 6.608000e-02 1.836920e-01
39 7.367760e-01 6.771600e-02 1.955080e-01
40 7.230040e-01 6.910800e-02 2.078880e-01
41 7.093160e-01 7.044800e-02 2.202360e-01
42 6.954760e-01 7.208800e-02 2.324360e-01
43 6.811680e-01 7.342000e-02 2.454120e-01
44 6.663360e-01 7.514000e-02 2.585240e-01
45 6.515920e-01 7.658800e-02 2.718200e-01
46 6.369760e-01 7.777200e-02 2.852520e-01
47 6.217560e-01 7.931200e-02 2.989320e-01
48 6.071840e-01 7.938400e-02 3.134320e-01
49 5.918040e-01 8.066800e-02 3.275280e-01
50 5.762600e-01 8.200400e-02 3.417360e-01
51 5.613840e-01 8.286000e-02 3.557560e-01
52 5.467000e-01 8.292800e-02 3.703720e-01
53 5.318680e-01 8.317600e-02 3.849560e-01
54 5.168360e-01 8.350400e-02 3.996600e-01
55 5.021280e-01 8.332400e-02 4.145480e-01
56 4.870240e-01 8.397200e-02 4.290040e-01
57 4.719120e-01 8.430000e-02 4.437880e-01
58 4.570080e-01 8.490800e-02 4.580840e-01
59 4.425360e-01 8.466000e-02 4.728040e-01
60 4.278720e-01 8.446400e-02 4.876640e-01
61 4.136360e-01 8.362400e-02 5.027400e-01
62 3.995360e-01 8.282400e-02 5.176400e-01
63 3.856320e-01 8.264000e-02 5.317280e-01
64 3.719720e-01 8.202800e-02 5.460000e-01
65 3.588080e-01 8.063200e-02 5.605600e-01
66 3.456000e-01 8.000400e-02 5.743960e-01
67 3.325320e-01 7.914000e-02 5.883280e-01
68 3.195800e-01 7.836800e-02 6.020520e-01
69 3.073120e-01 7.697200e-02 6.157160e-01
70 2.954240e-01 7.590400e-02 6.286720e-01
71 2.838360e-01 7.445200e-02 6.417120e-01
72 2.725400e-01 7.287200e-02 6.545880e-01
73 2.616160e-01 7.106400e-02 6.673200e-01
74 2.505920e-01 7.024000e-02 6.791680e-01
75 2.399440e-01 6.854800e-02 6.915080e-01
76 2.294200e-01 6.765200e-02 7.029280e-01
77 2.187160e-01 6.652800e-02 7.147560e-01
78 2.083840e-01 6.519600e-02 7.264200e-01
79 1.984160e-01 6.384000e-02 7.377440e-01
80 1.894800e-01 6.161600e-02 7.489040e-01
81 1.804600e-01 5.964400e-02 7.598960e-01
82 1.714360e-01 5.806000e-02 7.705040e-01
83 1.631960e-01 5.639200e-02 7.804120e-01
84 1.548640e-01 5.485200e-02 7.902840e-01
85 1.469120e-01 5.330400e-02 7.997840e-01
86 1.391960e-01 5.203200e-02 8.087720e-01
87 1.318080e-01 5.007600e-02 8.181160e-01
88 1.249360e-01 4.816800e-02 8.268960e-01
89 1.186000e-01 4.604000e-02 8.353600e-01
90 1.123000e-01 4.425200e-02 8.434480e-01
91 1.064880e-01 4.235200e-02 8.511600e-01
92 1.011320e-01 4.050000e-02 8.583680e-01
93 9.552800e-02 3.922000e-02 8.652520e-01
94 9.020800e-02 3.761200e-02 8.721800e-01
95 8.582400e-02 3.525600e-02 8.789200e-01
96 8.114800e-02 3.376400e-02 8.850880e-01
97 7.658800e-02 3.252800e-02 8.908840e-01
98 7.262400e-02 3.074400e-02 8.966320e-01
99 6.879600e-02 2.941600e-02 9.017880e-01
100 6.517200e-02 2.801600e-02 9.068120e-01
101 6.176000e-02 2.668400e-02 9.115560e-01
102 5.860800e-02 2.529200e-02 9.161000e-01
103 5.565600e-02 2.391200e-02 9.204320e-01
104 5.294800e-02 2.269200e-02 9.243600e-01
105 5.040800e-02 2.122400e-02 9.283680e-01
106 4.790400e-02 2.005600e-02 9.320400e-01
107 4.590000e-02 1.847600e-02 9.356240e-01
108 4.383200e-02 1.736000e-02 9.388080e-01
109 4.191200e-02 1.642400e-02 9.416640e-01
110 4.019600e-02 1.535600e-02 9.444480e-01
111 3.862400e-02 1.428000e-02 9.470960e-01
112 3.734800e-02 1.310400e-02 9.495480e-01
113 3.601600e-02 1.238400e-02 9.516000e-01
114 3.486000e-02 1.150000e-02 9.536400e-01
115 3.374000e-02 1.059200e-02 9.556680e-01
116 3.286800e-02 9.652000e-03 9.574800e-01
117 3.209600e-02 8.824000e-03 9.590800e-01
118 3.156000e-02 7.968000e-03 9.604720e-01
119 3.107600e-02 7.164000e-03 9.617600e-01
120 3.068000e-02 6.408000e-03 9.629120e-01
121 3.031600e-02 5.724000e-03 9.639600e-01
122 3.008000e-02 4.976000e-03 9.649440e-01
123 2.989600e-02 4.380000e-03 9.657240e-01
124 2.977200e-02 3.776000e-03 9.664520e-01
125 2.967600e-02 3.236000e-03 9.670880e-01
126 2.958800e-02 2.764000e-03 9.676480e-01
127 2.952000e-02 2.344000e-03 9.681360e-01
128 2.946800e-02 2.080000e-03 9.684520e-01
129 2.939200e-02 1.788000e-03 9.688200e-01
130 2.936800e-02 1.520000e-03 9.691120e-01
131 2.934800e-02 1.308000e-03 9.693440e-01
132 2.930400e-02 1.136000e-03 9.695600e-01
133 2.927600e-02 9.680000e-04 9.697560e-01
134 2.926000e-02 8.040000e-04 9.699360e-01
135 2.920400e-02 6.880000e-04 9.701080e-01
136 2.919600e-02 6.000000e-04 9.702040e-01
137 2.918800e-02 5.120000e-04 9.703000e-01
138 2.918400e-02 4.320000e-04 9.703840e-01
139 2.917200e-02 3.880000e-04 9.704400e-01
140 2.915200e-02 3.440000e-04 9.705040e-01
141 2.914800e-02 2.720000e-04 9.705800e-01
142 2.914000e-02 2.440000e-04 9.706160e-01
143 2.913600e-02 2.240000e-04 9.706400e-01
144 2.912800e-02 1.920000e-04 9.706800e-01
145 2.912000e-02 1.640000e-04 9.707160e-01
146 2.911600e-02 1.400000e-04 9.707440e-01
147 2.911600e-02 1.280000e-04 9.707560e-01
148 2.911600e-02 1.160000e-04 9.707680e-01
149 2.911200e-02 9.600000e-05 9.707920e-01
150 2.911200e-02 8.000000e-05 9.708080e-01
151 2.911200e-02 6.000000e-05 9.708280e-01
152 2.911200e-02 5.200000e-05 9.708360e-01
153 2.911200e-02 4.000000e-05 9.708480e-01
154 2.910800e-02 4.000000e-05 9.708520e-01
155 2.910800e-02 3.200000e-05 9.708600e-01
156 2.910800e-02 1.200000e-05 9.708800e-01
157 2.910800e-02 8.000000e-06 9.708840e-01
158 2.910800e-02 8.000000e-06 9.708840e-01
159 2.910800e-02 4.000000e-06 9.708880e-01
160 2.910800e-02 0.000000e+00 9.708920e-01
161 2.910800e-02 0.000000e+00 9.708920e-01
162 2.910800e-02 0.000000e+00 9.708920e-01
163 2.910800e-02 0.000000e+00 9.708920e-01
164 2.910800e-02 0.000000e+00 9.708920e-01
165 2.910800e-02 0.000000e+00 9.708920e-01
166 2.910800e-02 0.000000e+00 9.708920e-01
167 2.910800e-02 0.000000e+00 9.708920e-01
168 2.910800e-02 0.000000e+00 9.708920e-01
169 2.910800e-02 0.000000e+00 9.708920e-01
170 2.910800e-02 0.000000e+00 9.708920e-01
171 2.910800e-02 0.000000e+00 9.708920e-01
172 2.910800e-02 0.000000e+00 9.708920e-01
173 2.910800e-02 0.000000e+00 9.708920e-01
174 2.910800e-02 0.000000e+00 9.708920e-01
175 2.910800e-02 0.000000e+00 9.708920e-01
176 2.910800e-02 0.000000e+00 9.708920e-01
177 2.910800e-02 0.000000e+00 9.708920e-01
178 2.910800e-02 0.000000e+00 9.708920e-01
179 2.910800e-02 0.000000e+00 9.708920e-01
180 2.910800e-02 0.000000e+00 9.708920e-01
181 2.910800e-02 0.000000e+00 9.708920e-01
182 2.910800e-02 0.000000e+00 9.708920e-01
183 2.910800e-02 0.000000e+00 9.708920e-01
184 2.910800e-02 0.000000e+00 9.708920e-01
185 2.910800e-02 0.000000e+00 9.708920e-01
186 2.910800e-02 0.000000e+00 9.708920e-01
187 2.910800e-02 0.000000e+00 9.708920e-01
188 2.910800e-02 0.000000e+00 9.708920e-01
189 2.910800e-02 0.000000e+00 9.708920e-01
190 2.910800e-02 0.000000e+00 9.708920e-01
191 2.910800e-02 0.000000e+00 9.708920e-01
192 2.910800e-02 0.000000e+00 9.708920e-01
193 2.910800e-02 0.000000e+00 9.708920e-01
194 2.910800e-02 0.000000e+00 9.708920e-01
195 2.910800e-02 0.000000e+00 9.708920e-01
196 2.910800e-02 0.000000e+00 9.708920e-01
197 2.910800e-02 0.000000e+00 9.708920e-01
198 2.910800e-02 0.000000e+00 9.708920e-01
199 2.910800e-02 0.000000e+00 9.708920e-01
200 2.910800e-02 0.000000e+00 9.708920e-01
201 2.910800e-02 0.000000e+00 9.708920e-01
202 2.910800e-02 0.000000e+00 9.708920e-01
203 2.910800e-02 0.000000e+00 9.708920e-01
204 2.910800e-02 0.000000e+00 9.708920e-01
205 2.910800e-02 0.000000e+00 9.708920e-01
206 2.910800e-02 0.000000e+00 9.708920e-01
207 2.910800e-02 0.000000e+00 9.708920e-01
208 2.910800e-02 0.000000e+00 9.708920e-01
209 2.910800e-02 0.000000e+00 9.708920e-01
210 2.910800e-02 0.000000e+00 9.708920e-01
211 2.910800e-02 0.000000e+00 9.708920e-01
212 2.910800e-02 0.000000e+00 9.708920e-01
213 2.910800e-02 0.000000e+00 9.708920e-01
214 2.910800e-02 0.000000e+00 9.708920e-01
215 2.910800e-02 0.000000e+00 9.708920e-01
216 2.910800e-02 0.000000e+00 9.708920e-01
217 2.910800e-02 0.000000e+00 9.708920e-01
218 2.910800e-02 0.000000e+00 9.708920e-01
219 2.910800e-02 0.000000e+00 9.708920e-01
220 2.910800e-02 0.000000e+00 9.708920e-01
221 2.910800e-02 0.000000e+00 9.708920e-01
222 2.910800e-02 0.000000e+00 9.708920e-01
223 2.910800e-02 0.000000e+00 9.708920e-01
224 2.910800e-02 0.000000e+00 9.708920e-01
225 2.910800e-02 0.000000e+00 9.708920e-01
226 2.910800e-02 0.000000e+00 9.708920e-01
227 2.910800e-02 0.000000e+00 9.708920e-01
228 2.910800e-02 0.000000e+00 9.708920e-01
229 2.910800e-02 0.000000e+00 9.708920e-01
230 2.910800e-02 0.000000e+00 9.708920e-01
231 2.910800e-02 0.000000e+00 9.708920e-01
232 2.910800e-02 0.000000e+00 9.708920e-01
233 2.910800e-02 0.000000e+00 9.708920e-01
234 2.910800e-02 0.000000e+00 9.708920e-01
235 2.910800e-02 0.000000e+00 9.708920e-01
236 2.910800e-02 0.000000e+00 9.708920e-01
237 2.910800e-02 0.000000e+00 9.708920e-01
238 2.910800e-02 0.000000e+00 9.708920e-01
239 2.910800e-02 0.000000e+00 9.708920e-01
240 2.910800e-02 0.000000e+00 9.708920e-01
241 2.910800e-02 0.000000e+00 9.708920e-01
242 2.910800e-02 0.000000e+00 9.708920e-01
243 2.910800e-02 0.000000e+00 9.708920e-01
244 2.910800e-02 0.000000e+00 9.708920e-01
245 2.910800e-02 0.000000e+00 9.708920e-01
246 2.910800e-02 0.000000e+00 9.708920e-01
247 2.910800e-02 0.000000e+00 9.708920e-01
248 2.910800e-02 0.000000e+00 9.708920e-01
249 2.910800e-02 0.000000e+00 9.708920e-01
250 2.910800e-02 0.000000e+00 9.708920e-01
251 2.910800e-02 0.000000e+00 9.708920e-01
252 2.910800e-02 0.000000e+00 9.708920e-01
253 2.910800e-02 0.000000e+00 9.708920e-01
254 2.910800e-02 0.000000e+00 9.708920e-01
255 2.910800e-02 0.000000e+00 9.708920e-01
256 2.910800e-02 0.000000e+00 9.708920e-01
257 2.910800e-02 0.000000e+00 9.708920e-01
258 2.910800e-02 0.000000e+00 9.708920e-01
259 2.910800e-02 0.000000e+00 9.708920e-01
260 2.910800e-02 0.000000e+00 9.708920e-01
261 2.910800e-02 0.000000e+00 9.708920e-01
262 2.910800e-02 0.000000e+00 9.708920e-01
263 2.910800e-02 0.000000e+00 9.708920e-01
264 2.910800e-02 0.000000e+00 9.708920e-01
265 2.910800e-02 0.000000e+00 9.708920e-01
266 2.910800e-02 0.000000e+00 9.708920e-01
267 2.910800e-02 0.000000e+00 9.708920e-01
268 2.910800e-02 0.000000e+00 9.708920e-01
269 2.910800e-02 0.000000e+00 9.708920e-01
270 2.910800e-02 0.000000e+00 9.708920e-01
271 2.910800e-02 0.000000e+00 9.708920e-01
272 2.910800e-02 0.000000e+00 9.708920e-01
273 2.910800e-02 0.000000e+00 9.708920e-01
274 2.910800e-02 0.000000e+00 9.708920e-01
275 2.910800e-02 0.000000e+00 9.708920e-01
276 2.910800e-02 0.000000e+00 9.708920e-01
277 2.910800e-02 0.000000e+00 9.708920e-01
278 2.910800e-02 0.000000e+00 9.708920e-01
279 2.910800e-02 0.000000e+00 9.708920e-01
280 2.910800e-02 0.000000e+00 9.708920e-01
281 2.910800e-02 0.000000e+00 9.708920e-01
282 2.910800e-02 0.000000e+00 9.708920e-01
283 2.910800e-02 0.000000e+00 9.708920e-01
284 2.910800e-02 0.000000e+00 9.708920e-01
285 2.910800e-02 0.000000e+00 9.708920e-01
286 2.910800e-02 0.000000e+00 9.708920e-01
287 2.910800e-02 0.000000e+00 9.708920e-01
288 2.910800e-02 0.000000e+00 9.708920e-01
289 2.910800e-02 0.000000e+00 9.708920e-01
290 2.910800e-02 0.000000e+00 9.708920e-01
291 2.910800e-02 0.000000e+00 9.708920e-01
292 2.910800e-02 0.000000e+00 9.708920e-01
293 2.910800e-02 0.000000e+00 9.708920e-01
294 2.910800e-02 0.000000e+00 9.708920e-01
295 2.910800e-02 0.000000e+00 9.708920e-01
296 2.910800e-02 0.000000e+00 9.708920e-01
297 2.910800e-02 0.000000e+00 9.708920e-01
298 2.910800e-02 0.000000e+00 9.708920e-01
299 2.910800e-02 0.000000e+00 9.708920e-01
300 2.910800e-02 0.000000e+00 9.708920e-01
301 2.910800e-02 0.000000e+00 9.708920e-01
302 2.910800e-02 0.000000e+00 9.708920e-01
303 2.910800e-02 0.000000e+00 9.708920e-01
304 2.910800e-02 0.000000e+00 9.708920e-01
305 2.910800e-02 0.000000e+00 9.708920e-01
306 2.910800e-02 0.000000e+00 9.708920e-01
307 2.910800e-02 0.000000e+00 9.708920e-01
308 2.910800e-02 0.000000e+00 9.708920e-01
309 2.910800e-02 0.000000e+00 9.708920e-01
310 2.910800e-02 0.000000e+00 9.708920e-01
311 2.910800e-02 0.000000e+00 9.708920e-01
312 2.910800e-02 0.000000e+00 9.708920e-01
313 2.910800e-02 0.000000e+00 9.708920e-01
314 2.910800e-02 0.000000e+00 9.708920e-01
315 2.910800e-02 0.000000e+00 9.708920e-01
316 2.910800e-02 0.000000e+00 9.708920e-01
317 2.910800e-02 0.000000e+00 9.708920e-01
318 2.910800e-02 0.000000e+00 9.708920e-01
319 2.910800e-02 0.000000e+00 9.708920e-01
320 2.910800e-02 0.000000e+00 9.708920e-01
321 2.910800e-02 0.000000e+00 9.708920e-01
322 2.910800e-02 0.000000e+00 9.708920e-01
323 2.910800e-02 0.000000e+00 9.708920e-01
324 2.910800e-02 0.000000e+00 9.708920e-01
325 2.910800e-02 0.000000e+00 9.708920e-01
326 2.910800e-02 0.000000e+00 9.708920e-01
327 2.910800e-02 0.000000e+00 9.708920e-01
328 2.910800e-02 0.000000e+00 9.708920e-01
329 2.910800e-02 0.000000e+00 9.708920e-01
330 2.910800e-02 0.000000e+00 9.708920e-01
331 2.910800e-02 0.000000e+00 9.708920e-01
332 2.910800e-02 0.000000e+00 9.708920e-01
333 2.910800e-02 0.000000e+00 9.708920e-01
334 2.910800e-02 0.000000e+00 9.708920e-01
335 2.910800e-02 0.000000e+00 9.708920e-01
336 2.910800e-02 0.000000e+00 9.708920e-01
337 2.910800e-02 0.000000e+00 9.708920e-01
338 2.910800e-02 0.000000e+00 9.708920e-01
339 2.910800e-02 0.000000e+00 9.708920e-01
340 2.910800e-02 0.000000e+00 9.708920e-01
341 2.910800e-02 0.000000e+00 9.708920e-01
342 2.910800e-02 0.000000e+00 9.708920e-01
343 2.910800e-02 0.000000e+00 9.708920e-01
344 2.910800e-02 0.000000e+00 9.708920e-01
345 2.910800e-02 0.000000e+00 9.708920e-01
346 2.910800e-02 0.000000e+00 9.708920e-01
347 2.910800e-02 0.000000e+00 9.708920e-01
348 2.910800e-02 0.000000e+00 9.708920e-01
349 2.910800e-02 0.000000e+00 9.708920e-01
350 2.910800e-02 0.000000e+00 9.708920e-01
351 2.910800e-02 0.000000e+00 9.708920e-01
352 2.910800e-02 0.000000e+00 9.708920e-01
353 2.910800e-02 0.000000e+00 9.708920e-01
354 2.910800e-02 0.000000e+00 9.708920e-01
355 2.910800e-02 0.000000e+00 9.708920e-01
356 2.910800e-02 0.000000e+00 9.708920e-01
357 2.910800e-02 0.000000e+00 9.708920e-01
358 2.910800e-02 0.000000e+00 9.708920e-01
359 2.910800e-02 0.000000e+00 9.708920e-01
360 2.910800e-02 0.000000e+00 9.708920e-01
361 2.910800e-02 0.000000e+00 9.708920e-01
362 2.910800e-02 0.000000e+00 9.708920e-01
363 2.910800e-02 0.000000e+00 9.708920e-01
364 2.910800e-02 0.000000e+00 9.708920e-01
365 2.910800e-02 0.000000e+00 9.708920e-01
366 2.910800e-02 0.000000e+00 9.708920e-01
367 2.910800e-02 0.000000e+00 9.708920e-01
368 2.910800e-02 0.000000e+00 9.708920e-01
369 2.910800e-02 0.000000e+00 9.708920e-01
370 2.910800e-02 0.000000e+00 9.708920e-01
371 2.910800e-02 0.000000e+00 9.708920e-01
372 2.910800e-02 0.000000e+00 9.708920e-01
373 2.910800e-02 0.000000e+00 9.708920e-01
374 2.910800e-02 0.000000e+00 9.708920e-01
375 2.910800e-02 0.000000e+00 9.708920e-01
376 2.910800e-02 0.000000e+00 9.708920e-01
377 2.910800e-02 0.000000e+00 9.708920e-01
378 2.910800e-02 0.000000e+00 9.708920e-01
379 2.910800e-02 0.000000e+00 9.708920e-01
380 2.910800e-02 0.000000e+00 9.708920e-01
381 2.910800e-02 0.000000e+00 9.708920e-01
382 2.910800e-02 0.000000e+00 9.708920e-01
383 2.910800e-02 0.000000e+00 9.708920e-01
384 2.910800e-02 0.000000e+00 9.708920e-01
385 2.910800e-02 0.000000e+00 9.708920e-01
386 2.910800e-02 0.000000e+00 9.708920e-01
387 2.910800e-02 0.000000e+00 9.708920e-01
388 2.910800e-02 0.000000e+00 9.708920e-01
389 2.910800e-02 0.000000e+00 9.708920e-01
390 2.910800e-02 0.000000e+00 9.708920e-01
391 2.910800e-02 0.000000e+00 9.708920e-01
392 2.910800e-02 0.000000e+00 9.708920e-01
393 2.910800e-02 0.000000e+00 9.708920e-01
394 2.910800e-02 0.000000e+00 9.708920e-01
395 2.910800e-02 0.000000e+00 9.708920e-01
396 2.910800e-02 0.000000e+00 9.708920e-01
397 2.910800e-02 0.000000e+00 9.708920e-01
398 2.910800e-02 0.000000e+00 9.708920e-01
399 2.910800e-02 0.000000e+00 9.708920e-01
400 2.910800e-02 0.000000e+00 9.708920e-01
401 2.910800e-02 0.000000e+00 9.708920e-01
402 2.910800e-02 0.000000e+00 9.708920e-01
403 2.910800e-02 0.000000e+00 9.708920e-01
404 2.910800e-02 0.000000e+00 9.708920e-01
405 2.910800e-02 0.000000e+00 9.708920e-01
406 2.910800e-02 0.000000e+00 9.708920e-01
407 2.910800e-02 0.000000e+00 9.708920e-01
408 2.910800e-02 0.000000e+00 9.708920e-01
409 2.910800e-02 0.000000e+00 9.708920e-01
410 2.910800e-02 0.000000e+00 9.708920e-01
411 2.910800e-02 0.000000e+00 9.708920e-01
412 2.910800e-02 0.000000e+00 9.708920e-01
413 2.910800e-02 0.000000e+00 9.708920e-01
414 2.910800e-02 0.000000e+00 9.708920e-01
415 2.910800e-02 0.000000e+00 9.708920e-01
416 2.910800e-02 0.000000e+00 9.708920e-01
417 2.910800e-02 0.000000e+00 9.708920e-01
418 2.910800e-02 0.000000e+00 9.708920e-01
419 2.910800e-02 0.000000e+00 9.708920e-01
420 2.910800e-02 0.000000e+00 9.708920e-01
421 2.910800e-02 0.000000e+00 9.708920e-01
422 2.910800e-02 0.000000e+00 9.708920e-01
423 2.910800e-02 0.000000e+00 9.708920e-01
424 2.910800e-02 0.000000e+00 9.708920e-01
425 2.910800e-02 0.000000e+00 9.708920e-01
426 2.910800e-02 0.000000e+00 9.708920e-01
427 2.910800e-02 0.000000e+00 9.708920e-01
428 2.910800e-02 0.000000e+00 9.708920e-01
429 2.910800e-02 0.000000e+00 9.708920e-01
430 2.910800e-02 0.000000e+00 9.708920e-01
431 2.910800e-02 0.000000e+00 9.708920e-01
432 2.910800e-02 0.000000e+00 9.708920e-01
433 2.910800e-02 0.000000e+00 9.708920e-01
434 2.910800e-02 0.000000e+00 9.708920e-01
435 2.910800e-02 0.000000e+00 9.708920e-01
436 2.910800e-02 0.000000e+00 9.708920e-01
437 2.910800e-02 0.000000e+00 9.708920e-01
438 2.910800e-02 0.000000e+00 9.708920e-01
439 2.910800e-02 0.000000e+00 9.708920e-01
440 2.910800e-02 0.000000e+00 9.708920e-01
441 2.910800e-02 0.000000e+00 9.708920e-01
442 2.910800e-02 0.000000e+00 9.708920e-01
443 2.910800e-02 0.000000e+00 9.708920e-01
444 2.910800e-02 0.000000e+00 9.708920e-01
445 2.910800e-02 0.000000e+00 9.708920e-01
446 2.910800e-02 0.000000e+00 9.708920e-01
447 2.910800e-02 0.000000e+00 9.708920e-01
448 2.910800e-02 0.000000e+00 9.708920e-01
449 2.910800e-02 0.000000e+00 9.708920e-01
450 2.910800e-02 0.000000e+00 9.708920e-01
451 2.910800e-02 0.000000e+00 9.708920e-01
452 2.910800e-02 0.000000e+00 9.708920e-01
453 2.910800e-02 0.000000e+00 9.708920e-01
454 2.910800e-02 0.000000e+00 9.708920e-01
455 2.910800e-02 0.000000e+00 9.708920e-01
456 2.910800e-02 0.000000e+00 9.708920e-01
457 2.910800e-02 0.000000e+00 9.708920e-01
458 2.910800e-02 0.000000e+00 9.708920e-01
459 2.910800e-02 0.000000e+00 9.708920e-01
460 2.910800e-02 0.000000e+00 9.708920e-01
461 2.910800e-02 0.000000e+00 9.708920e-01
462 2.910800e-02 0.000000e+00 9.708920e-01
463 2.910800e-02 0.000000e+00 9.708920e-01
464 2.910800e-02 0.000000e+00 9.708920e-01
465 2.910800e-02 0.000000e+00 9.708920e-01
466 2.910800e-02 0.000000e+00 9.708920e-01
467 2.910800e-02 0.000000e+00 9.708920e-01
468 2.910800e-02 0.000000e+00 9.708920e-01
469 2.910800e-02 0.000000e+00 9.708920e-01
470 2.910800e-02 0.000000e+00 9.708920e-01
471 2.910800e-02 0.000000e+00 9.708920e-01
472 2.910800e-02 0.000000e+00 9.708920e-01
473 2.910800e-02 0.000000e+00 9.708920e-01
474 2.910800e-02 0.000000e+00 9.708920e-01
475 2.910800e-02 0.000000e+00 9.708920e-01
476 2.910800e-02 0.000000e+00 9.708920e-01
477 2.910800e-02 0.000000e+00 9.708920e-01
478 2.910800e-02 0.000000e+00 9.708920e-01
479 2.910800e-02 0.000000e+00 9.708920e-01
480 2.910800e-02 0.000000e+00 9.708920e-01
481 2.910800e-02 0.000000e+00 9.708920e-01
482 2.910800e-02 0.000000e+00 9.708920e-01
483 2.910800e-02 0.000000e+00 9.708920e-01
484 2.910800e-02 0.000000e+00 9.708920e-01
485 2.910800e-02 0.000000e+00 9.708920e-01
486 2.910800e-02 0.000000e+00 9.708920e-01
487 2.910800e-02 0.000000e+00 9.708920e-01
488 2.910800e-02 0.000000e+00 9.708920e-01
489 2.910800e-02 0.000000e+00 9.708920e-01
490 2.910800e-02 0.000000e+00 9.708920e-01
491 2.910800e-02 0.000000e+00 9.708920e-01
492 2.910800e-02 0.000000e+00 9.708920e-01
493 2.910800e-02 0.000000e+00 9.708920e-01
494 2.910800e-02 0.000000e+00 9.708920e-01
495 2.910800e-02 0.000000e+00 9.708920e-01
496 2.910800e-02 0.000000e+00 9.708920e-01
497 2.910800e-02 0.000000e+00 9.708920e-01
498 2.910800e-02 0.000000e+00 9.708920e-01
499 2.910800e-02 0.000000e+00 9.708920e-01
500 2.910800e-02 0.000000e+00 9.708920e-01
