1 9.992360e-01 6.560000e-04 1.080000e-04
2 9.986160e-01 1.148000e-03 2.360000e-04
3 9.974680e-01 2.052000e-03 4.800000e-04
4 9.961440e-01 2.964000e-03 8.920000e-04
5 9.944000e-01 4.068000e-03 1.532000e-03
6 9.923000e-01 5.316000e-03 2.384000e-03
7 9.900160e-01 6.468000e-03 3.516000e-03
8 9.873320e-01 7.936000e-03 4.732000e-03
9 9.842600e-01 9.376000e-03 6.364000e-03
10 9.805160e-01 1.139600e-02 8.088000e-03
11 9.764680e-01 1.328000e-02 1.025200e-02
12 9.721360e-01 1.504400e-02 1.282000e-02
13 9.674800e-01 1.702000e-02 1.550000e-02
14 9.625000e-01 1.879200e-02 1.870800e-02
15 9.569520e-01 2.084400e-02 2.220400e-02
16 9.508720e-01 2.304800e-02 2.608000e-02
17 9.444040e-01 2.517200e-02 3.042400e-02
18 9.375120e-01 2.726000e-02 3.522800e-02
19 9.299760e-01 2.974000e-02 4.028400e-02
20 9.222080e-01 3.188000e-02 4.591200e-02
21 9.138800e-01 3.430000e-02 5.182000e-02
22 9.052880e-01 3.662000e-02 5.809200e-02
23 8.959760e-01 3.906800e-02 6.495600e-02
24 8.864600e-01 4.154400e-02 7.199600e-02
25 8.766320e-01 4.356000e-02 7.980800e-02
26 8.663080e-01 4.608800e-02 8.760400e-02
27 8.554720e-01 4.872800e-02 9.580000e-02
28 8.444480e-01 5.078400e-02 1.047680e-01
29 8.337000e-01 5.234000e-02 1.139600e-01
30 8.220360e-01 5.476000e-02 1.232040e-01
31 8.101600e-01 5.706000e-02 1.327800e-01
32 7.974880e-01 5.960400e-02 1.429080e-01
33 7.844280e-01 6.213600e-02 1.534360e-01
34 7.710120e-01 6.467200e-02 1.643160e-01
35 7.579400e-01 6.623600e-02 1.758240e-01
36 7.441400e-01 6.836400e-02 1.874960e-01
37 7.305560e-01 6.997600e-02 1.994680e-01
38 7.164120e-01 7.196000e-02 2.116280e-01
39 7.023040e-01 7.330000e-02 2.243960e-01
40 6.880080e-01 7.451600e-02 2.374760e-01
41 6.733840e-01 7.610800e-02 2.505080e-01
42 6.582760e-01 7.796400e-02 2.637600e-01
43 6.439120e-01 7.842400e-02 2.776640e-01
44 6.295240e-01 7.926400e-02 2.912120e-01
45 6.151560e-01 7.956000e-02 3.052840e-01
46 6.001840e-01 8.046000e-02 3.193560e-01
47 5.855240e-01 8.066400e-02 3.338120e-01
48 5.710400e-01 8.096000e-02 3.480000e-01
49 5.566760e-01 8.101200e-02 3.623120e-01
50 5.420000e-01 8.114800e-02 3.768520e-01
51 5.275840e-01 8.156000e-02 3.908560e-01
52 5.130560e-01 8.152800e-02 4.054160e-01
53 4.989520e-01 8.144800e-02 4.196000e-01
54 4.850960e-01 8.068400e-02 4.342200e-01
55 4.708960e-01 8.069200e-02 4.484120e-01
56 4.573600e-01 8.014800e-02 4.624920e-01
57 4.438200e-01 7.967600e-02 4.765040e-01
58 4.306360e-01 7.892800e-02 4.904360e-01
59 4.171440e-01 7.870800e-02 5.041480e-01
60 4.039320e-01 7.805200e-02 5.180160e-01
61 3.907440e-01 7.791200e-02 5.313440e-01
62 3.778640e-01 7.724400e-02 5.448920e-01
63 3.653920e-01 7.602800e-02 5.585800e-01
64 3.531560e-01 7.506800e-02 5.717760e-01
65 3.407000e-01 7.445200e-02 5.848480e-01
66 3.286080e-01 7.362800e-02 5.977640e-01
67 3.163800e-01 7.278800e-02 6.108320e-01
68 3.050040e-01 7.139200e-02 6.236040e-01
69 2.935800e-01 7.036000e-02 6.360600e-01
70 2.819760e-01 6.979200e-02 6.482320e-01
71 2.703520e-01 6.946000e-02 6.601880e-01
72 2.593360e-01 6.824400e-02 6.724200e-01
73 2.486200e-01 6.758000e-02 6.838000e-01
74 2.385960e-01 6.581600e-02 6.955880e-01
75 2.284840e-01 6.452000e-02 7.069960e-01
76 2.183480e-01 6.345600e-02 7.181960e-01
77 2.084360e-01 6.230800e-02 7.292560e-01
78 1.989560e-01 6.084400e-02 7.402000e-01
79 1.895360e-01 5.976400e-02 7.507000e-01
80 1.804120e-01 5.840800e-02 7.611800e-01
81 1.713440e-01 5.721200e-02 7.714440e-01
82 1.630000e-01 5.587600e-02 7.811240e-01
83 1.546040e-01 5.470800e-02 7.906880e-01
84 1.465760e-01 5.329600e-02 8.001280e-01
85 1.389280e-01 5.153200e-02 8.095400e-01
86 1.316680e-01 4.983200e-02 8.185000e-01
87 1.249680e-01 4.791600e-02 8.271160e-01
88 1.184440e-01 4.603200e-02 8.355240e-01
89 1.120160e-01 4.461200e-02 8.433720e-01
90 1.059560e-01 4.302400e-02 8.510200e-01
91 1.000440e-01 4.182000e-02 8.581360e-01
92 9.466000e-02 3.994400e-02 8.653960e-01
93 8.964800e-02 3.830400e-02 8.720480e-01
94 8.460800e-02 3.693200e-02 8.784600e-01
95 8.006400e-02 3.528800e-02 8.846480e-01
96 7.570400e-02 3.378800e-02 8.905080e-01
97 7.139200e-02 3.228000e-02 8.963280e-01
98 6.732400e-02 3.070400e-02 9.019720e-01
99 6.389600e-02 2.890800e-02 9.071960e-01
100 6.071200e-02 2.715200e-02 9.121360e-01
101 5.796000e-02 2.516400e-02 9.168760e-01
102 5.544800e-02 2.316400e-02 9.213880e-01
103 5.328400e-02 2.157600e-02 9.251400e-01
104 5.130000e-02 1.965600e-02 9.290440e-01
105 4.941200e-02 1.824400e-02 9.323440e-01
106 4.763600e-02 1.692400e-02 9.354400e-01
107 4.606800e-02 1.544800e-02 9.384840e-01
108 4.476800e-02 1.404800e-02 9.411840e-01
109 4.357600e-02 1.287600e-02 9.435480e-01
110 4.252000e-02 1.170400e-02 9.457760e-01
111 4.157600e-02 1.071600e-02 9.477080e-01
112 4.073200e-02 9.740000e-03 9.495280e-01
113 3.969200e-02 9.144000e-03 9.511640e-01
114 3.885600e-02 8.396000e-03 9.527480e-01
115 3.807600e-02 7.780000e-03 9.541440e-01
116 3.738400e-02 7.248000e-03 9.553680e-01
117 3.674400e-02 6.672000e-03 9.565840e-01
118 3.619600e-02 6.016000e-03 9.577880e-01
119 3.554000e-02 5.656000e-03 9.588040e-01
120 3.494400e-02 5.308000e-03 9.597480e-01
121 3.436000e-02 4.940000e-03 9.607000e-01
122 3.388400e-02 4.628000e-03 9.614880e-01
123 3.336800e-02 4.264000e-03 9.623680e-01
124 3.284000e-02 4.044000e-03 9.631160e-01
125 3.232000e-02 3.920000e-03 9.637600e-01
126 3.191200e-02 3.628000e-03 9.644600e-01
127 3.146400e-02 3.464000e-03 9.650720e-01
128 3.118000e-02 3.144000e-03 9.656760e-01
129 3.094400e-02 2.840000e-03 9.662160e-01
130 3.068000e-02 2.592000e-03 9.667280e-01
131 3.046000e-02 2.372000e-03 9.671680e-01
132 3.029600e-02 2.140000e-03 9.675640e-01
133 3.011600e-02 1.964000e-03 9.679200e-01
134 2.996400e-02 1.816000e-03 9.682200e-01
135 2.984400e-02 1.580000e-03 9.685760e-01
136 2.966400e-02 1.504000e-03 9.688320e-01
137 2.944400e-02 1.480000e-03 9.690760e-01
138 2.924000e-02 1.444000e-03 9.693160e-01
139 2.906000e-02 1.416000e-03 9.695240e-01
140 2.891200e-02 1.332000e-03 9.697560e-01
141 2.882800e-02 1.164000e-03 9.700080e-01
142 2.875200e-02 1.020000e-03 9.702280e-01
143 2.869200e-02 8.600000e-04 9.704480e-01
144 2.865600e-02 7.600000e-04 9.705840e-01
145 2.863600e-02 6.720000e-04 9.706920e-01
146 2.858800e-02 6.360000e-04 9.707760e-01
147 2.857200e-02 5.520000e-04 9.708760e-01
148 2.856000e-02 4.800000e-04 9.709600e-01
149 2.855200e-02 3.840000e-04 9.710640e-01
150 2.854000e-02 3.280000e-04 9.711320e-01
151 2.851600e-02 2.800000e-04 9.712040e-01
152 2.849200e-02 2.320000e-04 9.712760e-01
153 2.848400e-02 2.120000e-04 9.713040e-01
154 2.848400e-02 1.680000e-04 9.713480e-01
155 2.847600e-02 1.520000e-04 9.713720e-01
156 2.846800e-02 1.280000e-04 9.714040e-01
157 2.846800e-02 1.000000e-04 9.714320e-01
158 2.846800e-02 9.600000e-05 9.714360e-01
159 2.846400e-02 8.000000e-05 9.714560e-01
160 2.846400e-02 7.200000e-05 9.714640e-01
161 2.846000e-02 7.200000e-05 9.714680e-01
162 2.846000e-02 7.200000e-05 9.714680e-01
163 2.846000e-02 6.000000e-05 9.714800e-01
164 2.846000e-02 4.400000e-05 9.714960e-01
165 2.846000e-02 4.400000e-05 9.714960e-01
166 2.846000e-02 2.800000e-05 9.715120e-01
167 2.846000e-02 2.400000e-05 9.715160e-01
168 2.846000e-02 2.400000e-05 9.715160e-01
169 2.846000e-02 2.400000e-05 9.715160e-01
170 2.846000e-02 2.000000e-05 9.715200e-01
171 2.846000e-02 1.200000e-05 9.715280e-01
172 2.846000e-02 8.000000e-06 9.715320e-01
173 2.846000e-02 4.000000e-06 9.715360e-01
174 2.846000e-02 4.000000e-06 9.715360e-01
175 2.846000e-02 4.000000e-06 9.715360e-01
176 2.846000e-02 4.000000e-06 9.715360e-01
177 2.846000e-02 4.000000e-06 9.715360e-01
178 2.846000e-02 4.000000e-06 9.715360e-01
179 2.846000e-02 4.000000e-06 9.715360e-01
180 2.846000e-02 4.000000e-06 9.715360e-01
181 2.846000e-02 4.000000e-06 9.715360e-01
182 2.846000e-02 4.000000e-06 9.715360e-01
183 2.846000e-02 4.000000e-06 9.715360e-01
184 2.846000e-02 4.000000e-06 9.715360e-01
185 2.846000e-02 4.000000e-06 9.715360e-01
186 2.846000e-02 4.000000e-06 9.715360e-01
187 2.846000e-02 4.000000e-06 9.715360e-01
188 2.846000e-02 4.000000e-06 9.715360e-01
189 2.846000e-02 4.000000e-06 9.715360e-01
190 2.846000e-02 4.000000e-06 9.715360e-01
191 2.846000e-02 4.000000e-06 9.715360e-01
192 2.846000e-02 4.000000e-06 9.715360e-01
193 2.846000e-02 4.000000e-06 9.715360e-01
194 2.846000e-02 4.000000e-06 9.715360e-01
195 2.846000e-02 4.000000e-06 9.715360e-01
196 2.846000e-02 4.000000e-06 9.715360e-01
197 2.846000e-02 0.000000e+00 9.715400e-01
198 2.846000e-02 0.000000e+00 9.715400e-01
199 2.846000e-02 0.000000e+00 9.715400e-01
200 2.846000e-02 0.000000e+00 9.715400e-01
201 2.846000e-02 0.000000e+00 9.715400e-01
202 2.846000e-02 0.000000e+00 9.715400e-01
203 2.846000e-02 0.000000e+00 9.715400e-01
204 2.846000e-02 0.000000e+00 9.715400e-01
205 2.846000e-02 0.000000e+00 9.715400e-01
206 2.846000e-02 0.000000e+00 9.715400e-01
207 2.846000e-02 0.000000e+00 9.715400e-01
208 2.846000e-02 0.000000e+00 9.715400e-01
209 2.846000e-02 0.000000e+00 9.715400e-01
210 2.846000e-02 0.000000e+00 9.715400e-01
211 2.846000e-02 0.000000e+00 9.715400e-01
212 2.846000e-02 0.000000e+00 9.715400e-01
213 2.846000e-02 0.000000e+00 9.715400e-01
214 2.846000e-02 0.000000e+00 9.715400e-01
215 2.846000e-02 0.000000e+00 9.715400e-01
216 2.846000e-02 0.000000e+00 9.715400e-01
217 2.846000e-02 0.000000e+00 9.715400e-01
218 2.846000e-02 0.000000e+00 9.715400e-01
219 2.846000e-02 0.000000e+00 9.715400e-01
220 2.846000e-02 0.000000e+00 9.715400e-01
221 2.846000e-02 0.000000e+00 9.715400e-01
222 2.846000e-02 0.000000e+00 9.715400e-01
223 2.846000e-02 0.000000e+00 9.715400e-01
224 2.846000e-02 0.000000e+00 9.715400e-01
225 2.846000e-02 0.000000e+00 9.715400e-01
226 2.846000e-02 0.000000e+00 9.715400e-01
227 2.846000e-02 0.000000e+00 9.715400e-01
228 2.846000e-02 0.000000e+00 9.715400e-01
229 2.846000e-02 0.000000e+00 9.715400e-01
230 2.846000e-02 0.000000e+00 9.715400e-01
231 2.846000e-02 0.000000e+00 9.715400e-01
232 2.846000e-02 0.000000e+00 9.715400e-01
233 2.846000e-02 0.000000e+00 9.715400e-01
234 2.846000e-02 0.000000e+00 9.715400e-01
235 2.846000e-02 0.000000e+00 9.715400e-01
236 2.846000e-02 0.000000e+00 9.715400e-01
237 2.846000e-02 0.000000e+00 9.715400e-01
238 2.846000e-02 0.000000e+00 9.715400e-01
239 2.846000e-02 0.000000e+00 9.715400e-01
240 2.846000e-02 0.000000e+00 9.715400e-01
241 2.846000e-02 0.000000e+00 9.715400e-01
242 2.846000e-02 0.000000e+00 9.715400e-01
243 2.846000e-02 0.000000e+00 9.715400e-01
244 2.846000e-02 0.000000e+00 9.715400e-01
245 2.846000e-02 0.000000e+00 9.715400e-01
246 2.846000e-02 0.000000e+00 9.715400e-01
247 2.846000e-02 0.000000e+00 9.715400e-01
248 2.846000e-02 0.000000e+00 9.715400e-01
249 2.846000e-02 0.000000e+00 9.715400e-01
250 2.846000e-02 0.000000e+00 9.715400e-01
251 2.846000e-02 0.000000e+00 9.715400e-01
252 2.846000e-02 0.000000e+00 9.715400e-01
253 2.846000e-02 0.000000e+00 9.715400e-01
254 2.846000e-02 0.000000e+00 9.715400e-01
255 2.846000e-02 0.000000e+00 9.715400e-01
256 2.846000e-02 0.000000e+00 9.715400e-01
257 2.846000e-02 0.000000e+00 9.715400e-01
258 2.846000e-02 0.000000e+00 9.715400e-01
259 2.846000e-02 0.000000e+00 9.715400e-01
260 2.846000e-02 0.000000e+00 9.715400e-01
261 2.846000e-02 0.000000e+00 9.715400e-01
262 2.846000e-02 0.000000e+00 9.715400e-01
263 2.846000e-02 0.000000e+00 9.715400e-01
264 2.846000e-02 0.000000e+00 9.715400e-01
265 2.846000e-02 0.000000e+00 9.715400e-01
266 2.846000e-02 0.000000e+00 9.715400e-01
267 2.846000e-02 0.000000e+00 9.715400e-01
268 2.846000e-02 0.000000e+00 9.715400e-01
269 2.846000e-02 0.000000e+00 9.715400e-01
270 2.846000e-02 0.000000e+00 9.715400e-01
271 2.846000e-02 0.000000e+00 9.715400e-01
272 2.846000e-02 0.000000e+00 9.715400e-01
273 2.846000e-02 0.000000e+00 9.715400e-01
274 2.846000e-02 0.000000e+00 9.715400e-01
275 2.846000e-02 0.000000e+00 9.715400e-01
276 2.846000e-02 0.000000e+00 9.715400e-01
277 2.846000e-02 0.000000e+00 9.715400e-01
278 2.846000e-02 0.000000e+00 9.715400e-01
279 2.846000e-02 0.000000e+00 9.715400e-01
280 2.846000e-02 0.000000e+00 9.715400e-01
281 2.846000e-02 0.000000e+00 9.715400e-01
282 2.846000e-02 0.000000e+00 9.715400e-01
283 2.846000e-02 0.000000e+00 9.715400e-01
284 2.846000e-02 0.000000e+00 9.715400e-01
285 2.846000e-02 0.000000e+00 9.715400e-01
286 2.846000e-02 0.000000e+00 9.715400e-01
287 2.846000e-02 0.000000e+00 9.715400e-01
288 2.846000e-02 0.000000e+00 9.715400e-01
289 2.846000e-02 0.000000e+00 9.715400e-01
290 2.846000e-02 0.000000e+00 9.715400e-01
291 2.846000e-02 0.000000e+00 9.715400e-01
292 2.846000e-02 0.000000e+00 9.715400e-01
293 2.846000e-02 0.000000e+00 9.715400e-01
294 2.846000e-02 0.000000e+00 9.715400e-01
295 2.846000e-02 0.000000e+00 9.715400e-01
296 2.846000e-02 0.000000e+00 9.715400e-01
297 2.846000e-02 0.000000e+00 9.715400e-01
298 2.846000e-02 0.000000e+00 9.715400e-01
299 2.846000e-02 0.000000e+00 9.715400e-01
300 2.846000e-02 0.000000e+00 9.715400e-01
301 2.846000e-02 0.000000e+00 9.715400e-01
302 2.846000e-02 0.000000e+00 9.715400e-01
303 2.846000e-02 0.000000e+00 9.715400e-01
304 2.846000e-02 0.000000e+00 9.715400e-01
305 2.846000e-02 0.000000e+00 9.715400e-01
306 2.846000e-02 0.000000e+00 9.715400e-01
307 2.846000e-02 0.000000e+00 9.715400e-01
308 2.846000e-02 0.000000e+00 9.715400e-01
309 2.846000e-02 0.000000e+00 9.715400e-01
310 2.846000e-02 0.000000e+00 9.715400e-01
311 2.846000e-02 0.000000e+00 9.715400e-01
312 2.846000e-02 0.000000e+00 9.715400e-01
313 2.846000e-02 0.000000e+00 9.715400e-01
314 2.846000e-02 0.000000e+00 9.715400e-01
315 2.846000e-02 0.000000e+00 9.715400e-01
316 2.846000e-02 0.000000e+00 9.715400e-01
317 2.846000e-02 0.000000e+00 9.715400e-01
318 2.846000e-02 0.000000e+00 9.715400e-01
319 2.846000e-02 0.000000e+00 9.715400e-01
320 2.846000e-02 0.000000e+00 9.715400e-01
321 2.846000e-02 0.000000e+00 9.715400e-01
322 2.846000e-02 0.000000e+00 9.715400e-01
323 2.846000e-02 0.000000e+00 9.715400e-01
324 2.846000e-02 0.000000e+00 9.715400e-01
325 2.846000e-02 0.000000e+00 9.715400e-01
326 2.846000e-02 0.000000e+00 9.715400e-01
327 2.846000e-02 0.000000e+00 9.715400e-01
328 2.846000e-02 0.000000e+00 9.715400e-01
329 2.846000e-02 0.000000e+00 9.715400e-01
330 2.846000e-02 0.000000e+00 9.715400e-01
331 2.846000e-02 0.000000e+00 9.715400e-01
332 2.846000e-02 0.000000e+00 9.715400e-01
333 2.846000e-02 0.000000e+00 9.715400e-01
334 2.846000e-02 0.000000e+00 9.715400e-01
335 2.846000e-02 0.000000e+00 9.715400e-01
336 2.846000e-02 0.000000e+00 9.715400e-01
337 2.846000e-02 0.000000e+00 9.715400e-01
338 2.846000e-02 0.000000e+00 9.715400e-01
339 2.846000e-02 0.000000e+00 9.715400e-01
340 2.846000e-02 0.000000e+00 9.715400e-01
341 2.846000e-02 0.000000e+00 9.715400e-01
342 2.846000e-02 0.000000e+00 9.715400e-01
343 2.846000e-02 0.000000e+00 9.715400e-01
344 2.846000e-02 0.000000e+00 9.715400e-01
345 2.846000e-02 0.000000e+00 9.715400e-01
346 2.846000e-02 0.000000e+00 9.715400e-01
347 2.846000e-02 0.000000e+00 9.715400e-01
348 2.846000e-02 0.000000e+00 9.715400e-01
349 2.846000e-02 0.000000e+00 9.715400e-01
350 2.846000e-02 0.000000e+00 9.715400e-01
351 2.846000e-02 0.000000e+00 9.715400e-01
352 2.846000e-02 0.000000e+00 9.715400e-01
353 2.846000e-02 0.000000e+00 9.715400e-01
354 2.846000e-02 0.000000e+00 9.715400e-01
355 2.846000e-02 0.000000e+00 9.715400e-01
356 2.846000e-02 0.000000e+00 9.715400e-01
357 2.846000e-02 0.000000e+00 9.715400e-01
358 2.846000e-02 0.000000e+00 9.715400e-01
359 2.846000e-02 0.000000e+00 9.715400e-01
360 2.846000e-02 0.000000e+00 9.715400e-01
361 2.846000e-02 0.000000e+00 9.715400e-01
362 2.846000e-02 0.000000e+00 9.715400e-01
363 2.846000e-02 0.000000e+00 9.715400e-01
364 2.846000e-02 0.000000e+00 9.715400e-01
365 2.846000e-02 0.000000e+00 9.715400e-01
366 2.846000e-02 0.000000e+00 9.715400e-01
367 2.846000e-02 0.000000e+00 9.715400e-01
368 2.846000e-02 0.000000e+00 9.715400e-01
369 2.846000e-02 0.000000e+00 9.715400e-01
370 2.846000e-02 0.000000e+00 9.715400e-01
371 2.846000e-02 0.000000e+00 9.715400e-01
372 2.846000e-02 0.000000e+00 9.715400e-01
373 2.846000e-02 0.000000e+00 9.715400e-01
374 2.846000e-02 0.000000e+00 9.715400e-01
375 2.846000e-02 0.000000e+00 9.715400e-01
376 2.846000e-02 0.000000e+00 9.715400e-01
377 2.846000e-02 0.000000e+00 9.715400e-01
378 2.846000e-02 0.000000e+00 9.715400e-01
379 2.846000e-02 0.000000e+00 9.715400e-01
380 2.846000e-02 0.000000e+00 9.715400e-01
381 2.846000e-02 0.000000e+00 9.715400e-01
382 2.846000e-02 0.000000e+00 9.715400e-01
383 2.846000e-02 0.000000e+00 9.715400e-01
384 2.846000e-02 0.000000e+00 9.715400e-01
385 2.846000e-02 0.000000e+00 9.715400e-01
386 2.846000e-02 0.000000e+00 9.715400e-01
387 2.846000e-02 0.000000e+00 9.715400e-01
388 2.846000e-02 0.000000e+00 9.715400e-01
389 2.846000e-02 0.000000e+00 9.715400e-01
390 2.846000e-02 0.000000e+00 9.715400e-01
391 2.846000e-02 0.000000e+00 9.715400e-01
392 2.846000e-02 0.000000e+00 9.715400e-01
393 2.846000e-02 0.000000e+00 9.715400e-01
394 2.846000e-02 0.000000e+00 9.715400e-01
395 2.846000e-02 0.000000e+00 9.715400e-01
396 2.846000e-02 0.000000e+00 9.715400e-01
397 2.846000e-02 0.000000e+00 9.715400e-01
398 2.846000e-02 0.000000e+00 9.715400e-01
399 2.846000e-02 0.000000e+00 9.715400e-01
400 2.846000e-02 0.000000e+00 9.715400e-01
401 2.846000e-02 0.000000e+00 9.715400e-01
402 2.846000e-02 0.000000e+00 9.715400e-01
403 2.846000e-02 0.000000e+00 9.715400e-01
404 2.846000e-02 0.000000e+00 9.715400e-01
405 2.846000e-02 0.000000e+00 9.715400e-01
406 2.846000e-02 0.000000e+00 9.715400e-01
407 2.846000e-02 0.000000e+00 9.715400e-01
408 2.846000e-02 0.000000e+00 9.715400e-01
409 2.846000e-02 0.000000e+00 9.715400e-01
410 2.846000e-02 0.000000e+00 9.715400e-01
411 2.846000e-02 0.000000e+00 9.715400e-01
412 2.846000e-02 0.000000e+00 9.715400e-01
413 2.846000e-02 0.000000e+00 9.715400e-01
414 2.846000e-02 0.000000e+00 9.715400e-01
415 2.846000e-02 0.000000e+00 9.715400e-01
416 2.846000e-02 0.000000e+00 9.715400e-01
417 2.846000e-02 0.000000e+00 9.715400e-01
418 2.846000e-02 0.000000e+00 9.715400e-01
419 2.846000e-02 0.000000e+00 9.715400e-01
420 2.846000e-02 0.000000e+00 9.715400e-01
421 2.846000e-02 0.000000e+00 9.715400e-01
422 2.846000e-02 0.000000e+00 9.715400e-01
423 2.846000e-02 0.000000e+00 9.715400e-01
424 2.846000e-02 0.000000e+00 9.715400e-01
425 2.846000e-02 0.000000e+00 9.715400e-01
426 2.846000e-02 0.000000e+00 9.715400e-01
427 2.846000e-02 0.000000e+00 9.715400e-01
428 2.846000e-02 0.000000e+00 9.715400e-01
429 2.846000e-02 0.000000e+00 9.715400e-01
430 2.846000e-02 0.000000e+00 9.715400e-01
431 2.846000e-02 0.000000e+00 9.715400e-01
432 2.846000e-02 0.000000e+00 9.715400e-01
433 2.846000e-02 0.000000e+00 9.715400e-01
434 2.846000e-02 0.000000e+00 9.715400e-01
435 2.846000e-02 0.000000e+00 9.715400e-01
436 2.846000e-02 0.000000e+00 9.715400e-01
437 2.846000e-02 0.000000e+00 9.715400e-01
438 2.846000e-02 0.000000e+00 9.715400e-01
439 2.846000e-02 0.000000e+00 9.715400e-01
440 2.846000e-02 0.000000e+00 9.715400e-01
441 2.846000e-02 0.000000e+00 9.715400e-01
442 2.846000e-02 0.000000e+00 9.715400e-01
443 2.846000e-02 0.000000e+00 9.715400e-01
444 2.846000e-02 0.000000e+00 9.715400e-01
445 2.846000e-02 0.000000e+00 9.715400e-01
446 2.846000e-02 0.000000e+00 9.715400e-01
447 2.846000e-02 0.000000e+00 9.715400e-01
448 2.846000e-02 0.000000e+00 9.715400e-01
449 2.846000e-02 0.000000e+00 9.715400e-01
450 2.846000e-02 0.000000e+00 9.715400e-01
451 2.846000e-02 0.000000e+00 9.715400e-01
452 2.846000e-02 0.000000e+00 9.715400e-01
453 2.846000e-02 0.000000e+00 9.715400e-01
454 2.846000e-02 0.000000e+00 9.715400e-01
455 2.846000e-02 0.000000e+00 9.715400e-01
456 2.846000e-02 0.000000e+00 9.715400e-01
457 2.846000e-02 0.000000e+00 9.715400e-01
458 2.846000e-02 0.000000e+00 9.715400e-01
459 2.846000e-02 0.000000e+00 9.715400e-01
460 2.846000e-02 0.000000e+00 9.715400e-01
461 2.846000e-02 0.000000e+00 9.715400e-01
462 2.846000e-02 0.000000e+00 9.715400e-01
463 2.846000e-02 0.000000e+00 9.715400e-01
464 2.846000e-02 0.000000e+00 9.715400e-01
465 2.846000e-02 0.000000e+00 9.715400e-01
466 2.846000e-02 0.000000e+00 9.715400e-01
467 2.846000e-02 0.000000e+00 9.715400e-01
468 2.846000e-02 0.000000e+00 9.715400e-01
469 2.846000e-02 0.000000e+00 9.715400e-01
470 2.846000e-02 0.000000e+00 9.715400e-01
471 2.846000e-02 0.000000e+00 9.715400e-01
472 2.846000e-02 0.000000e+00 9.715400e-01
473 2.846000e-02 0.000000e+00 9.715400e-01
474 2.846000e-02 0.000000e+00 9.715400e-01
475 2.846000e-02 0.000000e+00 9.715400e-01
476 2.846000e-02 0.000000e+00 9.715400e-01
477 2.846000e-02 0.000000e+00 9.715400e-01
478 2.846000e-02 0.000000e+00 9.715400e-01
479 2.846000e-02 0.000000e+00 9.715400e-01
480 2.846000e-02 0.000000e+00 9.715400e-01
481 2.846000e-02 0.000000e+00 9.715400e-01
482 2.846000e-02 0.000000e+00 9.715400e-01
483 2.846000e-02 0.000000e+00 9.715400e-01
484 2.846000e-02 0.000000e+00 9.715400e-01
485 2.846000e-02 0.000000e+00 9.715400e-01
486 2.846000e-02 0.000000e+00 9.715400e-01
487 2.846000e-02 0.000000e+00 9.715400e-01
488 2.846000e-02 0.000000e+00 9.715400e-01
489 2.846000e-02 0.000000e+00 9.715400e-01
490 2.846000e-02 0.000000e+00 9.715400e-01
491 2.846000e-02 0.000000e+00 9.715400e-01
492 2.846000e-02 0.000000e+00 9.715400e-01
493 2.846000e-02 0.000000e+00 9.715400e-01
494 2.846000e-02 0.000000e+00 9.715400e-01
495 2.846000e-02 0.000000e+00 9.715400e-01
496 2.846000e-02 0.000000e+00 9.715400e-01
497 2.846000e-02 0.000000e+00 9.715400e-01
498 2.846000e-02 0.000000e+00 9.715400e-01
499 2.846000e-02 0.000000e+00 9.715400e-01
500 2.846000e-02 0.000000e+00 9.715400e-01
