1 9.991440e-01 7.720000e-04 8.400000e-05
2 9.983360e-01 1.380000e-03 2.840000e-04
3 9.971280e-01 2.204000e-03 6.680000e-04
4 9.956400e-01 3.272000e-03 1.088000e-03
5 9.935400e-01 4.672000e-03 1.788000e-03
6 9.913280e-01 5.952000e-03 2.720000e-03
7 9.886000e-01 7.464000e-03 3.936000e-03
8 9.856400e-01 8.968000e-03 5.392000e-03
9 9.819960e-01 1.086000e-02 7.144000e-03
10 9.781600e-01 1.264000e-02 9.200000e-03
11 9.737080e-01 1.479600e-02 1.149600e-02
12 9.686800e-01 1.711200e-02 1.420800e-02
13 9.627800e-01 1.981600e-02 1.740400e-02
14 9.564640e-01 2.228400e-02 2.125200e-02
15 9.496760e-01 2.486800e-02 2.545600e-02
16 9.428400e-01 2.716400e-02 2.999600e-02
17 9.350720e-01 3.015600e-02 3.477200e-02
18 9.272200e-01 3.244400e-02 4.033600e-02
19 9.188480e-01 3.500800e-02 4.614400e-02
20 9.098560e-01 3.765200e-02 5.249200e-02
21 9.005240e-01 4.022400e-02 5.925200e-02
22 8.908960e-01 4.276400e-02 6.634000e-02
23 8.807240e-01 4.508800e-02 7.418800e-02
24 8.705360e-01 4.717600e-02 8.228800e-02
25 8.595760e-01 4.964800e-02 9.077600e-02
26 8.483160e-01 5.193200e-02 9.975200e-02
27 8.366160e-01 5.414400e-02 1.092400e-01
28 8.244880e-01 5.680400e-02 1.187080e-01
29 8.116920e-01 5.958800e-02 1.287200e-01
30 7.986600e-01 6.148000e-02 1.398600e-01
31 7.850240e-01 6.439600e-02 1.505800e-01
32 7.719600e-01 6.610000e-02 1.619400e-01
33 7.583040e-01 6.812800e-02 1.735680e-01
34 7.444920e-01 6.980800e-02 1.857000e-01
35 7.302880e-01 7.180000e-02 1.979120e-01
36 7.148680e-01 7.446400e-02 2.106680e-01
37 7.001200e-01 7.570000e-02 2.241800e-01
38 6.849600e-01 7.756400e-02 2.374760e-01
39 6.695080e-01 7.937600e-02 2.511160e-01
40 6.544520e-01 8.023600e-02 2.653120e-01
41 6.387520e-01 8.165600e-02 2.795920e-01
42 6.237440e-01 8.245600e-02 2.938000e-01
43 6.086960e-01 8.283200e-02 3.084720e-01
44 5.935400e-01 8.362400e-02 3.228360e-01
45 5.785120e-01 8.403600e-02 3.374520e-01
46 5.635000e-01 8.414800e-02 3.523520e-01
47 5.486480e-01 8.407200e-02 3.672800e-01
48 5.341600e-01 8.407200e-02 3.817680e-01
49 5.197720e-01 8.358000e-02 3.966480e-01
50 5.057360e-01 8.338400e-02 4.108800e-01
51 4.909720e-01 8.325600e-02 4.257720e-01
52 4.766120e-01 8.310000e-02 4.402880e-01
53 4.629520e-01 8.224800e-02 4.548000e-01
54 4.488400e-01 8.171200e-02 4.694480e-01
55 4.349120e-01 8.158800e-02 4.835000e-01
56 4.207440e-01 8.138800e-02 4.978680e-01
57 4.068960e-01 8.095200e-02 5.121520e-01
58 3.933640e-01 8.038400e-02 5.262520e-01
59 3.800520e-01 7.949200e-02 5.404560e-01
60 3.677720e-01 7.803200e-02 5.541960e-01
61 3.553640e-01 7.672000e-02 5.679160e-01
62 3.437200e-01 7.515200e-02 5.811280e-01
63 3.321840e-01 7.335200e-02 5.944640e-01
64 3.207960e-01 7.242000e-02 6.067840e-01
65 3.099080e-01 7.074800e-02 6.193440e-01
66 2.991320e-01 6.961200e-02 6.312560e-01
67 2.883040e-01 6.832000e-02 6.433760e-01
68 2.777240e-01 6.696800e-02 6.553080e-01
69 2.673040e-01 6.572800e-02 6.669680e-01
70 2.571840e-01 6.447200e-02 6.783440e-01
71 2.475000e-01 6.324800e-02 6.892520e-01
72 2.384360e-01 6.123600e-02 7.003280e-01
73 2.291960e-01 5.984400e-02 7.109600e-01
74 2.200000e-01 5.852000e-02 7.214800e-01
75 2.110840e-01 5.721200e-02 7.317040e-01
76 2.027680e-01 5.573200e-02 7.415000e-01
77 1.949920e-01 5.375600e-02 7.512520e-01
78 1.873440e-01 5.178400e-02 7.608720e-01
79 1.799320e-01 5.034000e-02 7.697280e-01
80 1.727280e-01 4.906000e-02 7.782120e-01
81 1.656120e-01 4.781200e-02 7.865760e-01
82 1.586360e-01 4.629200e-02 7.950720e-01
83 1.520160e-01 4.511200e-02 8.028720e-01
84 1.457360e-01 4.350800e-02 8.107560e-01
85 1.397520e-01 4.194000e-02 8.183080e-01
86 1.338200e-01 4.056400e-02 8.256160e-01
87 1.281360e-01 3.959200e-02 8.322720e-01
88 1.228560e-01 3.822400e-02 8.389200e-01
89 1.179080e-01 3.664000e-02 8.454520e-01
90 1.130640e-01 3.514400e-02 8.517920e-01
91 1.084280e-01 3.363200e-02 8.579400e-01
92 1.042440e-01 3.217600e-02 8.635800e-01
93 9.998000e-02 3.097200e-02 8.690480e-01
94 9.599200e-02 2.978800e-02 8.742200e-01
95 9.211600e-02 2.846800e-02 8.794160e-01
96 8.825600e-02 2.764400e-02 8.841000e-01
97 8.464000e-02 2.646400e-02 8.888960e-01
98 8.103600e-02 2.563600e-02 8.933280e-01
99 7.774000e-02 2.472800e-02 8.975320e-01
100 7.446000e-02 2.370800e-02 9.018320e-01
101 7.154000e-02 2.270400e-02 9.057560e-01
102 6.865200e-02 2.160000e-02 9.097480e-01
103 6.584000e-02 2.074800e-02 9.134120e-01
104 6.309200e-02 1.994000e-02 9.169680e-01
105 6.068000e-02 1.884800e-02 9.204720e-01
106 5.805200e-02 1.831600e-02 9.236320e-01
107 5.592400e-02 1.730400e-02 9.267720e-01
108 5.382400e-02 1.628400e-02 9.298920e-01
109 5.201600e-02 1.536000e-02 9.326240e-01
110 5.014000e-02 1.460400e-02 9.352560e-01
111 4.837600e-02 1.400800e-02 9.376160e-01
112 4.691200e-02 1.300800e-02 9.400800e-01
113 4.562400e-02 1.202000e-02 9.423560e-01
114 4.427200e-02 1.142400e-02 9.443040e-01
115 4.311200e-02 1.064800e-02 9.462400e-01
116 4.208400e-02 9.776000e-03 9.481400e-01
117 4.098800e-02 9.116000e-03 9.498960e-01
118 3.993200e-02 8.680000e-03 9.513880e-01
119 3.900400e-02 8.140000e-03 9.528560e-01
120 3.818000e-02 7.620000e-03 9.542000e-01
121 3.732000e-02 7.164000e-03 9.555160e-01
122 3.662800e-02 6.632000e-03 9.567400e-01
123 3.584400e-02 6.264000e-03 9.578920e-01
124 3.521600e-02 5.848000e-03 9.589360e-01
125 3.457200e-02 5.440000e-03 9.599880e-01
126 3.392800e-02 5.276000e-03 9.607960e-01
127 3.325200e-02 5.028000e-03 9.617200e-01
128 3.270000e-02 4.708000e-03 9.625920e-01
129 3.203200e-02 4.596000e-03 9.633720e-01
130 3.145200e-02 4.280000e-03 9.642680e-01
131 3.096000e-02 4.080000e-03 9.649600e-01
132 3.044000e-02 3.940000e-03 9.656200e-01
133 2.993600e-02 3.828000e-03 9.662360e-01
134 2.946400e-02 3.580000e-03 9.669560e-01
135 2.915200e-02 3.224000e-03 9.676240e-01
136 2.887600e-02 2.920000e-03 9.682040e-01
137 2.871600e-02 2.588000e-03 9.686960e-01
138 2.847200e-02 2.424000e-03 9.691040e-01
139 2.832800e-02 2.124000e-03 9.695480e-01
140 2.821600e-02 1.884000e-03 9.699000e-01
141 2.812000e-02 1.700000e-03 9.701800e-01
142 2.804800e-02 1.524000e-03 9.704280e-01
143 2.799200e-02 1.356000e-03 9.706520e-01
144 2.792800e-02 1.192000e-03 9.708800e-01
145 2.790400e-02 1.016000e-03 9.710800e-01
146 2.786000e-02 8.840000e-04 9.712560e-01
147 2.784800e-02 7.240000e-04 9.714280e-01
148 2.784000e-02 6.040000e-04 9.715560e-01
149 2.782400e-02 5.120000e-04 9.716640e-01
150 2.782000e-02 4.320000e-04 9.717480e-01
151 2.780400e-02 3.480000e-04 9.718480e-01
152 2.779200e-02 3.160000e-04 9.718920e-01
153 2.778400e-02 2.800000e-04 9.719360e-01
154 2.778400e-02 2.280000e-04 9.719880e-01
155 2.777200e-02 2.000000e-04 9.720280e-01
156 2.776400e-02 1.600000e-04 9.720760e-01
157 2.776000e-02 1.400000e-04 9.721000e-01
158 2.775200e-02 1.360000e-04 9.721120e-01
159 2.775200e-02 1.120000e-04 9.721360e-01
160 2.775200e-02 9.200000e-05 9.721560e-01
161 2.775200e-02 8.400000e-05 9.721640e-01
162 2.775200e-02 6.800000e-05 9.721800e-01
163 2.774800e-02 6.000000e-05 9.721920e-01
164 2.774800e-02 4.000000e-05 9.722120e-01
165 2.774800e-02 4.000000e-05 9.722120e-01
166 2.774800e-02 2.800000e-05 9.722240e-01
167 2.774800e-02 2.800000e-05 9.722240e-01
168 2.774800e-02 2.000000e-05 9.722320e-01
169 2.774800e-02 2.000000e-05 9.722320e-01
170 2.774800e-02 2.000000e-05 9.722320e-01
171 2.774800e-02 1.200000e-05 9.722400e-01
172 2.774800e-02 8.000000e-06 9.722440e-01
173 2.774800e-02 8.000000e-06 9.722440e-01
174 2.774800e-02 8.000000e-06 9.722440e-01
175 2.774800e-02 0.000000e+00 9.722520e-01
176 2.774800e-02 0.000000e+00 9.722520e-01
177 2.774800e-02 0.000000e+00 9.722520e-01
178 2.774800e-02 0.000000e+00 9.722520e-01
179 2.774800e-02 0.000000e+00 9.722520e-01
180 2.774800e-02 0.000000e+00 9.722520e-01
181 2.774800e-02 0.000000e+00 9.722520e-01
182 2.774800e-02 0.000000e+00 9.722520e-01
183 2.774800e-02 0.000000e+00 9.722520e-01
184 2.774800e-02 0.000000e+00 9.722520e-01
185 2.774800e-02 0.000000e+00 9.722520e-01
186 2.774800e-02 0.000000e+00 9.722520e-01
187 2.774800e-02 0.000000e+00 9.722520e-01
188 2.774800e-02 0.000000e+00 9.722520e-01
189 2.774800e-02 0.000000e+00 9.722520e-01
190 2.774800e-02 0.000000e+00 9.722520e-01
191 2.774800e-02 0.000000e+00 9.722520e-01
192 2.774800e-02 0.000000e+00 9.722520e-01
193 2.774800e-02 0.000000e+00 9.722520e-01
194 2.774800e-02 0.000000e+00 9.722520e-01
195 2.774800e-02 0.000000e+00 9.722520e-01
196 2.774800e-02 0.000000e+00 9.722520e-01
197 2.774800e-02 0.000000e+00 9.722520e-01
198 2.774800e-02 0.000000e+00 9.722520e-01
199 2.774800e-02 0.000000e+00 9.722520e-01
200 2.774800e-02 0.000000e+00 9.722520e-01
201 2.774800e-02 0.000000e+00 9.722520e-01
202 2.774800e-02 0.000000e+00 9.722520e-01
203 2.774800e-02 0.000000e+00 9.722520e-01
204 2.774800e-02 0.000000e+00 9.722520e-01
205 2.774800e-02 0.000000e+00 9.722520e-01
206 2.774800e-02 0.000000e+00 9.722520e-01
207 2.774800e-02 0.000000e+00 9.722520e-01
208 2.774800e-02 0.000000e+00 9.722520e-01
209 2.774800e-02 0.000000e+00 9.722520e-01
210 2.774800e-02 0.000000e+00 9.722520e-01
211 2.774800e-02 0.000000e+00 9.722520e-01
212 2.774800e-02 0.000000e+00 9.722520e-01
213 2.774800e-02 0.000000e+00 9.722520e-01
214 2.774800e-02 0.000000e+00 9.722520e-01
215 2.774800e-02 0.000000e+00 9.722520e-01
216 2.774800e-02 0.000000e+00 9.722520e-01
217 2.774800e-02 0.000000e+00 9.722520e-01
218 2.774800e-02 0.000000e+00 9.722520e-01
219 2.774800e-02 0.000000e+00 9.722520e-01
220 2.774800e-02 0.000000e+00 9.722520e-01
221 2.774800e-02 0.000000e+00 9.722520e-01
222 2.774800e-02 0.000000e+00 9.722520e-01
223 2.774800e-02 0.000000e+00 9.722520e-01
224 2.774800e-02 0.000000e+00 9.722520e-01
225 2.774800e-02 0.000000e+00 9.722520e-01
226 2.774800e-02 0.000000e+00 9.722520e-01
227 2.774800e-02 0.000000e+00 9.722520e-01
228 2.774800e-02 0.000000e+00 9.722520e-01
229 2.774800e-02 0.000000e+00 9.722520e-01
230 2.774800e-02 0.000000e+00 9.722520e-01
231 2.774800e-02 0.000000e+00 9.722520e-01
232 2.774800e-02 0.000000e+00 9.722520e-01
233 2.774800e-02 0.000000e+00 9.722520e-01
234 2.774800e-02 0.000000e+00 9.722520e-01
235 2.774800e-02 0.000000e+00 9.722520e-01
236 2.774800e-02 0.000000e+00 9.722520e-01
237 2.774800e-02 0.000000e+00 9.722520e-01
238 2.774800e-02 0.000000e+00 9.722520e-01
239 2.774800e-02 0.000000e+00 9.722520e-01
240 2.774800e-02 0.000000e+00 9.722520e-01
241 2.774800e-02 0.000000e+00 9.722520e-01
242 2.774800e-02 0.000000e+00 9.722520e-01
243 2.774800e-02 0.000000e+00 9.722520e-01
244 2.774800e-02 0.000000e+00 9.722520e-01
245 2.774800e-02 0.000000e+00 9.722520e-01
246 2.774800e-02 0.000000e+00 9.722520e-01
247 2.774800e-02 0.000000e+00 9.722520e-01
248 2.774800e-02 0.000000e+00 9.722520e-01
249 2.774800e-02 0.000000e+00 9.722520e-01
250 2.774800e-02 0.000000e+00 9.722520e-01
251 2.774800e-02 0.000000e+00 9.722520e-01
252 2.774800e-02 0.000000e+00 9.722520e-01
253 2.774800e-02 0.000000e+00 9.722520e-01
254 2.774800e-02 0.000000e+00 9.722520e-01
255 2.774800e-02 0.000000e+00 9.722520e-01
256 2.774800e-02 0.000000e+00 9.722520e-01
257 2.774800e-02 0.000000e+00 9.722520e-01
258 2.774800e-02 0.000000e+00 9.722520e-01
259 2.774800e-02 0.000000e+00 9.722520e-01
260 2.774800e-02 0.000000e+00 9.722520e-01
261 2.774800e-02 0.000000e+00 9.722520e-01
262 2.774800e-02 0.000000e+00 9.722520e-01
263 2.774800e-02 0.000000e+00 9.722520e-01
264 2.774800e-02 0.000000e+00 9.722520e-01
265 2.774800e-02 0.000000e+00 9.722520e-01
266 2.774800e-02 0.000000e+00 9.722520e-01
267 2.774800e-02 0.000000e+00 9.722520e-01
268 2.774800e-02 0.000000e+00 9.722520e-01
269 2.774800e-02 0.000000e+00 9.722520e-01
270 2.774800e-02 0.000000e+00 9.722520e-01
271 2.774800e-02 0.000000e+00 9.722520e-01
272 2.774800e-02 0.000000e+00 9.722520e-01
273 2.774800e-02 0.000000e+00 9.722520e-01
274 2.774800e-02 0.000000e+00 9.722520e-01
275 2.774800e-02 0.000000e+00 9.722520e-01
276 2.774800e-02 0.000000e+00 9.722520e-01
277 2.774800e-02 0.000000e+00 9.722520e-01
278 2.774800e-02 0.000000e+00 9.722520e-01
279 2.774800e-02 0.000000e+00 9.722520e-01
280 2.774800e-02 0.000000e+00 9.722520e-01
281 2.774800e-02 0.000000e+00 9.722520e-01
282 2.774800e-02 0.000000e+00 9.722520e-01
283 2.774800e-02 0.000000e+00 9.722520e-01
284 2.774800e-02 0.000000e+00 9.722520e-01
285 2.774800e-02 0.000000e+00 9.722520e-01
286 2.774800e-02 0.000000e+00 9.722520e-01
287 2.774800e-02 0.000000e+00 9.722520e-01
288 2.774800e-02 0.000000e+00 9.722520e-01
289 2.774800e-02 0.000000e+00 9.722520e-01
290 2.774800e-02 0.000000e+00 9.722520e-01
291 2.774800e-02 0.000000e+00 9.722520e-01
292 2.774800e-02 0.000000e+00 9.722520e-01
293 2.774800e-02 0.000000e+00 9.722520e-01
294 2.774800e-02 0.000000e+00 9.722520e-01
295 2.774800e-02 0.000000e+00 9.722520e-01
296 2.774800e-02 0.000000e+00 9.722520e-01
297 2.774800e-02 0.000000e+00 9.722520e-01
298 2.774800e-02 0.000000e+00 9.722520e-01
299 2.774800e-02 0.000000e+00 9.722520e-01
300 2.774800e-02 0.000000e+00 9.722520e-01
301 2.774800e-02 0.000000e+00 9.722520e-01
302 2.774800e-02 0.000000e+00 9.722520e-01
303 2.774800e-02 0.000000e+00 9.722520e-01
304 2.774800e-02 0.000000e+00 9.722520e-01
305 2.774800e-02 0.000000e+00 9.722520e-01
306 2.774800e-02 0.000000e+00 9.722520e-01
307 2.774800e-02 0.000000e+00 9.722520e-01
308 2.774800e-02 0.000000e+00 9.722520e-01
309 2.774800e-02 0.000000e+00 9.722520e-01
310 2.774800e-02 0.000000e+00 9.722520e-01
311 2.774800e-02 0.000000e+00 9.722520e-01
312 2.774800e-02 0.000000e+00 9.722520e-01
313 2.774800e-02 0.000000e+00 9.722520e-01
314 2.774800e-02 0.000000e+00 9.722520e-01
315 2.774800e-02 0.000000e+00 9.722520e-01
316 2.774800e-02 0.000000e+00 9.722520e-01
317 2.774800e-02 0.000000e+00 9.722520e-01
318 2.774800e-02 0.000000e+00 9.722520e-01
319 2.774800e-02 0.000000e+00 9.722520e-01
320 2.774800e-02 0.000000e+00 9.722520e-01
321 2.774800e-02 0.000000e+00 9.722520e-01
322 2.774800e-02 0.000000e+00 9.722520e-01
323 2.774800e-02 0.000000e+00 9.722520e-01
324 2.774800e-02 0.000000e+00 9.722520e-01
325 2.774800e-02 0.000000e+00 9.722520e-01
326 2.774800e-02 0.000000e+00 9.722520e-01
327 2.774800e-02 0.000000e+00 9.722520e-01
328 2.774800e-02 0.000000e+00 9.722520e-01
329 2.774800e-02 0.000000e+00 9.722520e-01
330 2.774800e-02 0.000000e+00 9.722520e-01
331 2.774800e-02 0.000000e+00 9.722520e-01
332 2.774800e-02 0.000000e+00 9.722520e-01
333 2.774800e-02 0.000000e+00 9.722520e-01
334 2.774800e-02 0.000000e+00 9.722520e-01
335 2.774800e-02 0.000000e+00 9.722520e-01
336 2.774800e-02 0.000000e+00 9.722520e-01
337 2.774800e-02 0.000000e+00 9.722520e-01
338 2.774800e-02 0.000000e+00 9.722520e-01
339 2.774800e-02 0.000000e+00 9.722520e-01
340 2.774800e-02 0.000000e+00 9.722520e-01
341 2.774800e-02 0.000000e+00 9.722520e-01
342 2.774800e-02 0.000000e+00 9.722520e-01
343 2.774800e-02 0.000000e+00 9.722520e-01
344 2.774800e-02 0.000000e+00 9.722520e-01
345 2.774800e-02 0.000000e+00 9.722520e-01
346 2.774800e-02 0.000000e+00 9.722520e-01
347 2.774800e-02 0.000000e+00 9.722520e-01
348 2.774800e-02 0.000000e+00 9.722520e-01
349 2.774800e-02 0.000000e+00 9.722520e-01
350 2.774800e-02 0.000000e+00 9.722520e-01
351 2.774800e-02 0.000000e+00 9.722520e-01
352 2.774800e-02 0.000000e+00 9.722520e-01
353 2.774800e-02 0.000000e+00 9.722520e-01
354 2.774800e-02 0.000000e+00 9.722520e-01
355 2.774800e-02 0.000000e+00 9.722520e-01
356 2.774800e-02 0.000000e+00 9.722520e-01
357 2.774800e-02 0.000000e+00 9.722520e-01
358 2.774800e-02 0.000000e+00 9.722520e-01
359 2.774800e-02 0.000000e+00 9.722520e-01
360 2.774800e-02 0.000000e+00 9.722520e-01
361 2.774800e-02 0.000000e+00 9.722520e-01
362 2.774800e-02 0.000000e+00 9.722520e-01
363 2.774800e-02 0.000000e+00 9.722520e-01
364 2.774800e-02 0.000000e+00 9.722520e-01
365 2.774800e-02 0.000000e+00 9.722520e-01
366 2.774800e-02 0.000000e+00 9.722520e-01
367 2.774800e-02 0.000000e+00 9.722520e-01
368 2.774800e-02 0.000000e+00 9.722520e-01
369 2.774800e-02 0.000000e+00 9.722520e-01
370 2.774800e-02 0.000000e+00 9.722520e-01
371 2.774800e-02 0.000000e+00 9.722520e-01
372 2.774800e-02 0.000000e+00 9.722520e-01
373 2.774800e-02 0.000000e+00 9.722520e-01
374 2.774800e-02 0.000000e+00 9.722520e-01
375 2.774800e-02 0.000000e+00 9.722520e-01
376 2.774800e-02 0.000000e+00 9.722520e-01
377 2.774800e-02 0.000000e+00 9.722520e-01
378 2.774800e-02 0.000000e+00 9.722520e-01
379 2.774800e-02 0.000000e+00 9.722520e-01
380 2.774800e-02 0.000000e+00 9.722520e-01
381 2.774800e-02 0.000000e+00 9.722520e-01
382 2.774800e-02 0.000000e+00 9.722520e-01
383 2.774800e-02 0.000000e+00 9.722520e-01
384 2.774800e-02 0.000000e+00 9.722520e-01
385 2.774800e-02 0.000000e+00 9.722520e-01
386 2.774800e-02 0.000000e+00 9.722520e-01
387 2.774800e-02 0.000000e+00 9.722520e-01
388 2.774800e-02 0.000000e+00 9.722520e-01
389 2.774800e-02 0.000000e+00 9.722520e-01
390 2.774800e-02 0.000000e+00 9.722520e-01
391 2.774800e-02 0.000000e+00 9.722520e-01
392 2.774800e-02 0.000000e+00 9.722520e-01
393 2.774800e-02 0.000000e+00 9.722520e-01
394 2.774800e-02 0.000000e+00 9.722520e-01
395 2.774800e-02 0.000000e+00 9.722520e-01
396 2.774800e-02 0.000000e+00 9.722520e-01
397 2.774800e-02 0.000000e+00 9.722520e-01
398 2.774800e-02 0.000000e+00 9.722520e-01
399 2.774800e-02 0.000000e+00 9.722520e-01
400 2.774800e-02 0.000000e+00 9.722520e-01
401 2.774800e-02 0.000000e+00 9.722520e-01
402 2.774800e-02 0.000000e+00 9.722520e-01
403 2.774800e-02 0.000000e+00 9.722520e-01
404 2.774800e-02 0.000000e+00 9.722520e-01
405 2.774800e-02 0.000000e+00 9.722520e-01
406 2.774800e-02 0.000000e+00 9.722520e-01
407 2.774800e-02 0.000000e+00 9.722520e-01
408 2.774800e-02 0.000000e+00 9.722520e-01
409 2.774800e-02 0.000000e+00 9.722520e-01
410 2.774800e-02 0.000000e+00 9.722520e-01
411 2.774800e-02 0.000000e+00 9.722520e-01
412 2.774800e-02 0.000000e+00 9.722520e-01
413 2.774800e-02 0.000000e+00 9.722520e-01
414 2.774800e-02 0.000000e+00 9.722520e-01
415 2.774800e-02 0.000000e+00 9.722520e-01
416 2.774800e-02 0.000000e+00 9.722520e-01
417 2.774800e-02 0.000000e+00 9.722520e-01
418 2.774800e-02 0.000000e+00 9.722520e-01
419 2.774800e-02 0.000000e+00 9.722520e-01
420 2.774800e-02 0.000000e+00 9.722520e-01
421 2.774800e-02 0.000000e+00 9.722520e-01
422 2.774800e-02 0.000000e+00 9.722520e-01
423 2.774800e-02 0.000000e+00 9.722520e-01
424 2.774800e-02 0.000000e+00 9.722520e-01
425 2.774800e-02 0.000000e+00 9.722520e-01
426 2.774800e-02 0.000000e+00 9.722520e-01
427 2.774800e-02 0.000000e+00 9.722520e-01
428 2.774800e-02 0.000000e+00 9.722520e-01
429 2.774800e-02 0.000000e+00 9.722520e-01
430 2.774800e-02 0.000000e+00 9.722520e-01
431 2.774800e-02 0.000000e+00 9.722520e-01
432 2.774800e-02 0.000000e+00 9.722520e-01
433 2.774800e-02 0.000000e+00 9.722520e-01
434 2.774800e-02 0.000000e+00 9.722520e-01
435 2.774800e-02 0.000000e+00 9.722520e-01
436 2.774800e-02 0.000000e+00 9.722520e-01
437 2.774800e-02 0.000000e+00 9.722520e-01
438 2.774800e-02 0.000000e+00 9.722520e-01
439 2.774800e-02 0.000000e+00 9.722520e-01
440 2.774800e-02 0.000000e+00 9.722520e-01
441 2.774800e-02 0.000000e+00 9.722520e-01
442 2.774800e-02 0.000000e+00 9.722520e-01
443 2.774800e-02 0.000000e+00 9.722520e-01
444 2.774800e-02 0.000000e+00 9.722520e-01
445 2.774800e-02 0.000000e+00 9.722520e-01
446 2.774800e-02 0.000000e+00 9.722520e-01
447 2.774800e-02 0.000000e+00 9.722520e-01
448 2.774800e-02 0.000000e+00 9.722520e-01
449 2.774800e-02 0.000000e+00 9.722520e-01
450 2.774800e-02 0.000000e+00 9.722520e-01
451 2.774800e-02 0.000000e+00 9.722520e-01
452 2.774800e-02 0.000000e+00 9.722520e-01
453 2.774800e-02 0.000000e+00 9.722520e-01
454 2.774800e-02 0.000000e+00 9.722520e-01
455 2.774800e-02 0.000000e+00 9.722520e-01
456 2.774800e-02 0.000000e+00 9.722520e-01
457 2.774800e-02 0.000000e+00 9.722520e-01
458 2.774800e-02 0.000000e+00 9.722520e-01
459 2.774800e-02 0.000000e+00 9.722520e-01
460 2.774800e-02 0.000000e+00 9.722520e-01
461 2.774800e-02 0.000000e+00 9.722520e-01
462 2.774800e-02 0.000000e+00 9.722520e-01
463 2.774800e-02 0.000000e+00 9.722520e-01
464 2.774800e-02 0.000000e+00 9.722520e-01
465 2.774800e-02 0.000000e+00 9.722520e-01
466 2.774800e-02 0.000000e+00 9.722520e-01
467 2.774800e-02 0.000000e+00 9.722520e-01
468 2.774800e-02 0.000000e+00 9.722520e-01
469 2.774800e-02 0.000000e+00 9.722520e-01
470 2.774800e-02 0.000000e+00 9.722520e-01
471 2.774800e-02 0.000000e+00 9.722520e-01
472 2.774800e-02 0.000000e+00 9.722520e-01
473 2.774800e-02 0.000000e+00 9.722520e-01
474 2.774800e-02 0.000000e+00 9.722520e-01
475 2.774800e-02 0.000000e+00 9.722520e-01
476 2.774800e-02 0.000000e+00 9.722520e-01
477 2.774800e-02 0.000000e+00 9.722520e-01
478 2.774800e-02 0.000000e+00 9.722520e-01
479 2.774800e-02 0.000000e+00 9.722520e-01
480 2.774800e-02 0.000000e+00 9.722520e-01
481 2.774800e-02 0.000000e+00 9.722520e-01
482 2.774800e-02 0.000000e+00 9.722520e-01
483 2.774800e-02 0.000000e+00 9.722520e-01
484 2.774800e-02 0.000000e+00 9.722520e-01
485 2.774800e-02 0.000000e+00 9.722520e-01
486 2.774800e-02 0.000000e+00 9.722520e-01
487 2.774800e-02 0.000000e+00 9.722520e-01
488 2.774800e-02 0.000000e+00 9.722520e-01
489 2.774800e-02 0.000000e+00 9.722520e-01
490 2.774800e-02 0.000000e+00 9.722520e-01
491 2.774800e-02 0.000000e+00 9.722520e-01
492 2.774800e-02 0.000000e+00 9.722520e-01
493 2.774800e-02 0.000000e+00 9.722520e-01
494 2.774800e-02 0.000000e+00 9.722520e-01
495 2.774800e-02 0.000000e+00 9.722520e-01
496 2.774800e-02 0.000000e+00 9.722520e-01
497 2.774800e-02 0.000000e+00 9.722520e-01
498 2.774800e-02 0.000000e+00 9.722520e-01
499 2.774800e-02 0.000000e+00 9.722520e-01
500 2.774800e-02 0.000000e+00 9.722520e-01
