1 9.990840e-01 7.960000e-04 1.200000e-04
2 9.982800e-01 1.416000e-03 3.040000e-04
3 9.971840e-01 2.156000e-03 6.600000e-04
4 9.957320e-01 3.204000e-03 1.064000e-03
5 9.941160e-01 4.192000e-03 1.692000e-03
6 9.920440e-01 5.424000e-03 2.532000e-03
7 9.895360e-01 6.820000e-03 3.644000e-03
8 9.866480e-01 8.360000e-03 4.992000e-03
9 9.834720e-01 9.940000e-03 6.588000e-03
10 9.798320e-01 1.149200e-02 8.676000e-03
11 9.758520e-01 1.342400e-02 1.072400e-02
12 9.715520e-01 1.536000e-02 1.308800e-02
13 9.665760e-01 1.753600e-02 1.588800e-02
14 9.614920e-01 1.929200e-02 1.921600e-02
15 9.560200e-01 2.119200e-02 2.278800e-02
16 9.496280e-01 2.343600e-02 2.693600e-02
17 9.434040e-01 2.532800e-02 3.126800e-02
18 9.366560e-01 2.747200e-02 3.587200e-02
19 9.296360e-01 2.925600e-02 4.110800e-02
20 9.219160e-01 3.172000e-02 4.636400e-02
21 9.135760e-01 3.418800e-02 5.223600e-02
22 9.051360e-01 3.659200e-02 5.827200e-02
23 8.961080e-01 3.918800e-02 6.470400e-02
24 8.866560e-01 4.139600e-02 7.194800e-02
25 8.765800e-01 4.405600e-02 7.936400e-02
26 8.660280e-01 4.674800e-02 8.722400e-02
27 8.552080e-01 4.942800e-02 9.536400e-02
28 8.439240e-01 5.201600e-02 1.040600e-01
29 8.322200e-01 5.434400e-02 1.134360e-01
30 8.202880e-01 5.671600e-02 1.229960e-01
31 8.075800e-01 5.946400e-02 1.329560e-01
32 7.948720e-01 6.166800e-02 1.434600e-01
33 7.817080e-01 6.366400e-02 1.546280e-01
34 7.685640e-01 6.532400e-02 1.661120e-01
35 7.549880e-01 6.754400e-02 1.774680e-01
36 7.412920e-01 6.942800e-02 1.892800e-01
37 7.273720e-01 7.085600e-02 2.017720e-01
38 7.132880e-01 7.276000e-02 2.139520e-01
39 6.985240e-01 7.448800e-02 2.269880e-01
40 6.838120e-01 7.584800e-02 2.403400e-01
41 6.689680e-01 7.761600e-02 2.534160e-01
42 6.537160e-01 7.917600e-02 2.671080e-01
43 6.384080e-01 8.067200e-02 2.809200e-01
44 6.220480e-01 8.282400e-02 2.951280e-01
45 6.057040e-01 8.444400e-02 3.098520e-01
46 5.885800e-01 8.702400e-02 3.243960e-01
47 5.715800e-01 8.858400e-02 3.398360e-01
48 5.552120e-01 8.966000e-02 3.551280e-01
49 5.384280e-01 9.103600e-02 3.705360e-01
50 5.215760e-01 9.172400e-02 3.867000e-01
51 5.056560e-01 9.176400e-02 4.025800e-01
52 4.893920e-01 9.198400e-02 4.186240e-01
53 4.733160e-01 9.214000e-02 4.345440e-01
54 4.576960e-01 9.132800e-02 4.509760e-01
55 4.425440e-01 9.032000e-02 4.671360e-01
56 4.277560e-01 8.922000e-02 4.830240e-01
57 4.135120e-01 8.822800e-02 4.982600e-01
58 3.993280e-01 8.736400e-02 5.133080e-01
59 3.851960e-01 8.620400e-02 5.286000e-01
60 3.718680e-01 8.434400e-02 5.437880e-01
61 3.585400e-01 8.295200e-02 5.585080e-01
62 3.454600e-01 8.162000e-02 5.729200e-01
63 3.328360e-01 7.996800e-02 5.871960e-01
64 3.203360e-01 7.839600e-02 6.012680e-01
65 3.086680e-01 7.628800e-02 6.150440e-01
66 2.969080e-01 7.458800e-02 6.285040e-01
67 2.852280e-01 7.351600e-02 6.412560e-01
68 2.733760e-01 7.279200e-02 6.538320e-01
69 2.617840e-01 7.183200e-02 6.663840e-01
70 2.504800e-01 7.073200e-02 6.787880e-01
71 2.392880e-01 6.934400e-02 6.913680e-01
72 2.283920e-01 6.799200e-02 7.036160e-01
73 2.179440e-01 6.675600e-02 7.153000e-01
74 2.078640e-01 6.530000e-02 7.268360e-01
75 1.981720e-01 6.384800e-02 7.379800e-01
76 1.888320e-01 6.194800e-02 7.492200e-01
77 1.798720e-01 6.027600e-02 7.598520e-01
78 1.713200e-01 5.847600e-02 7.702040e-01
79 1.630400e-01 5.656000e-02 7.804000e-01
80 1.551640e-01 5.477200e-02 7.900640e-01
81 1.476560e-01 5.264800e-02 7.996960e-01
82 1.402320e-01 5.107600e-02 8.086920e-01
83 1.333680e-01 4.938000e-02 8.172520e-01
84 1.266080e-01 4.751200e-02 8.258800e-01
85 1.199080e-01 4.625600e-02 8.338360e-01
86 1.138200e-01 4.433600e-02 8.418440e-01
87 1.083400e-01 4.243600e-02 8.492240e-01
88 1.030080e-01 4.040000e-02 8.565920e-01
89 9.782800e-02 3.862400e-02 8.635480e-01
90 9.308400e-02 3.675600e-02 8.701600e-01
91 8.858800e-02 3.485600e-02 8.765560e-01
92 8.436800e-02 3.310400e-02 8.825280e-01
93 8.047600e-02 3.127600e-02 8.882480e-01
94 7.689600e-02 2.942800e-02 8.936760e-01
95 7.345200e-02 2.774000e-02 8.988080e-01
96 7.017200e-02 2.612400e-02 9.037040e-01
97 6.699600e-02 2.485600e-02 9.081480e-01
98 6.413200e-02 2.329600e-02 9.125720e-01
99 6.156400e-02 2.201600e-02 9.164200e-01
100 5.906800e-02 2.074800e-02 9.201840e-01
101 5.659200e-02 1.956800e-02 9.238400e-01
102 5.439200e-02 1.850800e-02 9.271000e-01
103 5.235600e-02 1.723200e-02 9.304120e-01
104 5.061600e-02 1.598000e-02 9.334040e-01
105 4.888000e-02 1.502400e-02 9.360960e-01
106 4.706000e-02 1.433200e-02 9.386080e-01
107 4.542800e-02 1.349200e-02 9.410800e-01
108 4.390800e-02 1.267600e-02 9.434160e-01
109 4.260800e-02 1.198400e-02 9.454080e-01
110 4.122000e-02 1.124000e-02 9.475400e-01
111 4.010800e-02 1.050400e-02 9.493880e-01
112 3.893600e-02 9.916000e-03 9.511480e-01
113 3.783600e-02 9.312000e-03 9.528520e-01
114 3.686000e-02 8.772000e-03 9.543680e-01
115 3.594400e-02 8.084000e-03 9.559720e-01
116 3.510000e-02 7.472000e-03 9.574280e-01
117 3.420800e-02 7.104000e-03 9.586880e-01
118 3.346000e-02 6.748000e-03 9.597920e-01
119 3.281600e-02 6.232000e-03 9.609520e-01
120 3.216000e-02 5.876000e-03 9.619640e-01
121 3.153200e-02 5.444000e-03 9.630240e-01
122 3.096400e-02 5.072000e-03 9.639640e-01
123 3.042400e-02 4.828000e-03 9.647480e-01
124 2.989200e-02 4.584000e-03 9.655240e-01
125 2.944800e-02 4.280000e-03 9.662720e-01
126 2.893200e-02 4.148000e-03 9.669200e-01
127 2.862800e-02 3.808000e-03 9.675640e-01
128 2.833600e-02 3.504000e-03 9.681600e-01
129 2.808000e-02 3.168000e-03 9.687520e-01
130 2.782000e-02 2.872000e-03 9.693080e-01
131 2.763200e-02 2.592000e-03 9.697760e-01
132 2.747200e-02 2.328000e-03 9.702000e-01
133 2.733600e-02 2.116000e-03 9.705480e-01
134 2.720400e-02 1.912000e-03 9.708840e-01
135 2.712800e-02 1.692000e-03 9.711800e-01
136 2.707200e-02 1.512000e-03 9.714160e-01
137 2.700000e-02 1.376000e-03 9.716240e-01
138 2.696000e-02 1.216000e-03 9.718240e-01
139 2.693600e-02 1.076000e-03 9.719880e-01
140 2.692400e-02 9.280000e-04 9.721480e-01
141 2.690800e-02 8.080000e-04 9.722840e-01
142 2.689200e-02 7.080000e-04 9.724000e-01
143 2.688800e-02 6.320000e-04 9.724800e-01
144 2.687600e-02 5.440000e-04 9.725800e-01
145 2.686000e-02 4.920000e-04 9.726480e-01
146 2.685600e-02 4.080000e-04 9.727360e-01
147 2.685200e-02 3.320000e-04 9.728160e-01
148 2.685200e-02 2.600000e-04 9.728880e-01
149 2.684800e-02 2.040000e-04 9.729480e-01
150 2.684800e-02 1.680000e-04 9.729840e-01
151 2.684400e-02 1.160000e-04 9.730400e-01
152 2.684000e-02 1.080000e-04 9.730520e-01
153 2.683600e-02 1.000000e-04 9.730640e-01
154 2.683600e-02 9.200000e-05 9.730720e-01
155 2.683600e-02 8.000000e-05 9.730840e-01
156 2.683600e-02 6.800000e-05 9.730960e-01
157 2.683600e-02 6.400000e-05 9.731000e-01
158 2.683600e-02 5.200000e-05 9.731120e-01
159 2.683600e-02 4.400000e-05 9.731200e-01
160 2.683200e-02 4.000000e-05 9.731280e-01
161 2.683200e-02 2.800000e-05 9.731400e-01
162 2.683200e-02 2.000000e-05 9.731480e-01
163 2.683200e-02 2.000000e-05 9.731480e-01
164 2.683200e-02 2.000000e-05 9.731480e-01
165 2.683200e-02 2.000000e-05 9.731480e-01
166 2.683200e-02 2.000000e-05 9.731480e-01
167 2.683200e-02 1.600000e-05 9.731520e-01
168 2.683200e-02 1.200000e-05 9.731560e-01
169 2.683200e-02 1.200000e-05 9.731560e-01
170 2.683200e-02 1.200000e-05 9.731560e-01
171 2.683200e-02 8.000000e-06 9.731600e-01
172 2.683200e-02 8.000000e-06 9.731600e-01
173 2.683200e-02 4.000000e-06 9.731640e-01
174 2.683200e-02 4.000000e-06 9.731640e-01
175 2.682800e-02 0.000000e+00 9.731720e-01
176 2.682800e-02 0.000000e+00 9.731720e-01
177 2.682800e-02 0.000000e+00 9.731720e-01
178 2.682800e-02 0.000000e+00 9.731720e-01
179 2.682800e-02 0.000000e+00 9.731720e-01
180 2.682800e-02 0.000000e+00 9.731720e-01
181 2.682800e-02 0.000000e+00 9.731720e-01
182 2.682800e-02 0.000000e+00 9.731720e-01
183 2.682800e-02 0.000000e+00 9.731720e-01
184 2.682800e-02 0.000000e+00 9.731720e-01
185 2.682800e-02 0.000000e+00 9.731720e-01
186 2.682800e-02 0.000000e+00 9.731720e-01
187 2.682800e-02 0.000000e+00 9.731720e-01
188 2.682800e-02 0.000000e+00 9.731720e-01
189 2.682800e-02 0.000000e+00 9.731720e-01
190 2.682800e-02 0.000000e+00 9.731720e-01
191 2.682800e-02 0.000000e+00 9.731720e-01
192 2.682800e-02 0.000000e+00 9.731720e-01
193 2.682800e-02 0.000000e+00 9.731720e-01
194 2.682800e-02 0.000000e+00 9.731720e-01
195 2.682800e-02 0.000000e+00 9.731720e-01
196 2.682800e-02 0.000000e+00 9.731720e-01
197 2.682800e-02 0.000000e+00 9.731720e-01
198 2.682800e-02 0.000000e+00 9.731720e-01
199 2.682800e-02 0.000000e+00 9.731720e-01
200 2.682800e-02 0.000000e+00 9.731720e-01
201 2.682800e-02 0.000000e+00 9.731720e-01
202 2.682800e-02 0.000000e+00 9.731720e-01
203 2.682800e-02 0.000000e+00 9.731720e-01
204 2.682800e-02 0.000000e+00 9.731720e-01
205 2.682800e-02 0.000000e+00 9.731720e-01
206 2.682800e-02 0.000000e+00 9.731720e-01
207 2.682800e-02 0.000000e+00 9.731720e-01
208 2.682800e-02 0.000000e+00 9.731720e-01
209 2.682800e-02 0.000000e+00 9.731720e-01
210 2.682800e-02 0.000000e+00 9.731720e-01
211 2.682800e-02 0.000000e+00 9.731720e-01
212 2.682800e-02 0.000000e+00 9.731720e-01
213 2.682800e-02 0.000000e+00 9.731720e-01
214 2.682800e-02 0.000000e+00 9.731720e-01
215 2.682800e-02 0.000000e+00 9.731720e-01
216 2.682800e-02 0.000000e+00 9.731720e-01
217 2.682800e-02 0.000000e+00 9.731720e-01
218 2.682800e-02 0.000000e+00 9.731720e-01
219 2.682800e-02 0.000000e+00 9.731720e-01
220 2.682800e-02 0.000000e+00 9.731720e-01
221 2.682800e-02 0.000000e+00 9.731720e-01
222 2.682800e-02 0.000000e+00 9.731720e-01
223 2.682800e-02 0.000000e+00 9.731720e-01
224 2.682800e-02 0.000000e+00 9.731720e-01
225 2.682800e-02 0.000000e+00 9.731720e-01
226 2.682800e-02 0.000000e+00 9.731720e-01
227 2.682800e-02 0.000000e+00 9.731720e-01
228 2.682800e-02 0.000000e+00 9.731720e-01
229 2.682800e-02 0.000000e+00 9.731720e-01
230 2.682800e-02 0.000000e+00 9.731720e-01
231 2.682800e-02 0.000000e+00 9.731720e-01
232 2.682800e-02 0.000000e+00 9.731720e-01
233 2.682800e-02 0.000000e+00 9.731720e-01
234 2.682800e-02 0.000000e+00 9.731720e-01
235 2.682800e-02 0.000000e+00 9.731720e-01
236 2.682800e-02 0.000000e+00 9.731720e-01
237 2.682800e-02 0.000000e+00 9.731720e-01
238 2.682800e-02 0.000000e+00 9.731720e-01
239 2.682800e-02 0.000000e+00 9.731720e-01
240 2.682800e-02 0.000000e+00 9.731720e-01
241 2.682800e-02 0.000000e+00 9.731720e-01
242 2.682800e-02 0.000000e+00 9.731720e-01
243 2.682800e-02 0.000000e+00 9.731720e-01
244 2.682800e-02 0.000000e+00 9.731720e-01
245 2.682800e-02 0.000000e+00 9.731720e-01
246 2.682800e-02 0.000000e+00 9.731720e-01
247 2.682800e-02 0.000000e+00 9.731720e-01
248 2.682800e-02 0.000000e+00 9.731720e-01
249 2.682800e-02 0.000000e+00 9.731720e-01
250 2.682800e-02 0.000000e+00 9.731720e-01
251 2.682800e-02 0.000000e+00 9.731720e-01
252 2.682800e-02 0.000000e+00 9.731720e-01
253 2.682800e-02 0.000000e+00 9.731720e-01
254 2.682800e-02 0.000000e+00 9.731720e-01
255 2.682800e-02 0.000000e+00 9.731720e-01
256 2.682800e-02 0.000000e+00 9.731720e-01
257 2.682800e-02 0.000000e+00 9.731720e-01
258 2.682800e-02 0.000000e+00 9.731720e-01
259 2.682800e-02 0.000000e+00 9.731720e-01
260 2.682800e-02 0.000000e+00 9.731720e-01
261 2.682800e-02 0.000000e+00 9.731720e-01
262 2.682800e-02 0.000000e+00 9.731720e-01
263 2.682800e-02 0.000000e+00 9.731720e-01
264 2.682800e-02 0.000000e+00 9.731720e-01
265 2.682800e-02 0.000000e+00 9.731720e-01
266 2.682800e-02 0.000000e+00 9.731720e-01
267 2.682800e-02 0.000000e+00 9.731720e-01
268 2.682800e-02 0.000000e+00 9.731720e-01
269 2.682800e-02 0.000000e+00 9.731720e-01
270 2.682800e-02 0.000000e+00 9.731720e-01
271 2.682800e-02 0.000000e+00 9.731720e-01
272 2.682800e-02 0.000000e+00 9.731720e-01
273 2.682800e-02 0.000000e+00 9.731720e-01
274 2.682800e-02 0.000000e+00 9.731720e-01
275 2.682800e-02 0.000000e+00 9.731720e-01
276 2.682800e-02 0.000000e+00 9.731720e-01
277 2.682800e-02 0.000000e+00 9.731720e-01
278 2.682800e-02 0.000000e+00 9.731720e-01
279 2.682800e-02 0.000000e+00 9.731720e-01
280 2.682800e-02 0.000000e+00 9.731720e-01
281 2.682800e-02 0.000000e+00 9.731720e-01
282 2.682800e-02 0.000000e+00 9.731720e-01
283 2.682800e-02 0.000000e+00 9.731720e-01
284 2.682800e-02 0.000000e+00 9.731720e-01
285 2.682800e-02 0.000000e+00 9.731720e-01
286 2.682800e-02 0.000000e+00 9.731720e-01
287 2.682800e-02 0.000000e+00 9.731720e-01
288 2.682800e-02 0.000000e+00 9.731720e-01
289 2.682800e-02 0.000000e+00 9.731720e-01
290 2.682800e-02 0.000000e+00 9.731720e-01
291 2.682800e-02 0.000000e+00 9.731720e-01
292 2.682800e-02 0.000000e+00 9.731720e-01
293 2.682800e-02 0.000000e+00 9.731720e-01
294 2.682800e-02 0.000000e+00 9.731720e-01
295 2.682800e-02 0.000000e+00 9.731720e-01
296 2.682800e-02 0.000000e+00 9.731720e-01
297 2.682800e-02 0.000000e+00 9.731720e-01
298 2.682800e-02 0.000000e+00 9.731720e-01
299 2.682800e-02 0.000000e+00 9.731720e-01
300 2.682800e-02 0.000000e+00 9.731720e-01
301 2.682800e-02 0.000000e+00 9.731720e-01
302 2.682800e-02 0.000000e+00 9.731720e-01
303 2.682800e-02 0.000000e+00 9.731720e-01
304 2.682800e-02 0.000000e+00 9.731720e-01
305 2.682800e-02 0.000000e+00 9.731720e-01
306 2.682800e-02 0.000000e+00 9.731720e-01
307 2.682800e-02 0.000000e+00 9.731720e-01
308 2.682800e-02 0.000000e+00 9.731720e-01
309 2.682800e-02 0.000000e+00 9.731720e-01
310 2.682800e-02 0.000000e+00 9.731720e-01
311 2.682800e-02 0.000000e+00 9.731720e-01
312 2.682800e-02 0.000000e+00 9.731720e-01
313 2.682800e-02 0.000000e+00 9.731720e-01
314 2.682800e-02 0.000000e+00 9.731720e-01
315 2.682800e-02 0.000000e+00 9.731720e-01
316 2.682800e-02 0.000000e+00 9.731720e-01
317 2.682800e-02 0.000000e+00 9.731720e-01
318 2.682800e-02 0.000000e+00 9.731720e-01
319 2.682800e-02 0.000000e+00 9.731720e-01
320 2.682800e-02 0.000000e+00 9.731720e-01
321 2.682800e-02 0.000000e+00 9.731720e-01
322 2.682800e-02 0.000000e+00 9.731720e-01
323 2.682800e-02 0.000000e+00 9.731720e-01
324 2.682800e-02 0.000000e+00 9.731720e-01
325 2.682800e-02 0.000000e+00 9.731720e-01
326 2.682800e-02 0.000000e+00 9.731720e-01
327 2.682800e-02 0.000000e+00 9.731720e-01
328 2.682800e-02 0.000000e+00 9.731720e-01
329 2.682800e-02 0.000000e+00 9.731720e-01
330 2.682800e-02 0.000000e+00 9.731720e-01
331 2.682800e-02 0.000000e+00 9.731720e-01
332 2.682800e-02 0.000000e+00 9.731720e-01
333 2.682800e-02 0.000000e+00 9.731720e-01
334 2.682800e-02 0.000000e+00 9.731720e-01
335 2.682800e-02 0.000000e+00 9.731720e-01
336 2.682800e-02 0.000000e+00 9.731720e-01
337 2.682800e-02 0.000000e+00 9.731720e-01
338 2.682800e-02 0.000000e+00 9.731720e-01
339 2.682800e-02 0.000000e+00 9.731720e-01
340 2.682800e-02 0.000000e+00 9.731720e-01
341 2.682800e-02 0.000000e+00 9.731720e-01
342 2.682800e-02 0.000000e+00 9.731720e-01
343 2.682800e-02 0.000000e+00 9.731720e-01
344 2.682800e-02 0.000000e+00 9.731720e-01
345 2.682800e-02 0.000000e+00 9.731720e-01
346 2.682800e-02 0.000000e+00 9.731720e-01
347 2.682800e-02 0.000000e+00 9.731720e-01
348 2.682800e-02 0.000000e+00 9.731720e-01
349 2.682800e-02 0.000000e+00 9.731720e-01
350 2.682800e-02 0.000000e+00 9.731720e-01
351 2.682800e-02 0.000000e+00 9.731720e-01
352 2.682800e-02 0.000000e+00 9.731720e-01
353 2.682800e-02 0.000000e+00 9.731720e-01
354 2.682800e-02 0.000000e+00 9.731720e-01
355 2.682800e-02 0.000000e+00 9.731720e-01
356 2.682800e-02 0.000000e+00 9.731720e-01
357 2.682800e-02 0.000000e+00 9.731720e-01
358 2.682800e-02 0.000000e+00 9.731720e-01
359 2.682800e-02 0.000000e+00 9.731720e-01
360 2.682800e-02 0.000000e+00 9.731720e-01
361 2.682800e-02 0.000000e+00 9.731720e-01
362 2.682800e-02 0.000000e+00 9.731720e-01
363 2.682800e-02 0.000000e+00 9.731720e-01
364 2.682800e-02 0.000000e+00 9.731720e-01
365 2.682800e-02 0.000000e+00 9.731720e-01
366 2.682800e-02 0.000000e+00 9.731720e-01
367 2.682800e-02 0.000000e+00 9.731720e-01
368 2.682800e-02 0.000000e+00 9.731720e-01
369 2.682800e-02 0.000000e+00 9.731720e-01
370 2.682800e-02 0.000000e+00 9.731720e-01
371 2.682800e-02 0.000000e+00 9.731720e-01
372 2.682800e-02 0.000000e+00 9.731720e-01
373 2.682800e-02 0.000000e+00 9.731720e-01
374 2.682800e-02 0.000000e+00 9.731720e-01
375 2.682800e-02 0.000000e+00 9.731720e-01
376 2.682800e-02 0.000000e+00 9.731720e-01
377 2.682800e-02 0.000000e+00 9.731720e-01
378 2.682800e-02 0.000000e+00 9.731720e-01
379 2.682800e-02 0.000000e+00 9.731720e-01
380 2.682800e-02 0.000000e+00 9.731720e-01
381 2.682800e-02 0.000000e+00 9.731720e-01
382 2.682800e-02 0.000000e+00 9.731720e-01
383 2.682800e-02 0.000000e+00 9.731720e-01
384 2.682800e-02 0.000000e+00 9.731720e-01
385 2.682800e-02 0.000000e+00 9.731720e-01
386 2.682800e-02 0.000000e+00 9.731720e-01
387 2.682800e-02 0.000000e+00 9.731720e-01
388 2.682800e-02 0.000000e+00 9.731720e-01
389 2.682800e-02 0.000000e+00 9.731720e-01
390 2.682800e-02 0.000000e+00 9.731720e-01
391 2.682800e-02 0.000000e+00 9.731720e-01
392 2.682800e-02 0.000000e+00 9.731720e-01
393 2.682800e-02 0.000000e+00 9.731720e-01
394 2.682800e-02 0.000000e+00 9.731720e-01
395 2.682800e-02 0.000000e+00 9.731720e-01
396 2.682800e-02 0.000000e+00 9.731720e-01
397 2.682800e-02 0.000000e+00 9.731720e-01
398 2.682800e-02 0.000000e+00 9.731720e-01
399 2.682800e-02 0.000000e+00 9.731720e-01
400 2.682800e-02 0.000000e+00 9.731720e-01
401 2.682800e-02 0.000000e+00 9.731720e-01
402 2.682800e-02 0.000000e+00 9.731720e-01
403 2.682800e-02 0.000000e+00 9.731720e-01
404 2.682800e-02 0.000000e+00 9.731720e-01
405 2.682800e-02 0.000000e+00 9.731720e-01
406 2.682800e-02 0.000000e+00 9.731720e-01
407 2.682800e-02 0.000000e+00 9.731720e-01
408 2.682800e-02 0.000000e+00 9.731720e-01
409 2.682800e-02 0.000000e+00 9.731720e-01
410 2.682800e-02 0.000000e+00 9.731720e-01
411 2.682800e-02 0.000000e+00 9.731720e-01
412 2.682800e-02 0.000000e+00 9.731720e-01
413 2.682800e-02 0.000000e+00 9.731720e-01
414 2.682800e-02 0.000000e+00 9.731720e-01
415 2.682800e-02 0.000000e+00 9.731720e-01
416 2.682800e-02 0.000000e+00 9.731720e-01
417 2.682800e-02 0.000000e+00 9.731720e-01
418 2.682800e-02 0.000000e+00 9.731720e-01
419 2.682800e-02 0.000000e+00 9.731720e-01
420 2.682800e-02 0.000000e+00 9.731720e-01
421 2.682800e-02 0.000000e+00 9.731720e-01
422 2.682800e-02 0.000000e+00 9.731720e-01
423 2.682800e-02 0.000000e+00 9.731720e-01
424 2.682800e-02 0.000000e+00 9.731720e-01
425 2.682800e-02 0.000000e+00 9.731720e-01
426 2.682800e-02 0.000000e+00 9.731720e-01
427 2.682800e-02 0.000000e+00 9.731720e-01
428 2.682800e-02 0.000000e+00 9.731720e-01
429 2.682800e-02 0.000000e+00 9.731720e-01
430 2.682800e-02 0.000000e+00 9.731720e-01
431 2.682800e-02 0.000000e+00 9.731720e-01
432 2.682800e-02 0.000000e+00 9.731720e-01
433 2.682800e-02 0.000000e+00 9.731720e-01
434 2.682800e-02 0.000000e+00 9.731720e-01
435 2.682800e-02 0.000000e+00 9.731720e-01
436 2.682800e-02 0.000000e+00 9.731720e-01
437 2.682800e-02 0.000000e+00 9.731720e-01
438 2.682800e-02 0.000000e+00 9.731720e-01
439 2.682800e-02 0.000000e+00 9.731720e-01
440 2.682800e-02 0.000000e+00 9.731720e-01
441 2.682800e-02 0.000000e+00 9.731720e-01
442 2.682800e-02 0.000000e+00 9.731720e-01
443 2.682800e-02 0.000000e+00 9.731720e-01
444 2.682800e-02 0.000000e+00 9.731720e-01
445 2.682800e-02 0.000000e+00 9.731720e-01
446 2.682800e-02 0.000000e+00 9.731720e-01
447 2.682800e-02 0.000000e+00 9.731720e-01
448 2.682800e-02 0.000000e+00 9.731720e-01
449 2.682800e-02 0.000000e+00 9.731720e-01
450 2.682800e-02 0.000000e+00 9.731720e-01
451 2.682800e-02 0.000000e+00 9.731720e-01
452 2.682800e-02 0.000000e+00 9.731720e-01
453 2.682800e-02 0.000000e+00 9.731720e-01
454 2.682800e-02 0.000000e+00 9.731720e-01
455 2.682800e-02 0.000000e+00 9.731720e-01
456 2.682800e-02 0.000000e+00 9.731720e-01
457 2.682800e-02 0.000000e+00 9.731720e-01
458 2.682800e-02 0.000000e+00 9.731720e-01
459 2.682800e-02 0.000000e+00 9.731720e-01
460 2.682800e-02 0.000000e+00 9.731720e-01
461 2.682800e-02 0.000000e+00 9.731720e-01
462 2.682800e-02 0.000000e+00 9.731720e-01
463 2.682800e-02 0.000000e+00 9.731720e-01
464 2.682800e-02 0.000000e+00 9.731720e-01
465 2.682800e-02 0.000000e+00 9.731720e-01
466 2.682800e-02 0.000000e+00 9.731720e-01
467 2.682800e-02 0.000000e+00 9.731720e-01
468 2.682800e-02 0.000000e+00 9.731720e-01
469 2.682800e-02 0.000000e+00 9.731720e-01
470 2.682800e-02 0.000000e+00 9.731720e-01
471 2.682800e-02 0.000000e+00 9.731720e-01
472 2.682800e-02 0.000000e+00 9.731720e-01
473 2.682800e-02 0.000000e+00 9.731720e-01
474 2.682800e-02 0.000000e+00 9.731720e-01
475 2.682800e-02 0.000000e+00 9.731720e-01
476 2.682800e-02 0.000000e+00 9.731720e-01
477 2.682800e-02 0.000000e+00 9.731720e-01
478 2.682800e-02 0.000000e+00 9.731720e-01
479 2.682800e-02 0.000000e+00 9.731720e-01
480 2.682800e-02 0.000000e+00 9.731720e-01
481 2.682800e-02 0.000000e+00 9.731720e-01
482 2.682800e-02 0.000000e+00 9.731720e-01
483 2.682800e-02 0.000000e+00 9.731720e-01
484 2.682800e-02 0.000000e+00 9.731720e-01
485 2.682800e-02 0.000000e+00 9.731720e-01
486 2.682800e-02 0.000000e+00 9.731720e-01
487 2.682800e-02 0.000000e+00 9.731720e-01
488 2.682800e-02 0.000000e+00 9.731720e-01
489 2.682800e-02 0.000000e+00 9.731720e-01
490 2.682800e-02 0.000000e+00 9.731720e-01
491 2.682800e-02 0.000000e+00 9.731720e-01
492 2.682800e-02 0.000000e+00 9.731720e-01
493 2.682800e-02 0.000000e+00 9.731720e-01
494 2.682800e-02 0.000000e+00 9.731720e-01
495 2.682800e-02 0.000000e+00 9.731720e-01
496 2.682800e-02 0.000000e+00 9.731720e-01
497 2.682800e-02 0.000000e+00 9.731720e-01
498 2.682800e-02 0.000000e+00 9.731720e-01
499 2.682800e-02 0.000000e+00 9.731720e-01
500 2.682800e-02 0.000000e+00 9.731720e-01
