0 9999 1 0
1 9975 1 24
2 9936 2 62
3 9918 3 79
4 9892 5 103
5 9866 9 125
6 9839 12 149
7 9811 14 175
8 9785 17 198
9 9760 25 215
10 9727 32 241
11 9695 41 264
12 9656 53 291
13 9630 61 309
14 9588 64 348
15 9560 72 368
16 9519 88 393
17 9486 97 417
18 9452 107 441
19 9421 114 465
20 9388 123 489
21 9358 135 507
22 9321 151 528
23 9288 169 543
24 9243 186 571
25 9200 201 599
26 9160 219 621
27 9122 237 641
28 9083 260 657
29 9051 278 671
30 8992 308 700
31 8954 323 723
32 8914 347 739
33 8871 363 766
34 8828 387 785
35 8773 416 811
36 8725 437 838
37 8675 464 861
38 8633 494 873
39 8584 524 892
40 8534 559 907
41 8472 596 932
42 8420 623 957
43 8377 648 975
44 8327 681 992
45 8277 708 1015
46 8231 736 1033
47 8172 769 1059
48 8111 810 1079
49 8056 848 1096
50 7986 889 1125
51 7934 921 1145
52 7870 969 1161
53 7798 1017 1185
54 7740 1061 1199
55 7682 1097 1221
56 7630 1137 1233
57 7572 1178 1250
58 7510 1216 1274
59 7436 1265 1299
60 7371 1309 1320
61 7303 1363 1334
62 7238 1409 1353
63 7161 1463 1376
64 7094 1508 1398
65 7021 1562 1417
66 6956 1612 1432
67 6890 1659 1451
68 6825 1709 1466
69 6750 1761 1489
70 6690 1801 1509
71 6636 1837 1527
72 6581 1877 1542
73 6511 1934 1555
74 6445 1984 1571
75 6381 2038 1581
76 6311 2085 1604
77 6251 2133 1616
78 6180 2185 1635
79 6107 2246 1647
80 6041 2291 1668
81 5967 2351 1682
82 5905 2396 1699
83 5835 2452 1713
84 5774 2499 1727
85 5713 2553 1734
86 5651 2606 1743
87 5601 2646 1753
88 5538 2692 1770
89 5481 2736 1783
90 5416 2790 1794
91 5338 2850 1812
92 5260 2906 1834
93 5201 2954 1845
94 5128 3007 1865
95 5058 3067 1875
96 5006 3107 1887
97 4944 3155 1901
98 4879 3206 1915
99 4818 3257 1925
100 4756 3308 1936
101 4681 3366 1953
102 4616 3419 1965
103 4543 3481 1976
104 4470 3542 1988
105 4410 3591 1999
106 4357 3633 2010
107 4286 3694 2020
108 4233 3740 2027
109 4171 3792 2037
110 4112 3846 2042
111 4043 3905 2052
112 3975 3967 2058
113 3915 4016 2069
114 3833 4083 2084
115 3773 4136 2091
116 3693 4205 2102
117 3618 4268 2114
118 3560 4314 2126
119 3484 4382 2134
120 3407 4448 2145
121 3330 4510 2160
122 3267 4563 2170
123 3209 4612 2179
124 3130 4682 2188
125 3059 4742 2199
126 2997 4799 2204
127 2942 4849 2209
128 2889 4900 2211
129 2830 4953 2217
130 2764 5017 2219
131 2693 5079 2228
132 2630 5133 2237
133 2565 5191 2244
134 2502 5244 2254
135 2437 5306 2257
136 2377 5363 2260
137 2317 5414 2269
138 2257 5467 2276
139 2208 5514 2278
140 2162 5556 2282
141 2104 5604 2292
142 2055 5648 2297
143 2010 5686 2304
144 1964 5729 2307
145 1915 5770 2315
146 1874 5806 2320
147 1826 5850 2324
148 1783 5890 2327
149 1754 5917 2329
150 1722 5946 2332
151 1687 5980 2333
152 1641 6020 2339
153 1608 6050 2342
154 1571 6083 2346
155 1536 6114 2350
156 1508 6139 2353
157 1477 6164 2359
158 1444 6195 2361
159 1409 6224 2367
160 1370 6259 2371
161 1341 6287 2372
162 1308 6314 2378
163 1258 6359 2383
164 1230 6384 2386
165 1196 6415 2389
166 1159 6450 2391
167 1120 6486 2394
168 1086 6517 2397
169 1052 6547 2401
170 1019 6576 2405
171 989 6603 2408
172 956 6634 2410
173 928 6658 2414
174 904 6681 2415
175 871 6709 2420
176 834 6740 2426
177 803 6766 2431
178 773 6796 2431
179 745 6823 2432
180 719 6849 2432
181 699 6869 2432
182 677 6891 2432
183 660 6908 2432
184 637 6931 2432
185 610 6951 2439
186 585 6976 2439
187 570 6987 2443
188 557 6999 2444
189 545 7010 2445
190 530 7024 2446
191 514 7038 2448
192 497 7053 2450
193 478 7070 2452
194 465 7081 2454
195 449 7092 2459
196 437 7104 2459
197 420 7121 2459
198 397 7142 2461
199 382 7157 2461
200 372 7166 2462
201 358 7178 2464
202 342 7193 2465
203 323 7211 2466
204 307 7226 2467
205 302 7231 2467
206 294 7238 2468
207 279 7252 2469
208 272 7258 2470
209 263 7267 2470
210 253 7277 2470
211 247 7283 2470
212 241 7289 2470
213 236 7293 2471
214 231 7297 2472
215 223 7305 2472
216 220 7307 2473
217 217 7309 2474
218 215 7311 2474
219 212 7314 2474
220 212 7314 2474
221 208 7318 2474
222 206 7320 2474
223 204 7322 2474
224 204 7322 2474
225 202 7323 2475
226 200 7324 2476
227 199 7324 2477
228 199 7324 2477
229 199 7324 2477
230 198 7325 2477
231 198 7325 2477
232 198 7325 2477
233 197 7325 2478
234 195 7326 2479
235 195 7326 2479
236 195 7326 2479
237 195 7326 2479
238 193 7327 2480
239 193 7327 2480
240 193 7327 2480
241 193 7327 2480
242 193 7327 2480
243 192 7327 2481
244 192 7327 2481
245 191 7327 2482
246 190 7328 2482
247 189 7328 2483
248 189 7328 2483
249 189 7328 2483
250 189 7328 2483
251 189 7328 2483
252 188 7328 2484
253 188 7328 2484
254 187 7328 2485
255 187 7328 2485
256 187 7328 2485
257 187 7328 2485
258 187 7328 2485
259 187 7328 2485
260 187 7328 2485
261 186 7328 2486
262 186 7328 2486
263 185 7328 2487
264 185 7328 2487
265 185 7328 2487
266 184 7328 2488
267 184 7328 2488
268 184 7328 2488
269 184 7328 2488
270 184 7328 2488
271 183 7328 2489
272 183 7328 2489
273 183 7328 2489
274 183 7328 2489
275 183 7328 2489
276 181 7328 2491
277 181 7328 2491
278 181 7328 2491
279 181 7328 2491
280 180 7328 2492
281 179 7328 2493
282 179 7328 2493
283 179 7328 2493
284 179 7328 2493
285 177 7328 2495
286 177 7328 2495
287 177 7328 2495
288 176 7328 2496
289 175 7328 2497
290 175 7328 2497
291 174 7328 2498
292 174 7328 2498
293 173 7328 2499
294 173 7328 2499
295 172 7328 2500
296 170 7328 2502
297 170 7328 2502
298 169 7328 2503
299 169 7328 2503
300 168 7328 2504
301 168 7328 2504
302 168 7328 2504
303 168 7328 2504
304 168 7328 2504
305 168 7328 2504
306 167 7328 2505
307 167 7328 2505
308 167 7328 2505
309 167 7328 2505
310 167 7328 2505
311 166 7328 2506
312 166 7328 2506
313 165 7328 2507
314 164 7328 2508
315 164 7328 2508
316 164 7328 2508
317 164 7328 2508
318 164 7328 2508
319 164 7328 2508
320 164 7328 2508
321 163 7328 2509
322 163 7328 2509
323 163 7328 2509
324 162 7328 2510
325 162 7328 2510
326 162 7328 2510
327 162 7328 2510
328 162 7328 2510
329 161 7328 2511
330 161 7328 2511
331 161 7328 2511
332 160 7328 2512
333 160 7328 2512
334 160 7328 2512
335 160 7328 2512
336 158 7328 2514
337 157 7328 2515
338 157 7328 2515
339 156 7328 2516
340 156 7328 2516
341 155 7328 2517
342 155 7328 2517
343 154 7328 2518
344 154 7328 2518
345 154 7328 2518
346 154 7328 2518
347 154 7328 2518
348 154 7328 2518
349 152 7328 2520
350 152 7328 2520
351 152 7328 2520
352 151 7328 2521
353 151 7328 2521
354 151 7328 2521
355 150 7328 2522
356 150 7328 2522
357 150 7328 2522
358 150 7328 2522
359 150 7328 2522
360 150 7328 2522
361 150 7328 2522
362 150 7328 2522
363 150 7328 2522
364 150 7328 2522
365 150 7328 2522
366 150 7328 2522
367 150 7328 2522
368 150 7328 2522
369 148 7328 2524
370 147 7328 2525
371 147 7328 2525
372 146 7328 2526
373 146 7328 2526
374 146 7328 2526
375 146 7328 2526
376 145 7328 2527
377 144 7328 2528
378 144 7328 2528
379 144 7328 2528
380 144 7328 2528
381 144 7328 2528
382 144 7328 2528
383 144 7328 2528
384 143 7328 2529
385 143 7328 2529
386 143 7328 2529
387 142 7328 2530
388 142 7328 2530
389 142 7328 2530
390 142 7328 2530
391 142 7328 2530
392 141 7328 2531
393 140 7328 2532
394 139 7328 2533
395 139 7328 2533
396 139 7328 2533
397 138 7328 2534
398 138 7328 2534
399 137 7328 2535
400 136 7328 2536
401 136 7328 2536
402 136 7328 2536
403 136 7328 2536
404 136 7328 2536
405 134 7328 2538
406 134 7328 2538
407 134 7328 2538
408 133 7328 2539
409 133 7328 2539
410 132 7328 2540
411 131 7328 2541
412 131 7328 2541
413 131 7328 2541
414 130 7328 2542
415 130 7328 2542
416 130 7328 2542
417 130 7328 2542
418 130 7328 2542
419 130 7328 2542
420 130 7328 2542
421 130 7328 2542
422 130 7328 2542
423 128 7328 2544
424 128 7328 2544
425 128 7328 2544
426 128 7328 2544
427 128 7328 2544
428 128 7328 2544
429 128 7328 2544
430 127 7328 2545
431 127 7328 2545
432 127 7328 2545
433 127 7328 2545
434 127 7328 2545
435 127 7328 2545
436 126 7328 2546
437 125 7328 2547
438 124 7328 2548
439 124 7328 2548
440 124 7328 2548
441 124 7328 2548
442 124 7328 2548
443 124 7328 2548
444 124 7328 2548
445 124 7328 2548
446 124 7328 2548
447 124 7328 2548
448 124 7328 2548
449 123 7328 2549
450 123 7328 2549
451 123 7328 2549
452 123 7328 2549
453 123 7328 2549
454 122 7328 2550
455 121 7328 2551
456 121 7328 2551
457 121 7328 2551
458 120 7328 2552
459 119 7328 2553
460 119 7328 2553
461 119 7328 2553
462 119 7328 2553
463 119 7328 2553
464 118 7328 2554
465 118 7328 2554
466 117 7328 2555
467 116 7328 2556
468 115 7328 2557
469 115 7328 2557
470 115 7328 2557
471 115 7328 2557
472 114 7328 2558
473 114 7328 2558
474 114 7328 2558
475 114 7328 2558
476 114 7328 2558
477 114 7328 2558
478 113 7328 2559
479 113 7328 2559
480 113 7328 2559
481 113 7328 2559
482 113 7328 2559
483 113 7328 2559
484 113 7328 2559
485 112 7328 2560
486 111 7328 2561
487 111 7328 2561
488 111 7328 2561
489 111 7328 2561
490 111 7328 2561
491 111 7328 2561
492 111 7328 2561
493 111 7328 2561
494 111 7328 2561
495 111 7328 2561
496 111 7328 2561
497 110 7328 2562
498 108 7328 2564
499 107 7328 2565
500 107 7328 2565
501 106 7328 2566
502 106 7328 2566
503 106 7328 2566
504 105 7328 2567
505 105 7328 2567
506 105 7328 2567
507 105 7328 2567
508 104 7328 2568
509 104 7328 2568
510 104 7328 2568
511 103 7328 2569
512 103 7328 2569
513 103 7328 2569
514 103 7328 2569
515 103 7328 2569
516 103 7328 2569
517 102 7328 2570
518 101 7328 2571
519 101 7328 2571
520 101 7328 2571
521 101 7328 2571
522 101 7328 2571
523 101 7328 2571
524 101 7328 2571
525 101 7328 2571
526 101 7328 2571
527 101 7328 2571
528 100 7328 2572
529 100 7328 2572
530 100 7328 2572
531 100 7328 2572
532 100 7328 2572
533 100 7328 2572
534 100 7328 2572
535 100 7328 2572
536 100 7328 2572
537 100 7328 2572
538 100 7328 2572
539 100 7328 2572
540 99 7328 2573
541 99 7328 2573
542 97 7328 2575
543 96 7328 2576
544 96 7328 2576
545 96 7328 2576
546 96 7328 2576
547 95 7328 2577
548 94 7328 2578
549 94 7328 2578
550 93 7328 2579
551 93 7328 2579
552 92 7328 2580
553 92 7328 2580
554 92 7328 2580
555 92 7328 2580
556 92 7328 2580
557 92 7328 2580
558 92 7328 2580
559 92 7328 2580
560 91 7328 2581
561 91 7328 2581
562 90 7328 2582
563 90 7328 2582
564 90 7328 2582
565 90 7328 2582
566 90 7328 2582
567 90 7328 2582
568 90 7328 2582
569 90 7328 2582
570 89 7328 2583
571 89 7328 2583
572 89 7328 2583
573 89 7328 2583
574 89 7328 2583
575 89 7328 2583
576 88 7328 2584
577 88 7328 2584
578 87 7328 2585
579 87 7328 2585
580 87 7328 2585
581 87 7328 2585
582 87 7328 2585
583 85 7328 2587
584 84 7328 2588
585 84 7328 2588
586 84 7328 2588
587 84 7328 2588
588 83 7328 2589
589 82 7328 2590
590 82 7328 2590
591 82 7328 2590
592 82 7328 2590
593 82 7328 2590
594 82 7328 2590
595 81 7328 2591
596 81 7328 2591
597 81 7328 2591
598 79 7328 2593
599 79 7328 2593
600 78 7328 2594
601 78 7328 2594
602 78 7328 2594
603 78 7328 2594
604 77 7328 2595
605 77 7328 2595
606 77 7328 2595
607 76 7328 2596
608 75 7328 2597
609 75 7328 2597
610 75 7328 2597
611 75 7328 2597
612 75 7328 2597
613 75 7328 2597
614 75 7328 2597
615 75 7328 2597
616 75 7328 2597
617 74 7328 2598
618 74 7328 2598
619 74 7328 2598
620 74 7328 2598
621 74 7328 2598
622 74 7328 2598
623 74 7328 2598
624 74 7328 2598
625 74 7328 2598
626 73 7328 2599
627 73 7328 2599
628 73 7328 2599
629 73 7328 2599
630 73 7328 2599
631 73 7328 2599
632 73 7328 2599
633 73 7328 2599
634 73 7328 2599
635 73 7328 2599
636 73 7328 2599
637 73 7328 2599
638 72 7328 2600
639 72 7328 2600
640 72 7328 2600
641 72 7328 2600
642 71 7328 2601
643 71 7328 2601
644 71 7328 2601
645 71 7328 2601
646 71 7328 2601
647 71 7328 2601
648 71 7328 2601
649 71 7328 2601
650 70 7328 2602
651 69 7328 2603
652 67 7328 2605
653 67 7328 2605
654 67 7328 2605
655 67 7328 2605
656 67 7328 2605
657 67 7328 2605
658 67 7328 2605
659 67 7328 2605
660 67 7328 2605
661 67 7328 2605
662 67 7328 2605
663 67 7328 2605
664 67 7328 2605
665 66 7328 2606
666 66 7328 2606
667 66 7328 2606
668 66 7328 2606
669 66 7328 2606
670 66 7328 2606
671 66 7328 2606
672 66 7328 2606
673 66 7328 2606
674 66 7328 2606
675 65 7328 2607
676 65 7328 2607
677 65 7328 2607
678 65 7328 2607
679 65 7328 2607
680 65 7328 2607
681 65 7328 2607
682 65 7328 2607
683 65 7328 2607
684 65 7328 2607
685 65 7328 2607
686 65 7328 2607
687 65 7328 2607
688 65 7328 2607
689 64 7328 2608
690 64 7328 2608
691 64 7328 2608
692 64 7328 2608
693 64 7328 2608
694 64 7328 2608
695 64 7328 2608
696 63 7328 2609
697 62 7328 2610
698 62 7328 2610
699 62 7328 2610
700 62 7328 2610
701 62 7328 2610
702 62 7328 2610
703 62 7328 2610
704 62 7328 2610
705 62 7328 2610
706 61 7328 2611
707 61 7328 2611
708 61 7328 2611
709 61 7328 2611
710 61 7328 2611
711 61 7328 2611
712 61 7328 2611
713 61 7328 2611
714 61 7328 2611
715 61 7328 2611
716 60 7328 2612
717 60 7328 2612
718 59 7328 2613
719 59 7328 2613
720 59 7328 2613
721 59 7328 2613
722 59 7328 2613
723 59 7328 2613
724 59 7328 2613
725 59 7328 2613
726 58 7328 2614
727 58 7328 2614
728 58 7328 2614
729 58 7328 2614
730 58 7328 2614
731 58 7328 2614
732 58 7328 2614
733 58 7328 2614
734 57 7328 2615
735 57 7328 2615
736 57 7328 2615
737 57 7328 2615
738 57 7328 2615
739 57 7328 2615
740 57 7328 2615
741 57 7328 2615
742 57 7328 2615
743 57 7328 2615
744 57 7328 2615
745 57 7328 2615
746 57 7328 2615
747 57 7328 2615
748 57 7328 2615
749 57 7328 2615
750 57 7328 2615
751 57 7328 2615
752 55 7328 2617
753 55 7328 2617
754 55 7328 2617
755 55 7328 2617
756 55 7328 2617
757 55 7328 2617
758 55 7328 2617
759 55 7328 2617
760 55 7328 2617
761 55 7328 2617
762 55 7328 2617
763 55 7328 2617
764 55 7328 2617
765 55 7328 2617
766 55 7328 2617
767 55 7328 2617
768 55 7328 2617
769 55 7328 2617
770 55 7328 2617
771 55 7328 2617
772 55 7328 2617
773 55 7328 2617
774 55 7328 2617
775 55 7328 2617
776 55 7328 2617
777 55 7328 2617
778 55 7328 2617
779 55 7328 2617
780 55 7328 2617
781 55 7328 2617
782 55 7328 2617
783 55 7328 2617
784 55 7328 2617
785 55 7328 2617
786 55 7328 2617
787 55 7328 2617
788 55 7328 2617
789 55 7328 2617
790 55 7328 2617
791 54 7328 2618
792 54 7328 2618
793 53 7328 2619
794 53 7328 2619
795 53 7328 2619
796 53 7328 2619
797 53 7328 2619
798 52 7328 2620
799 52 7328 2620
800 52 7328 2620
801 52 7328 2620
802 52 7328 2620
803 52 7328 2620
804 51 7328 2621
805 51 7328 2621
806 51 7328 2621
807 50 7328 2622
808 50 7328 2622
809 50 7328 2622
810 50 7328 2622
811 50 7328 2622
812 49 7328 2623
813 49 7328 2623
814 49 7328 2623
815 49 7328 2623
816 49 7328 2623
817 49 7328 2623
818 49 7328 2623
819 49 7328 2623
820 49 7328 2623
821 49 7328 2623
822 49 7328 2623
823 49 7328 2623
824 49 7328 2623
825 49 7328 2623
826 49 7328 2623
827 49 7328 2623
828 49 7328 2623
829 48 7328 2624
830 48 7328 2624
831 48 7328 2624
832 48 7328 2624
833 48 7328 2624
834 48 7328 2624
835 48 7328 2624
836 48 7328 2624
837 48 7328 2624
838 48 7328 2624
839 48 7328 2624
840 48 7328 2624
841 48 7328 2624
842 48 7328 2624
843 48 7328 2624
844 48 7328 2624
845 48 7328 2624
846 48 7328 2624
847 48 7328 2624
848 48 7328 2624
849 48 7328 2624
850 48 7328 2624
851 48 7328 2624
852 48 7328 2624
853 47 7328 2625
854 47 7328 2625
855 47 7328 2625
856 47 7328 2625
857 47 7328 2625
858 47 7328 2625
859 47 7328 2625
860 47 7328 2625
861 47 7328 2625
862 47 7328 2625
863 47 7328 2625
864 47 7328 2625
865 47 7328 2625
866 46 7328 2626
867 45 7328 2627
868 45 7328 2627
869 45 7328 2627
870 45 7328 2627
871 45 7328 2627
872 45 7328 2627
873 45 7328 2627
874 45 7328 2627
875 45 7328 2627
876 45 7328 2627
877 45 7328 2627
878 45 7328 2627
879 45 7328 2627
880 45 7328 2627
881 45 7328 2627
882 45 7328 2627
883 45 7328 2627
884 45 7328 2627
885 45 7328 2627
886 45 7328 2627
887 44 7328 2628
888 44 7328 2628
889 44 7328 2628
890 44 7328 2628
891 44 7328 2628
892 44 7328 2628
893 44 7328 2628
894 44 7328 2628
895 44 7328 2628
896 44 7328 2628
897 44 7328 2628
898 43 7328 2629
899 43 7328 2629
900 43 7328 2629
901 43 7328 2629
902 43 7328 2629
903 43 7328 2629
904 43 7328 2629
905 43 7328 2629
906 43 7328 2629
907 42 7328 2630
908 42 7328 2630
909 42 7328 2630
910 42 7328 2630
911 42 7328 2630
912 42 7328 2630
913 42 7328 2630
914 42 7328 2630
915 41 7328 2631
916 41 7328 2631
917 40 7328 2632
918 40 7328 2632
919 40 7328 2632
920 39 7328 2633
921 39 7328 2633
922 39 7328 2633
923 39 7328 2633
924 39 7328 2633
925 39 7328 2633
926 39 7328 2633
927 39 7328 2633
928 39 7328 2633
929 38 7328 2634
930 38 7328 2634
931 38 7328 2634
932 38 7328 2634
933 38 7328 2634
934 38 7328 2634
935 38 7328 2634
936 38 7328 2634
937 38 7328 2634
938 38 7328 2634
939 37 7328 2635
940 37 7328 2635
941 37 7328 2635
942 37 7328 2635
943 37 7328 2635
944 37 7328 2635
945 37 7328 2635
946 37 7328 2635
947 36 7328 2636
948 36 7328 2636
949 36 7328 2636
950 36 7328 2636
951 36 7328 2636
952 36 7328 2636
953 36 7328 2636
954 36 7328 2636
955 36 7328 2636
956 35 7328 2637
957 34 7328 2638
958 34 7328 2638
959 34 7328 2638
960 34 7328 2638
961 34 7328 2638
962 34 7328 2638
963 34 7328 2638
964 34 7328 2638
965 34 7328 2638
966 34 7328 2638
967 34 7328 2638
968 34 7328 2638
969 34 7328 2638
970 33 7328 2639
971 33 7328 2639
972 33 7328 2639
973 33 7328 2639
974 33 7328 2639
975 33 7328 2639
976 33 7328 2639
977 33 7328 2639
978 33 7328 2639
979 33 7328 2639
980 33 7328 2639
981 33 7328 2639
982 33 7328 2639
983 33 7328 2639
984 33 7328 2639
985 33 7328 2639
986 33 7328 2639
987 33 7328 2639
988 33 7328 2639
989 33 7328 2639
990 33 7328 2639
991 33 7328 2639
992 33 7328 2639
993 33 7328 2639
994 33 7328 2639
995 33 7328 2639
996 32 7328 2640
997 31 7328 2641
998 31 7328 2641
999 31 7328 2641
