0 9999 0 1 0
1 9998 1 1 0
2 9996 2 1 1
3 9996 2 1 1
4 9996 2 1 1
5 9995 2 2 1
6 9995 1 3 1
7 9995 1 2 2
8 9993 3 2 2
9 9993 3 1 3
10 9993 2 1 4
11 9992 3 1 4
12 9992 3 1 4
13 9992 3 1 4
14 9991 4 1 4
15 9991 3 1 5
16 9991 3 1 5
17 9991 3 1 5
18 9991 1 3 5
19 9990 2 3 5
20 9989 2 4 5
21 9987 3 3 7
22 9985 5 3 7
23 9985 3 5 7
24 9983 4 4 9
25 9982 5 4 9
26 9981 6 4 9
27 9980 7 3 10
28 9980 6 4 10
29 9978 5 7 10
30 9976 4 10 10
31 9974 5 11 10
32 9972 7 10 11
33 9969 10 7 14
34 9966 11 7 16
35 9966 10 5 19
36 9965 10 5 20
37 9963 7 9 21
38 9961 8 9 22
39 9955 12 10 23
40 9952 15 9 24
41 9951 13 12 24
42 9951 9 14 26
43 9948 10 11 31
44 9947 10 10 33
45 9947 10 7 36
46 9946 11 5 38
47 9946 8 7 39
48 9945 7 7 41
49 9943 9 6 42
50 9942 7 9 42
51 9938 8 9 45
52 9937 7 10 46
53 9935 7 11 47
54 9934 6 9 51
55 9933 6 9 52
56 9933 5 8 54
57 9931 7 6 56
58 9929 6 9 56
59 9926 8 9 57
60 9926 8 8 58
61 9926 8 7 59
62 9926 7 6 61
63 9924 7 7 62
64 9923 8 7 62
65 9922 6 7 65
66 9920 8 6 66
67 9918 8 7 67
68 9918 8 5 69
69 9917 9 4 70
70 9916 9 4 71
71 9915 9 4 72
72 9915 8 4 73
73 9912 10 5 73
74 9911 9 6 74
75 9909 9 6 76
76 9906 10 8 76
77 9905 8 9 78
78 9904 9 9 78
79 9902 10 8 80
80 9900 12 8 80
81 9899 10 8 83
82 9895 11 11 83
83 9892 10 13 85
84 9890 9 12 89
85 9887 10 12 91
86 9884 12 9 95
87 9884 9 12 95
88 9882 9 12 97
89 9879 6 16 99
90 9875 9 15 101
91 9874 9 16 101
92 9872 9 14 105
93 9872 9 12 107
94 9871 6 12 111
95 9869 5 14 112
96 9864 9 14 113
97 9864 7 12 117
98 9862 9 11 118
99 9861 7 12 120
100 9860 7 12 121
101 9859 6 12 123
102 9858 7 11 124
103 9858 5 12 125
104 9857 5 11 127
105 9857 5 8 130
106 9855 7 6 132
107 9854 6 8 132
108 9852 6 8 134
109 9849 8 6 137
110 9849 8 3 140
111 9848 8 2 142
112 9847 9 1 143
113 9846 9 2 143
114 9845 7 4 144
115 9845 7 3 145
116 9843 8 3 146
117 9843 7 3 147
118 9842 6 4 148
119 9840 7 5 148
120 9839 7 6 148
121 9839 7 4 150
122 9839 6 3 152
123 9838 6 4 152
124 9836 4 7 153
125 9836 4 6 154
126 9831 7 8 154
127 9829 8 9 154
128 9828 8 9 155
129 9827 8 9 156
130 9826 8 6 160
131 9826 8 5 161
132 9823 6 8 163
133 9819 8 8 165
134 9818 6 11 165
135 9817 5 10 168
136 9815 6 9 170
137 9814 4 11 171
138 9811 6 11 172
139 9809 6 11 174
140 9807 4 11 178
141 9803 8 9 180
142 9802 7 9 182
143 9799 9 9 183
144 9796 9 11 184
145 9795 8 10 187
146 9795 6 9 190
147 9791 9 9 191
148 9791 8 9 192
149 9786 11 11 192
150 9783 11 12 194
151 9782 10 13 195
152 9775 12 15 198
153 9772 13 16 199
154 9771 10 17 202
155 9763 13 20 204
156 9759 12 24 205
157 9754 14 23 209
158 9752 13 22 213
159 9749 12 20 219
160 9744 14 16 226
161 9744 13 13 230
162 9743 13 10 234
163 9742 8 12 238
164 9739 9 13 239
165 9737 9 15 239
166 9735 9 15 241
167 9732 11 15 242
168 9727 14 16 243
169 9723 16 16 245
170 9722 12 20 246
171 9721 11 21 247
172 9720 11 20 249
173 9718 12 19 251
174 9712 15 18 255
175 9709 14 19 258
176 9707 15 18 260
177 9704 13 17 266
178 9702 12 17 269
179 9699 12 15 274
180 9695 13 15 277
181 9695 12 10 283
182 9694 7 14 285
183 9689 11 13 287
184 9686 11 11 292
185 9682 12 12 294
186 9675 17 13 295
187 9673 14 16 297
188 9670 14 17 299
189 9668 15 14 303
190 9664 15 16 305
191 9663 13 15 309
192 9661 14 13 312
193 9657 15 15 313
194 9657 13 12 318
195 9653 13 15 319
196 9651 12 15 322
197 9647 13 17 323
198 9645 11 21 323
199 9644 10 20 326
200 9642 10 17 331
201 9640 8 19 333
202 9639 8 17 336
203 9637 7 19 337
204 9635 8 14 343
205 9633 8 15 344
206 9631 8 15 346
207 9629 7 14 350
208 9628 7 12 353
209 9625 8 12 355
210 9621 9 13 357
211 9619 8 12 361
212 9617 8 10 365
213 9616 6 10 368
214 9615 5 10 370
215 9614 6 8 372
216 9613 6 8 373
217 9612 6 8 374
218 9611 7 5 377
219 9611 6 5 378
220 9611 6 4 379
221 9611 3 6 380
222 9608 5 7 380
223 9606 5 8 381
224 9602 9 7 382
225 9600 11 5 384
226 9600 11 4 385
227 9598 10 5 387
228 9595 12 6 387
229 9593 10 10 387
230 9592 10 7 391
231 9587 13 8 392
232 9587 9 12 392
233 9585 9 10 396
234 9584 10 7 399
235 9584 10 6 400
236 9584 6 10 400
237 9583 7 7 403
238 9580 9 6 405
239 9579 8 7 406
240 9577 7 9 407
241 9574 8 9 409
242 9571 11 8 410
243 9567 12 11 410
244 9566 11 10 413
245 9565 10 7 418
246 9563 10 7 420
247 9561 9 9 421
248 9558 9 12 421
249 9557 7 12 424
250 9553 9 13 425
251 9551 11 9 429
252 9549 8 14 429
253 9547 9 13 431
254 9541 15 13 431
255 9541 12 15 432
256 9536 17 12 435
257 9536 16 9 439
258 9536 12 11 441
259 9533 10 16 441
260 9528 11 12 449
261 9527 11 11 451
262 9524 11 11 454
263 9523 10 12 455
264 9521 11 11 457
265 9519 10 13 458
266 9518 10 12 460
267 9513 14 13 460
268 9508 16 14 462
269 9506 14 16 464
270 9503 14 17 466
271 9498 16 18 468
272 9495 17 18 470
273 9490 18 20 472
274 9485 20 22 473
275 9485 19 21 475
276 9482 20 18 480
277 9481 17 18 484
278 9478 14 19 489
279 9474 14 20 492
280 9470 17 17 496
281 9467 17 18 498
282 9460 21 18 501
283 9455 22 19 504
284 9453 18 22 507
285 9447 22 19 512
286 9444 21 20 515
287 9439 20 21 520
288 9434 20 21 525
289 9430 22 20 528
290 9428 20 23 529
291 9425 20 21 534
292 9423 19 19 539
293 9420 17 19 544
294 9417 15 18 550
295 9414 12 21 553
296 9410 14 16 560
297 9408 14 13 565
298 9405 14 14 567
299 9404 15 12 569
300 9402 12 16 570
301 9397 13 17 573
302 9392 16 18 574
303 9388 13 22 577
304 9380 20 17 583
305 9379 20 14 587
306 9378 20 11 591
307 9375 21 12 592
308 9371 19 14 596
309 9368 17 16 599
310 9366 14 15 605
311 9364 12 17 607
312 9361 13 18 608
313 9359 12 17 612
314 9356 12 17 615
315 9354 9 21 616
316 9351 11 20 618
317 9345 14 21 620
318 9338 16 24 622
319 9336 17 18 629
320 9333 19 13 635
321 9331 19 12 638
322 9330 17 11 642
323 9330 15 11 644
324 9328 13 11 648
325 9326 12 13 649
326 9325 13 11 651
327 9324 13 11 652
328 9323 12 13 652
329 9320 12 15 653
330 9317 13 15 655
331 9315 12 17 656
332 9312 10 18 660
333 9307 12 14 667
334 9304 13 13 670
335 9303 12 12 673
336 9295 15 14 676
337 9291 17 13 679
338 9287 13 19 681
339 9284 11 21 684
340 9282 10 19 689
341 9274 15 19 692
342 9270 15 20 695
343 9267 13 24 696
344 9259 18 26 697
345 9253 20 25 702
346 9249 18 28 705
347 9247 16 28 709
348 9240 19 24 717
349 9236 23 20 721
350 9236 19 21 724
351 9234 19 20 727
352 9232 18 21 729
353 9230 18 18 734
354 9226 19 17 738
355 9226 16 15 743
356 9223 15 19 743
357 9222 16 16 746
358 9221 14 14 751
359 9219 12 15 754
360 9217 14 13 756
361 9215 14 14 757
362 9209 16 14 761
363 9205 18 15 762
364 9202 17 16 765
365 9195 19 19 767
366 9193 16 22 769
367 9189 15 24 772
368 9186 17 22 775
369 9181 19 23 777
370 9178 14 28 780
371 9173 18 23 786
372 9170 16 23 791
373 9167 16 24 793
374 9163 17 24 796
375 9162 16 20 802
376 9160 15 19 806
377 9156 19 18 807
378 9153 21 19 807
379 9152 20 18 810
380 9147 21 19 813
381 9146 16 22 816
382 9143 16 21 820
383 9141 15 22 822
384 9137 15 26 822
385 9132 17 27 824
386 9128 17 30 825
387 9120 22 28 830
388 9115 22 26 837
389 9111 21 26 842
390 9109 21 23 847
391 9105 20 25 850
392 9101 19 24 856
393 9096 17 28 859
394 9089 19 28 864
395 9085 23 25 867
396 9084 23 24 869
397 9080 24 26 870
398 9076 24 26 874
399 9072 27 23 878
400 9069 22 30 879
401 9063 23 33 881
402 9060 21 33 886
403 9057 18 34 891
404 9054 16 37 893
405 9047 19 33 901
406 9039 23 30 908
407 9037 22 27 914
408 9034 21 26 919
409 9032 22 23 923
410 9030 18 29 923
411 9029 17 25 929
412 9027 18 21 934
413 9027 16 20 937
414 9026 13 18 943
415 9023 13 18 946
416 9018 16 18 948
417 9016 13 20 951
418 9012 14 17 957
419 9008 16 16 960
420 9007 15 15 963
421 9005 14 15 966
422 9002 13 16 969
423 8999 14 16 971
424 8998 10 17 975
425 8997 9 14 980
426 8995 10 13 982
427 8993 9 15 983
428 8989 12 13 986
429 8988 9 14 989
430 8983 13 14 990
431 8978 15 16 991
432 8968 20 19 993
433 8963 21 20 996
434 8961 17 21 1001
435 8960 15 15 1010
436 8957 15 17 1011
437 8953 16 19 1012
438 8951 16 18 1015
439 8946 16 23 1015
440 8942 16 24 1018
441 8938 18 16 1028
442 8935 16 19 1030
443 8935 15 15 1035
444 8932 13 18 1037
445 8932 12 17 1039
446 8925 13 22 1040
447 8923 13 20 1044
448 8921 14 16 1049
449 8918 12 18 1052
450 8916 12 16 1056
451 8911 16 16 1057
452 8908 15 15 1062
453 8907 14 15 1064
454 8905 14 16 1065
455 8902 16 17 1065
456 8897 18 19 1066
457 8896 18 15 1071
458 8895 19 11 1075
459 8894 13 13 1080
460 8890 15 14 1081
461 8886 17 12 1085
462 8883 14 17 1086
463 8878 19 15 1088
464 8872 17 22 1089
465 8871 16 23 1090
466 8864 18 27 1091
467 8857 23 25 1095
468 8851 24 27 1098
469 8848 22 21 1109
470 8844 21 23 1112
471 8839 18 27 1116
472 8834 21 23 1122
473 8830 18 25 1127
474 8826 17 27 1130
475 8821 18 29 1132
476 8816 17 31 1136
477 8812 18 29 1141
478 8806 23 24 1147
479 8806 20 21 1153
480 8800 19 23 1158
481 8797 18 21 1164
482 8793 20 18 1169
483 8789 20 19 1172
484 8787 18 18 1177
485 8783 16 21 1180
486 8778 14 22 1186
487 8774 17 16 1193
488 8773 14 18 1195
489 8772 15 14 1199
490 8766 16 17 1201
491 8762 18 17 1203
492 8758 19 17 1206
493 8755 21 14 1210
494 8751 17 20 1212
495 8744 18 20 1218
496 8742 16 18 1224
497 8741 13 20 1226
498 8735 17 20 1228
499 8731 19 20 1230
500 8728 18 22 1232
501 8723 21 22 1234
502 8720 22 21 1237
503 8719 21 19 1241
504 8718 18 21 1243
505 8714 18 22 1246
506 8708 21 24 1247
507 8706 20 26 1248
508 8698 21 29 1252
509 8693 21 31 1255
510 8685 23 32 1260
511 8680 25 33 1262
512 8672 26 35 1267
513 8663 26 38 1273
514 8660 23 41 1276
515 8655 27 38 1280
516 8651 28 36 1285
517 8644 32 28 1296
518 8637 31 33 1299
519 8630 30 35 1305
520 8624 32 34 1310
521 8616 30 38 1316
522 8610 29 42 1319
523 8603 29 39 1329
524 8597 31 35 1337
525 8593 29 38 1340
526 8588 29 37 1346
527 8585 26 35 1354
528 8579 28 30 1363
529 8575 27 30 1368
530 8571 28 28 1373
531 8567 26 28 1379
532 8565 26 24 1385
533 8562 25 26 1387
534 8558 23 26 1393
535 8556 23 22 1399
536 8551 22 27 1400
537 8541 27 26 1406
538 8535 30 25 1410
539 8533 27 27 1413
540 8529 25 27 1419
541 8528 25 24 1423
542 8520 25 27 1428
543 8510 31 25 1434
544 8508 27 25 1440
545 8502 27 27 1444
546 8498 28 23 1451
547 8494 27 24 1455
548 8491 26 25 1458
549 8485 25 27 1463
550 8479 27 26 1468
551 8472 27 29 1472
552 8469 24 30 1477
553 8460 23 34 1483
554 8453 23 32 1492
555 8446 25 29 1500
556 8443 24 28 1505
557 8436 24 29 1511
558 8433 19 33 1515
559 8428 22 28 1522
560 8418 26 27 1529
561 8415 26 25 1534
562 8405 25 33 1537
563 8402 26 28 1544
564 8394 28 29 1549
565 8391 23 30 1556
566 8388 21 28 1563
567 8379 22 31 1568
568 8373 23 28 1576
569 8367 23 28 1582
570 8362 26 26 1586
571 8354 32 25 1589
572 8350 30 25 1595
573 8347 31 22 1600
574 8345 26 26 1603
575 8339 25 27 1609
576 8333 25 28 1614
577 8330 27 24 1619
578 8326 26 25 1623
579 8322 27 22 1629
580 8318 23 25 1634
581 8312 24 28 1636
582 8309 26 24 1641
583 8305 25 25 1645
584 8299 23 30 1648
585 8291 26 34 1649
586 8281 32 31 1656
587 8275 33 29 1663
588 8272 28 32 1668
589 8265 30 33 1672
590 8257 31 30 1682
591 8252 31 29 1688
592 8248 31 28 1693
593 8244 30 25 1701
594 8240 30 29 1701
595 8233 28 33 1706
596 8230 26 28 1716
597 8227 22 32 1719
598 8219 26 29 1726
599 8212 29 27 1732
600 8210 24 28 1738
601 8203 25 25 1747
602 8200 21 28 1751
603 8193 21 34 1752
604 8185 20 41 1754
605 8178 24 38 1760
606 8171 20 42 1767
607 8161 24 39 1776
608 8149 29 40 1782
609 8144 29 38 1789
610 8130 35 39 1796
611 8121 33 48 1798
612 8111 34 49 1806
613 8105 29 47 1819
614 8095 30 51 1824
615 8087 32 48 1833
616 8081 35 43 1841
617 8075 31 48 1846
618 8069 30 45 1856
619 8064 28 39 1869
620 8059 25 39 1877
621 8048 31 32 1889
622 8044 30 36 1890
623 8037 34 34 1895
624 8032 35 35 1898
625 8027 29 36 1908
626 8020 30 36 1914
627 8016 29 36 1919
628 8010 27 41 1922
629 8004 24 45 1927
630 7995 28 43 1934
631 7981 28 49 1942
632 7970 29 51 1950
633 7960 33 46 1961
634 7949 37 47 1967
635 7938 42 41 1979
636 7931 42 46 1981
637 7927 33 52 1988
638 7912 37 55 1996
639 7896 45 53 2006
640 7886 49 52 2013
641 7876 48 56 2020
642 7868 46 55 2031
643 7861 44 56 2039
644 7853 46 53 2048
645 7845 45 55 2055
646 7840 43 50 2067
647 7830 42 52 2076
648 7823 46 49 2082
649 7818 43 44 2095
650 7815 35 51 2099
651 7809 35 49 2107
652 7800 35 49 2116
653 7788 40 51 2121
654 7783 44 43 2130
655 7779 37 48 2136
656 7772 37 45 2146
657 7764 40 42 2154
658 7760 40 39 2161
659 7756 38 40 2166
660 7747 40 41 2172
661 7740 38 42 2180
662 7730 39 47 2184
663 7720 39 50 2191
664 7711 39 47 2203
665 7697 42 50 2211
666 7692 35 56 2217
667 7683 37 52 2228
668 7670 44 51 2235
669 7663 43 53 2241
670 7651 45 57 2247
671 7641 46 51 2262
672 7630 50 47 2273
673 7618 50 51 2281
674 7611 46 51 2292
675 7603 42 52 2303
676 7595 45 51 2309
677 7588 44 51 2317
678 7583 43 47 2327
679 7577 40 45 2338
680 7571 36 52 2341
681 7563 40 49 2348
682 7553 41 48 2358
683 7545 41 43 2371
684 7539 42 43 2376
685 7534 38 39 2389
686 7526 36 44 2394
687 7515 40 40 2405
688 7507 45 36 2412
689 7498 47 39 2416
690 7492 43 41 2424
691 7483 38 48 2431
692 7473 39 51 2437
693 7465 40 51 2444
694 7456 40 53 2451
695 7449 43 51 2457
696 7444 36 53 2467
697 7435 41 47 2477
698 7428 37 48 2487
699 7422 32 45 2501
700 7412 39 41 2508
701 7400 43 42 2515
702 7392 41 46 2521
703 7381 41 46 2532
704 7370 40 53 2537
705 7363 40 49 2548
706 7358 34 48 2560
707 7345 40 48 2567
708 7339 39 48 2574
709 7326 48 42 2584
710 7321 49 41 2589
711 7317 43 38 2602
712 7310 42 34 2614
713 7305 37 31 2627
714 7303 35 30 2632
715 7296 33 35 2636
716 7286 34 35 2645
717 7274 37 42 2647
718 7267 34 46 2653
719 7260 31 47 2662
720 7248 39 43 2670
721 7243 34 45 2678
722 7237 32 43 2688
723 7234 30 40 2696
724 7227 27 40 2706
725 7220 32 35 2713
726 7216 29 35 2720
727 7210 28 34 2728
728 7206 23 35 2736
729 7199 25 35 2741
730 7191 28 32 2749
731 7183 29 33 2755
732 7177 29 34 2760
733 7174 27 35 2764
734 7170 28 35 2767
735 7164 29 31 2776
736 7159 28 34 2779
737 7150 28 32 2790
738 7147 28 29 2796
739 7143 25 31 2801
740 7133 28 35 2804
741 7126 26 39 2809
742 7114 33 34 2819
743 7109 35 34 2822
744 7102 40 32 2826
745 7098 38 36 2828
746 7093 39 35 2833
747 7090 36 38 2836
748 7083 34 37 2846
749 7075 36 39 2850
750 7070 29 39 2862
751 7063 32 43 2862
752 7061 30 35 2874
753 7052 31 37 2880
754 7041 33 39 2887
755 7033 35 41 2891
756 7025 33 44 2898
757 7019 36 44 2901
758 7012 40 40 2908
759 7006 40 42 2912
760 6998 40 47 2915
761 6988 42 50 2920
762 6974 42 51 2933
763 6963 44 48 2945
764 6956 44 47 2953
765 6948 38 52 2962
766 6943 30 55 2972
767 6931 36 51 2982
768 6922 41 46 2991
769 6913 39 53 2995
770 6904 41 53 3002
771 6893 41 50 3016
772 6880 50 47 3023
773 6870 53 45 3032
774 6862 50 50 3038
775 6857 46 53 3044
776 6846 48 52 3054
777 6837 49 48 3066
778 6830 46 49 3075
779 6822 47 52 3079
780 6813 50 47 3090
781 6808 46 42 3104
782 6803 42 40 3115
783 6796 45 37 3122
784 6791 42 39 3128
785 6787 39 39 3135
786 6782 39 39 3140
787 6776 38 36 3150
788 6774 33 36 3157
789 6768 34 37 3161
790 6762 30 40 3168
791 6756 27 40 3177
792 6743 34 37 3186
793 6733 35 41 3191
794 6728 32 42 3198
795 6718 34 42 3206
796 6711 33 42 3214
797 6706 35 43 3216
798 6704 28 44 3224
799 6690 29 51 3230
800 6681 32 43 3244
801 6674 36 38 3252
802 6666 38 37 3259
803 6661 35 37 3267
804 6649 37 41 3273
805 6647 33 42 3278
806 6644 30 42 3284
807 6636 32 44 3288
808 6631 34 39 3296
809 6625 29 43 3303
810 6622 27 39 3312
811 6614 30 40 3316
812 6608 30 39 3323
813 6599 28 43 3330
814 6592 31 38 3339
815 6585 31 37 3347
816 6580 33 34 3353
817 6574 30 36 3360
818 6571 25 39 3365
819 6563 28 37 3372
820 6557 27 38 3378
821 6550 27 38 3385
822 6542 32 33 3393
823 6542 27 34 3397
824 6540 26 31 3403
825 6536 25 32 3407
826 6532 24 32 3412
827 6524 27 33 3416
828 6517 30 35 3418
829 6513 26 42 3419
830 6511 25 36 3428
831 6502 24 40 3434
832 6496 26 37 3441
833 6494 24 38 3444
834 6487 24 40 3449
835 6480 26 43 3451
836 6475 26 45 3454
837 6467 27 44 3462
838 6459 30 42 3469
839 6453 25 47 3475
840 6447 23 43 3487
841 6438 27 42 3493
842 6432 27 42 3499
843 6425 31 43 3501
844 6418 32 43 3507
845 6410 29 46 3515
846 6404 30 45 3521
847 6398 27 44 3531
848 6389 32 40 3539
849 6384 31 41 3544
850 6373 32 41 3554
851 6367 32 39 3562
852 6362 29 39 3570
853 6353 31 40 3576
854 6348 34 35 3583
855 6347 31 33 3589
856 6342 31 31 3596
857 6339 24 35 3602
858 6336 24 30 3610
859 6330 24 32 3614
860 6328 24 26 3622
861 6324 23 23 3630
862 6318 24 23 3635
863 6311 24 25 3640
864 6304 27 27 3642
865 6300 27 28 3645
866 6296 27 28 3649
867 6287 29 28 3656
868 6281 25 37 3657
869 6278 26 32 3664
870 6276 24 32 3668
871 6269 25 34 3672
872 6265 23 32 3680
873 6259 24 33 3684
874 6253 28 27 3692
875 6246 30 27 3697
876 6243 25 32 3700
877 6233 28 33 3706
878 6227 32 30 3711
879 6221 31 33 3715
880 6220 27 31 3722
881 6213 32 29 3726
882 6206 27 32 3735
883 6198 32 33 3737
884 6194 26 36 3744
885 6187 30 36 3747
886 6183 29 34 3754
887 6172 33 37 3758
888 6168 31 37 3764
889 6162 34 36 3768
890 6156 37 33 3774
891 6151 33 36 3780
892 6145 31 37 3787
893 6141 34 31 3794
894 6136 33 29 3802
895 6131 34 27 3808
896 6129 32 29 3810
897 6125 32 29 3814
898 6117 35 32 3816
899 6112 35 32 3821
900 6110 32 36 3822
901 6102 38 33 3827
902 6096 36 35 3833
903 6089 32 41 3838
904 6081 35 40 3844
905 6076 37 36 3851
906 6071 33 40 3856
907 6068 30 38 3864
908 6065 29 38 3868
909 6062 24 38 3876
910 6059 25 33 3883
911 6054 24 34 3888
912 6051 25 31 3893
913 6046 24 29 3901
914 6044 19 32 3905
915 6040 20 29 3911
916 6039 18 28 3915
917 6038 18 23 3921
918 6030 22 23 3925
919 6026 20 25 3929
920 6024 17 26 3933
921 6020 16 29 3935
922 6015 18 28 3939
923 6012 16 26 3946
924 6010 16 19 3955
925 6008 13 19 3960
926 6004 16 15 3965
927 6000 16 19 3965
928 5998 17 18 3967
929 5996 19 16 3969
930 5996 17 14 3973
931 5994 15 18 3973
932 5993 13 18 3976
933 5991 15 15 3979
934 5990 14 16 3980
935 5990 12 16 3982
936 5987 12 18 3983
937 5986 12 17 3985
938 5979 14 16 3991
939 5975 12 20 3993
940 5972 11 21 3996
941 5970 9 22 3999
942 5969 8 21 4002
943 5963 13 19 4005
944 5959 15 19 4007
945 5956 17 17 4010
946 5954 14 16 4016
947 5948 18 16 4018
948 5945 17 20 4018
949 5942 15 21 4022
950 5937 16 24 4023
951 5931 21 23 4025
952 5924 21 24 4031
953 5921 19 23 4037
954 5914 21 26 4039
955 5911 24 21 4044
956 5909 22 22 4047
957 5903 27 23 4047
958 5899 25 21 4055
959 5894 25 24 4057
960 5891 25 20 4064
961 5887 25 19 4069
962 5884 24 22 4070
963 5877 27 24 4072
964 5874 23 24 4079
965 5872 23 16 4089
966 5869 21 19 4091
967 5865 22 22 4091
968 5858 24 25 4093
969 5855 24 26 4095
970 5846 28 29 4097
971 5845 26 30 4099
972 5845 21 26 4108
973 5835 23 27 4115
974 5830 27 27 4116
975 5824 29 24 4123
976 5818 29 28 4125
977 5809 33 29 4129
978 5804 31 34 4131
979 5796 33 34 4137
980 5792 32 38 4138
981 5782 30 46 4142
982 5769 35 50 4146
983 5762 32 45 4161
984 5752 38 41 4169
985 5750 33 41 4176
986 5741 38 38 4183
987 5737 33 43 4187
988 5733 32 42 4193
989 5723 39 42 4196
990 5715 37 45 4203
991 5705 36 44 4215
992 5699 35 43 4223
993 5693 34 44 4229
994 5682 36 47 4235
995 5672 40 44 4244
996 5664 35 48 4253
997 5659 32 48 4261
998 5650 34 44 4272
999 5641 36 47 4276
