0 9999 1 0
1 9969 1 30
2 9940 1 59
3 9923 1 76
4 9901 6 93
5 9868 9 123
6 9841 10 149
7 9808 14 178
8 9770 17 213
9 9742 26 232
10 9715 32 253
11 9683 38 279
12 9654 44 302
13 9622 52 326
14 9583 66 351
15 9547 78 375
16 9513 85 402
17 9481 95 424
18 9434 109 457
19 9395 117 488
20 9348 139 513
21 9295 161 544
22 9246 179 575
23 9208 196 596
24 9168 210 622
25 9125 226 649
26 9073 253 674
27 9022 282 696
28 8967 309 724
29 8919 329 752
30 8882 344 774
31 8826 373 801
32 8777 400 823
33 8713 438 849
34 8658 468 874
35 8611 498 891
36 8553 527 920
37 8493 566 941
38 8444 589 967
39 8382 623 995
40 8324 660 1016
41 8265 701 1034
42 8195 750 1055
43 8126 795 1079
44 8056 840 1104
45 7988 891 1121
46 7933 930 1137
47 7883 965 1152
48 7827 1009 1164
49 7765 1047 1188
50 7709 1082 1209
51 7677 1102 1221
52 7617 1134 1249
53 7556 1178 1266
54 7493 1217 1290
55 7433 1257 1310
56 7367 1296 1337
57 7301 1337 1362
58 7226 1391 1383
59 7152 1444 1404
60 7087 1488 1425
61 7026 1531 1443
62 6962 1581 1457
63 6904 1624 1472
64 6833 1677 1490
65 6773 1727 1500
66 6700 1786 1514
67 6634 1839 1527
68 6557 1902 1541
69 6496 1940 1564
70 6440 1978 1582
71 6383 2018 1599
72 6331 2057 1612
73 6272 2098 1630
74 6194 2162 1644
75 6101 2236 1663
76 6038 2283 1679
77 5961 2348 1691
78 5886 2402 1712
79 5810 2465 1725
80 5731 2527 1742
81 5663 2582 1755
82 5599 2634 1767
83 5547 2681 1772
84 5486 2733 1781
85 5419 2785 1796
86 5353 2843 1804
87 5281 2904 1815
88 5226 2945 1829
89 5145 3007 1848
90 5077 3065 1858
91 5006 3123 1871
92 4917 3193 1890
93 4833 3267 1900
94 4753 3332 1915
95 4677 3398 1925
96 4594 3467 1939
97 4508 3539 1953
98 4442 3593 1965
99 4384 3642 1974
100 4316 3701 1983
101 4244 3760 1996
102 4191 3801 2008
103 4134 3847 2019
104 4077 3893 2030
105 4021 3938 2041
106 3960 3987 2053
107 3903 4035 2062
108 3838 4087 2075
109 3777 4140 2083
110 3701 4204 2095
111 3607 4281 2112
112 3538 4340 2122
113 3458 4410 2132
114 3404 4458 2138
115 3336 4517 2147
116 3271 4573 2156
117 3212 4629 2159
118 3161 4674 2165
119 3094 4734 2172
120 3032 4790 2178
121 2965 4848 2187
122 2914 4893 2193
123 2863 4937 2200
124 2818 4977 2205
125 2757 5024 2219
126 2688 5085 2227
127 2621 5147 2232
128 2557 5205 2238
129 2503 5256 2241
130 2446 5305 2249
131 2396 5351 2253
132 2338 5403 2259
133 2283 5452 2265
134 2232 5499 2269
135 2186 5541 2273
136 2134 5587 2279
137 2085 5630 2285
138 2046 5667 2287
139 1995 5714 2291
140 1944 5758 2298
141 1899 5798 2303
142 1853 5842 2305
143 1809 5878 2313
144 1758 5922 2320
145 1720 5956 2324
146 1684 5989 2327
147 1641 6030 2329
148 1600 6065 2335
149 1569 6095 2336
150 1536 6126 2338
151 1502 6155 2343
152 1464 6190 2346
153 1432 6216 2352
154 1405 6239 2356
155 1374 6266 2360
156 1339 6294 2367
157 1310 6320 2370
158 1281 6347 2372
159 1255 6372 2373
160 1222 6401 2377
161 1188 6428 2384
162 1163 6451 2386
163 1135 6477 2388
164 1109 6501 2390
165 1086 6521 2393
166 1057 6547 2396
167 1024 6575 2401
168 1003 6595 2402
169 986 6612 2402
170 968 6628 2404
171 945 6650 2405
172 919 6675 2406
173 901 6690 2409
174 876 6715 2409
175 858 6728 2414
176 839 6746 2415
177 819 6763 2418
178 802 6777 2421
179 778 6799 2423
180 753 6822 2425
181 726 6847 2427
182 698 6872 2430
183 675 6893 2432
184 661 6905 2434
185 646 6920 2434
186 635 6931 2434
187 618 6945 2437
188 605 6957 2438
189 596 6963 2441
190 584 6972 2444
191 571 6983 2446
192 556 6998 2446
193 548 7006 2446
194 534 7018 2448
195 523 7029 2448
196 517 7033 2450
197 508 7042 2450
198 501 7048 2451
199 491 7057 2452
200 484 7062 2454
201 473 7072 2455
202 463 7081 2456
203 455 7088 2457
204 446 7096 2458
205 440 7102 2458
206 434 7107 2459
207 429 7112 2459
208 421 7118 2461
209 412 7126 2462
210 405 7133 2462
211 396 7139 2465
212 385 7150 2465
213 380 7154 2466
214 373 7159 2468
215 368 7163 2469
216 361 7169 2470
217 358 7171 2471
218 351 7177 2472
219 343 7184 2473
220 337 7188 2475
221 332 7192 2476
222 329 7194 2477
223 329 7194 2477
224 327 7196 2477
225 324 7198 2478
226 322 7199 2479
227 318 7203 2479
228 311 7210 2479
229 306 7213 2481
230 305 7213 2482
231 301 7215 2484
232 298 7218 2484
233 294 7221 2485
234 292 7223 2485
235 287 7228 2485
236 283 7232 2485
237 282 7232 2486
238 277 7237 2486
239 275 7238 2487
240 270 7242 2488
241 269 7242 2489
242 268 7242 2490
243 265 7242 2493
244 264 7243 2493
245 263 7244 2493
246 261 7245 2494
247 260 7246 2494
248 258 7248 2494
249 255 7250 2495
250 255 7250 2495
251 249 7256 2495
252 248 7257 2495
253 246 7257 2497
254 243 7259 2498
255 238 7263 2499
256 233 7267 2500
257 230 7269 2501
258 230 7269 2501
259 228 7271 2501
260 226 7272 2502
261 222 7273 2505
262 220 7273 2507
263 219 7274 2507
264 216 7274 2510
265 216 7274 2510
266 213 7275 2512
267 213 7275 2512
268 211 7277 2512
269 211 7277 2512
270 208 7279 2513
271 207 7279 2514
272 205 7279 2516
273 203 7280 2517
274 202 7280 2518
275 201 7281 2518
276 201 7281 2518
277 200 7282 2518
278 199 7282 2519
279 199 7282 2519
280 198 7282 2520
281 198 7282 2520
282 197 7282 2521
283 197 7282 2521
284 197 7282 2521
285 197 7282 2521
286 195 7283 2522
287 195 7283 2522
288 195 7283 2522
289 195 7283 2522
290 195 7283 2522
291 195 7283 2522
292 195 7283 2522
293 192 7283 2525
294 192 7283 2525
295 191 7284 2525
296 191 7284 2525
297 190 7284 2526
298 188 7284 2528
299 187 7285 2528
300 185 7286 2529
301 183 7287 2530
302 182 7288 2530
303 179 7291 2530
304 178 7292 2530
305 177 7293 2530
306 177 7293 2530
307 174 7293 2533
308 172 7293 2535
309 170 7294 2536
310 168 7295 2537
311 166 7297 2537
312 165 7297 2538
313 163 7298 2539
314 161 7298 2541
315 160 7299 2541
316 157 7301 2542
317 156 7302 2542
318 153 7305 2542
319 152 7306 2542
320 151 7306 2543
321 150 7307 2543
322 149 7308 2543
323 148 7308 2544
324 147 7308 2545
325 146 7308 2546
326 145 7308 2547
327 145 7308 2547
328 145 7308 2547
329 144 7308 2548
330 143 7308 2549
331 143 7308 2549
332 142 7308 2550
333 142 7308 2550
334 141 7308 2551
335 141 7308 2551
336 140 7308 2552
337 140 7308 2552
338 140 7308 2552
339 139 7308 2553
340 139 7308 2553
341 138 7308 2554
342 138 7308 2554
343 137 7308 2555
344 137 7308 2555
345 137 7308 2555
346 137 7308 2555
347 137 7308 2555
348 137 7308 2555
349 137 7308 2555
350 137 7308 2555
351 137 7308 2555
352 137 7308 2555
353 136 7308 2556
354 134 7308 2558
355 134 7308 2558
356 134 7308 2558
357 134 7308 2558
358 134 7308 2558
359 134 7308 2558
360 134 7308 2558
361 134 7308 2558
362 134 7308 2558
363 134 7308 2558
364 134 7308 2558
365 134 7308 2558
366 134 7308 2558
367 134 7308 2558
368 133 7308 2559
369 133 7308 2559
370 133 7308 2559
371 133 7308 2559
372 133 7308 2559
373 133 7308 2559
374 131 7308 2561
375 130 7308 2562
376 130 7308 2562
377 130 7308 2562
378 130 7308 2562
379 129 7308 2563
380 129 7308 2563
381 128 7308 2564
382 128 7308 2564
383 126 7308 2566
384 126 7308 2566
385 126 7308 2566
386 126 7308 2566
387 126 7308 2566
388 126 7308 2566
389 126 7308 2566
390 126 7308 2566
391 126 7308 2566
392 126 7308 2566
393 125 7308 2567
394 125 7308 2567
395 125 7308 2567
396 125 7308 2567
397 125 7308 2567
398 125 7308 2567
399 125 7308 2567
400 125 7308 2567
401 124 7308 2568
402 124 7308 2568
403 124 7308 2568
404 124 7308 2568
405 124 7308 2568
406 124 7308 2568
407 123 7308 2569
408 122 7308 2570
409 122 7308 2570
410 122 7308 2570
411 122 7308 2570
412 122 7308 2570
413 122 7308 2570
414 122 7308 2570
415 122 7308 2570
416 122 7308 2570
417 122 7308 2570
418 121 7308 2571
419 121 7308 2571
420 121 7308 2571
421 121 7308 2571
422 119 7308 2573
423 119 7308 2573
424 118 7308 2574
425 117 7308 2575
426 116 7308 2576
427 115 7308 2577
428 114 7308 2578
429 114 7308 2578
430 113 7308 2579
431 113 7308 2579
432 113 7308 2579
433 113 7308 2579
434 112 7308 2580
435 112 7308 2580
436 112 7308 2580
437 112 7308 2580
438 112 7308 2580
439 111 7308 2581
440 111 7308 2581
441 111 7308 2581
442 111 7308 2581
443 111 7308 2581
444 110 7308 2582
445 110 7308 2582
446 110 7308 2582
447 109 7308 2583
448 108 7308 2584
449 108 7308 2584
450 108 7308 2584
451 108 7308 2584
452 107 7308 2585
453 107 7308 2585
454 107 7308 2585
455 106 7308 2586
456 106 7308 2586
457 106 7308 2586
458 105 7308 2587
459 105 7308 2587
460 104 7308 2588
461 104 7308 2588
462 104 7308 2588
463 104 7308 2588
464 104 7308 2588
465 104 7308 2588
466 103 7308 2589
467 103 7308 2589
468 102 7308 2590
469 102 7308 2590
470 100 7308 2592
471 100 7308 2592
472 100 7308 2592
473 100 7308 2592
474 99 7308 2593
475 98 7308 2594
476 97 7308 2595
477 97 7308 2595
478 96 7308 2596
479 96 7308 2596
480 96 7308 2596
481 96 7308 2596
482 96 7308 2596
483 96 7308 2596
484 95 7308 2597
485 95 7308 2597
486 95 7308 2597
487 94 7308 2598
488 94 7308 2598
489 94 7308 2598
490 94 7308 2598
491 93 7308 2599
492 92 7308 2600
493 92 7308 2600
494 92 7308 2600
495 92 7308 2600
496 92 7308 2600
497 90 7308 2602
498 90 7308 2602
499 90 7308 2602
500 90 7308 2602
501 90 7308 2602
502 89 7308 2603
503 88 7308 2604
504 87 7308 2605
505 87 7308 2605
506 87 7308 2605
507 87 7308 2605
508 87 7308 2605
509 87 7308 2605
510 87 7308 2605
511 87 7308 2605
512 87 7308 2605
513 87 7308 2605
514 86 7308 2606
515 85 7308 2607
516 85 7308 2607
517 83 7308 2609
518 83 7308 2609
519 83 7308 2609
520 83 7308 2609
521 83 7308 2609
522 83 7308 2609
523 83 7308 2609
524 83 7308 2609
525 82 7308 2610
526 81 7308 2611
527 81 7308 2611
528 81 7308 2611
529 81 7308 2611
530 81 7308 2611
531 79 7308 2613
532 79 7308 2613
533 79 7308 2613
534 79 7308 2613
535 79 7308 2613
536 78 7308 2614
537 78 7308 2614
538 78 7308 2614
539 78 7308 2614
540 78 7308 2614
541 78 7308 2614
542 78 7308 2614
543 78 7308 2614
544 77 7308 2615
545 77 7308 2615
546 77 7308 2615
547 76 7308 2616
548 76 7308 2616
549 76 7308 2616
550 76 7308 2616
551 76 7308 2616
552 76 7308 2616
553 76 7308 2616
554 75 7308 2617
555 75 7308 2617
556 75 7308 2617
557 74 7308 2618
558 74 7308 2618
559 74 7308 2618
560 74 7308 2618
561 74 7308 2618
562 74 7308 2618
563 74 7308 2618
564 74 7308 2618
565 74 7308 2618
566 74 7308 2618
567 74 7308 2618
568 74 7308 2618
569 74 7308 2618
570 74 7308 2618
571 74 7308 2618
572 74 7308 2618
573 74 7308 2618
574 74 7308 2618
575 74 7308 2618
576 74 7308 2618
577 74 7308 2618
578 74 7308 2618
579 74 7308 2618
580 73 7308 2619
581 73 7308 2619
582 73 7308 2619
583 72 7308 2620
584 72 7308 2620
585 72 7308 2620
586 72 7308 2620
587 72 7308 2620
588 72 7308 2620
589 72 7308 2620
590 72 7308 2620
591 72 7308 2620
592 72 7308 2620
593 72 7308 2620
594 72 7308 2620
595 71 7308 2621
596 70 7308 2622
597 69 7308 2623
598 69 7308 2623
599 69 7308 2623
600 68 7308 2624
601 68 7308 2624
602 67 7308 2625
603 67 7308 2625
604 67 7308 2625
605 67 7308 2625
606 67 7308 2625
607 67 7308 2625
608 66 7308 2626
609 64 7308 2628
610 64 7308 2628
611 64 7308 2628
612 64 7308 2628
613 64 7308 2628
614 63 7308 2629
615 63 7308 2629
616 62 7308 2630
617 61 7308 2631
618 61 7308 2631
619 61 7308 2631
620 61 7308 2631
621 61 7308 2631
622 61 7308 2631
623 60 7308 2632
624 60 7308 2632
625 60 7308 2632
626 60 7308 2632
627 60 7308 2632
628 60 7308 2632
629 60 7308 2632
630 59 7308 2633
631 59 7308 2633
632 59 7308 2633
633 59 7308 2633
634 59 7308 2633
635 58 7308 2634
636 58 7308 2634
637 58 7308 2634
638 58 7308 2634
639 58 7308 2634
640 58 7308 2634
641 58 7308 2634
642 58 7308 2634
643 58 7308 2634
644 58 7308 2634
645 58 7308 2634
646 58 7308 2634
647 58 7308 2634
648 58 7308 2634
649 58 7308 2634
650 58 7308 2634
651 58 7308 2634
652 58 7308 2634
653 58 7308 2634
654 58 7308 2634
655 58 7308 2634
656 58 7308 2634
657 58 7308 2634
658 58 7308 2634
659 58 7308 2634
660 58 7308 2634
661 58 7308 2634
662 58 7308 2634
663 58 7308 2634
664 57 7308 2635
665 57 7308 2635
666 57 7308 2635
667 57 7308 2635
668 56 7308 2636
669 56 7308 2636
670 56 7308 2636
671 56 7308 2636
672 56 7308 2636
673 56 7308 2636
674 56 7308 2636
675 55 7308 2637
676 55 7308 2637
677 55 7308 2637
678 54 7308 2638
679 54 7308 2638
680 54 7308 2638
681 54 7308 2638
682 54 7308 2638
683 54 7308 2638
684 54 7308 2638
685 54 7308 2638
686 53 7308 2639
687 53 7308 2639
688 52 7308 2640
689 52 7308 2640
690 52 7308 2640
691 52 7308 2640
692 52 7308 2640
693 51 7308 2641
694 51 7308 2641
695 50 7308 2642
696 49 7308 2643
697 49 7308 2643
698 49 7308 2643
699 49 7308 2643
700 49 7308 2643
701 49 7308 2643
702 49 7308 2643
703 49 7308 2643
704 49 7308 2643
705 49 7308 2643
706 49 7308 2643
707 48 7308 2644
708 48 7308 2644
709 48 7308 2644
710 48 7308 2644
711 48 7308 2644
712 48 7308 2644
713 48 7308 2644
714 48 7308 2644
715 48 7308 2644
716 48 7308 2644
717 47 7308 2645
718 47 7308 2645
719 47 7308 2645
720 47 7308 2645
721 46 7308 2646
722 46 7308 2646
723 46 7308 2646
724 46 7308 2646
725 46 7308 2646
726 46 7308 2646
727 45 7308 2647
728 45 7308 2647
729 45 7308 2647
730 45 7308 2647
731 45 7308 2647
732 45 7308 2647
733 45 7308 2647
734 45 7308 2647
735 45 7308 2647
736 45 7308 2647
737 45 7308 2647
738 45 7308 2647
739 45 7308 2647
740 45 7308 2647
741 45 7308 2647
742 45 7308 2647
743 45 7308 2647
744 45 7308 2647
745 45 7308 2647
746 45 7308 2647
747 45 7308 2647
748 45 7308 2647
749 45 7308 2647
750 44 7308 2648
751 44 7308 2648
752 44 7308 2648
753 44 7308 2648
754 44 7308 2648
755 44 7308 2648
756 44 7308 2648
757 44 7308 2648
758 44 7308 2648
759 44 7308 2648
760 44 7308 2648
761 44 7308 2648
762 44 7308 2648
763 44 7308 2648
764 44 7308 2648
765 44 7308 2648
766 44 7308 2648
767 44 7308 2648
768 44 7308 2648
769 44 7308 2648
770 44 7308 2648
771 44 7308 2648
772 44 7308 2648
773 44 7308 2648
774 44 7308 2648
775 44 7308 2648
776 44 7308 2648
777 43 7308 2649
778 43 7308 2649
779 43 7308 2649
780 43 7308 2649
781 42 7308 2650
782 41 7308 2651
783 41 7308 2651
784 41 7308 2651
785 41 7308 2651
786 41 7308 2651
787 41 7308 2651
788 41 7308 2651
789 41 7308 2651
790 41 7308 2651
791 41 7308 2651
792 41 7308 2651
793 41 7308 2651
794 41 7308 2651
795 41 7308 2651
796 41 7308 2651
797 41 7308 2651
798 41 7308 2651
799 41 7308 2651
800 41 7308 2651
801 41 7308 2651
802 41 7308 2651
803 40 7308 2652
804 40 7308 2652
805 40 7308 2652
806 39 7308 2653
807 39 7308 2653
808 39 7308 2653
809 38 7308 2654
810 38 7308 2654
811 38 7308 2654
812 38 7308 2654
813 38 7308 2654
814 38 7308 2654
815 38 7308 2654
816 38 7308 2654
817 38 7308 2654
818 38 7308 2654
819 36 7308 2656
820 35 7308 2657
821 35 7308 2657
822 35 7308 2657
823 35 7308 2657
824 35 7308 2657
825 35 7308 2657
826 35 7308 2657
827 34 7308 2658
828 34 7308 2658
829 34 7308 2658
830 34 7308 2658
831 34 7308 2658
832 34 7308 2658
833 34 7308 2658
834 34 7308 2658
835 34 7308 2658
836 34 7308 2658
837 34 7308 2658
838 34 7308 2658
839 34 7308 2658
840 34 7308 2658
841 34 7308 2658
842 34 7308 2658
843 34 7308 2658
844 34 7308 2658
845 34 7308 2658
846 34 7308 2658
847 34 7308 2658
848 34 7308 2658
849 34 7308 2658
850 34 7308 2658
851 34 7308 2658
852 34 7308 2658
853 34 7308 2658
854 34 7308 2658
855 34 7308 2658
856 34 7308 2658
857 34 7308 2658
858 34 7308 2658
859 34 7308 2658
860 34 7308 2658
861 33 7308 2659
862 33 7308 2659
863 33 7308 2659
864 33 7308 2659
865 33 7308 2659
866 33 7308 2659
867 32 7308 2660
868 32 7308 2660
869 32 7308 2660
870 32 7308 2660
871 32 7308 2660
872 32 7308 2660
873 32 7308 2660
874 32 7308 2660
875 31 7308 2661
876 31 7308 2661
877 31 7308 2661
878 31 7308 2661
879 31 7308 2661
880 31 7308 2661
881 31 7308 2661
882 31 7308 2661
883 31 7308 2661
884 31 7308 2661
885 31 7308 2661
886 30 7308 2662
887 30 7308 2662
888 30 7308 2662
889 30 7308 2662
890 30 7308 2662
891 30 7308 2662
892 30 7308 2662
893 30 7308 2662
894 30 7308 2662
895 30 7308 2662
896 30 7308 2662
897 30 7308 2662
898 30 7308 2662
899 30 7308 2662
900 30 7308 2662
901 30 7308 2662
902 30 7308 2662
903 30 7308 2662
904 30 7308 2662
905 30 7308 2662
906 30 7308 2662
907 30 7308 2662
908 30 7308 2662
909 30 7308 2662
910 30 7308 2662
911 30 7308 2662
912 30 7308 2662
913 30 7308 2662
914 30 7308 2662
915 29 7308 2663
916 29 7308 2663
917 29 7308 2663
918 29 7308 2663
919 29 7308 2663
920 29 7308 2663
921 29 7308 2663
922 29 7308 2663
923 29 7308 2663
924 29 7308 2663
925 28 7308 2664
926 28 7308 2664
927 27 7308 2665
928 26 7308 2666
929 26 7308 2666
930 26 7308 2666
931 26 7308 2666
932 26 7308 2666
933 26 7308 2666
934 26 7308 2666
935 26 7308 2666
936 26 7308 2666
937 26 7308 2666
938 26 7308 2666
939 26 7308 2666
940 26 7308 2666
941 26 7308 2666
942 26 7308 2666
943 26 7308 2666
944 26 7308 2666
945 26 7308 2666
946 26 7308 2666
947 26 7308 2666
948 26 7308 2666
949 26 7308 2666
950 26 7308 2666
951 26 7308 2666
952 26 7308 2666
953 25 7308 2667
954 25 7308 2667
955 25 7308 2667
956 25 7308 2667
957 25 7308 2667
958 25 7308 2667
959 25 7308 2667
960 25 7308 2667
961 25 7308 2667
962 25 7308 2667
963 25 7308 2667
964 25 7308 2667
965 25 7308 2667
966 25 7308 2667
967 25 7308 2667
968 25 7308 2667
969 25 7308 2667
970 25 7308 2667
971 25 7308 2667
972 25 7308 2667
973 25 7308 2667
974 25 7308 2667
975 25 7308 2667
976 25 7308 2667
977 25 7308 2667
978 25 7308 2667
979 25 7308 2667
980 25 7308 2667
981 25 7308 2667
982 25 7308 2667
983 25 7308 2667
984 25 7308 2667
985 25 7308 2667
986 25 7308 2667
987 25 7308 2667
988 25 7308 2667
989 25 7308 2667
990 25 7308 2667
991 25 7308 2667
992 25 7308 2667
993 25 7308 2667
994 25 7308 2667
995 25 7308 2667
996 25 7308 2667
997 25 7308 2667
998 24 7308 2668
999 24 7308 2668
