0 9999 1 0
1 9973 2 25
2 9949 2 49
3 9926 2 72
4 9891 6 103
5 9870 6 124
6 9839 11 150
7 9812 15 173
8 9780 18 202
9 9757 22 221
10 9720 28 252
11 9688 34 278
12 9655 38 307
13 9629 49 322
14 9594 58 348
15 9568 67 365
16 9537 79 384
17 9506 85 409
18 9463 105 432
19 9432 115 453
20 9394 127 479
21 9356 141 503
22 9319 160 521
23 9276 176 548
24 9232 195 573
25 9205 205 590
26 9179 215 606
27 9142 237 621
28 9099 255 646
29 9052 285 663
30 9011 307 682
31 8973 329 698
32 8934 350 716
33 8900 366 734
34 8855 395 750
35 8791 431 778
36 8731 470 799
37 8666 508 826
38 8601 551 848
39 8536 593 871
40 8485 630 885
41 8428 666 906
42 8377 701 922
43 8317 735 948
44 8275 761 964
45 8222 795 983
46 8158 834 1008
47 8096 876 1028
48 8042 910 1048
49 7980 957 1063
50 7903 1010 1087
51 7833 1052 1115
52 7771 1102 1127
53 7696 1158 1146
54 7636 1199 1165
55 7563 1252 1185
56 7504 1295 1201
57 7432 1346 1222
58 7352 1407 1241
59 7286 1454 1260
60 7218 1502 1280
61 7152 1536 1312
62 7087 1584 1329
63 7028 1627 1345
64 6968 1669 1363
65 6891 1722 1387
66 6830 1766 1404
67 6770 1815 1415
68 6701 1865 1434
69 6630 1920 1450
70 6560 1966 1474
71 6492 2017 1491
72 6438 2060 1502
73 6372 2107 1521
74 6313 2151 1536
75 6232 2212 1556
76 6165 2265 1570
77 6087 2324 1589
78 6027 2372 1601
79 5962 2422 1616
80 5897 2473 1630
81 5818 2540 1642
82 5724 2612 1664
83 5646 2681 1673
84 5568 2742 1690
85 5509 2791 1700
86 5432 2851 1717
87 5369 2902 1729
88 5311 2957 1732
89 5254 3003 1743
90 5187 3061 1752
91 5113 3121 1766
92 5041 3174 1785
93 4972 3230 1798
94 4914 3274 1812
95 4860 3321 1819
96 4792 3372 1836
97 4735 3415 1850
98 4671 3464 1865
99 4606 3518 1876
100 4540 3570 1890
101 4476 3621 1903
102 4416 3671 1913
103 4357 3723 1920
104 4295 3775 1930
105 4235 3824 1941
106 4165 3887 1948
107 4093 3949 1958
108 4036 3998 1966
109 3966 4061 1973
110 3907 4114 1979
111 3846 4167 1987
112 3759 4244 1997
113 3700 4295 2005
114 3644 4344 2012
115 3579 4396 2025
116 3517 4446 2037
117 3455 4498 2047
118 3388 4560 2052
119 3329 4609 2062
120 3276 4654 2070
121 3208 4715 2077
122 3160 4756 2084
123 3109 4802 2089
124 3048 4853 2099
125 2992 4904 2104
126 2923 4963 2114
127 2838 5040 2122
128 2787 5086 2127
129 2729 5140 2131
130 2663 5200 2137
131 2587 5266 2147
132 2517 5332 2151
133 2463 5383 2154
134 2388 5447 2165
135 2314 5513 2173
136 2247 5574 2179
137 2192 5625 2183
138 2109 5703 2188
139 2048 5758 2194
140 1999 5802 2199
141 1946 5850 2204
142 1890 5901 2209
143 1829 5958 2213
144 1774 6005 2221
145 1710 6062 2228
146 1663 6102 2235
147 1618 6145 2237
148 1567 6195 2238
149 1519 6243 2238
150 1471 6285 2244
151 1426 6326 2248
152 1387 6359 2254
153 1357 6387 2256
154 1318 6422 2260
155 1287 6452 2261
156 1241 6497 2262
157 1202 6533 2265
158 1172 6559 2269
159 1142 6586 2272
160 1104 6620 2276
161 1073 6647 2280
162 1050 6666 2284
163 1016 6697 2287
164 978 6732 2290
165 949 6757 2294
166 920 6785 2295
167 900 6804 2296
168 876 6827 2297
169 852 6849 2299
170 830 6870 2300
171 806 6891 2303
172 779 6916 2305
173 757 6935 2308
174 734 6956 2310
175 711 6977 2312
176 691 6995 2314
177 661 7024 2315
178 635 7047 2318
179 609 7073 2318
180 581 7096 2323
181 561 7115 2324
182 543 7131 2326
183 527 7146 2327
184 510 7162 2328
185 492 7179 2329
186 469 7199 2332
187 450 7216 2334
188 433 7232 2335
189 419 7245 2336
190 410 7254 2336
191 399 7264 2337
192 386 7276 2338
193 377 7284 2339
194 365 7296 2339
195 352 7306 2342
196 344 7313 2343
197 335 7321 2344
198 328 7327 2345
199 320 7334 2346
200 311 7340 2349
201 301 7348 2351
202 295 7354 2351
203 292 7357 2351
204 283 7363 2354
205 271 7373 2356
206 262 7381 2357
207 254 7388 2358
208 243 7397 2360
209 234 7405 2361
210 232 7407 2361
211 226 7413 2361
212 222 7417 2361
213 217 7420 2363
214 215 7422 2363
215 211 7426 2363
216 202 7433 2365
217 199 7436 2365
218 196 7439 2365
219 193 7442 2365
220 190 7444 2366
221 187 7447 2366
222 179 7455 2366
223 173 7461 2366
224 168 7466 2366
225 165 7469 2366
226 161 7471 2368
227 160 7472 2368
228 159 7473 2368
229 158 7473 2369
230 157 7474 2369
231 152 7479 2369
232 148 7483 2369
233 146 7485 2369
234 144 7486 2370
235 141 7488 2371
236 140 7489 2371
237 136 7493 2371
238 129 7499 2372
239 122 7506 2372
240 117 7510 2373
241 114 7512 2374
242 110 7515 2375
243 108 7517 2375
244 106 7519 2375
245 103 7522 2375
246 98 7526 2376
247 96 7527 2377
248 95 7528 2377
249 92 7531 2377
250 90 7533 2377
251 88 7534 2378
252 86 7535 2379
253 85 7536 2379
254 84 7537 2379
255 84 7537 2379
256 84 7537 2379
257 81 7540 2379
258 80 7541 2379
259 80 7541 2379
260 79 7542 2379
261 79 7542 2379
262 78 7543 2379
263 76 7545 2379
264 74 7547 2379
265 74 7547 2379
266 74 7547 2379
267 73 7548 2379
268 73 7548 2379
269 72 7548 2380
270 71 7548 2381
271 70 7548 2382
272 70 7548 2382
273 69 7548 2383
274 69 7548 2383
275 69 7548 2383
276 69 7548 2383
277 69 7548 2383
278 69 7548 2383
279 69 7548 2383
280 69 7548 2383
281 69 7548 2383
282 69 7548 2383
283 69 7548 2383
284 69 7548 2383
285 69 7548 2383
286 68 7548 2384
287 68 7548 2384
288 68 7548 2384
289 68 7548 2384
290 68 7548 2384
291 68 7548 2384
292 67 7548 2385
293 66 7548 2386
294 66 7548 2386
295 66 7548 2386
296 66 7548 2386
297 65 7548 2387
298 65 7548 2387
299 65 7548 2387
300 65 7548 2387
301 65 7548 2387
302 65 7548 2387
303 65 7548 2387
304 65 7548 2387
305 65 7548 2387
306 65 7548 2387
307 65 7548 2387
308 65 7548 2387
309 65 7548 2387
310 65 7548 2387
311 65 7548 2387
312 65 7548 2387
313 65 7548 2387
314 64 7548 2388
315 64 7548 2388
316 64 7548 2388
317 64 7548 2388
318 64 7548 2388
319 64 7548 2388
320 64 7548 2388
321 64 7548 2388
322 64 7548 2388
323 64 7548 2388
324 64 7548 2388
325 63 7548 2389
326 63 7548 2389
327 63 7548 2389
328 63 7548 2389
329 63 7548 2389
330 63 7548 2389
331 63 7548 2389
332 63 7548 2389
333 62 7548 2390
334 62 7548 2390
335 62 7548 2390
336 62 7548 2390
337 61 7548 2391
338 61 7548 2391
339 61 7548 2391
340 61 7548 2391
341 60 7548 2392
342 59 7548 2393
343 59 7548 2393
344 59 7548 2393
345 59 7548 2393
346 59 7548 2393
347 58 7548 2394
348 58 7548 2394
349 58 7548 2394
350 58 7548 2394
351 58 7548 2394
352 58 7548 2394
353 58 7548 2394
354 58 7548 2394
355 57 7548 2395
356 57 7548 2395
357 57 7548 2395
358 57 7548 2395
359 57 7548 2395
360 57 7548 2395
361 57 7548 2395
362 57 7548 2395
363 55 7548 2397
364 55 7548 2397
365 55 7548 2397
366 55 7548 2397
367 55 7548 2397
368 55 7548 2397
369 55 7548 2397
370 54 7548 2398
371 54 7548 2398
372 53 7548 2399
373 53 7548 2399
374 53 7548 2399
375 53 7548 2399
376 53 7548 2399
377 53 7548 2399
378 53 7548 2399
379 52 7548 2400
380 52 7548 2400
381 52 7548 2400
382 52 7548 2400
383 52 7548 2400
384 52 7548 2400
385 51 7548 2401
386 51 7548 2401
387 51 7548 2401
388 50 7548 2402
389 49 7548 2403
390 48 7548 2404
391 48 7548 2404
392 47 7548 2405
393 47 7548 2405
394 47 7548 2405
395 47 7548 2405
396 47 7548 2405
397 47 7548 2405
398 47 7548 2405
399 47 7548 2405
400 46 7548 2406
401 46 7548 2406
402 46 7548 2406
403 46 7548 2406
404 46 7548 2406
405 46 7548 2406
406 46 7548 2406
407 46 7548 2406
408 46 7548 2406
409 46 7548 2406
410 46 7548 2406
411 46 7548 2406
412 46 7548 2406
413 46 7548 2406
414 46 7548 2406
415 46 7548 2406
416 46 7548 2406
417 45 7548 2407
418 45 7548 2407
419 45 7548 2407
420 45 7548 2407
421 45 7548 2407
422 45 7548 2407
423 45 7548 2407
424 45 7548 2407
425 45 7548 2407
426 45 7548 2407
427 45 7548 2407
428 45 7548 2407
429 45 7548 2407
430 44 7548 2408
431 44 7548 2408
432 44 7548 2408
433 44 7548 2408
434 44 7548 2408
435 44 7548 2408
436 44 7548 2408
437 44 7548 2408
438 44 7548 2408
439 44 7548 2408
440 44 7548 2408
441 44 7548 2408
442 44 7548 2408
443 43 7548 2409
444 43 7548 2409
445 43 7548 2409
446 43 7548 2409
447 43 7548 2409
448 43 7548 2409
449 43 7548 2409
450 43 7548 2409
451 42 7548 2410
452 42 7548 2410
453 42 7548 2410
454 42 7548 2410
455 42 7548 2410
456 42 7548 2410
457 42 7548 2410
458 42 7548 2410
459 42 7548 2410
460 42 7548 2410
461 42 7548 2410
462 42 7548 2410
463 42 7548 2410
464 42 7548 2410
465 42 7548 2410
466 42 7548 2410
467 42 7548 2410
468 42 7548 2410
469 42 7548 2410
470 42 7548 2410
471 42 7548 2410
472 42 7548 2410
473 42 7548 2410
474 42 7548 2410
475 41 7548 2411
476 41 7548 2411
477 41 7548 2411
478 41 7548 2411
479 41 7548 2411
480 41 7548 2411
481 41 7548 2411
482 41 7548 2411
483 41 7548 2411
484 40 7548 2412
485 40 7548 2412
486 40 7548 2412
487 40 7548 2412
488 40 7548 2412
489 40 7548 2412
490 40 7548 2412
491 40 7548 2412
492 40 7548 2412
493 40 7548 2412
494 40 7548 2412
495 40 7548 2412
496 40 7548 2412
497 40 7548 2412
498 40 7548 2412
499 40 7548 2412
500 40 7548 2412
501 40 7548 2412
502 40 7548 2412
503 40 7548 2412
504 40 7548 2412
505 40 7548 2412
506 40 7548 2412
507 40 7548 2412
508 40 7548 2412
509 39 7548 2413
510 39 7548 2413
511 38 7548 2414
512 37 7548 2415
513 37 7548 2415
514 37 7548 2415
515 37 7548 2415
516 37 7548 2415
517 37 7548 2415
518 37 7548 2415
519 37 7548 2415
520 37 7548 2415
521 37 7548 2415
522 37 7548 2415
523 37 7548 2415
524 37 7548 2415
525 37 7548 2415
526 37 7548 2415
527 37 7548 2415
528 37 7548 2415
529 36 7548 2416
530 36 7548 2416
531 36 7548 2416
532 35 7548 2417
533 35 7548 2417
534 35 7548 2417
535 34 7548 2418
536 33 7548 2419
537 33 7548 2419
538 33 7548 2419
539 33 7548 2419
540 33 7548 2419
541 33 7548 2419
542 33 7548 2419
543 33 7548 2419
544 33 7548 2419
545 33 7548 2419
546 33 7548 2419
547 33 7548 2419
548 33 7548 2419
549 33 7548 2419
550 33 7548 2419
551 33 7548 2419
552 33 7548 2419
553 32 7548 2420
554 32 7548 2420
555 32 7548 2420
556 32 7548 2420
557 32 7548 2420
558 31 7548 2421
559 31 7548 2421
560 31 7548 2421
561 31 7548 2421
562 31 7548 2421
563 31 7548 2421
564 31 7548 2421
565 31 7548 2421
566 31 7548 2421
567 31 7548 2421
568 31 7548 2421
569 31 7548 2421
570 31 7548 2421
571 31 7548 2421
572 31 7548 2421
573 31 7548 2421
574 31 7548 2421
575 31 7548 2421
576 31 7548 2421
577 31 7548 2421
578 31 7548 2421
579 30 7548 2422
580 30 7548 2422
581 30 7548 2422
582 30 7548 2422
583 30 7548 2422
584 30 7548 2422
585 30 7548 2422
586 30 7548 2422
587 30 7548 2422
588 30 7548 2422
589 30 7548 2422
590 29 7548 2423
591 29 7548 2423
592 29 7548 2423
593 28 7548 2424
594 28 7548 2424
595 28 7548 2424
596 28 7548 2424
597 27 7548 2425
598 26 7548 2426
599 26 7548 2426
600 26 7548 2426
601 26 7548 2426
602 26 7548 2426
603 25 7548 2427
604 25 7548 2427
605 25 7548 2427
606 25 7548 2427
607 25 7548 2427
608 25 7548 2427
609 25 7548 2427
610 24 7548 2428
611 24 7548 2428
612 24 7548 2428
613 24 7548 2428
614 23 7548 2429
615 23 7548 2429
616 22 7548 2430
617 22 7548 2430
618 22 7548 2430
619 22 7548 2430
620 22 7548 2430
621 21 7548 2431
622 21 7548 2431
623 21 7548 2431
624 21 7548 2431
625 21 7548 2431
626 21 7548 2431
627 21 7548 2431
628 21 7548 2431
629 21 7548 2431
630 21 7548 2431
631 21 7548 2431
632 21 7548 2431
633 21 7548 2431
634 21 7548 2431
635 21 7548 2431
636 21 7548 2431
637 21 7548 2431
638 21 7548 2431
639 21 7548 2431
640 21 7548 2431
641 21 7548 2431
642 21 7548 2431
643 21 7548 2431
644 21 7548 2431
645 21 7548 2431
646 21 7548 2431
647 21 7548 2431
648 21 7548 2431
649 21 7548 2431
650 21 7548 2431
651 21 7548 2431
652 21 7548 2431
653 21 7548 2431
654 21 7548 2431
655 21 7548 2431
656 21 7548 2431
657 21 7548 2431
658 21 7548 2431
659 21 7548 2431
660 21 7548 2431
661 21 7548 2431
662 21 7548 2431
663 21 7548 2431
664 21 7548 2431
665 21 7548 2431
666 21 7548 2431
667 21 7548 2431
668 21 7548 2431
669 21 7548 2431
670 21 7548 2431
671 20 7548 2432
672 20 7548 2432
673 20 7548 2432
674 20 7548 2432
675 20 7548 2432
676 20 7548 2432
677 20 7548 2432
678 20 7548 2432
679 20 7548 2432
680 20 7548 2432
681 20 7548 2432
682 20 7548 2432
683 20 7548 2432
684 20 7548 2432
685 20 7548 2432
686 19 7548 2433
687 19 7548 2433
688 19 7548 2433
689 19 7548 2433
690 19 7548 2433
691 19 7548 2433
692 19 7548 2433
693 19 7548 2433
694 19 7548 2433
695 19 7548 2433
696 19 7548 2433
697 19 7548 2433
698 19 7548 2433
699 19 7548 2433
700 19 7548 2433
701 19 7548 2433
702 19 7548 2433
703 19 7548 2433
704 19 7548 2433
705 19 7548 2433
706 19 7548 2433
707 19 7548 2433
708 18 7548 2434
709 18 7548 2434
710 18 7548 2434
711 18 7548 2434
712 18 7548 2434
713 18 7548 2434
714 17 7548 2435
715 17 7548 2435
716 17 7548 2435
717 17 7548 2435
718 17 7548 2435
719 17 7548 2435
720 17 7548 2435
721 17 7548 2435
722 17 7548 2435
723 17 7548 2435
724 17 7548 2435
725 17 7548 2435
726 16 7548 2436
727 16 7548 2436
728 16 7548 2436
729 16 7548 2436
730 16 7548 2436
731 16 7548 2436
732 16 7548 2436
733 16 7548 2436
734 16 7548 2436
735 16 7548 2436
736 16 7548 2436
737 16 7548 2436
738 16 7548 2436
739 16 7548 2436
740 15 7548 2437
741 15 7548 2437
742 15 7548 2437
743 15 7548 2437
744 15 7548 2437
745 15 7548 2437
746 15 7548 2437
747 14 7548 2438
748 14 7548 2438
749 14 7548 2438
750 14 7548 2438
751 14 7548 2438
752 14 7548 2438
753 14 7548 2438
754 14 7548 2438
755 14 7548 2438
756 14 7548 2438
757 14 7548 2438
758 13 7548 2439
759 13 7548 2439
760 13 7548 2439
761 13 7548 2439
762 13 7548 2439
763 13 7548 2439
764 13 7548 2439
765 13 7548 2439
766 13 7548 2439
767 13 7548 2439
768 13 7548 2439
769 13 7548 2439
770 13 7548 2439
771 13 7548 2439
772 13 7548 2439
773 13 7548 2439
774 13 7548 2439
775 13 7548 2439
776 13 7548 2439
777 13 7548 2439
778 13 7548 2439
779 13 7548 2439
780 13 7548 2439
781 13 7548 2439
782 13 7548 2439
783 13 7548 2439
784 13 7548 2439
785 13 7548 2439
786 13 7548 2439
787 13 7548 2439
788 13 7548 2439
789 13 7548 2439
790 13 7548 2439
791 13 7548 2439
792 13 7548 2439
793 13 7548 2439
794 13 7548 2439
795 13 7548 2439
796 13 7548 2439
797 13 7548 2439
798 13 7548 2439
799 13 7548 2439
800 13 7548 2439
801 13 7548 2439
802 13 7548 2439
803 13 7548 2439
804 13 7548 2439
805 12 7548 2440
806 12 7548 2440
807 12 7548 2440
808 12 7548 2440
809 12 7548 2440
810 12 7548 2440
811 12 7548 2440
812 12 7548 2440
813 12 7548 2440
814 12 7548 2440
815 12 7548 2440
816 12 7548 2440
817 12 7548 2440
818 12 7548 2440
819 12 7548 2440
820 12 7548 2440
821 11 7548 2441
822 11 7548 2441
823 11 7548 2441
824 11 7548 2441
825 11 7548 2441
826 11 7548 2441
827 11 7548 2441
828 11 7548 2441
829 11 7548 2441
830 11 7548 2441
831 11 7548 2441
832 11 7548 2441
833 11 7548 2441
834 11 7548 2441
835 11 7548 2441
836 11 7548 2441
837 11 7548 2441
838 11 7548 2441
839 11 7548 2441
840 11 7548 2441
841 11 7548 2441
842 11 7548 2441
843 11 7548 2441
844 11 7548 2441
845 11 7548 2441
846 11 7548 2441
847 11 7548 2441
848 11 7548 2441
849 11 7548 2441
850 11 7548 2441
851 11 7548 2441
852 11 7548 2441
853 11 7548 2441
854 11 7548 2441
855 11 7548 2441
856 11 7548 2441
857 11 7548 2441
858 11 7548 2441
859 11 7548 2441
860 11 7548 2441
861 10 7548 2442
862 10 7548 2442
863 10 7548 2442
864 10 7548 2442
865 10 7548 2442
866 10 7548 2442
867 10 7548 2442
868 10 7548 2442
869 10 7548 2442
870 10 7548 2442
871 10 7548 2442
872 10 7548 2442
873 10 7548 2442
874 10 7548 2442
875 10 7548 2442
876 10 7548 2442
877 10 7548 2442
878 10 7548 2442
879 10 7548 2442
880 10 7548 2442
881 10 7548 2442
882 10 7548 2442
883 10 7548 2442
884 10 7548 2442
885 10 7548 2442
886 10 7548 2442
887 10 7548 2442
888 10 7548 2442
889 10 7548 2442
890 10 7548 2442
891 10 7548 2442
892 10 7548 2442
893 10 7548 2442
894 10 7548 2442
895 10 7548 2442
896 10 7548 2442
897 10 7548 2442
898 10 7548 2442
899 10 7548 2442
900 10 7548 2442
901 10 7548 2442
902 10 7548 2442
903 10 7548 2442
904 10 7548 2442
905 10 7548 2442
906 10 7548 2442
907 10 7548 2442
908 10 7548 2442
909 10 7548 2442
910 10 7548 2442
911 10 7548 2442
912 10 7548 2442
913 10 7548 2442
914 10 7548 2442
915 10 7548 2442
916 10 7548 2442
917 10 7548 2442
918 10 7548 2442
919 10 7548 2442
920 10 7548 2442
921 10 7548 2442
922 10 7548 2442
923 10 7548 2442
924 10 7548 2442
925 10 7548 2442
926 10 7548 2442
927 9 7548 2443
928 9 7548 2443
929 9 7548 2443
930 9 7548 2443
931 9 7548 2443
932 9 7548 2443
933 9 7548 2443
934 9 7548 2443
935 9 7548 2443
936 9 7548 2443
937 9 7548 2443
938 9 7548 2443
939 9 7548 2443
940 9 7548 2443
941 9 7548 2443
942 9 7548 2443
943 9 7548 2443
944 9 7548 2443
945 9 7548 2443
946 9 7548 2443
947 9 7548 2443
948 9 7548 2443
949 9 7548 2443
950 9 7548 2443
951 9 7548 2443
952 9 7548 2443
953 9 7548 2443
954 9 7548 2443
955 9 7548 2443
956 9 7548 2443
957 9 7548 2443
958 9 7548 2443
959 9 7548 2443
960 9 7548 2443
961 9 7548 2443
962 9 7548 2443
963 9 7548 2443
964 9 7548 2443
965 9 7548 2443
966 9 7548 2443
967 9 7548 2443
968 9 7548 2443
969 9 7548 2443
970 9 7548 2443
971 9 7548 2443
972 9 7548 2443
973 9 7548 2443
974 9 7548 2443
975 9 7548 2443
976 9 7548 2443
977 9 7548 2443
978 9 7548 2443
979 9 7548 2443
980 9 7548 2443
981 9 7548 2443
982 9 7548 2443
983 9 7548 2443
984 9 7548 2443
985 9 7548 2443
986 9 7548 2443
987 9 7548 2443
988 9 7548 2443
989 9 7548 2443
990 9 7548 2443
991 9 7548 2443
992 9 7548 2443
993 9 7548 2443
994 9 7548 2443
995 9 7548 2443
996 9 7548 2443
997 9 7548 2443
998 9 7548 2443
999 9 7548 2443
