0 9999 1 0
1 9966 3 31
2 9934 6 60
3 9903 14 83
4 9869 16 115
5 9836 22 142
6 9793 31 176
7 9770 33 197
8 9742 37 221
9 9716 42 242
10 9678 54 268
11 9652 60 288
12 9615 72 313
13 9564 85 351
14 9524 97 379
15 9489 109 402
16 9447 126 427
17 9404 143 453
18 9366 153 481
19 9330 162 508
20 9284 185 531
21 9245 201 554
22 9186 224 590
23 9139 250 611
24 9089 277 634
25 9045 303 652
26 9001 326 673
27 8954 355 691
28 8915 378 707
29 8859 412 729
30 8809 433 758
31 8764 457 779
32 8709 493 798
33 8657 526 817
34 8589 568 843
35 8534 603 863
36 8482 636 882
37 8432 664 904
38 8376 700 924
39 8328 735 937
40 8277 768 955
41 8214 807 979
42 8165 839 996
43 8106 881 1013
44 8050 919 1031
45 7993 957 1050
46 7927 1000 1073
47 7866 1040 1094
48 7799 1082 1119
49 7740 1127 1133
50 7683 1162 1155
51 7625 1203 1172
52 7562 1249 1189
53 7509 1289 1202
54 7438 1346 1216
55 7377 1393 1230
56 7308 1443 1249
57 7241 1489 1270
58 7167 1543 1290
59 7095 1599 1306
60 7023 1656 1321
61 6958 1696 1346
62 6885 1745 1370
63 6808 1803 1389
64 6735 1859 1406
65 6674 1908 1418
66 6590 1975 1435
67 6516 2035 1449
68 6453 2088 1459
69 6381 2147 1472
70 6292 2211 1497
71 6221 2266 1513
72 6150 2325 1525
73 6082 2376 1542
74 6007 2434 1559
75 5929 2502 1569
76 5869 2549 1582
77 5796 2606 1598
78 5727 2661 1612
79 5660 2708 1632
80 5579 2779 1642
81 5511 2835 1654
82 5441 2894 1665
83 5359 2962 1679
84 5285 3020 1695
85 5220 3071 1709
86 5155 3125 1720
87 5084 3183 1733
88 5032 3222 1746
89 4957 3285 1758
90 4901 3331 1768
91 4830 3384 1786
92 4762 3433 1805
93 4690 3494 1816
94 4624 3551 1825
95 4547 3611 1842
96 4475 3674 1851
97 4406 3736 1858
98 4347 3786 1867
99 4284 3835 1881
100 4217 3895 1888
101 4155 3948 1897
102 4101 3994 1905
103 4042 4043 1915
104 3971 4097 1932
105 3918 4145 1937
106 3855 4201 1944
107 3787 4255 1958
108 3720 4310 1970
109 3647 4377 1976
110 3577 4437 1986
111 3508 4499 1993
112 3455 4548 1997
113 3377 4616 2007
114 3305 4677 2018
115 3236 4739 2025
116 3180 4790 2030
117 3123 4835 2042
118 3068 4885 2047
119 3007 4939 2054
120 2951 4982 2067
121 2882 5040 2078
122 2810 5105 2085
123 2731 5179 2090
124 2672 5232 2096
125 2609 5288 2103
126 2535 5357 2108
127 2456 5426 2118
128 2396 5481 2123
129 2324 5546 2130
130 2269 5595 2136
131 2205 5653 2142
132 2136 5719 2145
133 2064 5789 2147
134 2000 5849 2151
135 1948 5896 2156
136 1875 5965 2160
137 1835 6000 2165
138 1772 6061 2167
139 1715 6115 2170
140 1661 6166 2173
141 1607 6213 2180
142 1543 6270 2187
143 1489 6317 2194
144 1427 6373 2200
145 1382 6415 2203
146 1350 6447 2203
147 1311 6481 2208
148 1263 6528 2209
149 1225 6563 2212
150 1189 6598 2213
151 1155 6628 2217
152 1128 6653 2219
153 1097 6682 2221
154 1067 6707 2226
155 1042 6727 2231
156 1006 6757 2237
157 979 6782 2239
158 951 6807 2242
159 923 6831 2246
160 904 6849 2247
161 883 6869 2248
162 863 6887 2250
163 847 6902 2251
164 825 6921 2254
165 806 6938 2256
166 789 6954 2257
167 767 6973 2260
168 753 6986 2261
169 731 7008 2261
170 715 7021 2264
171 702 7030 2268
172 688 7043 2269
173 674 7054 2272
174 654 7071 2275
175 631 7090 2279
176 612 7106 2282
177 595 7123 2282
178 585 7132 2283
179 572 7141 2287
180 553 7156 2291
181 537 7170 2293
182 529 7178 2293
183 510 7196 2294
184 495 7209 2296
185 479 7225 2296
186 466 7236 2298
187 453 7247 2300
188 444 7254 2302
189 433 7265 2302
190 427 7271 2302
191 417 7281 2302
192 414 7284 2302
193 404 7291 2305
194 395 7299 2306
195 386 7308 2306
196 382 7310 2308
197 379 7313 2308
198 371 7318 2311
199 364 7324 2312
200 356 7332 2312
201 338 7349 2313
202 331 7356 2313
203 324 7362 2314
204 319 7367 2314
205 313 7373 2314
206 312 7374 2314
207 307 7379 2314
208 301 7385 2314
209 299 7387 2314
210 290 7395 2315
211 287 7398 2315
212 280 7404 2316
213 275 7409 2316
214 268 7416 2316
215 260 7424 2316
216 255 7428 2317
217 252 7431 2317
218 247 7436 2317
219 243 7440 2317
220 240 7442 2318
221 235 7447 2318
222 231 7451 2318
223 229 7453 2318
224 225 7456 2319
225 225 7456 2319
226 223 7458 2319
227 219 7461 2320
228 215 7463 2322
229 209 7468 2323
230 201 7475 2324
231 200 7476 2324
232 198 7477 2325
233 194 7480 2326
234 193 7481 2326
235 192 7482 2326
236 191 7482 2327
237 189 7482 2329
238 187 7483 2330
239 184 7484 2332
240 182 7485 2333
241 182 7485 2333
242 182 7485 2333
243 182 7485 2333
244 181 7486 2333
245 180 7486 2334
246 178 7488 2334
247 176 7490 2334
248 174 7492 2334
249 172 7494 2334
250 171 7495 2334
251 168 7497 2335
252 166 7498 2336
253 165 7498 2337
254 165 7498 2337
255 164 7499 2337
256 164 7499 2337
257 163 7499 2338
258 162 7500 2338
259 162 7500 2338
260 161 7500 2339
261 160 7500 2340
262 160 7500 2340
263 159 7500 2341
264 159 7500 2341
265 158 7501 2341
266 157 7501 2342
267 156 7501 2343
268 156 7501 2343
269 156 7501 2343
270 156 7501 2343
271 156 7501 2343
272 156 7501 2343
273 156 7501 2343
274 155 7501 2344
275 155 7501 2344
276 155 7501 2344
277 155 7501 2344
278 155 7501 2344
279 155 7501 2344
280 155 7501 2344
281 155 7501 2344
282 155 7501 2344
283 155 7501 2344
284 155 7501 2344
285 155 7501 2344
286 155 7501 2344
287 154 7501 2345
288 154 7501 2345
289 154 7501 2345
290 154 7501 2345
291 152 7501 2347
292 152 7501 2347
293 152 7501 2347
294 151 7501 2348
295 150 7501 2349
296 150 7501 2349
297 150 7501 2349
298 150 7501 2349
299 150 7501 2349
300 150 7501 2349
301 150 7501 2349
302 150 7501 2349
303 150 7501 2349
304 149 7501 2350
305 149 7501 2350
306 149 7501 2350
307 148 7501 2351
308 147 7501 2352
309 147 7501 2352
310 146 7501 2353
311 146 7501 2353
312 146 7501 2353
313 145 7501 2354
314 145 7501 2354
315 145 7501 2354
316 145 7501 2354
317 145 7501 2354
318 145 7501 2354
319 144 7501 2355
320 144 7501 2355
321 144 7501 2355
322 144 7501 2355
323 143 7501 2356
324 142 7501 2357
325 141 7501 2358
326 139 7501 2360
327 139 7501 2360
328 139 7501 2360
329 139 7501 2360
330 139 7501 2360
331 139 7501 2360
332 138 7501 2361
333 138 7501 2361
334 138 7501 2361
335 138 7501 2361
336 138 7501 2361
337 137 7501 2362
338 137 7501 2362
339 137 7501 2362
340 137 7501 2362
341 137 7501 2362
342 137 7501 2362
343 137 7501 2362
344 137 7501 2362
345 137 7501 2362
346 137 7501 2362
347 137 7501 2362
348 137 7501 2362
349 137 7501 2362
350 137 7501 2362
351 136 7501 2363
352 136 7501 2363
353 136 7501 2363
354 135 7501 2364
355 135 7501 2364
356 134 7501 2365
357 134 7501 2365
358 133 7501 2366
359 133 7501 2366
360 133 7501 2366
361 133 7501 2366
362 133 7501 2366
363 132 7501 2367
364 132 7501 2367
365 132 7501 2367
366 130 7501 2369
367 130 7501 2369
368 130 7501 2369
369 130 7501 2369
370 128 7501 2371
371 128 7501 2371
372 127 7501 2372
373 126 7501 2373
374 125 7501 2374
375 124 7501 2375
376 124 7501 2375
377 124 7501 2375
378 124 7501 2375
379 124 7501 2375
380 124 7501 2375
381 124 7501 2375
382 124 7501 2375
383 124 7501 2375
384 124 7501 2375
385 124 7501 2375
386 124 7501 2375
387 124 7501 2375
388 124 7501 2375
389 124 7501 2375
390 124 7501 2375
391 124 7501 2375
392 123 7501 2376
393 123 7501 2376
394 122 7501 2377
395 122 7501 2377
396 122 7501 2377
397 122 7501 2377
398 122 7501 2377
399 122 7501 2377
400 122 7501 2377
401 121 7501 2378
402 121 7501 2378
403 120 7501 2379
404 120 7501 2379
405 119 7501 2380
406 119 7501 2380
407 119 7501 2380
408 119 7501 2380
409 119 7501 2380
410 119 7501 2380
411 119 7501 2380
412 118 7501 2381
413 118 7501 2381
414 118 7501 2381
415 118 7501 2381
416 118 7501 2381
417 118 7501 2381
418 118 7501 2381
419 118 7501 2381
420 118 7501 2381
421 117 7501 2382
422 116 7501 2383
423 116 7501 2383
424 116 7501 2383
425 115 7501 2384
426 114 7501 2385
427 113 7501 2386
428 113 7501 2386
429 113 7501 2386
430 112 7501 2387
431 112 7501 2387
432 112 7501 2387
433 112 7501 2387
434 111 7501 2388
435 111 7501 2388
436 111 7501 2388
437 111 7501 2388
438 111 7501 2388
439 110 7501 2389
440 110 7501 2389
441 110 7501 2389
442 110 7501 2389
443 110 7501 2389
444 108 7501 2391
445 108 7501 2391
446 107 7501 2392
447 107 7501 2392
448 107 7501 2392
449 107 7501 2392
450 107 7501 2392
451 107 7501 2392
452 107 7501 2392
453 106 7501 2393
454 106 7501 2393
455 106 7501 2393
456 105 7501 2394
457 105 7501 2394
458 104 7501 2395
459 104 7501 2395
460 104 7501 2395
461 104 7501 2395
462 104 7501 2395
463 104 7501 2395
464 104 7501 2395
465 104 7501 2395
466 104 7501 2395
467 104 7501 2395
468 104 7501 2395
469 104 7501 2395
470 104 7501 2395
471 104 7501 2395
472 103 7501 2396
473 103 7501 2396
474 103 7501 2396
475 103 7501 2396
476 103 7501 2396
477 103 7501 2396
478 103 7501 2396
479 103 7501 2396
480 103 7501 2396
481 103 7501 2396
482 102 7501 2397
483 100 7501 2399
484 100 7501 2399
485 100 7501 2399
486 100 7501 2399
487 100 7501 2399
488 100 7501 2399
489 100 7501 2399
490 100 7501 2399
491 100 7501 2399
492 100 7501 2399
493 100 7501 2399
494 100 7501 2399
495 100 7501 2399
496 100 7501 2399
497 100 7501 2399
498 100 7501 2399
499 99 7501 2400
500 99 7501 2400
501 99 7501 2400
502 99 7501 2400
503 99 7501 2400
504 99 7501 2400
505 99 7501 2400
506 99 7501 2400
507 99 7501 2400
508 99 7501 2400
509 99 7501 2400
510 99 7501 2400
511 99 7501 2400
512 99 7501 2400
513 99 7501 2400
514 99 7501 2400
515 99 7501 2400
516 99 7501 2400
517 99 7501 2400
518 99 7501 2400
519 97 7501 2402
520 97 7501 2402
521 97 7501 2402
522 97 7501 2402
523 97 7501 2402
524 97 7501 2402
525 97 7501 2402
526 97 7501 2402
527 97 7501 2402
528 96 7501 2403
529 96 7501 2403
530 96 7501 2403
531 95 7501 2404
532 95 7501 2404
533 95 7501 2404
534 95 7501 2404
535 94 7501 2405
536 94 7501 2405
537 92 7501 2407
538 90 7501 2409
539 90 7501 2409
540 90 7501 2409
541 89 7501 2410
542 89 7501 2410
543 89 7501 2410
544 89 7501 2410
545 89 7501 2410
546 88 7501 2411
547 88 7501 2411
548 88 7501 2411
549 88 7501 2411
550 88 7501 2411
551 88 7501 2411
552 88 7501 2411
553 88 7501 2411
554 88 7501 2411
555 87 7501 2412
556 87 7501 2412
557 87 7501 2412
558 87 7501 2412
559 87 7501 2412
560 87 7501 2412
561 87 7501 2412
562 87 7501 2412
563 87 7501 2412
564 87 7501 2412
565 86 7501 2413
566 86 7501 2413
567 86 7501 2413
568 86 7501 2413
569 86 7501 2413
570 85 7501 2414
571 85 7501 2414
572 85 7501 2414
573 85 7501 2414
574 85 7501 2414
575 85 7501 2414
576 85 7501 2414
577 84 7501 2415
578 84 7501 2415
579 83 7501 2416
580 83 7501 2416
581 83 7501 2416
582 83 7501 2416
583 83 7501 2416
584 83 7501 2416
585 83 7501 2416
586 83 7501 2416
587 83 7501 2416
588 83 7501 2416
589 83 7501 2416
590 82 7501 2417
591 82 7501 2417
592 82 7501 2417
593 82 7501 2417
594 82 7501 2417
595 81 7501 2418
596 81 7501 2418
597 81 7501 2418
598 81 7501 2418
599 80 7501 2419
600 80 7501 2419
601 80 7501 2419
602 80 7501 2419
603 80 7501 2419
604 80 7501 2419
605 80 7501 2419
606 80 7501 2419
607 80 7501 2419
608 80 7501 2419
609 80 7501 2419
610 79 7501 2420
611 79 7501 2420
612 79 7501 2420
613 79 7501 2420
614 78 7501 2421
615 78 7501 2421
616 78 7501 2421
617 77 7501 2422
618 77 7501 2422
619 77 7501 2422
620 76 7501 2423
621 76 7501 2423
622 75 7501 2424
623 74 7501 2425
624 74 7501 2425
625 74 7501 2425
626 74 7501 2425
627 74 7501 2425
628 74 7501 2425
629 74 7501 2425
630 74 7501 2425
631 74 7501 2425
632 74 7501 2425
633 74 7501 2425
634 73 7501 2426
635 73 7501 2426
636 73 7501 2426
637 73 7501 2426
638 73 7501 2426
639 73 7501 2426
640 73 7501 2426
641 73 7501 2426
642 73 7501 2426
643 73 7501 2426
644 73 7501 2426
645 73 7501 2426
646 73 7501 2426
647 73 7501 2426
648 73 7501 2426
649 73 7501 2426
650 73 7501 2426
651 72 7501 2427
652 72 7501 2427
653 72 7501 2427
654 72 7501 2427
655 72 7501 2427
656 72 7501 2427
657 72 7501 2427
658 72 7501 2427
659 72 7501 2427
660 71 7501 2428
661 71 7501 2428
662 71 7501 2428
663 70 7501 2429
664 70 7501 2429
665 69 7501 2430
666 69 7501 2430
667 69 7501 2430
668 69 7501 2430
669 69 7501 2430
670 69 7501 2430
671 69 7501 2430
672 69 7501 2430
673 69 7501 2430
674 69 7501 2430
675 68 7501 2431
676 68 7501 2431
677 68 7501 2431
678 68 7501 2431
679 68 7501 2431
680 67 7501 2432
681 67 7501 2432
682 67 7501 2432
683 66 7501 2433
684 66 7501 2433
685 65 7501 2434
686 65 7501 2434
687 65 7501 2434
688 65 7501 2434
689 64 7501 2435
690 64 7501 2435
691 63 7501 2436
692 63 7501 2436
693 63 7501 2436
694 63 7501 2436
695 63 7501 2436
696 63 7501 2436
697 62 7501 2437
698 62 7501 2437
699 62 7501 2437
700 62 7501 2437
701 62 7501 2437
702 62 7501 2437
703 61 7501 2438
704 61 7501 2438
705 61 7501 2438
706 61 7501 2438
707 61 7501 2438
708 61 7501 2438
709 61 7501 2438
710 61 7501 2438
711 61 7501 2438
712 61 7501 2438
713 61 7501 2438
714 60 7501 2439
715 60 7501 2439
716 59 7501 2440
717 57 7501 2442
718 56 7501 2443
719 56 7501 2443
720 56 7501 2443
721 55 7501 2444
722 55 7501 2444
723 55 7501 2444
724 54 7501 2445
725 54 7501 2445
726 54 7501 2445
727 54 7501 2445
728 53 7501 2446
729 53 7501 2446
730 53 7501 2446
731 53 7501 2446
732 53 7501 2446
733 53 7501 2446
734 53 7501 2446
735 52 7501 2447
736 51 7501 2448
737 51 7501 2448
738 51 7501 2448
739 50 7501 2449
740 50 7501 2449
741 50 7501 2449
742 49 7501 2450
743 49 7501 2450
744 49 7501 2450
745 48 7501 2451
746 48 7501 2451
747 47 7501 2452
748 47 7501 2452
749 47 7501 2452
750 47 7501 2452
751 47 7501 2452
752 47 7501 2452
753 47 7501 2452
754 47 7501 2452
755 47 7501 2452
756 47 7501 2452
757 47 7501 2452
758 47 7501 2452
759 47 7501 2452
760 47 7501 2452
761 47 7501 2452
762 47 7501 2452
763 47 7501 2452
764 47 7501 2452
765 47 7501 2452
766 47 7501 2452
767 47 7501 2452
768 47 7501 2452
769 47 7501 2452
770 47 7501 2452
771 47 7501 2452
772 47 7501 2452
773 47 7501 2452
774 47 7501 2452
775 47 7501 2452
776 47 7501 2452
777 46 7501 2453
778 46 7501 2453
779 46 7501 2453
780 46 7501 2453
781 46 7501 2453
782 46 7501 2453
783 46 7501 2453
784 46 7501 2453
785 46 7501 2453
786 46 7501 2453
787 46 7501 2453
788 46 7501 2453
789 46 7501 2453
790 46 7501 2453
791 46 7501 2453
792 46 7501 2453
793 46 7501 2453
794 46 7501 2453
795 46 7501 2453
796 45 7501 2454
797 45 7501 2454
798 45 7501 2454
799 44 7501 2455
800 44 7501 2455
801 44 7501 2455
802 44 7501 2455
803 44 7501 2455
804 44 7501 2455
805 44 7501 2455
806 44 7501 2455
807 44 7501 2455
808 44 7501 2455
809 44 7501 2455
810 44 7501 2455
811 44 7501 2455
812 44 7501 2455
813 44 7501 2455
814 44 7501 2455
815 42 7501 2457
816 42 7501 2457
817 42 7501 2457
818 42 7501 2457
819 42 7501 2457
820 42 7501 2457
821 42 7501 2457
822 42 7501 2457
823 42 7501 2457
824 42 7501 2457
825 42 7501 2457
826 42 7501 2457
827 42 7501 2457
828 42 7501 2457
829 42 7501 2457
830 42 7501 2457
831 42 7501 2457
832 42 7501 2457
833 42 7501 2457
834 42 7501 2457
835 42 7501 2457
836 42 7501 2457
837 42 7501 2457
838 42 7501 2457
839 42 7501 2457
840 42 7501 2457
841 42 7501 2457
842 41 7501 2458
843 41 7501 2458
844 41 7501 2458
845 41 7501 2458
846 41 7501 2458
847 41 7501 2458
848 41 7501 2458
849 41 7501 2458
850 41 7501 2458
851 41 7501 2458
852 41 7501 2458
853 41 7501 2458
854 41 7501 2458
855 41 7501 2458
856 40 7501 2459
857 40 7501 2459
858 40 7501 2459
859 40 7501 2459
860 40 7501 2459
861 40 7501 2459
862 40 7501 2459
863 39 7501 2460
864 39 7501 2460
865 39 7501 2460
866 39 7501 2460
867 39 7501 2460
868 39 7501 2460
869 38 7501 2461
870 37 7501 2462
871 37 7501 2462
872 37 7501 2462
873 37 7501 2462
874 37 7501 2462
875 37 7501 2462
876 37 7501 2462
877 37 7501 2462
878 37 7501 2462
879 37 7501 2462
880 37 7501 2462
881 37 7501 2462
882 37 7501 2462
883 36 7501 2463
884 36 7501 2463
885 36 7501 2463
886 36 7501 2463
887 36 7501 2463
888 36 7501 2463
889 36 7501 2463
890 36 7501 2463
891 36 7501 2463
892 35 7501 2464
893 35 7501 2464
894 34 7501 2465
895 34 7501 2465
896 34 7501 2465
897 34 7501 2465
898 34 7501 2465
899 34 7501 2465
900 34 7501 2465
901 34 7501 2465
902 34 7501 2465
903 34 7501 2465
904 34 7501 2465
905 34 7501 2465
906 34 7501 2465
907 34 7501 2465
908 34 7501 2465
909 34 7501 2465
910 34 7501 2465
911 34 7501 2465
912 34 7501 2465
913 34 7501 2465
914 34 7501 2465
915 34 7501 2465
916 34 7501 2465
917 34 7501 2465
918 34 7501 2465
919 33 7501 2466
920 33 7501 2466
921 33 7501 2466
922 33 7501 2466
923 33 7501 2466
924 33 7501 2466
925 33 7501 2466
926 33 7501 2466
927 33 7501 2466
928 33 7501 2466
929 33 7501 2466
930 33 7501 2466
931 33 7501 2466
932 33 7501 2466
933 33 7501 2466
934 33 7501 2466
935 33 7501 2466
936 33 7501 2466
937 33 7501 2466
938 33 7501 2466
939 33 7501 2466
940 33 7501 2466
941 33 7501 2466
942 33 7501 2466
943 33 7501 2466
944 33 7501 2466
945 33 7501 2466
946 32 7501 2467
947 32 7501 2467
948 31 7501 2468
949 31 7501 2468
950 30 7501 2469
951 30 7501 2469
952 30 7501 2469
953 30 7501 2469
954 30 7501 2469
955 30 7501 2469
956 30 7501 2469
957 30 7501 2469
958 30 7501 2469
959 30 7501 2469
960 30 7501 2469
961 30 7501 2469
962 30 7501 2469
963 30 7501 2469
964 30 7501 2469
965 30 7501 2469
966 30 7501 2469
967 30 7501 2469
968 28 7501 2471
969 28 7501 2471
970 28 7501 2471
971 28 7501 2471
972 28 7501 2471
973 28 7501 2471
974 28 7501 2471
975 28 7501 2471
976 27 7501 2472
977 27 7501 2472
978 27 7501 2472
979 27 7501 2472
980 27 7501 2472
981 26 7501 2473
982 26 7501 2473
983 26 7501 2473
984 26 7501 2473
985 26 7501 2473
986 26 7501 2473
987 26 7501 2473
988 26 7501 2473
989 26 7501 2473
990 26 7501 2473
991 26 7501 2473
992 23 7501 2476
993 23 7501 2476
994 22 7501 2477
995 22 7501 2477
996 22 7501 2477
997 22 7501 2477
998 22 7501 2477
999 22 7501 2477
