0 9999 1 0
1 9999 1 0
2 9998 2 0
3 9993 7 0
4 9992 6 2
5 9989 8 3
6 9982 12 6
7 9982 8 10
8 9979 9 12
9 9979 7 14
10 9978 8 14
11 9976 10 14
12 9974 11 15
13 9972 13 15
14 9966 17 17
15 9964 12 24
16 9963 11 26
17 9954 19 27
18 9951 18 31
19 9945 21 34
20 9940 23 37
21 9938 19 43
22 9935 20 45
23 9933 17 50
24 9929 16 55
25 9926 17 57
26 9924 16 60
27 9924 15 61
28 9922 13 65
29 9921 12 67
30 9915 17 68
31 9911 17 72
32 9906 20 74
33 9904 18 78
34 9898 21 81
35 9890 27 83
36 9884 29 87
37 9875 36 89
38 9866 38 96
39 9853 44 103
40 9832 54 114
41 9821 54 125
42 9810 54 136
43 9794 63 143
44 9785 60 155
45 9777 64 159
46 9762 68 170
47 9751 66 183
48 9737 67 196
49 9723 67 210
50 9707 72 221
51 9697 69 234
52 9687 70 243
53 9676 65 259
54 9673 54 273
55 9668 54 278
56 9662 54 284
57 9656 48 296
58 9647 51 302
59 9627 62 311
60 9611 60 329
61 9602 60 338
62 9583 71 346
63 9567 78 355
64 9554 77 369
65 9543 75 382
66 9532 75 393
67 9523 73 404
68 9513 69 418
69 9493 80 427
70 9486 74 440
71 9471 73 456
72 9461 73 466
73 9445 78 477
74 9427 77 496
75 9412 78 510
76 9399 75 526
77 9385 74 541
78 9368 76 556
79 9348 88 564
80 9335 87 578
81 9325 80 595
82 9312 79 609
83 9292 88 620
84 9271 89 640
85 9261 82 657
86 9243 86 671
87 9231 82 687
88 9215 83 702
89 9197 87 716
90 9175 91 734
91 9161 86 753
92 9152 81 767
93 9140 84 776
94 9125 91 784
95 9097 97 806
96 9075 103 822
97 9053 106 841
98 9034 110 856
99 9006 115 879
100 8982 123 895
101 8947 135 918
102 8908 154 938
103 8875 161 964
104 8846 164 990
105 8814 169 1017
106 8782 173 1045
107 8757 164 1079
108 8727 164 1109
109 8707 159 1134
110 8681 158 1161
111 8657 152 1191
112 8633 151 1216
113 8606 152 1242
114 8575 155 1270
115 8550 154 1296
116 8503 169 1328
117 8473 164 1363
118 8460 142 1398
119 8437 147 1416
120 8417 144 1439
121 8396 139 1465
122 8377 124 1499
123 8354 127 1519
124 8329 127 1544
125 8308 127 1565
126 8292 121 1587
127 8277 117 1606
128 8262 120 1618
129 8255 113 1632
130 8240 110 1650
131 8224 108 1668
132 8208 104 1688
133 8185 112 1703
134 8165 119 1716
135 8146 123 1731
136 8119 135 1746
137 8099 121 1780
138 8072 130 1798
139 8057 127 1816
140 8038 121 1841
141 8015 116 1869
142 7988 123 1889
143 7967 127 1906
144 7951 126 1923
145 7923 128 1949
146 7889 140 1971
147 7866 141 1993
148 7848 133 2019
149 7819 145 2036
150 7792 150 2058
151 7761 156 2083
152 7739 151 2110
153 7710 151 2139
154 7680 148 2172
155 7656 152 2192
156 7632 145 2223
157 7616 135 2249
158 7586 143 2271
159 7558 153 2289
160 7533 143 2324
161 7510 136 2354
162 7478 141 2381
163 7467 123 2410
164 7447 125 2428
165 7432 125 2443
166 7413 123 2464
167 7388 134 2478
168 7367 136 2497
169 7332 140 2528
170 7300 145 2555
171 7280 145 2575
172 7267 135 2598
173 7253 136 2611
174 7233 132 2635
175 7214 131 2655
176 7195 127 2678
177 7174 122 2704
178 7160 114 2726
179 7135 120 2745
180 7121 117 2762
181 7103 112 2785
182 7080 119 2801
183 7051 123 2826
184 7035 113 2852
185 7013 117 2870
186 6997 113 2890
187 6978 111 2911
188 6955 110 2935
189 6925 119 2956
190 6895 123 2982
191 6866 135 2999
192 6841 130 3029
193 6827 116 3057
194 6802 118 3080
195 6786 116 3098
196 6765 118 3117
197 6735 126 3139
198 6714 119 3167
199 6695 120 3185
200 6669 120 3211
201 6647 125 3228
202 6622 118 3260
203 6606 110 3284
204 6586 109 3305
205 6571 100 3329
206 6562 94 3344
207 6538 98 3364
208 6520 91 3389
209 6499 100 3401
210 6484 94 3422
211 6472 87 3441
212 6464 81 3455
213 6446 88 3466
214 6425 98 3477
215 6413 100 3487
216 6394 105 3501
217 6376 106 3518
218 6358 108 3534
219 6341 107 3552
220 6327 98 3575
221 6311 100 3589
222 6297 100 3603
223 6289 93 3618
224 6279 87 3634
225 6264 88 3648
226 6252 82 3666
227 6236 81 3683
228 6232 73 3695
229 6220 73 3707
230 6207 71 3722
231 6190 69 3741
232 6181 66 3753
233 6172 62 3766
234 6164 57 3779
235 6150 60 3790
236 6131 67 3802
237 6117 72 3811
238 6111 72 3817
239 6096 75 3829
240 6084 72 3844
241 6078 65 3857
242 6061 70 3869
243 6043 70 3887
244 6029 66 3905
245 6015 72 3913
246 5998 80 3922
247 5985 79 3936
248 5960 92 3948
249 5936 95 3969
250 5917 100 3983
251 5906 91 4003
252 5896 83 4021
253 5881 74 4045
254 5865 79 4056
255 5847 86 4067
256 5830 89 4081
257 5806 96 4098
258 5794 92 4114
259 5780 88 4132
260 5762 87 4151
261 5742 91 4167
262 5714 104 4182
263 5696 105 4199
264 5676 104 4220
265 5658 98 4244
266 5633 99 4268
267 5610 102 4288
268 5580 117 4303
269 5565 108 4327
270 5546 106 4348
271 5526 103 4371
272 5502 102 4396
273 5483 102 4415
274 5467 96 4437
275 5445 99 4456
276 5425 96 4479
277 5412 96 4492
278 5394 95 4511
279 5386 92 4522
280 5371 97 4532
281 5350 102 4548
282 5331 103 4566
283 5306 115 4579
284 5284 120 4596
285 5252 127 4621
286 5226 131 4643
287 5189 146 4665
288 5173 139 4688
289 5142 140 4718
290 5111 142 4747
291 5077 147 4776
292 5049 154 4797
293 5013 170 4817
294 4989 171 4840
295 4961 168 4871
296 4944 153 4903
297 4914 142 4944
298 4890 141 4969
299 4868 141 4991
300 4851 123 5026
301 4836 112 5052
302 4814 115 5071
303 4798 114 5088
304 4777 105 5118
305 4763 105 5132
306 4753 95 5152
307 4740 96 5164
308 4730 84 5186
309 4721 78 5201
310 4709 72 5219
311 4700 64 5236
312 4695 65 5240
313 4693 55 5252
314 4686 56 5258
315 4680 51 5269
316 4676 47 5277
317 4670 47 5283
318 4662 49 5289
319 4657 42 5301
320 4655 35 5310
321 4648 39 5313
322 4643 39 5318
323 4636 39 5325
324 4630 39 5331
325 4623 42 5335
326 4619 37 5344
327 4615 34 5351
328 4602 41 5357
329 4593 41 5366
330 4582 42 5376
331 4568 44 5388
332 4566 29 5405
333 4556 32 5412
334 4554 31 5415
335 4548 32 5420
336 4545 28 5427
337 4538 29 5433
338 4533 25 5442
339 4526 27 5447
340 4522 26 5452
341 4518 24 5458
342 4514 24 5462
343 4509 24 5467
344 4505 20 5475
345 4498 26 5476
346 4492 26 5482
347 4489 24 5487
348 4488 18 5494
349 4487 16 5497
350 4485 17 5498
351 4482 16 5502
352 4477 18 5505
353 4477 13 5510
354 4477 12 5511
355 4476 11 5513
356 4472 13 5515
357 4468 14 5518
358 4465 16 5519
359 4462 14 5524
360 4457 17 5526
361 4455 17 5528
362 4451 18 5531
363 4449 16 5535
364 4447 16 5537
365 4442 19 5539
366 4439 22 5539
367 4436 22 5542
368 4430 25 5545
369 4422 30 5548
370 4416 30 5554
371 4416 24 5560
372 4414 20 5566
373 4410 22 5568
374 4409 19 5572
375 4408 18 5574
376 4407 16 5577
377 4405 16 5579
378 4403 15 5582
379 4400 16 5584
380 4399 13 5588
381 4398 13 5589
382 4397 14 5589
383 4395 16 5589
384 4394 15 5591
385 4393 14 5593
386 4392 12 5596
387 4391 10 5599
388 4388 12 5600
389 4386 14 5600
390 4382 17 5601
391 4381 16 5603
392 4381 14 5605
393 4380 13 5607
394 4377 13 5610
395 4375 14 5611
396 4371 16 5613
397 4369 12 5619
398 4368 9 5623
399 4366 7 5627
400 4366 5 5629
401 4365 6 5629
402 4363 7 5630
403 4362 7 5631
404 4359 9 5632
405 4357 9 5634
406 4354 9 5637
407 4352 11 5637
408 4349 14 5637
409 4346 13 5641
410 4343 16 5641
411 4338 17 5645
412 4337 16 5647
413 4335 16 5649
414 4333 17 5650
415 4331 16 5653
416 4331 14 5655
417 4320 22 5658
418 4317 23 5660
419 4313 26 5661
420 4309 26 5665
421 4304 27 5669
422 4298 30 5672
423 4295 28 5677
424 4293 26 5681
425 4284 33 5683
426 4277 34 5689
427 4273 30 5697
428 4267 34 5699
429 4257 37 5706
430 4252 32 5716
431 4242 39 5719
432 4233 42 5725
433 4223 47 5730
434 4214 48 5738
435 4211 43 5746
436 4208 41 5751
437 4196 43 5761
438 4190 43 5767
439 4180 44 5776
440 4173 45 5782
441 4170 43 5787
442 4167 34 5799
443 4158 35 5807
444 4155 33 5812
445 4150 36 5814
446 4146 34 5820
447 4145 33 5822
448 4139 34 5827
449 4137 34 5829
450 4126 34 5840
451 4119 35 5846
452 4115 36 5849
453 4107 41 5852
454 4100 38 5862
455 4091 34 5875
456 4089 30 5881
457 4086 26 5888
458 4083 26 5891
459 4079 24 5897
460 4079 20 5901
461 4076 19 5905
462 4073 19 5908
463 4070 18 5912
464 4067 18 5915
465 4066 15 5919
466 4064 14 5922
467 4062 12 5926
468 4062 10 5928
469 4062 8 5930
470 4061 9 5930
471 4060 10 5930
472 4059 8 5933
473 4058 8 5934
474 4058 6 5936
475 4057 6 5937
476 4057 5 5938
477 4057 5 5938
478 4057 5 5938
479 4057 4 5939
480 4056 3 5941
481 4055 4 5941
482 4053 6 5941
483 4052 7 5941
484 4051 7 5942
485 4051 5 5944
486 4050 3 5947
487 4050 3 5947
488 4050 3 5947
489 4050 3 5947
490 4050 3 5947
491 4050 3 5947
492 4050 2 5948
493 4050 1 5949
494 4050 1 5949
495 4050 1 5949
496 4050 1 5949
497 4049 2 5949
498 4043 8 5949
499 4040 10 5950
500 4038 12 5950
501 4036 13 5951
502 4033 16 5951
503 4032 17 5951
504 4028 15 5957
505 4024 17 5959
506 4018 21 5961
507 4008 26 5966
508 4002 25 5973
509 3995 32 5973
510 3993 27 5980
511 3992 24 5984
512 3984 26 5990
513 3975 33 5992
514 3971 26 6003
515 3963 32 6005
516 3957 33 6010
517 3948 37 6015
518 3941 33 6026
519 3938 31 6031
520 3935 29 6036
521 3931 27 6042
522 3926 29 6045
523 3925 24 6051
524 3921 23 6056
525 3917 24 6059
526 3915 22 6063
527 3912 18 6070
528 3911 11 6078
529 3911 10 6079
530 3911 9 6080
531 3910 7 6083
532 3910 6 6084
533 3908 8 6084
534 3908 8 6084
535 3908 6 6086
536 3908 5 6087
537 3908 5 6087
538 3908 4 6088
539 3907 5 6088
540 3907 4 6089
541 3904 6 6090
542 3904 4 6092
543 3902 6 6092
544 3899 7 6094
545 3899 5 6096
546 3899 5 6096
547 3898 6 6096
548 3897 4 6099
549 3896 4 6100
550 3896 4 6100
551 3896 1 6103
552 3896 1 6103
553 3896 1 6103
554 3896 0 6104
555 3896 0 6104
556 3896 0 6104
557 3896 0 6104
558 3896 0 6104
559 3896 0 6104
560 3896 0 6104
561 3896 0 6104
562 3896 0 6104
563 3896 0 6104
564 3896 0 6104
565 3896 0 6104
566 3896 0 6104
567 3896 0 6104
568 3896 0 6104
569 3896 0 6104
570 3896 0 6104
571 3896 0 6104
572 3896 0 6104
573 3896 0 6104
574 3896 0 6104
575 3896 0 6104
576 3896 0 6104
577 3896 0 6104
578 3896 0 6104
579 3896 0 6104
580 3896 0 6104
581 3896 0 6104
582 3896 0 6104
583 3896 0 6104
584 3896 0 6104
585 3896 0 6104
586 3896 0 6104
587 3896 0 6104
588 3896 0 6104
589 3896 0 6104
590 3896 0 6104
591 3896 0 6104
592 3896 0 6104
593 3896 0 6104
594 3896 0 6104
595 3896 0 6104
596 3896 0 6104
597 3896 0 6104
598 3896 0 6104
599 3896 0 6104
600 3896 0 6104
601 3896 0 6104
602 3896 0 6104
603 3896 0 6104
604 3896 0 6104
605 3896 0 6104
606 3896 0 6104
607 3896 0 6104
608 3896 0 6104
609 3896 0 6104
610 3896 0 6104
611 3896 0 6104
612 3896 0 6104
613 3896 0 6104
614 3896 0 6104
615 3896 0 6104
616 3896 0 6104
617 3896 0 6104
618 3896 0 6104
619 3896 0 6104
620 3896 0 6104
621 3896 0 6104
622 3896 0 6104
623 3896 0 6104
624 3896 0 6104
625 3896 0 6104
626 3896 0 6104
627 3896 0 6104
628 3896 0 6104
629 3896 0 6104
630 3896 0 6104
631 3896 0 6104
632 3896 0 6104
633 3896 0 6104
634 3896 0 6104
635 3896 0 6104
636 3896 0 6104
637 3896 0 6104
638 3896 0 6104
639 3896 0 6104
640 3896 0 6104
641 3896 0 6104
642 3896 0 6104
643 3896 0 6104
644 3896 0 6104
645 3896 0 6104
646 3896 0 6104
647 3896 0 6104
648 3896 0 6104
649 3896 0 6104
650 3896 0 6104
651 3896 0 6104
652 3896 0 6104
653 3896 0 6104
654 3896 0 6104
655 3896 0 6104
656 3896 0 6104
657 3896 0 6104
658 3896 0 6104
659 3896 0 6104
660 3896 0 6104
661 3896 0 6104
662 3896 0 6104
663 3896 0 6104
664 3896 0 6104
665 3896 0 6104
666 3896 0 6104
667 3896 0 6104
668 3896 0 6104
669 3896 0 6104
670 3896 0 6104
671 3896 0 6104
672 3896 0 6104
673 3896 0 6104
674 3896 0 6104
675 3896 0 6104
676 3896 0 6104
677 3896 0 6104
678 3896 0 6104
679 3896 0 6104
680 3896 0 6104
681 3896 0 6104
682 3896 0 6104
683 3896 0 6104
684 3896 0 6104
685 3896 0 6104
686 3896 0 6104
687 3896 0 6104
688 3896 0 6104
689 3896 0 6104
690 3896 0 6104
691 3896 0 6104
692 3896 0 6104
693 3896 0 6104
694 3896 0 6104
695 3896 0 6104
696 3896 0 6104
697 3896 0 6104
698 3896 0 6104
699 3896 0 6104
700 3896 0 6104
701 3896 0 6104
702 3896 0 6104
703 3896 0 6104
704 3896 0 6104
705 3896 0 6104
706 3896 0 6104
707 3896 0 6104
708 3896 0 6104
709 3896 0 6104
710 3896 0 6104
711 3896 0 6104
712 3896 0 6104
713 3896 0 6104
714 3896 0 6104
715 3896 0 6104
716 3896 0 6104
717 3896 0 6104
718 3896 0 6104
719 3896 0 6104
720 3896 0 6104
721 3896 0 6104
722 3896 0 6104
723 3896 0 6104
724 3896 0 6104
725 3896 0 6104
726 3896 0 6104
727 3896 0 6104
728 3896 0 6104
729 3896 0 6104
730 3896 0 6104
731 3896 0 6104
732 3896 0 6104
733 3896 0 6104
734 3896 0 6104
735 3896 0 6104
736 3896 0 6104
737 3896 0 6104
738 3896 0 6104
739 3896 0 6104
740 3896 0 6104
741 3896 0 6104
742 3896 0 6104
743 3896 0 6104
744 3896 0 6104
745 3896 0 6104
746 3896 0 6104
747 3896 0 6104
748 3896 0 6104
749 3896 0 6104
750 3896 0 6104
751 3896 0 6104
752 3896 0 6104
753 3896 0 6104
754 3896 0 6104
755 3896 0 6104
756 3896 0 6104
757 3896 0 6104
758 3896 0 6104
759 3896 0 6104
760 3896 0 6104
761 3896 0 6104
762 3896 0 6104
763 3896 0 6104
764 3896 0 6104
765 3896 0 6104
766 3896 0 6104
767 3896 0 6104
768 3896 0 6104
769 3896 0 6104
770 3896 0 6104
771 3896 0 6104
772 3896 0 6104
773 3896 0 6104
774 3896 0 6104
775 3896 0 6104
776 3896 0 6104
777 3896 0 6104
778 3896 0 6104
779 3896 0 6104
780 3896 0 6104
781 3896 0 6104
782 3896 0 6104
783 3896 0 6104
784 3896 0 6104
785 3896 0 6104
786 3896 0 6104
787 3896 0 6104
788 3896 0 6104
789 3896 0 6104
790 3896 0 6104
791 3896 0 6104
792 3896 0 6104
793 3896 0 6104
794 3896 0 6104
795 3896 0 6104
796 3896 0 6104
797 3896 0 6104
798 3896 0 6104
799 3896 0 6104
800 3896 0 6104
801 3896 0 6104
802 3896 0 6104
803 3896 0 6104
804 3896 0 6104
805 3896 0 6104
806 3896 0 6104
807 3896 0 6104
808 3896 0 6104
809 3896 0 6104
810 3896 0 6104
811 3896 0 6104
812 3896 0 6104
813 3896 0 6104
814 3896 0 6104
815 3896 0 6104
816 3896 0 6104
817 3896 0 6104
818 3896 0 6104
819 3896 0 6104
820 3896 0 6104
821 3896 0 6104
822 3896 0 6104
823 3896 0 6104
824 3896 0 6104
825 3896 0 6104
826 3896 0 6104
827 3896 0 6104
828 3896 0 6104
829 3896 0 6104
830 3896 0 6104
831 3896 0 6104
832 3896 0 6104
833 3896 0 6104
834 3896 0 6104
835 3896 0 6104
836 3896 0 6104
837 3896 0 6104
838 3896 0 6104
839 3896 0 6104
840 3896 0 6104
841 3896 0 6104
842 3896 0 6104
843 3896 0 6104
844 3896 0 6104
845 3896 0 6104
846 3896 0 6104
847 3896 0 6104
848 3896 0 6104
849 3896 0 6104
850 3896 0 6104
851 3896 0 6104
852 3896 0 6104
853 3896 0 6104
854 3896 0 6104
855 3896 0 6104
856 3896 0 6104
857 3896 0 6104
858 3896 0 6104
859 3896 0 6104
860 3896 0 6104
861 3896 0 6104
862 3896 0 6104
863 3896 0 6104
864 3896 0 6104
865 3896 0 6104
866 3896 0 6104
867 3896 0 6104
868 3896 0 6104
869 3896 0 6104
870 3896 0 6104
871 3896 0 6104
872 3896 0 6104
873 3896 0 6104
874 3896 0 6104
875 3896 0 6104
876 3896 0 6104
877 3896 0 6104
878 3896 0 6104
879 3896 0 6104
880 3896 0 6104
881 3896 0 6104
882 3896 0 6104
883 3896 0 6104
884 3896 0 6104
885 3896 0 6104
886 3896 0 6104
887 3896 0 6104
888 3896 0 6104
889 3896 0 6104
890 3896 0 6104
891 3896 0 6104
892 3896 0 6104
893 3896 0 6104
894 3896 0 6104
895 3896 0 6104
896 3896 0 6104
897 3896 0 6104
898 3896 0 6104
899 3896 0 6104
900 3896 0 6104
901 3896 0 6104
902 3896 0 6104
903 3896 0 6104
904 3896 0 6104
905 3896 0 6104
906 3896 0 6104
907 3896 0 6104
908 3896 0 6104
909 3896 0 6104
910 3896 0 6104
911 3896 0 6104
912 3896 0 6104
913 3896 0 6104
914 3896 0 6104
915 3896 0 6104
916 3896 0 6104
917 3896 0 6104
918 3896 0 6104
919 3896 0 6104
920 3896 0 6104
921 3896 0 6104
922 3896 0 6104
923 3896 0 6104
924 3896 0 6104
925 3896 0 6104
926 3896 0 6104
927 3896 0 6104
928 3896 0 6104
929 3896 0 6104
930 3896 0 6104
931 3896 0 6104
932 3896 0 6104
933 3896 0 6104
934 3896 0 6104
935 3896 0 6104
936 3896 0 6104
937 3896 0 6104
938 3896 0 6104
939 3896 0 6104
940 3896 0 6104
941 3896 0 6104
942 3896 0 6104
943 3896 0 6104
944 3896 0 6104
945 3896 0 6104
946 3896 0 6104
947 3896 0 6104
948 3896 0 6104
949 3896 0 6104
950 3896 0 6104
951 3896 0 6104
952 3896 0 6104
953 3896 0 6104
954 3896 0 6104
955 3896 0 6104
956 3896 0 6104
957 3896 0 6104
958 3896 0 6104
959 3896 0 6104
960 3896 0 6104
961 3896 0 6104
962 3896 0 6104
963 3896 0 6104
964 3896 0 6104
965 3896 0 6104
966 3896 0 6104
967 3896 0 6104
968 3896 0 6104
969 3896 0 6104
970 3896 0 6104
971 3896 0 6104
972 3896 0 6104
973 3896 0 6104
974 3896 0 6104
975 3896 0 6104
976 3896 0 6104
977 3896 0 6104
978 3896 0 6104
979 3896 0 6104
980 3896 0 6104
981 3896 0 6104
982 3896 0 6104
983 3896 0 6104
984 3896 0 6104
985 3896 0 6104
986 3896 0 6104
987 3896 0 6104
988 3896 0 6104
989 3896 0 6104
990 3896 0 6104
991 3896 0 6104
992 3896 0 6104
993 3896 0 6104
994 3896 0 6104
995 3896 0 6104
996 3896 0 6104
997 3896 0 6104
998 3896 0 6104
999 3896 0 6104
