0 9999 1 0
1 9999 1 0
2 9994 5 1
3 9993 4 3
4 9989 8 3
5 9989 6 5
6 9987 7 6
7 9980 13 7
8 9978 12 10
9 9977 12 11
10 9973 15 12
11 9968 17 15
12 9964 14 22
13 9959 16 25
14 9956 17 27
15 9954 15 31
16 9950 19 31
17 9943 24 33
18 9940 26 34
19 9938 26 36
20 9933 27 40
21 9927 25 48
22 9924 20 56
23 9916 24 60
24 9912 25 63
25 9908 27 65
26 9902 30 68
27 9895 33 72
28 9884 40 76
29 9878 39 83
30 9872 40 88
31 9857 46 97
32 9842 52 106
33 9825 58 117
34 9818 57 125
35 9807 54 139
36 9794 60 146
37 9784 55 161
38 9776 53 171
39 9769 44 187
40 9760 45 195
41 9750 50 200
42 9743 46 211
43 9732 43 225
44 9727 42 231
45 9721 36 243
46 9713 40 247
47 9707 41 252
48 9695 50 255
49 9685 49 266
50 9677 50 273
51 9667 50 283
52 9659 43 298
53 9646 48 306
54 9636 50 314
55 9621 56 323
56 9615 52 333
57 9598 57 345
58 9590 58 352
59 9575 62 363
60 9566 64 370
61 9551 69 380
62 9534 74 392
63 9520 74 406
64 9509 75 416
65 9498 73 429
66 9487 64 449
67 9473 69 458
68 9462 70 468
69 9451 69 480
70 9441 72 487
71 9435 70 495
72 9430 63 507
73 9418 65 517
74 9401 68 531
75 9395 64 541
76 9387 62 551
77 9374 69 557
78 9363 68 569
79 9354 67 579
80 9336 67 597
81 9326 64 610
82 9320 57 623
83 9313 54 633
84 9307 52 641
85 9300 52 648
86 9293 48 659
87 9283 44 673
88 9274 42 684
89 9265 43 692
90 9254 48 698
91 9238 55 707
92 9224 62 714
93 9210 69 721
94 9192 72 736
95 9176 77 747
96 9160 77 763
97 9147 70 783
98 9129 73 798
99 9119 68 813
100 9106 71 823
101 9097 66 837
102 9086 63 851
103 9074 63 863
104 9064 61 875
105 9052 64 884
106 9047 58 895
107 9038 61 901
108 9030 60 910
109 9021 62 917
110 9017 54 929
111 9004 59 937
112 8991 61 948
113 8990 53 957
114 8984 53 963
115 8982 49 969
116 8980 36 984
117 8976 31 993
118 8968 33 999
119 8966 32 1002
120 8966 26 1008
121 8964 24 1012
122 8959 23 1018
123 8955 25 1020
124 8949 24 1027
125 8944 22 1034
126 8942 21 1037
127 8937 25 1038
128 8933 26 1041
129 8932 21 1047
130 8929 21 1050
131 8928 20 1052
132 8926 19 1055
133 8922 17 1061
134 8917 18 1065
135 8910 25 1065
136 8902 29 1069
137 8897 30 1073
138 8890 30 1080
139 8884 31 1085
140 8871 40 1089
141 8857 49 1094
142 8844 56 1100
143 8838 50 1112
144 8830 51 1119
145 8821 53 1126
146 8806 58 1136
147 8794 65 1141
148 8775 71 1154
149 8760 70 1170
150 8749 65 1186
151 8735 66 1199
152 8714 79 1207
153 8707 67 1226
154 8701 65 1234
155 8688 71 1241
156 8677 72 1251
157 8671 62 1267
158 8658 67 1275
159 8652 64 1284
160 8641 67 1292
161 8633 69 1298
162 8624 65 1311
163 8616 64 1320
164 8609 59 1332
165 8603 54 1343
166 8600 53 1347
167 8596 46 1358
168 8590 45 1365
169 8581 46 1373
170 8571 55 1374
171 8557 58 1385
172 8548 55 1397
173 8532 64 1404
174 8522 66 1412
175 8514 64 1422
176 8505 58 1437
177 8493 58 1449
178 8479 63 1458
179 8471 53 1476
180 8461 53 1486
181 8455 44 1501
182 8444 47 1509
183 8434 50 1516
184 8426 50 1524
185 8415 49 1536
186 8407 52 1541
187 8399 52 1549
188 8385 56 1559
189 8376 60 1564
190 8361 65 1574
191 8346 65 1589
192 8333 67 1600
193 8325 65 1610
194 8314 61 1625
195 8310 50 1640
196 8302 49 1649
197 8292 48 1660
198 8280 47 1673
199 8274 44 1682
200 8264 49 1687
201 8257 47 1696
202 8242 55 1703
203 8232 56 1712
204 8217 64 1719
205 8208 62 1730
206 8194 67 1739
207 8185 61 1754
208 8177 60 1763
209 8171 58 1771
210 8154 65 1781
211 8144 65 1791
212 8138 59 1803
213 8130 59 1811
214 8117 61 1822
215 8112 57 1831
216 8100 53 1847
217 8090 54 1856
218 8083 52 1865
219 8076 52 1872
220 8073 49 1878
221 8061 48 1891
222 8051 47 1902
223 8046 43 1911
224 8037 40 1923
225 8032 36 1932
226 8028 34 1938
227 8022 34 1944
228 8012 34 1954
229 8011 29 1960
230 8007 29 1964
231 7995 34 1971
232 7984 38 1978
233 7975 39 1986
234 7967 41 1992
235 7950 49 2001
236 7943 45 2012
237 7928 52 2020
238 7910 61 2029
239 7902 61 2037
240 7886 59 2055
241 7873 66 2061
242 7858 68 2074
243 7850 65 2085
244 7841 63 2096
245 7829 65 2106
246 7817 68 2115
247 7811 67 2122
248 7802 63 2135
249 7782 69 2149
250 7763 78 2159
251 7741 81 2178
252 7725 74 2201
253 7714 70 2216
254 7702 68 2230
255 7696 67 2237
256 7692 58 2250
257 7675 68 2257
258 7657 76 2267
259 7648 72 2280
260 7629 75 2296
261 7614 77 2309
262 7603 76 2321
263 7596 68 2336
264 7583 65 2352
265 7571 65 2364
266 7559 70 2371
267 7550 70 2380
268 7546 59 2395
269 7543 49 2408
270 7537 46 2417
271 7522 54 2424
272 7516 49 2435
273 7502 51 2447
274 7498 46 2456
275 7489 47 2464
276 7483 45 2472
277 7481 41 2478
278 7473 40 2487
279 7467 41 2492
280 7463 39 2498
281 7458 40 2502
282 7447 42 2511
283 7438 45 2517
284 7425 44 2531
285 7422 41 2537
286 7415 43 2542
287 7397 50 2553
288 7383 53 2564
289 7371 56 2573
290 7360 56 2584
291 7342 62 2596
292 7329 66 2605
293 7314 71 2615
294 7299 78 2623
295 7290 77 2633
296 7268 81 2651
297 7251 78 2671
298 7230 93 2677
299 7212 97 2691
300 7188 100 2712
301 7171 91 2738
302 7151 96 2753
303 7141 89 2770
304 7128 86 2786
305 7121 76 2803
306 7114 69 2817
307 7110 60 2830
308 7102 64 2834
309 7088 67 2845
310 7064 84 2852
311 7050 78 2872
312 7041 79 2880
313 7029 78 2893
314 7011 80 2909
315 6991 88 2921
316 6974 84 2942
317 6947 100 2953
318 6936 93 2971
319 6913 105 2982
320 6890 101 3009
321 6867 103 3030
322 6847 107 3046
323 6820 115 3065
324 6800 113 3087
325 6781 115 3104
326 6751 123 3126
327 6717 133 3150
328 6692 129 3179
329 6668 129 3203
330 6641 130 3229
331 6608 137 3255
332 6584 144 3272
333 6544 160 3296
334 6517 160 3323
335 6500 152 3348
336 6474 151 3375
337 6451 143 3406
338 6430 144 3426
339 6403 141 3456
340 6380 147 3473
341 6355 145 3500
342 6338 135 3527
343 6309 141 3550
344 6283 135 3582
345 6260 134 3606
346 6239 137 3624
347 6201 150 3649
348 6169 155 3676
349 6126 169 3705
350 6081 184 3735
351 6043 194 3763
352 6002 200 3798
353 5973 194 3833
354 5952 187 3861
355 5921 195 3884
356 5881 203 3916
357 5844 204 3952
358 5807 213 3980
359 5777 200 4023
360 5747 200 4053
361 5710 200 4090
362 5684 190 4126
363 5661 188 4151
364 5642 183 4175
365 5614 180 4206
366 5586 169 4245
367 5556 166 4278
368 5537 162 4301
369 5505 156 4339
370 5489 143 4368
371 5471 132 4397
372 5437 142 4421
373 5412 143 4445
374 5388 139 4473
375 5362 141 4497
376 5339 143 4518
377 5308 154 4538
378 5293 139 4568
379 5270 136 4594
380 5247 130 4623
381 5222 128 4650
382 5183 140 4677
383 5149 144 4707
384 5124 138 4738
385 5099 141 4760
386 5072 144 4784
387 5047 146 4807
388 5015 154 4831
389 4986 158 4856
390 4956 158 4886
391 4931 155 4914
392 4902 163 4935
393 4874 157 4969
394 4846 153 5001
395 4814 154 5032
396 4783 157 5060
397 4762 154 5084
398 4736 144 5120
399 4715 141 5144
400 4689 144 5167
401 4663 152 5185
402 4640 149 5211
403 4615 144 5241
404 4583 151 5266
405 4556 144 5300
406 4528 152 5320
407 4495 155 5350
408 4472 157 5371
409 4441 167 5392
410 4407 168 5425
411 4384 160 5456
412 4372 145 5483
413 4355 137 5508
414 4341 131 5528
415 4323 124 5553
416 4306 121 5573
417 4282 130 5588
418 4258 137 5605
419 4239 130 5631
420 4225 124 5651
421 4203 132 5665
422 4180 139 5681
423 4150 141 5709
424 4128 133 5739
425 4102 127 5771
426 4075 133 5792
427 4050 141 5809
428 4029 139 5832
429 4007 145 5848
430 3989 140 5871
431 3966 140 5894
432 3947 133 5920
433 3935 128 5937
434 3919 117 5964
435 3903 115 5982
436 3885 115 6000
437 3869 108 6023
438 3847 112 6041
439 3833 105 6062
440 3810 110 6080
441 3783 120 6097
442 3755 127 6118
443 3732 128 6140
444 3703 143 6154
445 3681 131 6188
446 3657 129 6214
447 3634 127 6239
448 3615 120 6265
449 3592 121 6287
450 3569 122 6309
451 3546 124 6330
452 3526 123 6351
453 3506 128 6366
454 3485 124 6391
455 3454 132 6414
456 3435 127 6438
457 3420 116 6464
458 3405 115 6480
459 3376 129 6495
460 3350 132 6518
461 3325 133 6542
462 3300 139 6561
463 3275 134 6591
464 3258 126 6616
465 3235 127 6638
466 3206 136 6658
467 3188 135 6677
468 3174 124 6702
469 3152 122 6726
470 3136 113 6751
471 3111 124 6765
472 3088 127 6785
473 3065 129 6806
474 3046 131 6823
475 3035 120 6845
476 3022 103 6875
477 2999 99 6902
478 2980 94 6926
479 2966 101 6933
480 2950 98 6952
481 2933 101 6966
482 2909 112 6979
483 2897 103 7000
484 2882 94 7024
485 2862 99 7039
486 2846 101 7053
487 2823 101 7076
488 2807 99 7094
489 2784 103 7113
490 2768 95 7137
491 2752 96 7152
492 2745 84 7171
493 2737 79 7184
494 2728 76 7196
495 2707 81 7212
496 2700 78 7222
497 2683 85 7232
498 2664 91 7245
499 2645 93 7262
500 2635 92 7273
501 2618 89 7293
502 2611 79 7310
503 2602 76 7322
504 2590 78 7332
505 2573 83 7344
506 2560 80 7360
507 2554 74 7372
508 2539 75 7386
509 2527 72 7401
510 2512 70 7418
511 2500 70 7430
512 2494 69 7437
513 2481 73 7446
514 2474 65 7461
515 2467 63 7470
516 2457 59 7484
517 2445 54 7501
518 2432 59 7509
519 2419 63 7518
520 2409 61 7530
521 2398 60 7542
522 2385 67 7548
523 2369 72 7559
524 2361 62 7577
525 2353 59 7588
526 2343 58 7599
527 2333 61 7606
528 2319 64 7617
529 2308 63 7629
530 2293 68 7639
531 2277 73 7650
532 2266 68 7666
533 2256 61 7683
534 2250 59 7691
535 2242 59 7699
536 2237 60 7703
537 2231 54 7715
538 2218 57 7725
539 2211 59 7730
540 2198 61 7741
541 2188 65 7747
542 2178 65 7757
543 2163 64 7773
544 2157 62 7781
545 2149 59 7792
546 2138 62 7800
547 2123 66 7811
548 2114 62 7824
549 2100 71 7829
550 2086 67 7847
551 2074 65 7861
552 2061 67 7872
553 2050 63 7887
554 2048 55 7897
555 2039 56 7905
556 2031 52 7917
557 2026 50 7924
558 2015 50 7935
559 2008 52 7940
560 2000 50 7950
561 1992 46 7962
562 1980 54 7966
563 1969 55 7976
564 1961 48 7991
565 1959 40 8001
566 1955 38 8007
567 1949 36 8015
568 1944 36 8020
569 1943 31 8026
570 1941 28 8031
571 1938 26 8036
572 1936 24 8040
573 1935 22 8043
574 1934 19 8047
575 1932 13 8055
576 1932 4 8064
577 1932 4 8064
578 1932 4 8064
579 1932 4 8064
580 1932 4 8064
581 1931 4 8065
582 1931 4 8065
583 1931 2 8067
584 1931 2 8067
585 1931 1 8068
586 1931 1 8068
587 1931 0 8069
588 1931 0 8069
589 1931 0 8069
590 1931 0 8069
591 1931 0 8069
592 1931 0 8069
593 1931 0 8069
594 1931 0 8069
595 1931 0 8069
596 1931 0 8069
597 1931 0 8069
598 1931 0 8069
599 1931 0 8069
600 1931 0 8069
601 1931 0 8069
602 1931 0 8069
603 1931 0 8069
604 1931 0 8069
605 1931 0 8069
606 1931 0 8069
607 1931 0 8069
608 1931 0 8069
609 1931 0 8069
610 1931 0 8069
611 1931 0 8069
612 1931 0 8069
613 1931 0 8069
614 1931 0 8069
615 1931 0 8069
616 1931 0 8069
617 1931 0 8069
618 1931 0 8069
619 1931 0 8069
620 1931 0 8069
621 1931 0 8069
622 1931 0 8069
623 1931 0 8069
624 1931 0 8069
625 1931 0 8069
626 1931 0 8069
627 1931 0 8069
628 1931 0 8069
629 1931 0 8069
630 1931 0 8069
631 1931 0 8069
632 1931 0 8069
633 1931 0 8069
634 1931 0 8069
635 1931 0 8069
636 1931 0 8069
637 1931 0 8069
638 1931 0 8069
639 1931 0 8069
640 1931 0 8069
641 1931 0 8069
642 1931 0 8069
643 1931 0 8069
644 1931 0 8069
645 1931 0 8069
646 1931 0 8069
647 1931 0 8069
648 1931 0 8069
649 1931 0 8069
650 1931 0 8069
651 1931 0 8069
652 1931 0 8069
653 1931 0 8069
654 1931 0 8069
655 1931 0 8069
656 1931 0 8069
657 1931 0 8069
658 1931 0 8069
659 1931 0 8069
660 1931 0 8069
661 1931 0 8069
662 1931 0 8069
663 1931 0 8069
664 1931 0 8069
665 1931 0 8069
666 1931 0 8069
667 1931 0 8069
668 1931 0 8069
669 1931 0 8069
670 1931 0 8069
671 1931 0 8069
672 1931 0 8069
673 1931 0 8069
674 1931 0 8069
675 1931 0 8069
676 1931 0 8069
677 1931 0 8069
678 1931 0 8069
679 1931 0 8069
680 1931 0 8069
681 1931 0 8069
682 1931 0 8069
683 1931 0 8069
684 1931 0 8069
685 1931 0 8069
686 1931 0 8069
687 1931 0 8069
688 1931 0 8069
689 1931 0 8069
690 1931 0 8069
691 1931 0 8069
692 1931 0 8069
693 1931 0 8069
694 1931 0 8069
695 1931 0 8069
696 1931 0 8069
697 1931 0 8069
698 1931 0 8069
699 1931 0 8069
700 1931 0 8069
701 1931 0 8069
702 1931 0 8069
703 1931 0 8069
704 1931 0 8069
705 1931 0 8069
706 1931 0 8069
707 1931 0 8069
708 1931 0 8069
709 1931 0 8069
710 1931 0 8069
711 1931 0 8069
712 1931 0 8069
713 1931 0 8069
714 1931 0 8069
715 1931 0 8069
716 1931 0 8069
717 1931 0 8069
718 1931 0 8069
719 1931 0 8069
720 1931 0 8069
721 1931 0 8069
722 1931 0 8069
723 1931 0 8069
724 1931 0 8069
725 1931 0 8069
726 1931 0 8069
727 1931 0 8069
728 1931 0 8069
729 1931 0 8069
730 1931 0 8069
731 1931 0 8069
732 1931 0 8069
733 1931 0 8069
734 1931 0 8069
735 1931 0 8069
736 1931 0 8069
737 1931 0 8069
738 1931 0 8069
739 1931 0 8069
740 1931 0 8069
741 1931 0 8069
742 1931 0 8069
743 1931 0 8069
744 1931 0 8069
745 1931 0 8069
746 1931 0 8069
747 1931 0 8069
748 1931 0 8069
749 1931 0 8069
750 1931 0 8069
751 1931 0 8069
752 1931 0 8069
753 1931 0 8069
754 1931 0 8069
755 1931 0 8069
756 1931 0 8069
757 1931 0 8069
758 1931 0 8069
759 1931 0 8069
760 1931 0 8069
761 1931 0 8069
762 1931 0 8069
763 1931 0 8069
764 1931 0 8069
765 1931 0 8069
766 1931 0 8069
767 1931 0 8069
768 1931 0 8069
769 1931 0 8069
770 1931 0 8069
771 1931 0 8069
772 1931 0 8069
773 1931 0 8069
774 1931 0 8069
775 1931 0 8069
776 1931 0 8069
777 1931 0 8069
778 1931 0 8069
779 1931 0 8069
780 1931 0 8069
781 1931 0 8069
782 1931 0 8069
783 1931 0 8069
784 1931 0 8069
785 1931 0 8069
786 1931 0 8069
787 1931 0 8069
788 1931 0 8069
789 1931 0 8069
790 1931 0 8069
791 1931 0 8069
792 1931 0 8069
793 1931 0 8069
794 1931 0 8069
795 1931 0 8069
796 1931 0 8069
797 1931 0 8069
798 1931 0 8069
799 1931 0 8069
800 1931 0 8069
801 1931 0 8069
802 1931 0 8069
803 1931 0 8069
804 1931 0 8069
805 1931 0 8069
806 1931 0 8069
807 1931 0 8069
808 1931 0 8069
809 1931 0 8069
810 1931 0 8069
811 1931 0 8069
812 1931 0 8069
813 1931 0 8069
814 1931 0 8069
815 1931 0 8069
816 1931 0 8069
817 1931 0 8069
818 1931 0 8069
819 1931 0 8069
820 1931 0 8069
821 1931 0 8069
822 1931 0 8069
823 1931 0 8069
824 1931 0 8069
825 1931 0 8069
826 1931 0 8069
827 1931 0 8069
828 1931 0 8069
829 1931 0 8069
830 1931 0 8069
831 1931 0 8069
832 1931 0 8069
833 1931 0 8069
834 1931 0 8069
835 1931 0 8069
836 1931 0 8069
837 1931 0 8069
838 1931 0 8069
839 1931 0 8069
840 1931 0 8069
841 1931 0 8069
842 1931 0 8069
843 1931 0 8069
844 1931 0 8069
845 1931 0 8069
846 1931 0 8069
847 1931 0 8069
848 1931 0 8069
849 1931 0 8069
850 1931 0 8069
851 1931 0 8069
852 1931 0 8069
853 1931 0 8069
854 1931 0 8069
855 1931 0 8069
856 1931 0 8069
857 1931 0 8069
858 1931 0 8069
859 1931 0 8069
860 1931 0 8069
861 1931 0 8069
862 1931 0 8069
863 1931 0 8069
864 1931 0 8069
865 1931 0 8069
866 1931 0 8069
867 1931 0 8069
868 1931 0 8069
869 1931 0 8069
870 1931 0 8069
871 1931 0 8069
872 1931 0 8069
873 1931 0 8069
874 1931 0 8069
875 1931 0 8069
876 1931 0 8069
877 1931 0 8069
878 1931 0 8069
879 1931 0 8069
880 1931 0 8069
881 1931 0 8069
882 1931 0 8069
883 1931 0 8069
884 1931 0 8069
885 1931 0 8069
886 1931 0 8069
887 1931 0 8069
888 1931 0 8069
889 1931 0 8069
890 1931 0 8069
891 1931 0 8069
892 1931 0 8069
893 1931 0 8069
894 1931 0 8069
895 1931 0 8069
896 1931 0 8069
897 1931 0 8069
898 1931 0 8069
899 1931 0 8069
900 1931 0 8069
901 1931 0 8069
902 1931 0 8069
903 1931 0 8069
904 1931 0 8069
905 1931 0 8069
906 1931 0 8069
907 1931 0 8069
908 1931 0 8069
909 1931 0 8069
910 1931 0 8069
911 1931 0 8069
912 1931 0 8069
913 1931 0 8069
914 1931 0 8069
915 1931 0 8069
916 1931 0 8069
917 1931 0 8069
918 1931 0 8069
919 1931 0 8069
920 1931 0 8069
921 1931 0 8069
922 1931 0 8069
923 1931 0 8069
924 1931 0 8069
925 1931 0 8069
926 1931 0 8069
927 1931 0 8069
928 1931 0 8069
929 1931 0 8069
930 1931 0 8069
931 1931 0 8069
932 1931 0 8069
933 1931 0 8069
934 1931 0 8069
935 1931 0 8069
936 1931 0 8069
937 1931 0 8069
938 1931 0 8069
939 1931 0 8069
940 1931 0 8069
941 1931 0 8069
942 1931 0 8069
943 1931 0 8069
944 1931 0 8069
945 1931 0 8069
946 1931 0 8069
947 1931 0 8069
948 1931 0 8069
949 1931 0 8069
950 1931 0 8069
951 1931 0 8069
952 1931 0 8069
953 1931 0 8069
954 1931 0 8069
955 1931 0 8069
956 1931 0 8069
957 1931 0 8069
958 1931 0 8069
959 1931 0 8069
960 1931 0 8069
961 1931 0 8069
962 1931 0 8069
963 1931 0 8069
964 1931 0 8069
965 1931 0 8069
966 1931 0 8069
967 1931 0 8069
968 1931 0 8069
969 1931 0 8069
970 1931 0 8069
971 1931 0 8069
972 1931 0 8069
973 1931 0 8069
974 1931 0 8069
975 1931 0 8069
976 1931 0 8069
977 1931 0 8069
978 1931 0 8069
979 1931 0 8069
980 1931 0 8069
981 1931 0 8069
982 1931 0 8069
983 1931 0 8069
984 1931 0 8069
985 1931 0 8069
986 1931 0 8069
987 1931 0 8069
988 1931 0 8069
989 1931 0 8069
990 1931 0 8069
991 1931 0 8069
992 1931 0 8069
993 1931 0 8069
994 1931 0 8069
995 1931 0 8069
996 1931 0 8069
997 1931 0 8069
998 1931 0 8069
999 1931 0 8069
