0 9999 1 0
1 9998 2 0
2 9996 4 0
3 9995 4 1
4 9986 12 2
5 9982 13 5
6 9978 13 9
7 9974 16 10
8 9969 19 12
9 9966 17 17
10 9959 23 18
11 9954 24 22
12 9948 24 28
13 9946 21 33
14 9939 24 37
15 9934 24 42
16 9928 25 47
17 9925 26 49
18 9917 29 54
19 9913 26 61
20 9907 30 63
21 9906 28 66
22 9903 26 71
23 9900 28 72
24 9900 26 74
25 9898 21 81
26 9897 17 86
27 9894 19 87
28 9888 23 89
29 9883 22 95
30 9883 18 99
31 9881 17 102
32 9879 17 104
33 9877 17 106
34 9876 14 110
35 9872 16 112
36 9872 15 113
37 9871 15 114
38 9867 16 117
39 9866 14 120
40 9863 15 122
41 9861 11 128
42 9860 11 129
43 9856 13 131
44 9856 12 132
45 9855 13 132
46 9854 11 135
47 9849 13 138
48 9847 12 141
49 9843 10 147
50 9839 14 147
51 9839 11 150
52 9838 10 152
53 9834 10 156
54 9827 15 158
55 9819 22 159
56 9812 24 164
57 9803 25 172
58 9794 29 177
59 9785 35 180
60 9774 34 192
61 9767 34 199
62 9761 32 207
63 9754 27 219
64 9751 28 221
65 9744 30 226
66 9741 25 234
67 9731 31 238
68 9725 29 246
69 9718 31 251
70 9715 25 260
71 9707 32 261
72 9697 37 266
73 9694 27 279
74 9686 29 285
75 9684 24 292
76 9679 24 297
77 9678 17 305
78 9677 15 308
79 9675 15 310
80 9675 11 314
81 9675 8 317
82 9673 10 317
83 9672 8 320
84 9670 8 322
85 9666 11 323
86 9665 9 326
87 9661 11 328
88 9649 22 329
89 9642 24 334
90 9640 21 339
91 9638 18 344
92 9634 17 349
93 9629 21 350
94 9627 16 357
95 9625 16 359
96 9624 13 363
97 9621 15 364
98 9621 12 367
99 9620 8 372
100 9620 8 372
101 9613 13 374
102 9613 10 377
103 9613 5 382
104 9611 4 385
105 9609 6 385
106 9609 6 385
107 9609 5 386
108 9609 5 386
109 9609 3 388
110 9609 2 389
111 9609 1 390
112 9609 1 390
113 9609 0 391
114 9609 0 391
115 9609 0 391
116 9609 0 391
117 9609 0 391
118 9609 0 391
119 9609 0 391
120 9609 0 391
121 9609 0 391
122 9609 0 391
123 9609 0 391
124 9609 0 391
125 9609 0 391
126 9609 0 391
127 9609 0 391
128 9609 0 391
129 9609 0 391
130 9609 0 391
131 9609 0 391
132 9609 0 391
133 9609 0 391
134 9609 0 391
135 9609 0 391
136 9609 0 391
137 9609 0 391
138 9609 0 391
139 9609 0 391
140 9609 0 391
141 9609 0 391
142 9609 0 391
143 9609 0 391
144 9609 0 391
145 9609 0 391
146 9609 0 391
147 9609 0 391
148 9609 0 391
149 9609 0 391
150 9609 0 391
151 9609 0 391
152 9609 0 391
153 9609 0 391
154 9609 0 391
155 9609 0 391
156 9609 0 391
157 9609 0 391
158 9609 0 391
159 9609 0 391
160 9609 0 391
161 9609 0 391
162 9609 0 391
163 9609 0 391
164 9609 0 391
165 9609 0 391
166 9609 0 391
167 9609 0 391
168 9609 0 391
169 9609 0 391
170 9609 0 391
171 9609 0 391
172 9609 0 391
173 9609 0 391
174 9609 0 391
175 9609 0 391
176 9609 0 391
177 9609 0 391
178 9609 0 391
179 9609 0 391
180 9609 0 391
181 9609 0 391
182 9609 0 391
183 9609 0 391
184 9609 0 391
185 9609 0 391
186 9609 0 391
187 9609 0 391
188 9609 0 391
189 9609 0 391
190 9609 0 391
191 9609 0 391
192 9609 0 391
193 9609 0 391
194 9609 0 391
195 9609 0 391
196 9609 0 391
197 9609 0 391
198 9609 0 391
199 9609 0 391
200 9609 0 391
201 9609 0 391
202 9609 0 391
203 9609 0 391
204 9609 0 391
205 9609 0 391
206 9609 0 391
207 9609 0 391
208 9609 0 391
209 9609 0 391
210 9609 0 391
211 9609 0 391
212 9609 0 391
213 9609 0 391
214 9609 0 391
215 9609 0 391
216 9609 0 391
217 9609 0 391
218 9609 0 391
219 9609 0 391
220 9609 0 391
221 9609 0 391
222 9609 0 391
223 9609 0 391
224 9609 0 391
225 9609 0 391
226 9609 0 391
227 9609 0 391
228 9609 0 391
229 9609 0 391
230 9609 0 391
231 9609 0 391
232 9609 0 391
233 9609 0 391
234 9609 0 391
235 9609 0 391
236 9609 0 391
237 9609 0 391
238 9609 0 391
239 9609 0 391
240 9609 0 391
241 9609 0 391
242 9609 0 391
243 9609 0 391
244 9609 0 391
245 9609 0 391
246 9609 0 391
247 9609 0 391
248 9609 0 391
249 9609 0 391
250 9609 0 391
251 9609 0 391
252 9609 0 391
253 9609 0 391
254 9609 0 391
255 9609 0 391
256 9609 0 391
257 9609 0 391
258 9609 0 391
259 9609 0 391
260 9609 0 391
261 9609 0 391
262 9609 0 391
263 9609 0 391
264 9609 0 391
265 9609 0 391
266 9609 0 391
267 9609 0 391
268 9609 0 391
269 9609 0 391
270 9609 0 391
271 9609 0 391
272 9609 0 391
273 9609 0 391
274 9609 0 391
275 9609 0 391
276 9609 0 391
277 9609 0 391
278 9609 0 391
279 9609 0 391
280 9609 0 391
281 9609 0 391
282 9609 0 391
283 9609 0 391
284 9609 0 391
285 9609 0 391
286 9609 0 391
287 9609 0 391
288 9609 0 391
289 9609 0 391
290 9609 0 391
291 9609 0 391
292 9609 0 391
293 9609 0 391
294 9609 0 391
295 9609 0 391
296 9609 0 391
297 9609 0 391
298 9609 0 391
299 9609 0 391
300 9609 0 391
301 9609 0 391
302 9609 0 391
303 9609 0 391
304 9609 0 391
305 9609 0 391
306 9609 0 391
307 9609 0 391
308 9609 0 391
309 9609 0 391
310 9609 0 391
311 9609 0 391
312 9609 0 391
313 9609 0 391
314 9609 0 391
315 9609 0 391
316 9609 0 391
317 9609 0 391
318 9609 0 391
319 9609 0 391
320 9609 0 391
321 9609 0 391
322 9609 0 391
323 9609 0 391
324 9609 0 391
325 9609 0 391
326 9609 0 391
327 9609 0 391
328 9609 0 391
329 9609 0 391
330 9609 0 391
331 9609 0 391
332 9609 0 391
333 9609 0 391
334 9609 0 391
335 9609 0 391
336 9609 0 391
337 9609 0 391
338 9609 0 391
339 9609 0 391
340 9609 0 391
341 9609 0 391
342 9609 0 391
343 9609 0 391
344 9609 0 391
345 9609 0 391
346 9609 0 391
347 9609 0 391
348 9609 0 391
349 9609 0 391
350 9609 0 391
351 9609 0 391
352 9609 0 391
353 9609 0 391
354 9609 0 391
355 9609 0 391
356 9609 0 391
357 9609 0 391
358 9609 0 391
359 9609 0 391
360 9609 0 391
361 9609 0 391
362 9609 0 391
363 9609 0 391
364 9609 0 391
365 9609 0 391
366 9609 0 391
367 9609 0 391
368 9609 0 391
369 9609 0 391
370 9609 0 391
371 9609 0 391
372 9609 0 391
373 9609 0 391
374 9609 0 391
375 9609 0 391
376 9609 0 391
377 9609 0 391
378 9609 0 391
379 9609 0 391
380 9609 0 391
381 9609 0 391
382 9609 0 391
383 9609 0 391
384 9609 0 391
385 9609 0 391
386 9609 0 391
387 9609 0 391
388 9609 0 391
389 9609 0 391
390 9609 0 391
391 9609 0 391
392 9609 0 391
393 9609 0 391
394 9609 0 391
395 9609 0 391
396 9609 0 391
397 9609 0 391
398 9609 0 391
399 9609 0 391
400 9609 0 391
401 9609 0 391
402 9609 0 391
403 9609 0 391
404 9609 0 391
405 9609 0 391
406 9609 0 391
407 9609 0 391
408 9609 0 391
409 9609 0 391
410 9609 0 391
411 9609 0 391
412 9609 0 391
413 9609 0 391
414 9609 0 391
415 9609 0 391
416 9609 0 391
417 9609 0 391
418 9609 0 391
419 9609 0 391
420 9609 0 391
421 9609 0 391
422 9609 0 391
423 9609 0 391
424 9609 0 391
425 9609 0 391
426 9609 0 391
427 9609 0 391
428 9609 0 391
429 9609 0 391
430 9609 0 391
431 9609 0 391
432 9609 0 391
433 9609 0 391
434 9609 0 391
435 9609 0 391
436 9609 0 391
437 9609 0 391
438 9609 0 391
439 9609 0 391
440 9609 0 391
441 9609 0 391
442 9609 0 391
443 9609 0 391
444 9609 0 391
445 9609 0 391
446 9609 0 391
447 9609 0 391
448 9609 0 391
449 9609 0 391
450 9609 0 391
451 9609 0 391
452 9609 0 391
453 9609 0 391
454 9609 0 391
455 9609 0 391
456 9609 0 391
457 9609 0 391
458 9609 0 391
459 9609 0 391
460 9609 0 391
461 9609 0 391
462 9609 0 391
463 9609 0 391
464 9609 0 391
465 9609 0 391
466 9609 0 391
467 9609 0 391
468 9609 0 391
469 9609 0 391
470 9609 0 391
471 9609 0 391
472 9609 0 391
473 9609 0 391
474 9609 0 391
475 9609 0 391
476 9609 0 391
477 9609 0 391
478 9609 0 391
479 9609 0 391
480 9609 0 391
481 9609 0 391
482 9609 0 391
483 9609 0 391
484 9609 0 391
485 9609 0 391
486 9609 0 391
487 9609 0 391
488 9609 0 391
489 9609 0 391
490 9609 0 391
491 9609 0 391
492 9609 0 391
493 9609 0 391
494 9609 0 391
495 9609 0 391
496 9609 0 391
497 9609 0 391
498 9609 0 391
499 9609 0 391
500 9609 0 391
501 9609 0 391
502 9609 0 391
503 9609 0 391
504 9609 0 391
505 9609 0 391
506 9609 0 391
507 9609 0 391
508 9609 0 391
509 9609 0 391
510 9609 0 391
511 9609 0 391
512 9609 0 391
513 9609 0 391
514 9609 0 391
515 9609 0 391
516 9609 0 391
517 9609 0 391
518 9609 0 391
519 9609 0 391
520 9609 0 391
521 9609 0 391
522 9609 0 391
523 9609 0 391
524 9609 0 391
525 9609 0 391
526 9609 0 391
527 9609 0 391
528 9609 0 391
529 9609 0 391
530 9609 0 391
531 9609 0 391
532 9609 0 391
533 9609 0 391
534 9609 0 391
535 9609 0 391
536 9609 0 391
537 9609 0 391
538 9609 0 391
539 9609 0 391
540 9609 0 391
541 9609 0 391
542 9609 0 391
543 9609 0 391
544 9609 0 391
545 9609 0 391
546 9609 0 391
547 9609 0 391
548 9609 0 391
549 9609 0 391
550 9609 0 391
551 9609 0 391
552 9609 0 391
553 9609 0 391
554 9609 0 391
555 9609 0 391
556 9609 0 391
557 9609 0 391
558 9609 0 391
559 9609 0 391
560 9609 0 391
561 9609 0 391
562 9609 0 391
563 9609 0 391
564 9609 0 391
565 9609 0 391
566 9609 0 391
567 9609 0 391
568 9609 0 391
569 9609 0 391
570 9609 0 391
571 9609 0 391
572 9609 0 391
573 9609 0 391
574 9609 0 391
575 9609 0 391
576 9609 0 391
577 9609 0 391
578 9609 0 391
579 9609 0 391
580 9609 0 391
581 9609 0 391
582 9609 0 391
583 9609 0 391
584 9609 0 391
585 9609 0 391
586 9609 0 391
587 9609 0 391
588 9609 0 391
589 9609 0 391
590 9609 0 391
591 9609 0 391
592 9609 0 391
593 9609 0 391
594 9609 0 391
595 9609 0 391
596 9609 0 391
597 9609 0 391
598 9609 0 391
599 9609 0 391
600 9609 0 391
601 9609 0 391
602 9609 0 391
603 9609 0 391
604 9609 0 391
605 9609 0 391
606 9609 0 391
607 9609 0 391
608 9609 0 391
609 9609 0 391
610 9609 0 391
611 9609 0 391
612 9609 0 391
613 9609 0 391
614 9609 0 391
615 9609 0 391
616 9609 0 391
617 9609 0 391
618 9609 0 391
619 9609 0 391
620 9609 0 391
621 9609 0 391
622 9609 0 391
623 9609 0 391
624 9609 0 391
625 9609 0 391
626 9609 0 391
627 9609 0 391
628 9609 0 391
629 9609 0 391
630 9609 0 391
631 9609 0 391
632 9609 0 391
633 9609 0 391
634 9609 0 391
635 9609 0 391
636 9609 0 391
637 9609 0 391
638 9609 0 391
639 9609 0 391
640 9609 0 391
641 9609 0 391
642 9609 0 391
643 9609 0 391
644 9609 0 391
645 9609 0 391
646 9609 0 391
647 9609 0 391
648 9609 0 391
649 9609 0 391
650 9609 0 391
651 9609 0 391
652 9609 0 391
653 9609 0 391
654 9609 0 391
655 9609 0 391
656 9609 0 391
657 9609 0 391
658 9609 0 391
659 9609 0 391
660 9609 0 391
661 9609 0 391
662 9609 0 391
663 9609 0 391
664 9609 0 391
665 9609 0 391
666 9609 0 391
667 9609 0 391
668 9609 0 391
669 9609 0 391
670 9609 0 391
671 9609 0 391
672 9609 0 391
673 9609 0 391
674 9609 0 391
675 9609 0 391
676 9609 0 391
677 9609 0 391
678 9609 0 391
679 9609 0 391
680 9609 0 391
681 9609 0 391
682 9609 0 391
683 9609 0 391
684 9609 0 391
685 9609 0 391
686 9609 0 391
687 9609 0 391
688 9609 0 391
689 9609 0 391
690 9609 0 391
691 9609 0 391
692 9609 0 391
693 9609 0 391
694 9609 0 391
695 9609 0 391
696 9609 0 391
697 9609 0 391
698 9609 0 391
699 9609 0 391
700 9609 0 391
701 9609 0 391
702 9609 0 391
703 9609 0 391
704 9609 0 391
705 9609 0 391
706 9609 0 391
707 9609 0 391
708 9609 0 391
709 9609 0 391
710 9609 0 391
711 9609 0 391
712 9609 0 391
713 9609 0 391
714 9609 0 391
715 9609 0 391
716 9609 0 391
717 9609 0 391
718 9609 0 391
719 9609 0 391
720 9609 0 391
721 9609 0 391
722 9609 0 391
723 9609 0 391
724 9609 0 391
725 9609 0 391
726 9609 0 391
727 9609 0 391
728 9609 0 391
729 9609 0 391
730 9609 0 391
731 9609 0 391
732 9609 0 391
733 9609 0 391
734 9609 0 391
735 9609 0 391
736 9609 0 391
737 9609 0 391
738 9609 0 391
739 9609 0 391
740 9609 0 391
741 9609 0 391
742 9609 0 391
743 9609 0 391
744 9609 0 391
745 9609 0 391
746 9609 0 391
747 9609 0 391
748 9609 0 391
749 9609 0 391
750 9609 0 391
751 9609 0 391
752 9609 0 391
753 9609 0 391
754 9609 0 391
755 9609 0 391
756 9609 0 391
757 9609 0 391
758 9609 0 391
759 9609 0 391
760 9609 0 391
761 9609 0 391
762 9609 0 391
763 9609 0 391
764 9609 0 391
765 9609 0 391
766 9609 0 391
767 9609 0 391
768 9609 0 391
769 9609 0 391
770 9609 0 391
771 9609 0 391
772 9609 0 391
773 9609 0 391
774 9609 0 391
775 9609 0 391
776 9609 0 391
777 9609 0 391
778 9609 0 391
779 9609 0 391
780 9609 0 391
781 9609 0 391
782 9609 0 391
783 9609 0 391
784 9609 0 391
785 9609 0 391
786 9609 0 391
787 9609 0 391
788 9609 0 391
789 9609 0 391
790 9609 0 391
791 9609 0 391
792 9609 0 391
793 9609 0 391
794 9609 0 391
795 9609 0 391
796 9609 0 391
797 9609 0 391
798 9609 0 391
799 9609 0 391
800 9609 0 391
801 9609 0 391
802 9609 0 391
803 9609 0 391
804 9609 0 391
805 9609 0 391
806 9609 0 391
807 9609 0 391
808 9609 0 391
809 9609 0 391
810 9609 0 391
811 9609 0 391
812 9609 0 391
813 9609 0 391
814 9609 0 391
815 9609 0 391
816 9609 0 391
817 9609 0 391
818 9609 0 391
819 9609 0 391
820 9609 0 391
821 9609 0 391
822 9609 0 391
823 9609 0 391
824 9609 0 391
825 9609 0 391
826 9609 0 391
827 9609 0 391
828 9609 0 391
829 9609 0 391
830 9609 0 391
831 9609 0 391
832 9609 0 391
833 9609 0 391
834 9609 0 391
835 9609 0 391
836 9609 0 391
837 9609 0 391
838 9609 0 391
839 9609 0 391
840 9609 0 391
841 9609 0 391
842 9609 0 391
843 9609 0 391
844 9609 0 391
845 9609 0 391
846 9609 0 391
847 9609 0 391
848 9609 0 391
849 9609 0 391
850 9609 0 391
851 9609 0 391
852 9609 0 391
853 9609 0 391
854 9609 0 391
855 9609 0 391
856 9609 0 391
857 9609 0 391
858 9609 0 391
859 9609 0 391
860 9609 0 391
861 9609 0 391
862 9609 0 391
863 9609 0 391
864 9609 0 391
865 9609 0 391
866 9609 0 391
867 9609 0 391
868 9609 0 391
869 9609 0 391
870 9609 0 391
871 9609 0 391
872 9609 0 391
873 9609 0 391
874 9609 0 391
875 9609 0 391
876 9609 0 391
877 9609 0 391
878 9609 0 391
879 9609 0 391
880 9609 0 391
881 9609 0 391
882 9609 0 391
883 9609 0 391
884 9609 0 391
885 9609 0 391
886 9609 0 391
887 9609 0 391
888 9609 0 391
889 9609 0 391
890 9609 0 391
891 9609 0 391
892 9609 0 391
893 9609 0 391
894 9609 0 391
895 9609 0 391
896 9609 0 391
897 9609 0 391
898 9609 0 391
899 9609 0 391
900 9609 0 391
901 9609 0 391
902 9609 0 391
903 9609 0 391
904 9609 0 391
905 9609 0 391
906 9609 0 391
907 9609 0 391
908 9609 0 391
909 9609 0 391
910 9609 0 391
911 9609 0 391
912 9609 0 391
913 9609 0 391
914 9609 0 391
915 9609 0 391
916 9609 0 391
917 9609 0 391
918 9609 0 391
919 9609 0 391
920 9609 0 391
921 9609 0 391
922 9609 0 391
923 9609 0 391
924 9609 0 391
925 9609 0 391
926 9609 0 391
927 9609 0 391
928 9609 0 391
929 9609 0 391
930 9609 0 391
931 9609 0 391
932 9609 0 391
933 9609 0 391
934 9609 0 391
935 9609 0 391
936 9609 0 391
937 9609 0 391
938 9609 0 391
939 9609 0 391
940 9609 0 391
941 9609 0 391
942 9609 0 391
943 9609 0 391
944 9609 0 391
945 9609 0 391
946 9609 0 391
947 9609 0 391
948 9609 0 391
949 9609 0 391
950 9609 0 391
951 9609 0 391
952 9609 0 391
953 9609 0 391
954 9609 0 391
955 9609 0 391
956 9609 0 391
957 9609 0 391
958 9609 0 391
959 9609 0 391
960 9609 0 391
961 9609 0 391
962 9609 0 391
963 9609 0 391
964 9609 0 391
965 9609 0 391
966 9609 0 391
967 9609 0 391
968 9609 0 391
969 9609 0 391
970 9609 0 391
971 9609 0 391
972 9609 0 391
973 9609 0 391
974 9609 0 391
975 9609 0 391
976 9609 0 391
977 9609 0 391
978 9609 0 391
979 9609 0 391
980 9609 0 391
981 9609 0 391
982 9609 0 391
983 9609 0 391
984 9609 0 391
985 9609 0 391
986 9609 0 391
987 9609 0 391
988 9609 0 391
989 9609 0 391
990 9609 0 391
991 9609 0 391
992 9609 0 391
993 9609 0 391
994 9609 0 391
995 9609 0 391
996 9609 0 391
997 9609 0 391
998 9609 0 391
999 9609 0 391
