0 9999 0 1 0
1 9998 1 1 0
2 9997 2 1 0
3 9997 2 1 0
4 9997 2 0 1
5 9997 2 0 1
6 9995 3 1 1
7 9994 3 1 2
8 9993 4 1 2
9 9993 4 1 2
10 9993 4 1 2
11 9992 4 2 2
12 9992 4 1 3
13 9992 4 1 3
14 9992 4 1 3
15 9992 4 1 3
16 9992 4 1 3
17 9992 3 2 3
18 9992 2 3 3
19 9990 3 4 3
20 9987 5 4 4
21 9986 4 4 6
22 9985 4 5 6
23 9985 4 4 7
24 9983 3 7 7
25 9981 4 6 9
26 9981 4 4 11
27 9980 5 3 12
28 9978 4 5 13
29 9978 4 5 13
30 9975 7 4 14
31 9975 5 6 14
32 9974 5 7 14
33 9973 6 5 16
34 9971 7 4 18
35 9970 8 4 18
36 9970 7 4 19
37 9970 6 4 20
38 9969 7 3 21
39 9967 6 5 22
40 9966 6 4 24
41 9965 6 4 25
42 9965 5 4 26
43 9964 4 6 26
44 9964 4 5 27
45 9963 4 5 28
46 9961 5 5 29
47 9960 4 5 31
48 9957 5 7 31
49 9956 6 4 34
50 9954 7 5 34
51 9953 8 4 35
52 9952 9 3 36
53 9951 8 5 36
54 9949 7 8 36
55 9948 5 9 38
56 9947 6 7 40
57 9946 7 6 41
58 9945 7 6 42
59 9944 6 8 42
60 9943 7 8 42
61 9940 8 10 42
62 9940 6 10 44
63 9938 8 10 44
64 9935 9 11 45
65 9932 9 11 48
66 9931 6 14 49
67 9927 8 13 52
68 9925 6 16 53
69 9924 7 11 58
70 9921 7 12 60
71 9918 10 9 63
72 9915 10 10 65
73 9914 10 10 66
74 9911 10 12 67
75 9908 11 14 67
76 9904 12 15 69
77 9901 13 15 71
78 9897 12 16 75
79 9894 14 14 78
80 9892 12 16 80
81 9890 11 17 82
82 9888 11 17 84
83 9887 11 12 90
84 9885 11 13 91
85 9884 10 11 95
86 9883 9 10 98
87 9880 9 11 100
88 9878 10 10 102
89 9873 12 10 105
90 9872 7 15 106
91 9868 9 14 109
92 9866 10 10 114
93 9865 9 10 116
94 9864 8 11 117
95 9864 7 7 122
96 9863 6 9 122
97 9856 10 10 124
98 9853 11 11 125
99 9850 10 13 127
100 9849 9 12 130
101 9847 7 12 134
102 9840 11 12 137
103 9838 11 13 138
104 9837 12 10 141
105 9836 12 9 143
106 9833 10 10 147
107 9827 11 14 148
108 9824 12 13 151
109 9818 15 15 152
110 9816 14 16 154
111 9816 13 15 156
112 9812 14 17 157
113 9806 19 16 159
114 9803 20 16 161
115 9802 18 13 167
116 9798 17 15 170
117 9794 19 15 172
118 9791 18 17 174
119 9786 19 21 174
120 9784 15 23 178
121 9780 15 23 182
122 9775 17 24 184
123 9767 22 24 187
124 9766 18 23 193
125 9763 18 23 196
126 9761 18 19 202
127 9757 19 17 207
128 9755 16 20 209
129 9746 20 22 212
130 9740 17 28 215
131 9736 17 26 221
132 9734 13 26 227
133 9730 15 21 234
134 9727 17 20 236
135 9725 17 19 239
136 9721 17 21 241
137 9715 18 21 246
138 9712 18 18 252
139 9710 17 19 254
140 9708 18 19 255
141 9703 20 17 260
142 9701 20 15 264
143 9698 22 14 266
144 9697 20 16 267
145 9696 19 16 269
146 9693 21 15 271
147 9691 19 15 275
148 9688 18 16 278
149 9687 15 18 280
150 9684 10 24 282
151 9681 12 22 285
152 9676 12 22 290
153 9673 12 23 292
154 9672 13 20 295
155 9667 16 18 299
156 9666 16 17 301
157 9666 15 15 304
158 9664 14 17 305
159 9661 15 19 305
160 9659 14 20 307
161 9657 14 21 308
162 9656 12 18 314
163 9653 14 17 316
164 9651 12 16 321
165 9647 14 15 324
166 9647 12 13 328
167 9644 11 16 329
168 9643 12 14 331
169 9642 10 13 335
170 9640 10 12 338
171 9638 12 12 338
172 9637 12 12 339
173 9637 9 12 342
174 9635 10 11 344
175 9635 9 9 347
176 9633 10 7 350
177 9631 12 7 350
178 9631 8 8 353
179 9630 9 6 355
180 9629 9 7 355
181 9627 7 10 356
182 9625 9 8 358
183 9625 5 9 361
184 9625 5 8 362
185 9622 6 9 363
186 9621 5 10 364
187 9618 6 12 364
188 9616 8 11 365
189 9614 7 9 370
190 9613 8 9 370
191 9611 6 11 372
192 9611 6 10 373
193 9611 5 10 374
194 9609 7 9 375
195 9608 7 7 378
196 9606 5 10 379
197 9605 6 8 381
198 9603 7 7 383
199 9602 8 4 386
200 9600 8 5 387
201 9597 9 7 387
202 9596 8 5 391
203 9596 8 4 392
204 9596 7 3 394
205 9593 4 8 395
206 9592 5 7 396
207 9589 7 8 396
208 9589 5 9 397
209 9584 6 11 399
210 9577 11 12 400
211 9575 10 11 404
212 9573 11 10 406
213 9573 8 10 409
214 9571 10 10 409
215 9569 10 11 410
216 9567 9 9 415
217 9566 9 8 417
218 9565 8 9 418
219 9564 8 10 418
220 9561 10 9 420
221 9559 11 8 422
222 9558 9 9 424
223 9555 8 11 426
224 9551 10 11 428
225 9547 12 7 434
226 9545 9 10 436
227 9544 9 8 439
228 9541 7 12 440
229 9541 6 11 442
230 9538 6 13 443
231 9535 8 13 444
232 9534 7 15 444
233 9533 7 14 446
234 9531 9 12 448
235 9528 9 14 449
236 9525 8 16 451
237 9521 10 15 454
238 9516 11 16 457
239 9512 14 15 459
240 9510 11 17 462
241 9506 13 18 463
242 9499 18 19 464
243 9497 15 20 468
244 9495 14 19 472
245 9489 18 16 477
246 9483 20 17 480
247 9479 21 14 486
248 9477 16 21 486
249 9469 22 21 488
250 9466 20 22 492
251 9463 17 25 495
252 9457 17 27 499
253 9450 20 24 506
254 9448 18 24 510
255 9445 19 21 515
256 9440 21 19 520
257 9439 18 18 525
258 9435 21 19 525
259 9433 20 22 525
260 9432 18 20 530
261 9430 17 19 534
262 9430 17 14 539
263 9427 15 19 539
264 9426 14 20 540
265 9421 17 20 542
266 9417 17 21 545
267 9415 17 22 546
268 9412 15 26 547
269 9411 14 23 552
270 9407 17 20 556
271 9403 19 20 558
272 9400 15 24 561
273 9394 16 24 566
274 9392 15 24 569
275 9390 12 26 572
276 9384 14 25 577
277 9381 15 23 581
278 9378 16 20 586
279 9375 19 17 589
280 9371 20 18 591
281 9364 23 19 594
282 9363 21 20 596
283 9362 20 19 599
284 9361 17 20 602
285 9355 18 21 606
286 9353 18 20 609
287 9350 17 20 613
288 9346 17 20 617
289 9345 15 19 621
290 9341 15 21 623
291 9334 16 22 628
292 9331 15 23 631
293 9329 14 21 636
294 9327 13 19 641
295 9326 12 17 645
296 9325 11 11 653
297 9324 10 9 657
298 9323 6 12 659
299 9323 5 13 659
300 9319 8 12 661
301 9317 8 13 662
302 9317 7 13 663
303 9314 8 12 666
304 9314 6 12 668
305 9312 6 13 669
306 9309 7 10 674
307 9306 9 10 675
308 9305 8 11 676
309 9301 10 9 680
310 9299 8 12 681
311 9294 12 11 683
312 9292 12 10 686
313 9285 16 12 687
314 9282 16 14 688
315 9279 15 16 690
316 9278 13 17 692
317 9274 14 12 700
318 9273 13 14 700
319 9268 18 11 703
320 9267 16 10 707
321 9265 13 12 710
322 9262 12 15 711
323 9260 13 14 713
324 9256 15 14 715
325 9253 14 17 716
326 9249 16 17 718
327 9247 18 14 721
328 9247 17 13 723
329 9245 15 15 725
330 9241 18 13 728
331 9239 18 14 729
332 9237 16 14 733
333 9232 18 17 733
334 9227 21 15 737
335 9225 16 18 741
336 9221 14 19 746
337 9219 11 20 750
338 9215 14 18 753
339 9212 16 16 756
340 9211 17 13 759
341 9210 14 15 761
342 9207 12 20 761
343 9203 11 20 766
344 9199 11 21 769
345 9196 13 19 772
346 9193 12 20 775
347 9188 15 17 780
348 9183 19 16 782
349 9180 17 20 783
350 9177 16 20 787
351 9173 19 19 789
352 9170 19 21 790
353 9170 17 20 793
354 9167 19 20 794
355 9162 16 21 801
356 9158 18 20 804
357 9150 24 17 809
358 9149 20 16 815
359 9147 16 20 817
360 9140 21 20 819
361 9134 21 22 823
362 9132 21 21 826
363 9129 19 24 828
364 9123 22 25 830
365 9121 20 22 837
366 9118 20 22 840
367 9116 22 20 842
368 9113 18 24 845
369 9108 23 19 850
370 9107 21 15 857
371 9102 22 14 862
372 9101 16 21 862
373 9097 17 24 862
374 9092 14 25 869
375 9085 16 23 876
376 9078 19 21 882
377 9075 20 21 884
378 9072 22 17 889
379 9070 22 16 892
380 9066 22 17 895
381 9064 21 17 898
382 9061 21 15 903
383 9057 20 17 906
384 9056 17 19 908
385 9054 17 18 911
386 9051 15 19 915
387 9047 16 17 920
388 9039 20 17 924
389 9036 21 15 928
390 9034 18 16 932
391 9032 18 15 935
392 9028 17 16 939
393 9024 17 16 943
394 9019 18 17 946
395 9016 17 15 952
396 9009 18 19 954
397 9006 12 21 961
398 9000 16 20 964
399 8996 17 21 966
400 8996 15 20 969
401 8994 13 20 973
402 8991 14 17 978
403 8988 14 12 986
404 8986 13 11 990
405 8982 12 15 991
406 8977 16 15 992
407 8976 17 13 994
408 8973 16 13 998
409 8971 15 13 1001
410 8969 14 12 1005
411 8967 14 13 1006
412 8965 15 11 1009
413 8964 13 13 1010
414 8961 11 16 1012
415 8959 11 15 1015
416 8958 9 12 1021
417 8957 8 12 1023
418 8953 7 16 1024
419 8951 9 13 1027
420 8948 7 16 1029
421 8946 8 14 1032
422 8943 8 15 1034
423 8938 11 12 1039
424 8935 12 11 1042
425 8931 10 16 1043
426 8927 12 13 1048
427 8926 13 11 1050
428 8926 12 11 1051
429 8923 10 13 1054
430 8922 9 13 1056
431 8921 10 12 1057
432 8919 9 13 1059
433 8915 9 14 1062
434 8914 10 11 1065
435 8911 12 10 1067
436 8911 11 10 1068
437 8908 10 12 1070
438 8905 11 12 1072
439 8901 11 15 1073
440 8899 11 9 1081
441 8895 13 8 1084
442 8893 11 9 1087
443 8891 11 10 1088
444 8888 11 11 1090
445 8886 10 10 1094
446 8883 11 10 1096
447 8881 12 8 1099
448 8877 9 13 1101
449 8874 7 17 1102
450 8870 10 16 1104
451 8866 11 15 1108
452 8864 11 14 1111
453 8863 10 13 1114
454 8861 12 12 1115
455 8859 12 11 1118
456 8857 12 11 1120
457 8856 9 12 1123
458 8851 11 15 1123
459 8846 14 17 1123
460 8845 12 16 1127
461 8842 13 14 1131
462 8841 12 14 1133
463 8838 14 13 1135
464 8835 13 14 1138
465 8833 12 13 1142
466 8832 11 12 1145
467 8829 13 13 1145
468 8827 13 10 1150
469 8824 15 11 1150
470 8823 14 13 1150
471 8820 13 14 1153
472 8818 14 14 1154
473 8814 14 15 1157
474 8813 11 18 1158
475 8809 12 19 1160
476 8803 15 19 1163
477 8799 18 18 1165
478 8797 18 18 1167
479 8794 15 19 1172
480 8791 16 21 1172
481 8788 16 22 1174
482 8783 16 27 1174
483 8778 17 26 1179
484 8771 20 28 1181
485 8767 21 29 1183
486 8761 23 26 1190
487 8758 21 27 1194
488 8753 19 29 1199
489 8749 22 24 1205
490 8746 22 22 1210
491 8742 23 19 1216
492 8741 20 19 1220
493 8740 19 21 1220
494 8737 18 21 1224
495 8732 17 25 1226
496 8727 20 18 1235
497 8724 20 16 1240
498 8722 18 20 1240
499 8718 15 22 1245
500 8716 15 19 1250
501 8711 16 17 1256
502 8708 17 15 1260
503 8708 15 16 1261
504 8703 17 17 1263
505 8698 21 15 1266
506 8698 18 17 1267
507 8696 15 20 1269
508 8692 14 20 1274
509 8689 15 20 1276
510 8683 14 24 1279
511 8681 13 19 1287
512 8675 17 15 1293
513 8672 16 18 1294
514 8669 17 18 1296
515 8662 19 19 1300
516 8661 15 21 1303
517 8657 14 22 1307
518 8653 14 23 1310
519 8646 19 22 1313
520 8644 18 19 1319
521 8642 17 17 1324
522 8635 20 14 1331
523 8633 19 16 1332
524 8630 18 14 1338
525 8627 16 17 1340
526 8624 17 12 1347
527 8620 19 12 1349
528 8619 17 14 1350
529 8619 14 13 1354
530 8614 18 13 1355
531 8612 15 14 1359
532 8609 16 15 1360
533 8606 16 18 1360
534 8602 17 18 1363
535 8596 21 17 1366
536 8594 18 19 1369
537 8590 19 16 1375
538 8587 17 17 1379
539 8583 17 18 1382
540 8577 20 15 1388
541 8575 20 15 1390
542 8572 17 18 1393
543 8571 17 16 1396
544 8568 17 17 1398
545 8565 17 16 1402
546 8563 17 16 1404
547 8560 18 16 1406
548 8558 19 14 1409
549 8555 20 12 1413
550 8554 20 10 1416
551 8553 18 10 1419
552 8549 20 10 1421
553 8547 17 12 1424
554 8543 17 11 1429
555 8539 16 14 1431
556 8538 16 14 1432
557 8537 17 10 1436
558 8535 17 6 1442
559 8535 15 7 1443
560 8535 12 9 1444
561 8531 16 7 1446
562 8529 13 12 1446
563 8524 14 14 1448
564 8519 17 13 1451
565 8517 17 15 1451
566 8515 16 17 1452
567 8512 15 20 1453
568 8510 14 19 1457
569 8504 18 17 1461
570 8501 18 15 1466
571 8497 18 16 1469
572 8495 17 15 1473
573 8493 16 16 1475
574 8487 18 15 1480
575 8478 23 16 1483
576 8474 21 20 1485
577 8470 22 18 1490
578 8467 19 22 1492
579 8465 18 21 1496
580 8459 16 26 1499
581 8453 17 26 1504
582 8450 19 20 1511
583 8449 19 18 1514
584 8446 21 16 1517
585 8445 20 14 1521
586 8445 20 9 1526
587 8444 16 12 1528
588 8444 10 16 1530
589 8438 15 15 1532
590 8435 15 15 1535
591 8433 14 15 1538
592 8430 16 13 1541
593 8427 12 18 1543
594 8424 12 19 1545
595 8417 16 19 1548
596 8414 17 20 1549
597 8410 18 22 1550
598 8408 16 23 1553
599 8406 15 24 1555
600 8402 17 23 1558
601 8396 18 25 1561
602 8392 19 21 1568
603 8392 17 19 1572
604 8388 16 22 1574
605 8386 15 21 1578
606 8381 12 26 1581
607 8379 13 19 1589
608 8379 11 21 1589
609 8377 11 22 1590
610 8374 9 20 1597
611 8371 9 17 1603
612 8367 10 19 1604
613 8365 11 19 1605
614 8363 12 19 1606
615 8359 9 25 1607
616 8358 8 24 1610
617 8352 11 18 1619
618 8347 15 18 1620
619 8346 12 22 1620
620 8341 12 23 1624
621 8340 11 18 1631
622 8338 12 16 1634
623 8334 14 15 1637
624 8328 15 18 1639
625 8322 18 19 1641
626 8318 18 19 1645
627 8316 18 17 1649
628 8314 16 17 1653
629 8314 13 16 1657
630 8310 13 16 1661
631 8304 17 17 1662
632 8303 15 19 1663
633 8298 19 17 1666
634 8296 15 20 1669
635 8295 15 21 1669
636 8294 14 19 1673
637 8292 13 14 1681
638 8289 15 10 1686
639 8287 12 13 1688
640 8281 14 12 1693
641 8278 15 14 1693
642 8276 14 16 1694
643 8275 11 20 1694
644 8270 12 22 1696
645 8266 15 22 1697
646 8262 16 22 1700
647 8262 14 21 1703
648 8259 15 21 1705
649 8255 17 17 1711
650 8253 14 16 1717
651 8250 12 18 1720
652 8248 12 17 1723
653 8243 14 18 1725
654 8239 17 17 1727
655 8238 13 19 1730
656 8235 13 19 1733
657 8234 12 18 1736
658 8228 17 18 1737
659 8226 18 13 1743
660 8226 16 13 1745
661 8223 14 13 1750
662 8219 15 13 1753
663 8217 14 11 1758
664 8212 18 10 1760
665 8210 13 13 1764
666 8208 12 14 1766
667 8205 13 14 1768
668 8203 10 15 1772
669 8197 13 14 1776
670 8194 14 13 1779
671 8192 13 14 1781
672 8189 13 17 1781
673 8186 12 18 1784
674 8181 16 19 1784
675 8179 12 21 1788
676 8175 11 22 1792
677 8172 11 21 1796
678 8169 13 18 1800
679 8164 16 16 1804
680 8162 16 16 1806
681 8160 15 15 1810
682 8156 16 17 1811
683 8151 18 18 1813
684 8147 14 26 1813
685 8139 19 24 1818
686 8138 19 20 1823
687 8136 16 20 1828
688 8133 16 20 1831
689 8131 15 19 1835
690 8122 22 19 1837
691 8120 19 20 1841
692 8116 17 26 1841
693 8111 20 23 1846
694 8107 18 24 1851
695 8103 17 24 1856
696 8099 16 27 1858
697 8095 16 22 1867
698 8094 14 18 1874
699 8091 15 17 1877
700 8089 15 16 1880
701 8085 17 16 1882
702 8082 18 15 1885
703 8080 17 17 1886
704 8073 20 20 1887
705 8071 17 18 1894
706 8068 19 15 1898
707 8065 18 17 1900
708 8062 19 16 1903
709 8058 16 21 1905
710 8053 17 20 1910
711 8051 18 17 1914
712 8048 18 15 1919
713 8043 21 14 1922
714 8041 18 14 1927
715 8037 18 15 1930
716 8030 19 18 1933
717 8028 14 19 1939
718 8025 15 19 1941
719 8024 10 18 1948
720 8020 11 20 1949
721 8014 15 20 1951
722 8012 15 15 1958
723 8010 16 15 1959
724 8008 15 14 1963
725 8004 15 17 1964
726 8001 13 21 1965
727 7992 13 29 1966
728 7987 15 29 1969
729 7978 21 25 1976
730 7973 23 23 1981
731 7971 19 25 1985
732 7965 21 20 1994
733 7963 19 24 1994
734 7962 16 21 2001
735 7957 19 19 2005
736 7954 19 17 2010
737 7948 21 17 2014
738 7943 21 18 2018
739 7938 21 22 2019
740 7935 22 20 2023
741 7927 25 23 2025
742 7924 24 22 2030
743 7920 24 22 2034
744 7915 26 22 2037
745 7909 28 21 2042
746 7905 25 20 2050
747 7901 23 24 2052
748 7893 24 26 2057
749 7886 28 26 2060
750 7881 25 30 2064
751 7877 26 30 2067
752 7873 27 31 2069
753 7872 25 30 2073
754 7869 25 29 2077
755 7860 28 31 2081
756 7849 32 32 2087
757 7846 29 30 2095
758 7842 29 27 2102
759 7833 32 27 2108
760 7833 27 29 2111
761 7830 23 29 2118
762 7825 20 29 2126
763 7818 25 27 2130
764 7814 24 26 2136
765 7810 24 25 2141
766 7809 23 21 2147
767 7804 20 24 2152
768 7800 22 22 2156
769 7794 24 21 2161
770 7788 27 20 2165
771 7787 27 16 2170
772 7786 24 18 2172
773 7783 24 17 2176
774 7781 23 18 2178
775 7776 25 17 2182
776 7774 20 19 2187
777 7771 20 21 2188
778 7767 23 18 2192
779 7765 25 14 2196
780 7765 22 15 2198
781 7764 20 16 2200
782 7761 21 16 2202
783 7758 18 20 2204
784 7756 16 22 2206
785 7750 15 24 2211
786 7745 19 25 2211
787 7741 21 23 2215
788 7739 21 23 2217
789 7734 23 23 2220
790 7733 21 23 2223
791 7729 20 21 2230
792 7725 20 19 2236
793 7724 16 23 2237
794 7722 15 24 2239
795 7717 16 25 2242
796 7713 16 24 2247
797 7707 18 25 2250
798 7705 17 21 2257
799 7700 17 23 2260
800 7697 19 21 2263
801 7697 17 18 2268
802 7694 19 13 2274
803 7691 18 15 2276
804 7684 22 15 2279
805 7681 23 13 2283
806 7678 21 13 2288
807 7675 22 13 2290
808 7670 22 16 2292
809 7667 19 19 2295
810 7661 19 22 2298
811 7659 18 17 2306
812 7654 19 20 2307
813 7653 15 20 2312
814 7645 21 18 2316
815 7644 18 15 2323
816 7642 18 14 2326
817 7639 17 16 2328
818 7638 15 18 2329
819 7636 13 21 2330
820 7634 10 23 2333
821 7629 12 23 2336
822 7622 14 26 2338
823 7616 16 27 2341
824 7613 16 27 2344
825 7612 15 27 2346
826 7602 19 31 2348
827 7597 22 32 2349
828 7597 20 25 2358
829 7597 17 25 2361
830 7590 19 27 2364
831 7585 21 25 2369
832 7579 23 25 2373
833 7576 20 26 2378
834 7570 22 22 2386
835 7569 19 20 2392
836 7567 17 19 2397
837 7559 20 22 2399
838 7556 19 24 2401
839 7551 20 24 2405
840 7545 21 24 2410
841 7540 23 24 2413
842 7538 20 24 2418
843 7536 18 25 2421
844 7532 17 20 2431
845 7528 18 20 2434
846 7525 18 20 2437
847 7523 14 25 2438
848 7520 17 21 2442
849 7518 17 18 2447
850 7514 16 19 2451
851 7510 19 17 2454
852 7509 17 16 2458
853 7506 14 18 2462
854 7505 15 14 2466
855 7503 10 18 2469
856 7498 13 17 2472
857 7494 15 17 2474
858 7491 13 16 2480
859 7486 13 19 2482
860 7480 18 19 2483
861 7476 16 23 2485
862 7474 16 22 2488
863 7473 13 23 2491
864 7471 13 22 2494
865 7468 15 20 2497
866 7465 16 20 2499
867 7457 19 22 2502
868 7454 21 17 2508
869 7451 19 18 2512
870 7447 18 21 2514
871 7443 22 15 2520
872 7436 27 14 2523
873 7433 22 19 2526
874 7432 20 16 2532
875 7428 19 18 2535
876 7425 19 15 2541
877 7421 22 15 2542
878 7417 21 17 2545
879 7413 20 18 2549
880 7409 21 20 2550
881 7403 23 20 2554
882 7400 22 21 2557
883 7394 25 17 2564
884 7392 20 21 2567
885 7386 23 23 2568
886 7382 25 22 2571
887 7380 23 18 2579
888 7377 22 20 2581
889 7372 21 25 2582
890 7368 17 30 2585
891 7362 22 26 2590
892 7357 21 27 2595
893 7353 22 29 2596
894 7349 24 26 2601
895 7346 24 22 2608
896 7340 24 25 2611
897 7339 20 23 2618
898 7335 20 22 2623
899 7332 22 23 2623
900 7330 21 23 2626
901 7326 23 20 2631
902 7324 24 16 2636
903 7321 21 19 2639
904 7316 23 21 2640
905 7313 22 20 2645
906 7307 23 22 2648
907 7305 19 27 2649
908 7301 19 25 2655
909 7296 20 25 2659
910 7294 17 23 2666
911 7290 18 21 2671
912 7284 19 19 2678
913 7282 16 21 2681
914 7275 20 22 2683
915 7271 22 23 2684
916 7266 22 25 2687
917 7264 22 26 2688
918 7260 22 23 2695
919 7259 21 21 2699
920 7258 21 19 2702
921 7254 23 19 2704
922 7254 15 21 2710
923 7250 17 21 2712
924 7245 18 22 2715
925 7242 13 27 2718
926 7236 18 24 2722
927 7232 20 23 2725
928 7230 22 19 2729
929 7229 19 22 2730
930 7226 17 25 2732
931 7222 19 24 2735
932 7215 22 26 2737
933 7214 18 26 2742
934 7209 17 27 2747
935 7206 17 25 2752
936 7202 19 22 2757
937 7197 21 21 2761
938 7196 15 24 2765
939 7188 23 18 2771
940 7184 21 23 2772
941 7179 22 23 2776
942 7174 25 20 2781
943 7170 27 20 2783
944 7164 27 20 2789
945 7163 20 23 2794
946 7160 19 25 2796
947 7154 21 25 2800
948 7148 22 27 2803
949 7146 19 23 2812
950 7142 21 22 2815
951 7140 19 22 2819
952 7133 20 20 2827
953 7130 18 24 2828
954 7127 19 23 2831
955 7124 22 22 2832
956 7121 21 26 2832
957 7118 22 23 2837
958 7114 18 29 2839
959 7112 18 27 2843
960 7108 18 28 2846
961 7104 19 27 2850
962 7101 21 26 2852
963 7099 19 23 2859
964 7092 23 23 2862
965 7089 26 18 2867
966 7087 26 20 2867
967 7083 28 19 2870
968 7080 25 22 2873
969 7075 27 22 2876
970 7073 25 21 2881
971 7066 27 22 2885
972 7061 26 22 2891
973 7055 26 22 2897
974 7050 27 24 2899
975 7042 31 24 2903
976 7038 32 24 2906
977 7035 31 24 2910
978 7032 28 28 2912
979 7027 28 28 2917
980 7027 26 25 2922
981 7019 27 27 2927
982 7013 26 30 2931
983 7009 23 35 2933
984 7003 25 32 2940
985 6999 25 26 2950
986 6996 26 23 2955
987 6992 24 22 2962
988 6988 23 24 2965
989 6985 22 21 2972
990 6981 22 18 2979
991 6975 25 18 2982
992 6968 25 23 2984
993 6964 23 25 2988
994 6959 26 23 2992
995 6958 23 24 2995
996 6954 23 23 3000
997 6947 25 25 3003
998 6945 21 28 3006
999 6940 21 29 3010
