0 9999 1 0
1 9998 2 0
2 9998 2 0
3 9997 3 0
4 9996 4 0
5 9993 6 1
6 9991 7 2
7 9988 8 4
8 9988 8 4
9 9984 10 6
10 9978 13 9
11 9971 18 11
12 9966 19 15
13 9961 15 24
14 9956 19 25
15 9953 14 33
16 9950 15 35
17 9943 22 35
18 9938 22 40
19 9935 20 45
20 9932 21 47
21 9930 19 51
22 9925 21 54
23 9919 20 61
24 9918 15 67
25 9914 18 68
26 9914 14 72
27 9914 11 75
28 9914 9 77
29 9913 9 78
30 9911 9 80
31 9911 9 80
32 9911 7 82
33 9910 6 84
34 9910 4 86
35 9910 4 86
36 9910 3 87
37 9910 3 87
38 9910 3 87
39 9910 3 87
40 9910 2 88
41 9910 2 88
42 9910 2 88
43 9910 1 89
44 9910 1 89
45 9910 0 90
46 9910 0 90
47 9910 0 90
48 9910 0 90
49 9910 0 90
50 9910 0 90
51 9910 0 90
52 9910 0 90
53 9910 0 90
54 9910 0 90
55 9910 0 90
56 9910 0 90
57 9910 0 90
58 9910 0 90
59 9910 0 90
60 9910 0 90
61 9910 0 90
62 9910 0 90
63 9910 0 90
64 9910 0 90
65 9910 0 90
66 9910 0 90
67 9910 0 90
68 9910 0 90
69 9910 0 90
70 9910 0 90
71 9910 0 90
72 9910 0 90
73 9910 0 90
74 9910 0 90
75 9910 0 90
76 9910 0 90
77 9910 0 90
78 9910 0 90
79 9910 0 90
80 9910 0 90
81 9910 0 90
82 9910 0 90
83 9910 0 90
84 9910 0 90
85 9910 0 90
86 9910 0 90
87 9910 0 90
88 9910 0 90
89 9910 0 90
90 9910 0 90
91 9910 0 90
92 9910 0 90
93 9910 0 90
94 9910 0 90
95 9910 0 90
96 9910 0 90
97 9910 0 90
98 9910 0 90
99 9910 0 90
100 9910 0 90
101 9910 0 90
102 9910 0 90
103 9910 0 90
104 9910 0 90
105 9910 0 90
106 9910 0 90
107 9910 0 90
108 9910 0 90
109 9910 0 90
110 9910 0 90
111 9910 0 90
112 9910 0 90
113 9910 0 90
114 9910 0 90
115 9910 0 90
116 9910 0 90
117 9910 0 90
118 9910 0 90
119 9910 0 90
120 9910 0 90
121 9910 0 90
122 9910 0 90
123 9910 0 90
124 9910 0 90
125 9910 0 90
126 9910 0 90
127 9910 0 90
128 9910 0 90
129 9910 0 90
130 9910 0 90
131 9910 0 90
132 9910 0 90
133 9910 0 90
134 9910 0 90
135 9910 0 90
136 9910 0 90
137 9910 0 90
138 9910 0 90
139 9910 0 90
140 9910 0 90
141 9910 0 90
142 9910 0 90
143 9910 0 90
144 9910 0 90
145 9910 0 90
146 9910 0 90
147 9910 0 90
148 9910 0 90
149 9910 0 90
150 9910 0 90
151 9910 0 90
152 9910 0 90
153 9910 0 90
154 9910 0 90
155 9910 0 90
156 9910 0 90
157 9910 0 90
158 9910 0 90
159 9910 0 90
160 9910 0 90
161 9910 0 90
162 9910 0 90
163 9910 0 90
164 9910 0 90
165 9910 0 90
166 9910 0 90
167 9910 0 90
168 9910 0 90
169 9910 0 90
170 9910 0 90
171 9910 0 90
172 9910 0 90
173 9910 0 90
174 9910 0 90
175 9910 0 90
176 9910 0 90
177 9910 0 90
178 9910 0 90
179 9910 0 90
180 9910 0 90
181 9910 0 90
182 9910 0 90
183 9910 0 90
184 9910 0 90
185 9910 0 90
186 9910 0 90
187 9910 0 90
188 9910 0 90
189 9910 0 90
190 9910 0 90
191 9910 0 90
192 9910 0 90
193 9910 0 90
194 9910 0 90
195 9910 0 90
196 9910 0 90
197 9910 0 90
198 9910 0 90
199 9910 0 90
200 9910 0 90
201 9910 0 90
202 9910 0 90
203 9910 0 90
204 9910 0 90
205 9910 0 90
206 9910 0 90
207 9910 0 90
208 9910 0 90
209 9910 0 90
210 9910 0 90
211 9910 0 90
212 9910 0 90
213 9910 0 90
214 9910 0 90
215 9910 0 90
216 9910 0 90
217 9910 0 90
218 9910 0 90
219 9910 0 90
220 9910 0 90
221 9910 0 90
222 9910 0 90
223 9910 0 90
224 9910 0 90
225 9910 0 90
226 9910 0 90
227 9910 0 90
228 9910 0 90
229 9910 0 90
230 9910 0 90
231 9910 0 90
232 9910 0 90
233 9910 0 90
234 9910 0 90
235 9910 0 90
236 9910 0 90
237 9910 0 90
238 9910 0 90
239 9910 0 90
240 9910 0 90
241 9910 0 90
242 9910 0 90
243 9910 0 90
244 9910 0 90
245 9910 0 90
246 9910 0 90
247 9910 0 90
248 9910 0 90
249 9910 0 90
250 9910 0 90
251 9910 0 90
252 9910 0 90
253 9910 0 90
254 9910 0 90
255 9910 0 90
256 9910 0 90
257 9910 0 90
258 9910 0 90
259 9910 0 90
260 9910 0 90
261 9910 0 90
262 9910 0 90
263 9910 0 90
264 9910 0 90
265 9910 0 90
266 9910 0 90
267 9910 0 90
268 9910 0 90
269 9910 0 90
270 9910 0 90
271 9910 0 90
272 9910 0 90
273 9910 0 90
274 9910 0 90
275 9910 0 90
276 9910 0 90
277 9910 0 90
278 9910 0 90
279 9910 0 90
280 9910 0 90
281 9910 0 90
282 9910 0 90
283 9910 0 90
284 9910 0 90
285 9910 0 90
286 9910 0 90
287 9910 0 90
288 9910 0 90
289 9910 0 90
290 9910 0 90
291 9910 0 90
292 9910 0 90
293 9910 0 90
294 9910 0 90
295 9910 0 90
296 9910 0 90
297 9910 0 90
298 9910 0 90
299 9910 0 90
300 9910 0 90
301 9910 0 90
302 9910 0 90
303 9910 0 90
304 9910 0 90
305 9910 0 90
306 9910 0 90
307 9910 0 90
308 9910 0 90
309 9910 0 90
310 9910 0 90
311 9910 0 90
312 9910 0 90
313 9910 0 90
314 9910 0 90
315 9910 0 90
316 9910 0 90
317 9910 0 90
318 9910 0 90
319 9910 0 90
320 9910 0 90
321 9910 0 90
322 9910 0 90
323 9910 0 90
324 9910 0 90
325 9910 0 90
326 9910 0 90
327 9910 0 90
328 9910 0 90
329 9910 0 90
330 9910 0 90
331 9910 0 90
332 9910 0 90
333 9910 0 90
334 9910 0 90
335 9910 0 90
336 9910 0 90
337 9910 0 90
338 9910 0 90
339 9910 0 90
340 9910 0 90
341 9910 0 90
342 9910 0 90
343 9910 0 90
344 9910 0 90
345 9910 0 90
346 9910 0 90
347 9910 0 90
348 9910 0 90
349 9910 0 90
350 9910 0 90
351 9910 0 90
352 9910 0 90
353 9910 0 90
354 9910 0 90
355 9910 0 90
356 9910 0 90
357 9910 0 90
358 9910 0 90
359 9910 0 90
360 9910 0 90
361 9910 0 90
362 9910 0 90
363 9910 0 90
364 9910 0 90
365 9910 0 90
366 9910 0 90
367 9910 0 90
368 9910 0 90
369 9910 0 90
370 9910 0 90
371 9910 0 90
372 9910 0 90
373 9910 0 90
374 9910 0 90
375 9910 0 90
376 9910 0 90
377 9910 0 90
378 9910 0 90
379 9910 0 90
380 9910 0 90
381 9910 0 90
382 9910 0 90
383 9910 0 90
384 9910 0 90
385 9910 0 90
386 9910 0 90
387 9910 0 90
388 9910 0 90
389 9910 0 90
390 9910 0 90
391 9910 0 90
392 9910 0 90
393 9910 0 90
394 9910 0 90
395 9910 0 90
396 9910 0 90
397 9910 0 90
398 9910 0 90
399 9910 0 90
400 9910 0 90
401 9910 0 90
402 9910 0 90
403 9910 0 90
404 9910 0 90
405 9910 0 90
406 9910 0 90
407 9910 0 90
408 9910 0 90
409 9910 0 90
410 9910 0 90
411 9910 0 90
412 9910 0 90
413 9910 0 90
414 9910 0 90
415 9910 0 90
416 9910 0 90
417 9910 0 90
418 9910 0 90
419 9910 0 90
420 9910 0 90
421 9910 0 90
422 9910 0 90
423 9910 0 90
424 9910 0 90
425 9910 0 90
426 9910 0 90
427 9910 0 90
428 9910 0 90
429 9910 0 90
430 9910 0 90
431 9910 0 90
432 9910 0 90
433 9910 0 90
434 9910 0 90
435 9910 0 90
436 9910 0 90
437 9910 0 90
438 9910 0 90
439 9910 0 90
440 9910 0 90
441 9910 0 90
442 9910 0 90
443 9910 0 90
444 9910 0 90
445 9910 0 90
446 9910 0 90
447 9910 0 90
448 9910 0 90
449 9910 0 90
450 9910 0 90
451 9910 0 90
452 9910 0 90
453 9910 0 90
454 9910 0 90
455 9910 0 90
456 9910 0 90
457 9910 0 90
458 9910 0 90
459 9910 0 90
460 9910 0 90
461 9910 0 90
462 9910 0 90
463 9910 0 90
464 9910 0 90
465 9910 0 90
466 9910 0 90
467 9910 0 90
468 9910 0 90
469 9910 0 90
470 9910 0 90
471 9910 0 90
472 9910 0 90
473 9910 0 90
474 9910 0 90
475 9910 0 90
476 9910 0 90
477 9910 0 90
478 9910 0 90
479 9910 0 90
480 9910 0 90
481 9910 0 90
482 9910 0 90
483 9910 0 90
484 9910 0 90
485 9910 0 90
486 9910 0 90
487 9910 0 90
488 9910 0 90
489 9910 0 90
490 9910 0 90
491 9910 0 90
492 9910 0 90
493 9910 0 90
494 9910 0 90
495 9910 0 90
496 9910 0 90
497 9910 0 90
498 9910 0 90
499 9910 0 90
500 9910 0 90
501 9910 0 90
502 9910 0 90
503 9910 0 90
504 9910 0 90
505 9910 0 90
506 9910 0 90
507 9910 0 90
508 9910 0 90
509 9910 0 90
510 9910 0 90
511 9910 0 90
512 9910 0 90
513 9910 0 90
514 9910 0 90
515 9910 0 90
516 9910 0 90
517 9910 0 90
518 9910 0 90
519 9910 0 90
520 9910 0 90
521 9910 0 90
522 9910 0 90
523 9910 0 90
524 9910 0 90
525 9910 0 90
526 9910 0 90
527 9910 0 90
528 9910 0 90
529 9910 0 90
530 9910 0 90
531 9910 0 90
532 9910 0 90
533 9910 0 90
534 9910 0 90
535 9910 0 90
536 9910 0 90
537 9910 0 90
538 9910 0 90
539 9910 0 90
540 9910 0 90
541 9910 0 90
542 9910 0 90
543 9910 0 90
544 9910 0 90
545 9910 0 90
546 9910 0 90
547 9910 0 90
548 9910 0 90
549 9910 0 90
550 9910 0 90
551 9910 0 90
552 9910 0 90
553 9910 0 90
554 9910 0 90
555 9910 0 90
556 9910 0 90
557 9910 0 90
558 9910 0 90
559 9910 0 90
560 9910 0 90
561 9910 0 90
562 9910 0 90
563 9910 0 90
564 9910 0 90
565 9910 0 90
566 9910 0 90
567 9910 0 90
568 9910 0 90
569 9910 0 90
570 9910 0 90
571 9910 0 90
572 9910 0 90
573 9910 0 90
574 9910 0 90
575 9910 0 90
576 9910 0 90
577 9910 0 90
578 9910 0 90
579 9910 0 90
580 9910 0 90
581 9910 0 90
582 9910 0 90
583 9910 0 90
584 9910 0 90
585 9910 0 90
586 9910 0 90
587 9910 0 90
588 9910 0 90
589 9910 0 90
590 9910 0 90
591 9910 0 90
592 9910 0 90
593 9910 0 90
594 9910 0 90
595 9910 0 90
596 9910 0 90
597 9910 0 90
598 9910 0 90
599 9910 0 90
600 9910 0 90
601 9910 0 90
602 9910 0 90
603 9910 0 90
604 9910 0 90
605 9910 0 90
606 9910 0 90
607 9910 0 90
608 9910 0 90
609 9910 0 90
610 9910 0 90
611 9910 0 90
612 9910 0 90
613 9910 0 90
614 9910 0 90
615 9910 0 90
616 9910 0 90
617 9910 0 90
618 9910 0 90
619 9910 0 90
620 9910 0 90
621 9910 0 90
622 9910 0 90
623 9910 0 90
624 9910 0 90
625 9910 0 90
626 9910 0 90
627 9910 0 90
628 9910 0 90
629 9910 0 90
630 9910 0 90
631 9910 0 90
632 9910 0 90
633 9910 0 90
634 9910 0 90
635 9910 0 90
636 9910 0 90
637 9910 0 90
638 9910 0 90
639 9910 0 90
640 9910 0 90
641 9910 0 90
642 9910 0 90
643 9910 0 90
644 9910 0 90
645 9910 0 90
646 9910 0 90
647 9910 0 90
648 9910 0 90
649 9910 0 90
650 9910 0 90
651 9910 0 90
652 9910 0 90
653 9910 0 90
654 9910 0 90
655 9910 0 90
656 9910 0 90
657 9910 0 90
658 9910 0 90
659 9910 0 90
660 9910 0 90
661 9910 0 90
662 9910 0 90
663 9910 0 90
664 9910 0 90
665 9910 0 90
666 9910 0 90
667 9910 0 90
668 9910 0 90
669 9910 0 90
670 9910 0 90
671 9910 0 90
672 9910 0 90
673 9910 0 90
674 9910 0 90
675 9910 0 90
676 9910 0 90
677 9910 0 90
678 9910 0 90
679 9910 0 90
680 9910 0 90
681 9910 0 90
682 9910 0 90
683 9910 0 90
684 9910 0 90
685 9910 0 90
686 9910 0 90
687 9910 0 90
688 9910 0 90
689 9910 0 90
690 9910 0 90
691 9910 0 90
692 9910 0 90
693 9910 0 90
694 9910 0 90
695 9910 0 90
696 9910 0 90
697 9910 0 90
698 9910 0 90
699 9910 0 90
700 9910 0 90
701 9910 0 90
702 9910 0 90
703 9910 0 90
704 9910 0 90
705 9910 0 90
706 9910 0 90
707 9910 0 90
708 9910 0 90
709 9910 0 90
710 9910 0 90
711 9910 0 90
712 9910 0 90
713 9910 0 90
714 9910 0 90
715 9910 0 90
716 9910 0 90
717 9910 0 90
718 9910 0 90
719 9910 0 90
720 9910 0 90
721 9910 0 90
722 9910 0 90
723 9910 0 90
724 9910 0 90
725 9910 0 90
726 9910 0 90
727 9910 0 90
728 9910 0 90
729 9910 0 90
730 9910 0 90
731 9910 0 90
732 9910 0 90
733 9910 0 90
734 9910 0 90
735 9910 0 90
736 9910 0 90
737 9910 0 90
738 9910 0 90
739 9910 0 90
740 9910 0 90
741 9910 0 90
742 9910 0 90
743 9910 0 90
744 9910 0 90
745 9910 0 90
746 9910 0 90
747 9910 0 90
748 9910 0 90
749 9910 0 90
750 9910 0 90
751 9910 0 90
752 9910 0 90
753 9910 0 90
754 9910 0 90
755 9910 0 90
756 9910 0 90
757 9910 0 90
758 9910 0 90
759 9910 0 90
760 9910 0 90
761 9910 0 90
762 9910 0 90
763 9910 0 90
764 9910 0 90
765 9910 0 90
766 9910 0 90
767 9910 0 90
768 9910 0 90
769 9910 0 90
770 9910 0 90
771 9910 0 90
772 9910 0 90
773 9910 0 90
774 9910 0 90
775 9910 0 90
776 9910 0 90
777 9910 0 90
778 9910 0 90
779 9910 0 90
780 9910 0 90
781 9910 0 90
782 9910 0 90
783 9910 0 90
784 9910 0 90
785 9910 0 90
786 9910 0 90
787 9910 0 90
788 9910 0 90
789 9910 0 90
790 9910 0 90
791 9910 0 90
792 9910 0 90
793 9910 0 90
794 9910 0 90
795 9910 0 90
796 9910 0 90
797 9910 0 90
798 9910 0 90
799 9910 0 90
800 9910 0 90
801 9910 0 90
802 9910 0 90
803 9910 0 90
804 9910 0 90
805 9910 0 90
806 9910 0 90
807 9910 0 90
808 9910 0 90
809 9910 0 90
810 9910 0 90
811 9910 0 90
812 9910 0 90
813 9910 0 90
814 9910 0 90
815 9910 0 90
816 9910 0 90
817 9910 0 90
818 9910 0 90
819 9910 0 90
820 9910 0 90
821 9910 0 90
822 9910 0 90
823 9910 0 90
824 9910 0 90
825 9910 0 90
826 9910 0 90
827 9910 0 90
828 9910 0 90
829 9910 0 90
830 9910 0 90
831 9910 0 90
832 9910 0 90
833 9910 0 90
834 9910 0 90
835 9910 0 90
836 9910 0 90
837 9910 0 90
838 9910 0 90
839 9910 0 90
840 9910 0 90
841 9910 0 90
842 9910 0 90
843 9910 0 90
844 9910 0 90
845 9910 0 90
846 9910 0 90
847 9910 0 90
848 9910 0 90
849 9910 0 90
850 9910 0 90
851 9910 0 90
852 9910 0 90
853 9910 0 90
854 9910 0 90
855 9910 0 90
856 9910 0 90
857 9910 0 90
858 9910 0 90
859 9910 0 90
860 9910 0 90
861 9910 0 90
862 9910 0 90
863 9910 0 90
864 9910 0 90
865 9910 0 90
866 9910 0 90
867 9910 0 90
868 9910 0 90
869 9910 0 90
870 9910 0 90
871 9910 0 90
872 9910 0 90
873 9910 0 90
874 9910 0 90
875 9910 0 90
876 9910 0 90
877 9910 0 90
878 9910 0 90
879 9910 0 90
880 9910 0 90
881 9910 0 90
882 9910 0 90
883 9910 0 90
884 9910 0 90
885 9910 0 90
886 9910 0 90
887 9910 0 90
888 9910 0 90
889 9910 0 90
890 9910 0 90
891 9910 0 90
892 9910 0 90
893 9910 0 90
894 9910 0 90
895 9910 0 90
896 9910 0 90
897 9910 0 90
898 9910 0 90
899 9910 0 90
900 9910 0 90
901 9910 0 90
902 9910 0 90
903 9910 0 90
904 9910 0 90
905 9910 0 90
906 9910 0 90
907 9910 0 90
908 9910 0 90
909 9910 0 90
910 9910 0 90
911 9910 0 90
912 9910 0 90
913 9910 0 90
914 9910 0 90
915 9910 0 90
916 9910 0 90
917 9910 0 90
918 9910 0 90
919 9910 0 90
920 9910 0 90
921 9910 0 90
922 9910 0 90
923 9910 0 90
924 9910 0 90
925 9910 0 90
926 9910 0 90
927 9910 0 90
928 9910 0 90
929 9910 0 90
930 9910 0 90
931 9910 0 90
932 9910 0 90
933 9910 0 90
934 9910 0 90
935 9910 0 90
936 9910 0 90
937 9910 0 90
938 9910 0 90
939 9910 0 90
940 9910 0 90
941 9910 0 90
942 9910 0 90
943 9910 0 90
944 9910 0 90
945 9910 0 90
946 9910 0 90
947 9910 0 90
948 9910 0 90
949 9910 0 90
950 9910 0 90
951 9910 0 90
952 9910 0 90
953 9910 0 90
954 9910 0 90
955 9910 0 90
956 9910 0 90
957 9910 0 90
958 9910 0 90
959 9910 0 90
960 9910 0 90
961 9910 0 90
962 9910 0 90
963 9910 0 90
964 9910 0 90
965 9910 0 90
966 9910 0 90
967 9910 0 90
968 9910 0 90
969 9910 0 90
970 9910 0 90
971 9910 0 90
972 9910 0 90
973 9910 0 90
974 9910 0 90
975 9910 0 90
976 9910 0 90
977 9910 0 90
978 9910 0 90
979 9910 0 90
980 9910 0 90
981 9910 0 90
982 9910 0 90
983 9910 0 90
984 9910 0 90
985 9910 0 90
986 9910 0 90
987 9910 0 90
988 9910 0 90
989 9910 0 90
990 9910 0 90
991 9910 0 90
992 9910 0 90
993 9910 0 90
994 9910 0 90
995 9910 0 90
996 9910 0 90
997 9910 0 90
998 9910 0 90
999 9910 0 90
