0 9999 1 0
1 9998 1 1
2 9998 1 1
3 9998 1 1
4 9998 1 1
5 9996 3 1
6 9994 5 1
7 9993 5 2
8 9990 6 4
9 9989 5 6
10 9988 5 7
11 9987 5 8
12 9985 7 8
13 9982 8 10
14 9981 8 11
15 9978 11 11
16 9973 15 12
17 9969 16 15
18 9966 16 18
19 9962 18 20
20 9957 15 28
21 9953 16 31
22 9945 24 31
23 9943 21 36
24 9940 22 38
25 9929 31 40
26 9918 37 45
27 9911 38 51
28 9901 43 56
29 9894 44 62
30 9889 41 70
31 9881 39 80
32 9870 45 85
33 9853 51 96
34 9840 52 108
35 9824 59 117
36 9801 75 124
37 9790 69 141
38 9779 70 151
39 9767 69 164
40 9757 70 173
41 9751 62 187
42 9748 56 196
43 9736 58 206
44 9725 60 215
45 9713 63 224
46 9703 60 237
47 9692 59 249
48 9680 65 255
49 9665 65 270
50 9645 66 289
51 9634 57 309
52 9622 58 320
53 9613 58 329
54 9598 65 337
55 9585 67 348
56 9559 87 354
57 9545 83 372
58 9531 86 383
59 9515 88 397
60 9497 99 404
61 9477 96 427
62 9465 97 438
63 9449 94 457
64 9429 99 472
65 9406 104 490
66 9388 108 504
67 9373 98 529
68 9355 97 548
69 9338 101 561
70 9321 101 578
71 9307 100 593
72 9291 101 608
73 9269 104 627
74 9249 106 645
75 9232 106 662
76 9215 103 682
77 9197 107 696
78 9182 111 707
79 9168 103 729
80 9150 95 755
81 9127 109 764
82 9107 114 779
83 9082 120 798
84 9064 121 815
85 9043 118 839
86 9022 125 853
87 8990 133 877
88 8971 132 897
89 8953 129 918
90 8936 124 940
91 8911 127 962
92 8888 124 988
93 8869 124 1007
94 8845 124 1031
95 8833 116 1051
96 8803 130 1067
97 8780 125 1095
98 8752 126 1122
99 8729 128 1143
100 8712 120 1168
101 8690 126 1184
102 8667 125 1208
103 8646 118 1236
104 8620 126 1254
105 8594 128 1278
106 8572 129 1299
107 8552 125 1323
108 8525 128 1347
109 8501 132 1367
110 8485 128 1387
111 8464 120 1416
112 8448 125 1427
113 8426 125 1449
114 8404 114 1482
115 8381 114 1505
116 8360 119 1521
117 8343 127 1530
118 8329 116 1555
119 8305 123 1572
120 8288 115 1597
121 8263 121 1616
122 8237 127 1636
123 8204 129 1667
124 8183 132 1685
125 8170 129 1701
126 8145 136 1719
127 8121 134 1745
128 8099 124 1777
129 8081 118 1801
130 8059 117 1824
131 8033 127 1840
132 8013 124 1863
133 7995 117 1888
134 7966 126 1908
135 7939 127 1934
136 7914 134 1952
137 7890 136 1974
138 7866 138 1996
139 7838 133 2029
140 7814 134 2052
141 7794 131 2075
142 7767 128 2105
143 7748 123 2129
144 7727 113 2160
145 7703 120 2177
146 7686 112 2202
147 7674 109 2217
148 7662 101 2237
149 7643 96 2261
150 7632 92 2276
151 7612 98 2290
152 7591 104 2305
153 7575 104 2321
154 7557 98 2345
155 7547 96 2357
156 7530 97 2373
157 7510 104 2386
158 7488 114 2398
159 7461 118 2421
160 7437 122 2441
161 7409 136 2455
162 7390 136 2474
163 7374 126 2500
164 7350 123 2527
165 7331 123 2546
166 7304 129 2567
167 7280 123 2597
168 7261 119 2620
169 7242 114 2644
170 7221 108 2671
171 7196 115 2689
172 7173 107 2720
173 7145 122 2733
174 7123 124 2753
175 7101 124 2775
176 7079 126 2795
177 7054 138 2808
178 7030 135 2835
179 7015 128 2857
180 6994 133 2873
181 6963 132 2905
182 6936 135 2929
183 6919 133 2948
184 6891 131 2978
185 6857 138 3005
186 6833 136 3031
187 6814 129 3057
188 6793 119 3088
189 6773 117 3110
190 6750 115 3135
191 6734 111 3155
192 6714 115 3171
193 6688 123 3189
194 6660 133 3207
195 6632 138 3230
196 6610 138 3252
197 6590 137 3273
198 6563 144 3293
199 6539 141 3320
200 6511 145 3344
201 6482 156 3362
202 6459 143 3398
203 6430 147 3423
204 6407 140 3453
205 6388 133 3479
206 6369 126 3505
207 6355 109 3536
208 6348 102 3550
209 6332 95 3573
210 6316 88 3596
211 6295 89 3616
212 6285 81 3634
213 6266 87 3647
214 6245 90 3665
215 6233 84 3683
216 6212 91 3697
217 6191 93 3716
218 6179 91 3730
219 6153 100 3747
220 6130 102 3768
221 6103 109 3788
222 6084 107 3809
223 6063 110 3827
224 6045 109 3846
225 6022 115 3863
226 6001 107 3892
227 5984 112 3904
228 5963 111 3926
229 5949 105 3946
230 5932 108 3960
231 5920 103 3977
232 5905 108 3987
233 5892 95 4013
234 5878 95 4027
235 5859 93 4048
236 5842 91 4067
237 5832 79 4089
238 5823 77 4100
239 5806 82 4112
240 5798 79 4123
241 5781 88 4131
242 5768 90 4142
243 5754 91 4155
244 5741 89 4170
245 5725 88 4187
246 5706 95 4199
247 5690 95 4215
248 5670 91 4239
249 5650 93 4257
250 5632 95 4273
251 5614 100 4286
252 5591 102 4307
253 5572 102 4326
254 5546 111 4343
255 5528 111 4361
256 5506 106 4388
257 5490 104 4406
258 5474 97 4429
259 5451 103 4446
260 5442 95 4463
261 5429 99 4472
262 5410 102 4488
263 5385 114 4501
264 5357 122 4521
265 5335 122 4543
266 5312 127 4561
267 5282 132 4586
268 5258 136 4606
269 5225 141 4634
270 5194 146 4660
271 5170 138 4692
272 5145 135 4720
273 5115 139 4746
274 5079 142 4779
275 5045 145 4810
276 5027 144 4829
277 4993 154 4853
278 4962 156 4882
279 4929 168 4903
280 4901 174 4925
281 4860 185 4955
282 4832 186 4982
283 4793 192 5015
284 4761 195 5044
285 4722 195 5083
286 4678 204 5118
287 4646 194 5160
288 4614 196 5190
289 4583 204 5213
290 4545 203 5252
291 4507 211 5282
292 4449 224 5327
293 4411 217 5372
294 4378 207 5415
295 4336 215 5449
296 4300 211 5489
297 4278 194 5528
298 4249 191 5560
299 4218 194 5588
300 4183 198 5619
301 4155 179 5666
302 4118 191 5691
303 4086 195 5719
304 4050 186 5764
305 4016 185 5799
306 3983 185 5832
307 3952 181 5867
308 3922 176 5902
309 3893 186 5921
310 3862 190 5948
311 3825 194 5981
312 3791 198 6011
313 3748 211 6041
314 3718 202 6080
315 3684 192 6124
316 3640 208 6152
317 3597 221 6182
318 3564 215 6221
319 3525 211 6264
320 3486 220 6294
321 3442 238 6320
322 3391 248 6361
323 3357 240 6403
324 3329 234 6437
325 3277 242 6481
326 3230 245 6525
327 3204 229 6567
328 3156 236 6608
329 3126 227 6647
330 3088 228 6684
331 3061 222 6717
332 3030 228 6742
333 2996 226 6778
334 2960 230 6810
335 2924 225 6851
336 2887 224 6889
337 2866 207 6927
338 2834 203 6963
339 2815 188 6997
340 2800 181 7019
341 2784 169 7047
342 2767 160 7073
343 2745 155 7100
344 2717 161 7122
345 2701 139 7160
346 2682 132 7186
347 2652 135 7213
348 2623 140 7237
349 2616 116 7268
350 2597 123 7280
351 2585 111 7304
352 2573 111 7316
353 2559 102 7339
354 2547 94 7359
355 2523 99 7378
356 2503 102 7395
357 2483 106 7411
358 2467 107 7426
359 2452 98 7450
360 2438 96 7466
361 2421 92 7487
362 2408 83 7509
363 2399 78 7523
364 2382 85 7533
365 2370 85 7545
366 2360 86 7554
367 2355 75 7570
368 2349 67 7584
369 2341 65 7594
370 2335 59 7606
371 2333 56 7611
372 2323 56 7621
373 2315 54 7631
374 2302 60 7638
375 2291 59 7650
376 2284 57 7659
377 2274 58 7668
378 2266 60 7674
379 2258 60 7682
380 2240 65 7695
381 2231 66 7703
382 2221 64 7715
383 2212 60 7728
384 2205 58 7737
385 2200 60 7740
386 2189 62 7749
387 2179 62 7759
388 2167 62 7771
389 2163 57 7780
390 2149 59 7792
391 2144 51 7805
392 2136 49 7815
393 2124 49 7827
394 2114 54 7832
395 2101 55 7844
396 2093 50 7857
397 2088 45 7867
398 2076 50 7874
399 2066 50 7884
400 2056 56 7888
401 2044 55 7901
402 2037 51 7912
403 2026 50 7924
404 2019 47 7934
405 2011 50 7939
406 2003 44 7953
407 1990 46 7964
408 1977 52 7971
409 1968 57 7975
410 1952 59 7989
411 1941 61 7998
412 1935 60 8005
413 1929 57 8014
414 1920 55 8025
415 1913 46 8041
416 1911 44 8045
417 1906 40 8054
418 1901 39 8060
419 1894 39 8067
420 1891 36 8073
421 1883 36 8081
422 1877 38 8085
423 1870 40 8090
424 1867 38 8095
425 1863 33 8104
426 1862 28 8110
427 1862 25 8113
428 1856 28 8116
429 1847 31 8122
430 1841 32 8127
431 1838 30 8132
432 1837 30 8133
433 1834 29 8137
434 1829 30 8141
435 1826 31 8143
436 1821 31 8148
437 1818 26 8156
438 1815 21 8164
439 1814 17 8169
440 1814 14 8172
441 1814 12 8174
442 1813 11 8176
443 1812 10 8178
444 1812 9 8179
445 1811 8 8181
446 1811 7 8182
447 1811 7 8182
448 1811 6 8183
449 1811 6 8183
450 1811 5 8184
451 1811 5 8184
452 1810 6 8184
453 1810 3 8187
454 1810 2 8188
455 1809 3 8188
456 1809 3 8188
457 1809 3 8188
458 1809 3 8188
459 1809 3 8188
460 1809 2 8189
461 1809 1 8190
462 1809 1 8190
463 1809 1 8190
464 1809 1 8190
465 1809 1 8190
466 1809 0 8191
467 1809 0 8191
468 1809 0 8191
469 1809 0 8191
470 1809 0 8191
471 1809 0 8191
472 1809 0 8191
473 1809 0 8191
474 1809 0 8191
475 1809 0 8191
476 1809 0 8191
477 1809 0 8191
478 1809 0 8191
479 1809 0 8191
480 1809 0 8191
481 1809 0 8191
482 1809 0 8191
483 1809 0 8191
484 1809 0 8191
485 1809 0 8191
486 1809 0 8191
487 1809 0 8191
488 1809 0 8191
489 1809 0 8191
490 1809 0 8191
491 1809 0 8191
492 1809 0 8191
493 1809 0 8191
494 1809 0 8191
495 1809 0 8191
496 1809 0 8191
497 1809 0 8191
498 1809 0 8191
499 1809 0 8191
500 1809 0 8191
501 1809 0 8191
502 1809 0 8191
503 1809 0 8191
504 1809 0 8191
505 1809 0 8191
506 1809 0 8191
507 1809 0 8191
508 1809 0 8191
509 1809 0 8191
510 1809 0 8191
511 1809 0 8191
512 1809 0 8191
513 1809 0 8191
514 1809 0 8191
515 1809 0 8191
516 1809 0 8191
517 1809 0 8191
518 1809 0 8191
519 1809 0 8191
520 1809 0 8191
521 1809 0 8191
522 1809 0 8191
523 1809 0 8191
524 1809 0 8191
525 1809 0 8191
526 1809 0 8191
527 1809 0 8191
528 1809 0 8191
529 1809 0 8191
530 1809 0 8191
531 1809 0 8191
532 1809 0 8191
533 1809 0 8191
534 1809 0 8191
535 1809 0 8191
536 1809 0 8191
537 1809 0 8191
538 1809 0 8191
539 1809 0 8191
540 1809 0 8191
541 1809 0 8191
542 1809 0 8191
543 1809 0 8191
544 1809 0 8191
545 1809 0 8191
546 1809 0 8191
547 1809 0 8191
548 1809 0 8191
549 1809 0 8191
550 1809 0 8191
551 1809 0 8191
552 1809 0 8191
553 1809 0 8191
554 1809 0 8191
555 1809 0 8191
556 1809 0 8191
557 1809 0 8191
558 1809 0 8191
559 1809 0 8191
560 1809 0 8191
561 1809 0 8191
562 1809 0 8191
563 1809 0 8191
564 1809 0 8191
565 1809 0 8191
566 1809 0 8191
567 1809 0 8191
568 1809 0 8191
569 1809 0 8191
570 1809 0 8191
571 1809 0 8191
572 1809 0 8191
573 1809 0 8191
574 1809 0 8191
575 1809 0 8191
576 1809 0 8191
577 1809 0 8191
578 1809 0 8191
579 1809 0 8191
580 1809 0 8191
581 1809 0 8191
582 1809 0 8191
583 1809 0 8191
584 1809 0 8191
585 1809 0 8191
586 1809 0 8191
587 1809 0 8191
588 1809 0 8191
589 1809 0 8191
590 1809 0 8191
591 1809 0 8191
592 1809 0 8191
593 1809 0 8191
594 1809 0 8191
595 1809 0 8191
596 1809 0 8191
597 1809 0 8191
598 1809 0 8191
599 1809 0 8191
600 1809 0 8191
601 1809 0 8191
602 1809 0 8191
603 1809 0 8191
604 1809 0 8191
605 1809 0 8191
606 1809 0 8191
607 1809 0 8191
608 1809 0 8191
609 1809 0 8191
610 1809 0 8191
611 1809 0 8191
612 1809 0 8191
613 1809 0 8191
614 1809 0 8191
615 1809 0 8191
616 1809 0 8191
617 1809 0 8191
618 1809 0 8191
619 1809 0 8191
620 1809 0 8191
621 1809 0 8191
622 1809 0 8191
623 1809 0 8191
624 1809 0 8191
625 1809 0 8191
626 1809 0 8191
627 1809 0 8191
628 1809 0 8191
629 1809 0 8191
630 1809 0 8191
631 1809 0 8191
632 1809 0 8191
633 1809 0 8191
634 1809 0 8191
635 1809 0 8191
636 1809 0 8191
637 1809 0 8191
638 1809 0 8191
639 1809 0 8191
640 1809 0 8191
641 1809 0 8191
642 1809 0 8191
643 1809 0 8191
644 1809 0 8191
645 1809 0 8191
646 1809 0 8191
647 1809 0 8191
648 1809 0 8191
649 1809 0 8191
650 1809 0 8191
651 1809 0 8191
652 1809 0 8191
653 1809 0 8191
654 1809 0 8191
655 1809 0 8191
656 1809 0 8191
657 1809 0 8191
658 1809 0 8191
659 1809 0 8191
660 1809 0 8191
661 1809 0 8191
662 1809 0 8191
663 1809 0 8191
664 1809 0 8191
665 1809 0 8191
666 1809 0 8191
667 1809 0 8191
668 1809 0 8191
669 1809 0 8191
670 1809 0 8191
671 1809 0 8191
672 1809 0 8191
673 1809 0 8191
674 1809 0 8191
675 1809 0 8191
676 1809 0 8191
677 1809 0 8191
678 1809 0 8191
679 1809 0 8191
680 1809 0 8191
681 1809 0 8191
682 1809 0 8191
683 1809 0 8191
684 1809 0 8191
685 1809 0 8191
686 1809 0 8191
687 1809 0 8191
688 1809 0 8191
689 1809 0 8191
690 1809 0 8191
691 1809 0 8191
692 1809 0 8191
693 1809 0 8191
694 1809 0 8191
695 1809 0 8191
696 1809 0 8191
697 1809 0 8191
698 1809 0 8191
699 1809 0 8191
700 1809 0 8191
701 1809 0 8191
702 1809 0 8191
703 1809 0 8191
704 1809 0 8191
705 1809 0 8191
706 1809 0 8191
707 1809 0 8191
708 1809 0 8191
709 1809 0 8191
710 1809 0 8191
711 1809 0 8191
712 1809 0 8191
713 1809 0 8191
714 1809 0 8191
715 1809 0 8191
716 1809 0 8191
717 1809 0 8191
718 1809 0 8191
719 1809 0 8191
720 1809 0 8191
721 1809 0 8191
722 1809 0 8191
723 1809 0 8191
724 1809 0 8191
725 1809 0 8191
726 1809 0 8191
727 1809 0 8191
728 1809 0 8191
729 1809 0 8191
730 1809 0 8191
731 1809 0 8191
732 1809 0 8191
733 1809 0 8191
734 1809 0 8191
735 1809 0 8191
736 1809 0 8191
737 1809 0 8191
738 1809 0 8191
739 1809 0 8191
740 1809 0 8191
741 1809 0 8191
742 1809 0 8191
743 1809 0 8191
744 1809 0 8191
745 1809 0 8191
746 1809 0 8191
747 1809 0 8191
748 1809 0 8191
749 1809 0 8191
750 1809 0 8191
751 1809 0 8191
752 1809 0 8191
753 1809 0 8191
754 1809 0 8191
755 1809 0 8191
756 1809 0 8191
757 1809 0 8191
758 1809 0 8191
759 1809 0 8191
760 1809 0 8191
761 1809 0 8191
762 1809 0 8191
763 1809 0 8191
764 1809 0 8191
765 1809 0 8191
766 1809 0 8191
767 1809 0 8191
768 1809 0 8191
769 1809 0 8191
770 1809 0 8191
771 1809 0 8191
772 1809 0 8191
773 1809 0 8191
774 1809 0 8191
775 1809 0 8191
776 1809 0 8191
777 1809 0 8191
778 1809 0 8191
779 1809 0 8191
780 1809 0 8191
781 1809 0 8191
782 1809 0 8191
783 1809 0 8191
784 1809 0 8191
785 1809 0 8191
786 1809 0 8191
787 1809 0 8191
788 1809 0 8191
789 1809 0 8191
790 1809 0 8191
791 1809 0 8191
792 1809 0 8191
793 1809 0 8191
794 1809 0 8191
795 1809 0 8191
796 1809 0 8191
797 1809 0 8191
798 1809 0 8191
799 1809 0 8191
800 1809 0 8191
801 1809 0 8191
802 1809 0 8191
803 1809 0 8191
804 1809 0 8191
805 1809 0 8191
806 1809 0 8191
807 1809 0 8191
808 1809 0 8191
809 1809 0 8191
810 1809 0 8191
811 1809 0 8191
812 1809 0 8191
813 1809 0 8191
814 1809 0 8191
815 1809 0 8191
816 1809 0 8191
817 1809 0 8191
818 1809 0 8191
819 1809 0 8191
820 1809 0 8191
821 1809 0 8191
822 1809 0 8191
823 1809 0 8191
824 1809 0 8191
825 1809 0 8191
826 1809 0 8191
827 1809 0 8191
828 1809 0 8191
829 1809 0 8191
830 1809 0 8191
831 1809 0 8191
832 1809 0 8191
833 1809 0 8191
834 1809 0 8191
835 1809 0 8191
836 1809 0 8191
837 1809 0 8191
838 1809 0 8191
839 1809 0 8191
840 1809 0 8191
841 1809 0 8191
842 1809 0 8191
843 1809 0 8191
844 1809 0 8191
845 1809 0 8191
846 1809 0 8191
847 1809 0 8191
848 1809 0 8191
849 1809 0 8191
850 1809 0 8191
851 1809 0 8191
852 1809 0 8191
853 1809 0 8191
854 1809 0 8191
855 1809 0 8191
856 1809 0 8191
857 1809 0 8191
858 1809 0 8191
859 1809 0 8191
860 1809 0 8191
861 1809 0 8191
862 1809 0 8191
863 1809 0 8191
864 1809 0 8191
865 1809 0 8191
866 1809 0 8191
867 1809 0 8191
868 1809 0 8191
869 1809 0 8191
870 1809 0 8191
871 1809 0 8191
872 1809 0 8191
873 1809 0 8191
874 1809 0 8191
875 1809 0 8191
876 1809 0 8191
877 1809 0 8191
878 1809 0 8191
879 1809 0 8191
880 1809 0 8191
881 1809 0 8191
882 1809 0 8191
883 1809 0 8191
884 1809 0 8191
885 1809 0 8191
886 1809 0 8191
887 1809 0 8191
888 1809 0 8191
889 1809 0 8191
890 1809 0 8191
891 1809 0 8191
892 1809 0 8191
893 1809 0 8191
894 1809 0 8191
895 1809 0 8191
896 1809 0 8191
897 1809 0 8191
898 1809 0 8191
899 1809 0 8191
900 1809 0 8191
901 1809 0 8191
902 1809 0 8191
903 1809 0 8191
904 1809 0 8191
905 1809 0 8191
906 1809 0 8191
907 1809 0 8191
908 1809 0 8191
909 1809 0 8191
910 1809 0 8191
911 1809 0 8191
912 1809 0 8191
913 1809 0 8191
914 1809 0 8191
915 1809 0 8191
916 1809 0 8191
917 1809 0 8191
918 1809 0 8191
919 1809 0 8191
920 1809 0 8191
921 1809 0 8191
922 1809 0 8191
923 1809 0 8191
924 1809 0 8191
925 1809 0 8191
926 1809 0 8191
927 1809 0 8191
928 1809 0 8191
929 1809 0 8191
930 1809 0 8191
931 1809 0 8191
932 1809 0 8191
933 1809 0 8191
934 1809 0 8191
935 1809 0 8191
936 1809 0 8191
937 1809 0 8191
938 1809 0 8191
939 1809 0 8191
940 1809 0 8191
941 1809 0 8191
942 1809 0 8191
943 1809 0 8191
944 1809 0 8191
945 1809 0 8191
946 1809 0 8191
947 1809 0 8191
948 1809 0 8191
949 1809 0 8191
950 1809 0 8191
951 1809 0 8191
952 1809 0 8191
953 1809 0 8191
954 1809 0 8191
955 1809 0 8191
956 1809 0 8191
957 1809 0 8191
958 1809 0 8191
959 1809 0 8191
960 1809 0 8191
961 1809 0 8191
962 1809 0 8191
963 1809 0 8191
964 1809 0 8191
965 1809 0 8191
966 1809 0 8191
967 1809 0 8191
968 1809 0 8191
969 1809 0 8191
970 1809 0 8191
971 1809 0 8191
972 1809 0 8191
973 1809 0 8191
974 1809 0 8191
975 1809 0 8191
976 1809 0 8191
977 1809 0 8191
978 1809 0 8191
979 1809 0 8191
980 1809 0 8191
981 1809 0 8191
982 1809 0 8191
983 1809 0 8191
984 1809 0 8191
985 1809 0 8191
986 1809 0 8191
987 1809 0 8191
988 1809 0 8191
989 1809 0 8191
990 1809 0 8191
991 1809 0 8191
992 1809 0 8191
993 1809 0 8191
994 1809 0 8191
995 1809 0 8191
996 1809 0 8191
997 1809 0 8191
998 1809 0 8191
999 1809 0 8191
