0 9999 1 0
1 9997 3 0
2 9992 7 1
3 9985 12 3
4 9978 16 6
5 9973 19 8
6 9970 17 13
7 9963 21 16
8 9959 21 20
9 9957 18 25
10 9948 24 28
11 9938 28 34
12 9932 24 44
13 9931 21 48
14 9926 19 55
15 9919 23 58
16 9915 21 64
17 9910 21 69
18 9904 26 70
19 9898 30 72
20 9892 33 75
21 9885 37 78
22 9879 34 87
23 9867 40 93
24 9864 36 100
25 9858 38 104
26 9849 43 108
27 9838 48 114
28 9828 49 123
29 9819 43 138
30 9811 42 147
31 9801 43 156
32 9795 46 159
33 9791 43 166
34 9776 54 170
35 9770 50 180
36 9762 49 189
37 9754 43 203
38 9744 45 211
39 9739 38 223
40 9730 40 230
41 9722 39 239
42 9713 41 246
43 9710 34 256
44 9704 37 259
45 9699 35 266
46 9690 39 271
47 9682 37 281
48 9680 32 288
49 9674 35 291
50 9668 33 299
51 9657 38 305
52 9648 40 312
53 9643 39 318
54 9633 43 324
55 9623 44 333
56 9612 44 344
57 9602 40 358
58 9589 49 362
59 9578 47 375
60 9568 50 382
61 9559 52 389
62 9545 62 393
63 9525 73 402
64 9498 88 414
65 9471 98 431
66 9454 98 448
67 9437 101 462
68 9425 89 486
69 9419 83 498
70 9408 79 513
71 9391 78 531
72 9387 66 547
73 9375 60 565
74 9362 63 575
75 9350 61 589
76 9335 66 599
77 9319 72 609
78 9312 66 622
79 9294 71 635
80 9281 71 648
81 9271 68 661
82 9261 66 673
83 9246 69 685
84 9224 80 696
85 9211 79 710
86 9191 82 727
87 9173 87 740
88 9154 90 756
89 9140 91 769
90 9126 89 785
91 9109 90 801
92 9094 93 813
93 9071 103 826
94 9058 103 839
95 9045 103 852
96 9028 97 875
97 9010 93 897
98 8993 93 914
99 8972 98 930
100 8953 96 951
101 8935 100 965
102 8914 102 984
103 8896 101 1003
104 8875 108 1017
105 8863 94 1043
106 8834 101 1065
107 8824 96 1080
108 8805 89 1106
109 8783 93 1124
110 8756 107 1137
111 8730 118 1152
112 8713 124 1163
113 8690 125 1185
114 8668 127 1205
115 8652 118 1230
116 8623 117 1260
117 8594 123 1283
118 8565 132 1303
119 8537 137 1326
120 8518 127 1355
121 8503 116 1381
122 8477 123 1400
123 8455 119 1426
124 8432 122 1446
125 8406 121 1473
126 8390 113 1497
127 8369 115 1516
128 8352 118 1530
129 8337 118 1545
130 8319 120 1561
131 8292 128 1580
132 8277 127 1596
133 8257 125 1618
134 8240 124 1636
135 8224 111 1665
136 8205 117 1678
137 8192 108 1700
138 8166 119 1715
139 8148 121 1731
140 8136 106 1758
141 8111 112 1777
142 8093 109 1798
143 8081 99 1820
144 8067 101 1832
145 8055 96 1849
146 8038 102 1860
147 8023 97 1880
148 8011 94 1895
149 7988 104 1908
150 7971 106 1923
151 7957 106 1937
152 7932 114 1954
153 7918 111 1971
154 7894 117 1989
155 7871 126 2003
156 7856 116 2028
157 7835 122 2043
158 7811 129 2060
159 7780 131 2089
160 7756 123 2121
161 7731 133 2136
162 7707 132 2161
163 7680 135 2185
164 7651 139 2210
165 7622 143 2235
166 7585 154 2261
167 7555 164 2281
168 7525 176 2299
169 7489 180 2331
170 7446 194 2360
171 7425 181 2394
172 7390 186 2424
173 7359 190 2451
174 7320 193 2487
175 7286 197 2517
176 7255 187 2558
177 7220 189 2591
178 7185 190 2625
179 7162 182 2656
180 7139 164 2697
181 7098 169 2733
182 7073 169 2758
183 7042 161 2797
184 7015 163 2822
185 6984 167 2849
186 6953 168 2879
187 6914 184 2902
188 6886 168 2946
189 6859 166 2975
190 6830 169 3001
191 6809 165 3026
192 6782 162 3056
193 6752 174 3074
194 6725 164 3111
195 6703 163 3134
196 6676 164 3160
197 6649 155 3196
198 6627 156 3217
199 6595 160 3245
200 6573 151 3276
201 6554 140 3306
202 6536 134 3330
203 6513 132 3355
204 6489 133 3378
205 6463 124 3413
206 6434 132 3434
207 6413 132 3455
208 6397 129 3474
209 6370 135 3495
210 6349 128 3523
211 6319 130 3551
212 6294 137 3569
213 6268 143 3589
214 6245 142 3613
215 6225 132 3643
216 6206 127 3667
217 6181 132 3687
218 6155 138 3707
219 6119 149 3732
220 6089 154 3757
221 6053 167 3780
222 6023 173 3804
223 5970 194 3836
224 5941 190 3869
225 5913 188 3899
226 5884 191 3925
227 5853 188 3959
228 5823 180 3997
229 5806 165 4029
230 5782 157 4061
231 5766 146 4088
232 5749 132 4119
233 5721 138 4141
234 5706 133 4161
235 5686 139 4175
236 5662 138 4200
237 5629 144 4227
238 5604 140 4256
239 5582 141 4277
240 5555 148 4297
241 5531 140 4329
242 5507 140 4353
243 5485 142 4373
244 5464 135 4401
245 5431 150 4419
246 5402 147 4451
247 5370 153 4477
248 5341 159 4500
249 5305 163 4532
250 5267 170 4563
251 5231 171 4598
252 5211 169 4620
253 5177 177 4646
254 5145 175 4680
255 5120 164 4716
256 5110 152 4738
257 5077 167 4756
258 5051 164 4785
259 5024 159 4817
260 5000 152 4848
261 4986 138 4876
262 4960 139 4901
263 4933 134 4933
264 4918 120 4962
265 4907 115 4978
266 4899 103 4998
267 4885 88 5027
268 4876 75 5049
269 4870 72 5058
270 4863 72 5065
271 4857 69 5074
272 4847 64 5089
273 4841 64 5095
274 4833 62 5105
275 4823 64 5113
276 4813 55 5132
277 4806 56 5138
278 4794 63 5143
279 4780 68 5152
280 4770 68 5162
281 4758 62 5180
282 4750 62 5188
283 4743 55 5202
284 4735 55 5210
285 4728 51 5221
286 4715 56 5229
287 4709 52 5239
288 4699 55 5246
289 4689 55 5256
290 4680 53 5267
291 4670 53 5277
292 4663 56 5281
293 4658 53 5289
294 4655 46 5299
295 4649 45 5306
296 4643 44 5313
297 4635 44 5321
298 4625 48 5327
299 4617 47 5336
300 4608 53 5339
301 4601 45 5354
302 4592 45 5363
303 4587 42 5371
304 4583 39 5378
305 4578 34 5388
306 4564 41 5395
307 4555 41 5404
308 4548 36 5416
309 4543 34 5423
310 4538 35 5427
311 4533 37 5430
312 4530 34 5436
313 4516 41 5443
314 4513 34 5453
315 4509 36 5455
316 4501 29 5470
317 4497 30 5473
318 4496 27 5477
319 4493 26 5481
320 4488 27 5485
321 4487 22 5491
322 4484 23 5493
323 4481 21 5498
324 4478 22 5500
325 4476 20 5504
326 4470 19 5511
327 4468 19 5513
328 4466 17 5517
329 4464 15 5521
330 4462 15 5523
331 4457 19 5524
332 4457 16 5527
333 4454 17 5529
334 4453 15 5532
335 4451 16 5533
336 4451 15 5534
337 4450 12 5538
338 4447 13 5540
339 4445 15 5540
340 4444 14 5542
341 4443 9 5548
342 4442 7 5551
343 4438 9 5553
344 4437 6 5557
345 4437 6 5557
346 4436 6 5558
347 4435 5 5560
348 4432 8 5560
349 4427 10 5563
350 4425 10 5565
351 4415 19 5566
352 4409 23 5568
353 4401 26 5573
354 4381 43 5576
355 4368 47 5585
356 4355 52 5593
357 4338 55 5607
358 4326 51 5623
359 4317 50 5633
360 4307 49 5644
361 4302 47 5651
362 4293 48 5659
363 4282 49 5669
364 4277 44 5679
365 4268 43 5689
366 4264 39 5697
367 4255 44 5701
368 4248 41 5711
369 4248 31 5721
370 4248 25 5727
371 4233 34 5733
372 4230 30 5740
373 4224 31 5745
374 4219 34 5747
375 4217 31 5752
376 4213 31 5756
377 4210 26 5764
378 4206 26 5768
379 4201 26 5773
380 4192 31 5777
381 4180 35 5785
382 4169 40 5791
383 4162 38 5800
384 4157 37 5806
385 4153 35 5812
386 4148 34 5818
387 4134 44 5822
388 4128 45 5827
389 4122 47 5831
390 4118 44 5838
391 4117 39 5844
392 4113 38 5849
393 4109 34 5857
394 4106 31 5863
395 4099 34 5867
396 4094 28 5878
397 4089 28 5883
398 4088 20 5892
399 4086 17 5897
400 4081 20 5899
401 4079 17 5904
402 4075 17 5908
403 4066 24 5910
404 4059 27 5914
405 4050 31 5919
406 4040 35 5925
407 4033 34 5933
408 4027 33 5940
409 4019 36 5945
410 4013 32 5955
411 4009 33 5958
412 4002 36 5962
413 3996 35 5969
414 3992 35 5973
415 3985 34 5981
416 3983 29 5988
417 3976 34 5990
418 3969 35 5996
419 3962 35 6003
420 3949 42 6009
421 3944 42 6014
422 3937 40 6023
423 3934 39 6027
424 3928 37 6035
425 3922 38 6040
426 3916 39 6045
427 3905 38 6057
428 3898 37 6065
429 3896 36 6068
430 3887 43 6070
431 3881 40 6079
432 3875 40 6085
433 3871 41 6088
434 3864 42 6094
435 3848 49 6103
436 3834 56 6110
437 3826 56 6118
438 3817 58 6125
439 3803 64 6133
440 3787 67 6146
441 3779 68 6153
442 3769 66 6165
443 3762 63 6175
444 3751 65 6184
445 3743 66 6191
446 3736 64 6200
447 3726 61 6213
448 3718 58 6224
449 3715 54 6231
450 3704 56 6240
451 3695 55 6250
452 3686 50 6264
453 3681 43 6276
454 3672 46 6282
455 3661 45 6294
456 3655 43 6302
457 3652 41 6307
458 3647 37 6316
459 3645 35 6320
460 3638 38 6324
461 3637 34 6329
462 3633 35 6332
463 3631 32 6337
464 3629 29 6342
465 3623 28 6349
466 3616 33 6351
467 3610 33 6357
468 3607 29 6364
469 3603 28 6369
470 3599 26 6375
471 3593 25 6382
472 3590 27 6383
473 3588 23 6389
474 3586 19 6395
475 3580 23 6397
476 3577 20 6403
477 3574 20 6406
478 3571 19 6410
479 3568 18 6414
480 3567 17 6416
481 3561 19 6420
482 3560 18 6422
483 3559 17 6424
484 3558 13 6429
485 3558 12 6430
486 3556 14 6430
487 3552 14 6434
488 3549 14 6437
489 3544 14 6442
490 3543 14 6443
491 3541 15 6444
492 3538 14 6448
493 3538 11 6451
494 3537 12 6451
495 3537 10 6453
496 3536 7 6457
497 3536 7 6457
498 3535 5 6460
499 3535 5 6460
500 3534 6 6460
501 3534 6 6460
502 3532 7 6461
503 3531 5 6464
504 3531 2 6467
505 3531 2 6467
506 3531 2 6467
507 3531 2 6467
508 3531 1 6468
509 3531 1 6468
510 3530 2 6468
511 3530 2 6468
512 3530 1 6469
513 3529 2 6469
514 3528 2 6470
515 3528 1 6471
516 3527 2 6471
517 3526 2 6472
518 3526 2 6472
519 3523 4 6473
520 3521 6 6473
521 3520 7 6473
522 3518 8 6474
523 3516 8 6476
524 3515 7 6478
525 3514 6 6480
526 3510 8 6482
527 3507 11 6482
528 3503 12 6485
529 3502 10 6488
530 3500 12 6488
531 3497 13 6490
532 3493 16 6491
533 3490 17 6493
534 3480 21 6499
535 3475 23 6502
536 3466 29 6505
537 3457 36 6507
538 3449 37 6514
539 3439 40 6521
540 3427 48 6525
541 3415 52 6533
542 3410 48 6542
543 3403 45 6552
544 3401 42 6557
545 3399 37 6564
546 3396 38 6566
547 3393 37 6570
548 3383 43 6574
549 3381 39 6580
550 3378 31 6591
551 3376 28 6596
552 3372 29 6599
553 3368 28 6604
554 3364 30 6606
555 3357 30 6613
556 3350 34 6616
557 3346 33 6621
558 3342 33 6625
559 3341 28 6631
560 3339 24 6637
561 3337 23 6640
562 3336 19 6645
563 3335 17 6648
564 3334 16 6650
565 3333 14 6653
566 3333 12 6655
567 3332 8 6660
568 3332 8 6660
569 3332 5 6663
570 3332 4 6664
571 3331 4 6665
572 3331 4 6665
573 3330 5 6665
574 3329 5 6666
575 3327 7 6666
576 3324 9 6667
577 3323 8 6669
578 3323 6 6671
579 3322 5 6673
580 3322 5 6673
581 3321 3 6676
582 3320 4 6676
583 3320 4 6676
584 3319 4 6677
585 3318 5 6677
586 3317 6 6677
587 3317 5 6678
588 3317 4 6679
589 3317 3 6680
590 3317 3 6680
591 3317 3 6680
592 3317 3 6680
593 3317 3 6680
594 3317 3 6680
595 3317 1 6682
596 3317 1 6682
597 3317 1 6682
598 3317 1 6682
599 3317 1 6682
600 3317 1 6682
601 3317 1 6682
602 3317 1 6682
603 3317 1 6682
604 3317 1 6682
605 3317 1 6682
606 3317 0 6683
607 3317 0 6683
608 3317 0 6683
609 3317 0 6683
610 3317 0 6683
611 3317 0 6683
612 3317 0 6683
613 3317 0 6683
614 3317 0 6683
615 3317 0 6683
616 3317 0 6683
617 3317 0 6683
618 3317 0 6683
619 3317 0 6683
620 3317 0 6683
621 3317 0 6683
622 3317 0 6683
623 3317 0 6683
624 3317 0 6683
625 3317 0 6683
626 3317 0 6683
627 3317 0 6683
628 3317 0 6683
629 3317 0 6683
630 3317 0 6683
631 3317 0 6683
632 3317 0 6683
633 3317 0 6683
634 3317 0 6683
635 3317 0 6683
636 3317 0 6683
637 3317 0 6683
638 3317 0 6683
639 3317 0 6683
640 3317 0 6683
641 3317 0 6683
642 3317 0 6683
643 3317 0 6683
644 3317 0 6683
645 3317 0 6683
646 3317 0 6683
647 3317 0 6683
648 3317 0 6683
649 3317 0 6683
650 3317 0 6683
651 3317 0 6683
652 3317 0 6683
653 3317 0 6683
654 3317 0 6683
655 3317 0 6683
656 3317 0 6683
657 3317 0 6683
658 3317 0 6683
659 3317 0 6683
660 3317 0 6683
661 3317 0 6683
662 3317 0 6683
663 3317 0 6683
664 3317 0 6683
665 3317 0 6683
666 3317 0 6683
667 3317 0 6683
668 3317 0 6683
669 3317 0 6683
670 3317 0 6683
671 3317 0 6683
672 3317 0 6683
673 3317 0 6683
674 3317 0 6683
675 3317 0 6683
676 3317 0 6683
677 3317 0 6683
678 3317 0 6683
679 3317 0 6683
680 3317 0 6683
681 3317 0 6683
682 3317 0 6683
683 3317 0 6683
684 3317 0 6683
685 3317 0 6683
686 3317 0 6683
687 3317 0 6683
688 3317 0 6683
689 3317 0 6683
690 3317 0 6683
691 3317 0 6683
692 3317 0 6683
693 3317 0 6683
694 3317 0 6683
695 3317 0 6683
696 3317 0 6683
697 3317 0 6683
698 3317 0 6683
699 3317 0 6683
700 3317 0 6683
701 3317 0 6683
702 3317 0 6683
703 3317 0 6683
704 3317 0 6683
705 3317 0 6683
706 3317 0 6683
707 3317 0 6683
708 3317 0 6683
709 3317 0 6683
710 3317 0 6683
711 3317 0 6683
712 3317 0 6683
713 3317 0 6683
714 3317 0 6683
715 3317 0 6683
716 3317 0 6683
717 3317 0 6683
718 3317 0 6683
719 3317 0 6683
720 3317 0 6683
721 3317 0 6683
722 3317 0 6683
723 3317 0 6683
724 3317 0 6683
725 3317 0 6683
726 3317 0 6683
727 3317 0 6683
728 3317 0 6683
729 3317 0 6683
730 3317 0 6683
731 3317 0 6683
732 3317 0 6683
733 3317 0 6683
734 3317 0 6683
735 3317 0 6683
736 3317 0 6683
737 3317 0 6683
738 3317 0 6683
739 3317 0 6683
740 3317 0 6683
741 3317 0 6683
742 3317 0 6683
743 3317 0 6683
744 3317 0 6683
745 3317 0 6683
746 3317 0 6683
747 3317 0 6683
748 3317 0 6683
749 3317 0 6683
750 3317 0 6683
751 3317 0 6683
752 3317 0 6683
753 3317 0 6683
754 3317 0 6683
755 3317 0 6683
756 3317 0 6683
757 3317 0 6683
758 3317 0 6683
759 3317 0 6683
760 3317 0 6683
761 3317 0 6683
762 3317 0 6683
763 3317 0 6683
764 3317 0 6683
765 3317 0 6683
766 3317 0 6683
767 3317 0 6683
768 3317 0 6683
769 3317 0 6683
770 3317 0 6683
771 3317 0 6683
772 3317 0 6683
773 3317 0 6683
774 3317 0 6683
775 3317 0 6683
776 3317 0 6683
777 3317 0 6683
778 3317 0 6683
779 3317 0 6683
780 3317 0 6683
781 3317 0 6683
782 3317 0 6683
783 3317 0 6683
784 3317 0 6683
785 3317 0 6683
786 3317 0 6683
787 3317 0 6683
788 3317 0 6683
789 3317 0 6683
790 3317 0 6683
791 3317 0 6683
792 3317 0 6683
793 3317 0 6683
794 3317 0 6683
795 3317 0 6683
796 3317 0 6683
797 3317 0 6683
798 3317 0 6683
799 3317 0 6683
800 3317 0 6683
801 3317 0 6683
802 3317 0 6683
803 3317 0 6683
804 3317 0 6683
805 3317 0 6683
806 3317 0 6683
807 3317 0 6683
808 3317 0 6683
809 3317 0 6683
810 3317 0 6683
811 3317 0 6683
812 3317 0 6683
813 3317 0 6683
814 3317 0 6683
815 3317 0 6683
816 3317 0 6683
817 3317 0 6683
818 3317 0 6683
819 3317 0 6683
820 3317 0 6683
821 3317 0 6683
822 3317 0 6683
823 3317 0 6683
824 3317 0 6683
825 3317 0 6683
826 3317 0 6683
827 3317 0 6683
828 3317 0 6683
829 3317 0 6683
830 3317 0 6683
831 3317 0 6683
832 3317 0 6683
833 3317 0 6683
834 3317 0 6683
835 3317 0 6683
836 3317 0 6683
837 3317 0 6683
838 3317 0 6683
839 3317 0 6683
840 3317 0 6683
841 3317 0 6683
842 3317 0 6683
843 3317 0 6683
844 3317 0 6683
845 3317 0 6683
846 3317 0 6683
847 3317 0 6683
848 3317 0 6683
849 3317 0 6683
850 3317 0 6683
851 3317 0 6683
852 3317 0 6683
853 3317 0 6683
854 3317 0 6683
855 3317 0 6683
856 3317 0 6683
857 3317 0 6683
858 3317 0 6683
859 3317 0 6683
860 3317 0 6683
861 3317 0 6683
862 3317 0 6683
863 3317 0 6683
864 3317 0 6683
865 3317 0 6683
866 3317 0 6683
867 3317 0 6683
868 3317 0 6683
869 3317 0 6683
870 3317 0 6683
871 3317 0 6683
872 3317 0 6683
873 3317 0 6683
874 3317 0 6683
875 3317 0 6683
876 3317 0 6683
877 3317 0 6683
878 3317 0 6683
879 3317 0 6683
880 3317 0 6683
881 3317 0 6683
882 3317 0 6683
883 3317 0 6683
884 3317 0 6683
885 3317 0 6683
886 3317 0 6683
887 3317 0 6683
888 3317 0 6683
889 3317 0 6683
890 3317 0 6683
891 3317 0 6683
892 3317 0 6683
893 3317 0 6683
894 3317 0 6683
895 3317 0 6683
896 3317 0 6683
897 3317 0 6683
898 3317 0 6683
899 3317 0 6683
900 3317 0 6683
901 3317 0 6683
902 3317 0 6683
903 3317 0 6683
904 3317 0 6683
905 3317 0 6683
906 3317 0 6683
907 3317 0 6683
908 3317 0 6683
909 3317 0 6683
910 3317 0 6683
911 3317 0 6683
912 3317 0 6683
913 3317 0 6683
914 3317 0 6683
915 3317 0 6683
916 3317 0 6683
917 3317 0 6683
918 3317 0 6683
919 3317 0 6683
920 3317 0 6683
921 3317 0 6683
922 3317 0 6683
923 3317 0 6683
924 3317 0 6683
925 3317 0 6683
926 3317 0 6683
927 3317 0 6683
928 3317 0 6683
929 3317 0 6683
930 3317 0 6683
931 3317 0 6683
932 3317 0 6683
933 3317 0 6683
934 3317 0 6683
935 3317 0 6683
936 3317 0 6683
937 3317 0 6683
938 3317 0 6683
939 3317 0 6683
940 3317 0 6683
941 3317 0 6683
942 3317 0 6683
943 3317 0 6683
944 3317 0 6683
945 3317 0 6683
946 3317 0 6683
947 3317 0 6683
948 3317 0 6683
949 3317 0 6683
950 3317 0 6683
951 3317 0 6683
952 3317 0 6683
953 3317 0 6683
954 3317 0 6683
955 3317 0 6683
956 3317 0 6683
957 3317 0 6683
958 3317 0 6683
959 3317 0 6683
960 3317 0 6683
961 3317 0 6683
962 3317 0 6683
963 3317 0 6683
964 3317 0 6683
965 3317 0 6683
966 3317 0 6683
967 3317 0 6683
968 3317 0 6683
969 3317 0 6683
970 3317 0 6683
971 3317 0 6683
972 3317 0 6683
973 3317 0 6683
974 3317 0 6683
975 3317 0 6683
976 3317 0 6683
977 3317 0 6683
978 3317 0 6683
979 3317 0 6683
980 3317 0 6683
981 3317 0 6683
982 3317 0 6683
983 3317 0 6683
984 3317 0 6683
985 3317 0 6683
986 3317 0 6683
987 3317 0 6683
988 3317 0 6683
989 3317 0 6683
990 3317 0 6683
991 3317 0 6683
992 3317 0 6683
993 3317 0 6683
994 3317 0 6683
995 3317 0 6683
996 3317 0 6683
997 3317 0 6683
998 3317 0 6683
999 3317 0 6683
