0 9999 1 0
1 9984 1 15
2 9960 1 39
3 9925 1 74
4 9905 1 94
5 9876 1 123
6 9850 2 148
7 9814 6 180
8 9789 9 202
9 9753 14 233
10 9729 20 251
11 9706 24 270
12 9677 31 292
13 9643 37 320
14 9608 47 345
15 9568 57 375
16 9540 63 397
17 9508 73 419
18 9481 77 442
19 9439 89 472
20 9402 101 497
21 9366 109 525
22 9330 125 545
23 9293 136 571
24 9255 154 591
25 9228 165 607
26 9183 180 637
27 9145 199 656
28 9118 214 668
29 9079 229 692
30 9044 244 712
31 9019 253 728
32 8975 274 751
33 8930 292 778
34 8882 319 799
35 8843 339 818
36 8799 359 842
37 8767 371 862
38 8714 395 891
39 8675 414 911
40 8637 432 931
41 8592 455 953
42 8544 483 973
43 8504 508 988
44 8459 537 1004
45 8409 572 1019
46 8367 598 1035
47 8309 633 1058
48 8267 658 1075
49 8226 679 1095
50 8171 712 1117
51 8126 739 1135
52 8074 778 1148
53 8017 807 1176
54 7970 844 1186
55 7915 872 1213
56 7857 910 1233
57 7801 947 1252
58 7741 988 1271
59 7692 1023 1285
60 7633 1066 1301
61 7572 1104 1324
62 7518 1140 1342
63 7450 1185 1365
64 7391 1221 1388
65 7348 1252 1400
66 7295 1290 1415
67 7247 1323 1430
68 7188 1355 1457
69 7130 1389 1481
70 7085 1411 1504
71 7036 1447 1517
72 6975 1494 1531
73 6928 1531 1541
74 6876 1567 1557
75 6823 1611 1566
76 6756 1660 1584
77 6705 1699 1596
78 6641 1746 1613
79 6593 1774 1633
80 6526 1816 1658
81 6471 1856 1673
82 6412 1896 1692
83 6365 1924 1711
84 6301 1962 1737
85 6245 2000 1755
86 6196 2035 1769
87 6132 2079 1789
88 6072 2116 1812
89 6007 2162 1831
90 5949 2207 1844
91 5904 2243 1853
92 5846 2286 1868
93 5792 2328 1880
94 5740 2366 1894
95 5674 2413 1913
96 5608 2461 1931
97 5557 2498 1945
98 5528 2519 1953
99 5469 2553 1978
100 5425 2582 1993
101 5379 2614 2007
102 5337 2642 2021
103 5291 2674 2035
104 5233 2715 2052
105 5190 2750 2060
106 5148 2780 2072
107 5102 2816 2082
108 5058 2842 2100
109 5013 2874 2113
110 4978 2897 2125
111 4931 2927 2142
112 4889 2955 2156
113 4842 2990 2168
114 4804 3019 2177
115 4754 3059 2187
116 4703 3100 2197
117 4657 3132 2211
118 4598 3178 2224
119 4546 3217 2237
120 4488 3262 2250
121 4445 3295 2260
122 4388 3333 2279
123 4333 3375 2292
124 4295 3406 2299
125 4247 3442 2311
126 4203 3480 2317
127 4154 3519 2327
128 4106 3551 2343
129 4065 3588 2347
130 4025 3618 2357
131 3990 3647 2363
132 3938 3688 2374
133 3889 3732 2379
134 3834 3776 2390
135 3781 3820 2399
136 3726 3864 2410
137 3671 3906 2423
138 3614 3958 2428
139 3563 4000 2437
140 3510 4039 2451
141 3471 4071 2458
142 3422 4104 2474
143 3387 4133 2480
144 3339 4168 2493
145 3294 4202 2504
146 3255 4234 2511
147 3219 4262 2519
148 3175 4303 2522
149 3135 4335 2530
150 3094 4367 2539
151 3051 4405 2544
152 3017 4432 2551
153 2979 4466 2555
154 2936 4502 2562
155 2914 4519 2567
156 2877 4547 2576
157 2841 4579 2580
158 2807 4609 2584
159 2761 4648 2591
160 2724 4681 2595
161 2682 4712 2606
162 2646 4745 2609
163 2619 4767 2614
164 2576 4800 2624
165 2544 4827 2629
166 2515 4851 2634
167 2492 4871 2637
168 2464 4898 2638
169 2428 4933 2639
170 2399 4955 2646
171 2367 4981 2652
172 2338 5008 2654
173 2299 5036 2665
174 2271 5060 2669
175 2241 5084 2675
176 2211 5112 2677
177 2184 5134 2682
178 2155 5160 2685
179 2127 5184 2689
180 2100 5207 2693
181 2075 5229 2696
182 2043 5256 2701
183 2021 5277 2702
184 2004 5292 2704
185 1977 5313 2710
186 1951 5333 2716
187 1921 5359 2720
188 1900 5376 2724
189 1883 5390 2727
190 1859 5411 2730
191 1836 5431 2733
192 1817 5445 2738
193 1795 5466 2739
194 1778 5478 2744
195 1761 5493 2746
196 1738 5512 2750
197 1726 5521 2753
198 1720 5526 2754
199 1701 5545 2754
200 1688 5556 2756
201 1669 5570 2761
202 1646 5590 2764
203 1629 5602 2769
204 1613 5615 2772
205 1600 5624 2776
206 1586 5632 2782
207 1572 5643 2785
208 1557 5653 2790
209 1539 5669 2792
210 1527 5678 2795
211 1511 5690 2799
212 1500 5696 2804
213 1484 5708 2808
214 1476 5716 2808
215 1458 5729 2813
216 1448 5737 2815
217 1435 5747 2818
218 1425 5757 2818
219 1416 5764 2820
220 1403 5774 2823
221 1399 5778 2823
222 1389 5785 2826
223 1380 5790 2830
224 1366 5799 2835
225 1352 5808 2840
226 1344 5814 2842
227 1334 5823 2843
228 1327 5828 2845
229 1320 5832 2848
230 1312 5837 2851
231 1308 5839 2853
232 1303 5843 2854
233 1295 5848 2857
234 1290 5851 2859
235 1284 5854 2862
236 1278 5856 2866
237 1274 5858 2868
238 1270 5860 2870
239 1265 5865 2870
240 1253 5869 2878
241 1248 5871 2881
242 1242 5872 2886
243 1240 5872 2888
244 1234 5874 2892
245 1231 5875 2894
246 1226 5877 2897
247 1221 5881 2898
248 1216 5884 2900
249 1213 5886 2901
250 1211 5886 2903
251 1206 5889 2905
252 1204 5889 2907
253 1200 5889 2911
254 1197 5891 2912
255 1192 5891 2917
256 1190 5891 2919
257 1184 5892 2924
258 1182 5893 2925
259 1180 5893 2927
260 1174 5894 2932
261 1168 5897 2935
262 1165 5897 2938
263 1161 5897 2942
264 1157 5897 2946
265 1152 5897 2951
266 1148 5899 2953
267 1141 5899 2960
268 1138 5899 2963
269 1134 5900 2966
270 1129 5900 2971
271 1129 5900 2971
272 1127 5901 2972
273 1126 5901 2973
274 1123 5902 2975
275 1121 5902 2977
276 1121 5902 2977
277 1117 5903 2980
278 1114 5903 2983
279 1111 5903 2986
280 1108 5903 2989
281 1104 5903 2993
282 1100 5903 2997
283 1099 5903 2998
284 1096 5903 3001
285 1094 5903 3003
286 1093 5903 3004
287 1093 5903 3004
288 1092 5903 3005
289 1089 5904 3007
290 1088 5904 3008
291 1084 5904 3012
292 1081 5904 3015
293 1079 5904 3017
294 1076 5904 3020
295 1073 5904 3023
296 1071 5904 3025
297 1069 5904 3027
298 1065 5904 3031
299 1060 5904 3036
300 1058 5904 3038
301 1055 5904 3041
302 1052 5904 3044
303 1051 5904 3045
304 1047 5904 3049
305 1046 5904 3050
306 1043 5904 3053
307 1040 5904 3056
308 1038 5904 3058
309 1037 5904 3059
310 1036 5904 3060
311 1032 5904 3064
312 1029 5904 3067
313 1026 5904 3070
314 1025 5904 3071
315 1021 5904 3075
316 1016 5904 3080
317 1013 5904 3083
318 1013 5904 3083
319 1012 5904 3084
320 1009 5904 3087
321 1008 5904 3088
322 1007 5904 3089
323 1004 5904 3092
324 1002 5904 3094
325 1001 5904 3095
326 1000 5904 3096
327 999 5904 3097
328 997 5904 3099
329 996 5904 3100
330 993 5904 3103
331 993 5904 3103
332 989 5904 3107
333 986 5904 3110
334 982 5904 3114
335 982 5904 3114
336 981 5904 3115
337 978 5904 3118
338 975 5904 3121
339 970 5904 3126
340 970 5904 3126
341 968 5904 3128
342 964 5904 3132
343 960 5904 3136
344 956 5904 3140
345 953 5904 3143
346 951 5904 3145
347 948 5904 3148
348 946 5904 3150
349 944 5904 3152
350 941 5904 3155
351 936 5904 3160
352 934 5904 3162
353 929 5904 3167
354 927 5904 3169
355 927 5904 3169
356 926 5904 3170
357 924 5904 3172
358 921 5904 3175
359 919 5904 3177
360 918 5904 3178
361 914 5904 3182
362 912 5904 3184
363 911 5904 3185
364 909 5904 3187
365 906 5904 3190
366 904 5904 3192
367 903 5904 3193
368 901 5904 3195
369 898 5904 3198
370 894 5904 3202
371 891 5904 3205
372 889 5904 3207
373 884 5904 3212
374 884 5904 3212
375 878 5904 3218
376 877 5904 3219
377 876 5904 3220
378 875 5904 3221
379 873 5904 3223
380 869 5904 3227
381 868 5904 3228
382 868 5904 3228
383 864 5904 3232
384 862 5904 3234
385 859 5904 3237
386 856 5904 3240
387 854 5904 3242
388 853 5904 3243
389 849 5904 3247
390 848 5904 3248
391 846 5904 3250
392 845 5904 3251
393 842 5904 3254
394 840 5904 3256
395 837 5904 3259
396 834 5904 3262
397 832 5904 3264
398 832 5904 3264
399 830 5904 3266
400 827 5904 3269
401 826 5904 3270
402 824 5904 3272
403 822 5904 3274
404 821 5904 3275
405 820 5904 3276
406 818 5904 3278
407 817 5904 3279
408 817 5904 3279
409 815 5904 3281
410 814 5904 3282
411 813 5904 3283
412 812 5904 3284
413 810 5904 3286
414 809 5904 3287
415 806 5904 3290
416 802 5904 3294
417 801 5904 3295
418 799 5904 3297
419 797 5904 3299
420 793 5904 3303
421 793 5904 3303
422 791 5904 3305
423 788 5904 3308
424 786 5904 3310
425 781 5904 3315
426 779 5904 3317
427 779 5904 3317
428 778 5904 3318
429 776 5904 3320
430 775 5904 3321
431 773 5904 3323
432 773 5904 3323
433 771 5904 3325
434 768 5904 3328
435 764 5904 3332
436 761 5904 3335
437 760 5904 3336
438 757 5904 3339
439 757 5904 3339
440 753 5904 3343
441 752 5904 3344
442 750 5904 3346
443 747 5904 3349
444 746 5904 3350
445 744 5904 3352
446 741 5904 3355
447 740 5904 3356
448 740 5904 3356
449 738 5904 3358
450 738 5904 3358
451 736 5904 3360
452 735 5904 3361
453 733 5904 3363
454 730 5904 3366
455 728 5904 3368
456 727 5904 3369
457 725 5904 3371
458 725 5904 3371
459 720 5904 3376
460 719 5904 3377
461 718 5904 3378
462 715 5904 3381
463 711 5904 3385
464 709 5904 3387
465 707 5904 3389
466 706 5904 3390
467 704 5904 3392
468 702 5904 3394
469 700 5904 3396
470 697 5904 3399
471 696 5904 3400
472 694 5904 3402
473 693 5904 3403
474 692 5904 3404
475 689 5904 3407
476 687 5904 3409
477 685 5904 3411
478 683 5904 3413
479 683 5904 3413
480 683 5904 3413
481 681 5904 3415
482 676 5904 3420
483 675 5904 3421
484 673 5904 3423
485 673 5904 3423
486 668 5904 3428
487 666 5904 3430
488 663 5904 3433
489 663 5904 3433
490 662 5904 3434
491 660 5904 3436
492 659 5904 3437
493 656 5904 3440
494 655 5904 3441
495 654 5904 3442
496 652 5904 3444
497 651 5904 3445
498 651 5904 3445
499 648 5904 3448
500 647 5904 3449
501 646 5904 3450
502 644 5904 3452
503 643 5904 3453
504 641 5904 3455
505 641 5904 3455
506 640 5904 3456
507 639 5904 3457
508 639 5904 3457
509 637 5904 3459
510 635 5904 3461
511 633 5904 3463
512 630 5904 3466
513 628 5904 3468
514 625 5904 3471
515 623 5904 3473
516 619 5904 3477
517 616 5904 3480
518 615 5904 3481
519 615 5904 3481
520 612 5904 3484
521 611 5904 3485
522 610 5904 3486
523 610 5904 3486
524 609 5904 3487
525 607 5904 3489
526 607 5904 3489
527 606 5904 3490
528 604 5904 3492
529 602 5904 3494
530 601 5904 3495
531 600 5904 3496
532 599 5904 3497
533 596 5904 3500
534 595 5904 3501
535 595 5904 3501
536 595 5904 3501
537 595 5904 3501
538 594 5904 3502
539 592 5904 3504
540 590 5904 3506
541 588 5904 3508
542 587 5904 3509
543 586 5904 3510
544 585 5904 3511
545 585 5904 3511
546 584 5904 3512
547 583 5904 3513
548 581 5904 3515
549 580 5904 3516
550 580 5904 3516
551 578 5904 3518
552 577 5904 3519
553 574 5904 3522
554 571 5904 3525
555 569 5904 3527
556 566 5904 3530
557 565 5904 3531
558 561 5904 3535
559 559 5904 3537
560 559 5904 3537
561 557 5904 3539
562 556 5904 3540
563 556 5904 3540
564 554 5904 3542
565 552 5904 3544
566 551 5904 3545
567 551 5904 3545
568 551 5904 3545
569 550 5904 3546
570 548 5904 3548
571 547 5904 3549
572 545 5904 3551
573 545 5904 3551
574 545 5904 3551
575 545 5904 3551
576 545 5904 3551
577 543 5904 3553
578 541 5904 3555
579 540 5904 3556
580 540 5904 3556
581 539 5904 3557
582 537 5904 3559
583 535 5904 3561
584 534 5904 3562
585 533 5904 3563
586 533 5904 3563
587 533 5904 3563
588 531 5904 3565
589 529 5904 3567
590 528 5904 3568
591 528 5904 3568
592 527 5904 3569
593 525 5904 3571
594 525 5904 3571
595 525 5904 3571
596 523 5904 3573
597 521 5904 3575
598 521 5904 3575
599 521 5904 3575
600 521 5904 3575
601 520 5904 3576
602 520 5904 3576
603 519 5904 3577
604 517 5904 3579
605 513 5904 3583
606 513 5904 3583
607 512 5904 3584
608 511 5904 3585
609 511 5904 3585
610 509 5904 3587
611 508 5904 3588
612 507 5904 3589
613 504 5904 3592
614 504 5904 3592
615 503 5904 3593
616 501 5904 3595
617 500 5904 3596
618 499 5904 3597
619 498 5904 3598
620 495 5904 3601
621 493 5904 3603
622 491 5904 3605
623 491 5904 3605
624 491 5904 3605
625 491 5904 3605
626 490 5904 3606
627 489 5904 3607
628 487 5904 3609
629 487 5904 3609
630 486 5904 3610
631 485 5904 3611
632 482 5904 3614
633 481 5904 3615
634 480 5904 3616
635 479 5904 3617
636 479 5904 3617
637 478 5904 3618
638 477 5904 3619
639 476 5904 3620
640 473 5904 3623
641 472 5904 3624
642 470 5904 3626
643 469 5904 3627
644 469 5904 3627
645 468 5904 3628
646 466 5904 3630
647 465 5904 3631
648 463 5904 3633
649 463 5904 3633
650 461 5904 3635
651 460 5904 3636
652 456 5904 3640
653 456 5904 3640
654 456 5904 3640
655 455 5904 3641
656 453 5904 3643
657 451 5904 3645
658 450 5904 3646
659 450 5904 3646
660 450 5904 3646
661 450 5904 3646
662 448 5904 3648
663 447 5904 3649
664 446 5904 3650
665 446 5904 3650
666 445 5904 3651
667 445 5904 3651
668 444 5904 3652
669 443 5904 3653
670 443 5904 3653
671 442 5904 3654
672 440 5904 3656
673 440 5904 3656
674 438 5904 3658
675 438 5904 3658
676 435 5904 3661
677 435 5904 3661
678 434 5904 3662
679 433 5904 3663
680 432 5904 3664
681 429 5904 3667
682 429 5904 3667
683 429 5904 3667
684 429 5904 3667
685 428 5904 3668
686 428 5904 3668
687 428 5904 3668
688 428 5904 3668
689 426 5904 3670
690 425 5904 3671
691 424 5904 3672
692 422 5904 3674
693 421 5904 3675
694 420 5904 3676
695 418 5904 3678
696 416 5904 3680
697 416 5904 3680
698 415 5904 3681
699 415 5904 3681
700 413 5904 3683
701 412 5904 3684
702 411 5904 3685
703 410 5904 3686
704 409 5904 3687
705 408 5904 3688
706 407 5904 3689
707 405 5904 3691
708 405 5904 3691
709 405 5904 3691
710 405 5904 3691
711 405 5904 3691
712 405 5904 3691
713 403 5904 3693
714 402 5904 3694
715 401 5904 3695
716 400 5904 3696
717 400 5904 3696
718 399 5904 3697
719 397 5904 3699
720 396 5904 3700
721 396 5904 3700
722 394 5904 3702
723 393 5904 3703
724 391 5904 3705
725 391 5904 3705
726 390 5904 3706
727 388 5904 3708
728 387 5904 3709
729 386 5904 3710
730 385 5904 3711
731 382 5904 3714
732 382 5904 3714
733 381 5904 3715
734 380 5904 3716
735 379 5904 3717
736 378 5904 3718
737 377 5904 3719
738 377 5904 3719
739 377 5904 3719
740 376 5904 3720
741 376 5904 3720
742 375 5904 3721
743 374 5904 3722
744 374 5904 3722
745 373 5904 3723
746 371 5904 3725
747 370 5904 3726
748 370 5904 3726
749 369 5904 3727
750 369 5904 3727
751 368 5904 3728
752 367 5904 3729
753 367 5904 3729
754 364 5904 3732
755 363 5904 3733
756 362 5904 3734
757 360 5904 3736
758 360 5904 3736
759 359 5904 3737
760 359 5904 3737
761 359 5904 3737
762 357 5904 3739
763 357 5904 3739
764 357 5904 3739
765 357 5904 3739
766 355 5904 3741
767 353 5904 3743
768 353 5904 3743
769 351 5904 3745
770 350 5904 3746
771 350 5904 3746
772 350 5904 3746
773 349 5904 3747
774 349 5904 3747
775 349 5904 3747
776 347 5904 3749
777 346 5904 3750
778 345 5904 3751
779 345 5904 3751
780 344 5904 3752
781 343 5904 3753
782 343 5904 3753
783 342 5904 3754
784 342 5904 3754
785 342 5904 3754
786 342 5904 3754
787 341 5904 3755
788 340 5904 3756
789 340 5904 3756
790 340 5904 3756
791 340 5904 3756
792 338 5904 3758
793 337 5904 3759
794 335 5904 3761
795 335 5904 3761
796 335 5904 3761
797 335 5904 3761
798 335 5904 3761
799 335 5904 3761
800 335 5904 3761
801 333 5904 3763
802 333 5904 3763
803 332 5904 3764
804 331 5904 3765
805 328 5904 3768
806 326 5904 3770
807 325 5904 3771
808 324 5904 3772
809 324 5904 3772
810 324 5904 3772
811 322 5904 3774
812 322 5904 3774
813 322 5904 3774
814 322 5904 3774
815 321 5904 3775
816 319 5904 3777
817 318 5904 3778
818 317 5904 3779
819 317 5904 3779
820 317 5904 3779
821 316 5904 3780
822 316 5904 3780
823 316 5904 3780
824 315 5904 3781
825 315 5904 3781
826 315 5904 3781
827 315 5904 3781
828 314 5904 3782
829 313 5904 3783
830 312 5904 3784
831 311 5904 3785
832 311 5904 3785
833 311 5904 3785
834 311 5904 3785
835 311 5904 3785
836 310 5904 3786
837 309 5904 3787
838 307 5904 3789
839 306 5904 3790
840 306 5904 3790
841 303 5904 3793
842 303 5904 3793
843 301 5904 3795
844 300 5904 3796
845 300 5904 3796
846 298 5904 3798
847 295 5904 3801
848 295 5904 3801
849 295 5904 3801
850 295 5904 3801
851 294 5904 3802
852 294 5904 3802
853 294 5904 3802
854 294 5904 3802
855 293 5904 3803
856 292 5904 3804
857 291 5904 3805
858 291 5904 3805
859 290 5904 3806
860 289 5904 3807
861 288 5904 3808
862 288 5904 3808
863 288 5904 3808
864 287 5904 3809
865 284 5904 3812
866 283 5904 3813
867 283 5904 3813
868 281 5904 3815
869 280 5904 3816
870 279 5904 3817
871 278 5904 3818
872 278 5904 3818
873 276 5904 3820
874 276 5904 3820
875 275 5904 3821
876 275 5904 3821
877 274 5904 3822
878 274 5904 3822
879 273 5904 3823
880 270 5904 3826
881 269 5904 3827
882 269 5904 3827
883 268 5904 3828
884 268 5904 3828
885 267 5904 3829
886 267 5904 3829
887 267 5904 3829
888 266 5904 3830
889 263 5904 3833
890 261 5904 3835
891 259 5904 3837
892 259 5904 3837
893 258 5904 3838
894 257 5904 3839
895 256 5904 3840
896 256 5904 3840
897 256 5904 3840
898 256 5904 3840
899 256 5904 3840
900 255 5904 3841
901 254 5904 3842
902 254 5904 3842
903 254 5904 3842
904 254 5904 3842
905 253 5904 3843
906 253 5904 3843
907 252 5904 3844
908 250 5904 3846
909 249 5904 3847
910 249 5904 3847
911 248 5904 3848
912 247 5904 3849
913 245 5904 3851
914 244 5904 3852
915 244 5904 3852
916 244 5904 3852
917 243 5904 3853
918 243 5904 3853
919 243 5904 3853
920 241 5904 3855
921 239 5904 3857
922 239 5904 3857
923 239 5904 3857
924 238 5904 3858
925 238 5904 3858
926 238 5904 3858
927 238 5904 3858
928 238 5904 3858
929 238 5904 3858
930 237 5904 3859
931 236 5904 3860
932 236 5904 3860
933 236 5904 3860
934 236 5904 3860
935 236 5904 3860
936 236 5904 3860
937 236 5904 3860
938 236 5904 3860
939 236 5904 3860
940 235 5904 3861
941 235 5904 3861
942 234 5904 3862
943 234 5904 3862
944 234 5904 3862
945 232 5904 3864
946 232 5904 3864
947 232 5904 3864
948 232 5904 3864
949 232 5904 3864
950 232 5904 3864
951 232 5904 3864
952 231 5904 3865
953 231 5904 3865
954 231 5904 3865
955 230 5904 3866
956 230 5904 3866
957 229 5904 3867
958 228 5904 3868
959 226 5904 3870
960 226 5904 3870
961 226 5904 3870
962 226 5904 3870
963 224 5904 3872
964 224 5904 3872
965 224 5904 3872
966 223 5904 3873
967 223 5904 3873
968 223 5904 3873
969 223 5904 3873
970 221 5904 3875
971 221 5904 3875
972 221 5904 3875
973 221 5904 3875
974 221 5904 3875
975 221 5904 3875
976 221 5904 3875
977 219 5904 3877
978 217 5904 3879
979 217 5904 3879
980 217 5904 3879
981 215 5904 3881
982 213 5904 3883
983 211 5904 3885
984 211 5904 3885
985 211 5904 3885
986 211 5904 3885
987 211 5904 3885
988 211 5904 3885
989 210 5904 3886
990 210 5904 3886
991 210 5904 3886
992 210 5904 3886
993 210 5904 3886
994 210 5904 3886
995 207 5904 3889
996 207 5904 3889
997 207 5904 3889
998 207 5904 3889
999 206 5904 3890
